89948890
89948891
89948892
89948893
89948894
89948895
89948896
89948897
89948898
89948899
89948900
89948901
89948902
89948903
89948904
89948905
89948906
89948907
89948908
89948909
89948910
89948911
89948912
89948913
89948914
89948915
89948916
89948917
89948918
89948919
89948920
89948921
89948922
89948923
89948924
89948925
89948926
89948927
89948928
89948929
89948930
89948931
89948932
89948933
89948934
89948935
89948936
89948937
89948938
89948939
89948940
89948941
89948942
89948943
89948944
89948945
89948946
89948947
89948948
89948949
89948950
89948951
89948952
89948953
89948954
89948955
89948956
89948957
89948958
89948959
89948960
89948961
89948962
89948963
89948964
89948965
89948966
89948967
89948968
89948969
89948970
89948971
89948972
89948973
89948974
89948975
89948976
89948977
89948978
89948979
89948980
89948981
89948982
89948983
89948984
89948985
89948986
89948987
89948988
89948989
89948990
89948991
89948992
89948993
89948994
89948995
89948996
89948997
89948998
89948999
89949000
89949001
89949002
89949003
89949004
89949005
89949006
89949007
89949008
89949009
89949010
89949011
89949012
89949013
89949014
89949015
89949016
89949017
89949018
89949019
89949020
89949021
89949022
89949023
89949024
89949025
89949026
89949027
89949028
89949029
89949030
89949031
89949032
89949033
89949034
89949035
89949036
89949037
89949038
89949039
89949040
89949041
89949042
89949043
89949044
89949045
89949046
89949047
89949048
89949049
89949050
89949051
89949052
89949053
89949054
89949055
89949056
89949057
89949058
89949059
89949060
89949061
89949062
89949063
89949064
89949065
89949066
89949067
89949068
89949069
89949070
89949071
89949072
89949073
89949074
89949075
89949076
89949077
89949078
89949079
89949080
89949081
89949082
89949083
89949084
89949085
89949086
89949087
89949088
89949089
89949090
89949091
89949092
89949093
89949094
89949095
89949096
89949097
89949098
89949099
89949100
89949101
89949102
89949103
89949104
89949105
89949106
89949107
89949108
89949109
89949110
89949111
89949112
89949113
89949114
89949115
89949116
89949117
89949118
89949119
89949120
89949121
89949122
89949123
89949124
89949125
89949126
89949127
89949128
89949129
89949130
89949131
89949132
89949133
89949134
89949135
89949136
89949137
89949138
89949139
89949140
89949141
89949142
89949143
89949144
89949145
89949146
89949147
89949148
89949149
89949150
89949151
89949152
89949153
89949154
89949155
89949156
89949157
89949158
89949159
89949160
89949161
89949162
89949163
89949164
89949165
89949166
89949167
89949168
89949169
89949170
89949171
89949172
89949173
89949174
89949175
89949176
89949177
89949178
89949179
89949180
89949181
89949182
89949183
89949184
89949185
89949186
89949187
89949188
89949189
89949190
89949191
89949192
89949193
89949194
89949195
89949196
89949197
89949198
89949199
89949200
89949201
89949202
89949203
89949204
89949205
89949206
89949207
89949208
89949209
89949210
89949211
89949212
89949213
89949214
89949215
89949216
89949217
89949218
89949219
89949220
89949221
89949222
89949223
89949224
89949225
89949226
89949227
89949228
89949229
89949230
89949231
89949232
89949233
89949234
89949235
89949236
89949237
89949238
89949239
89949240
89949241
89949242
89949243
89949244
89949245
89949246
89949247
89949248
89949249
89949250
89949251
89949252
89949253
89949254
89949255
89949256
89949257
89949258
89949259
89949260
89949261
89949262
89949263
89949264
89949265
89949266
89949267
89949268
89949269
89949270
89949271
89949272
89949273
89949274
89949275
89949276
89949277
89949278
89949279
89949280
89949281
89949282
89949283
89949284
89949285
89949286
89949287
89949288
89949289
89949290
89949291
89949292
89949293
89949294
89949295
89949296
89949297
89949298
89949299
89949300
89949301
89949302
89949303
89949304
89949305
89949306
89949307
89949308
89949309
89949310
89949311
89949312
89949313
89949314
89949315
89949316
89949317
89949318
89949319
89949320
89949321
89949322
89949323
89949324
89949325
89949326
89949327
89949328
89949329
89949330
89949331
89949332
89949333
89949334
89949335
89949336
89949337
89949338
89949339
89949340
89949341
89949342
89949343
89949344
89949345
89949346
89949347
89949348
89949349
89949350
89949351
89949352
89949353
89949354
89949355
89949356
89949357
89949358
89949359
89949360
89949361
89949362
89949363
89949364
89949365
89949366
89949367
89949368
89949369
89949370
89949371
89949372
89949373
89949374
89949375
89949376
89949377
89949378
89949379
89949380
89949381
89949382
89949383
89949384
89949385
89949386
89949387
89949388
89949389
89949390
89949391
89949392
89949393
89949394
89949395
89949396
89949397
89949398
89949399
89949400
89949401
89949402
89949403
89949404
89949405
89949406
89949407
89949408
89949409
89949410
89949411
89949412
89949413
89949414
89949415
89949416
89949417
89949418
89949419
89949420
89949421
89949422
89949423
89949424
89949425
89949426
89949427
89949428
89949429
89949430
89949431
89949432
89949433
89949434
89949435
89949436
89949437
89949438
89949439
89949440
89949441
89949442
89949443
89949444
89949445
89949446
89949447
89949448
89949449
89949450
89949451
89949452
89949453
89949454
89949455
89949456
89949457
89949458
89949459
89949460
89949461
89949462
89949463
89949464
89949465
89949466
89949467
89949468
89949469
89949470
89949471
89949472
89949473
89949474
89949475
89949476
89949477
89949478
89949479
89949480
89949481
89949482
89949483
89949484
89949485
89949486
89949487
89949488
89949489
89949490
89949491
89949492
89949493
89949494
89949495
89949496
89949497
89949498
89949499
89949500
89949501
89949502
89949503
89949504
89949505
89949506
89949507
89949508
89949509
89949510
89949511
89949512
89949513
89949514
89949515
89949516
89949517
89949518
89949519
89949520
89949521
89949522
89949523
89949524
89949525
89949526
89949527
89949528
89949529
89949530
89949531
89949532
89949533
89949534
89949535
89949536
89949537
89949538
89949539
89949540
89949541
89949542
89949543
89949544
89949545
89949546
89949547
89949548
89949549
89949550
89949551
89949552
89949553
89949554
89949555
89949556
89949557
89949558
89949559
89949560
89949561
89949562
89949563
89949564
89949565
89949566
89949567
89949568
89949569
89949570
89949571
89949572
89949573
89949574
89949575
89949576
89949577
89949578
89949579
89949580
89949581
89949582
89949583
89949584
89949585
89949586
89949587
89949588
89949589
89949590
89949591
89949592
89949593
89949594
89949595
89949596
89949597
89949598
89949599
89949600
89949601
89949602
89949603
89949604
89949605
89949606
89949607
89949608
89949609
89949610
89949611
89949612
89949613
89949614
89949615
89949616
89949617
89949618
89949619
89949620
89949621
89949622
89949623
89949624
89949625
89949626
89949627
89949628
89949629
89949630
89949631
89949632
89949633
89949634
89949635
89949636
89949637
89949638
89949639
89949640
89949641
89949642
89949643
89949644
89949645
89949646
89949647
89949648
89949649
89949650
89949651
89949652
89949653
89949654
89949655
89949656
89949657
89949658
89949659
89949660
89949661
89949662
89949663
89949664
89949665
89949666
89949667
89949668
89949669
89949670
89949671
89949672
89949673
89949674
89949675
89949676
89949677
89949678
89949679
89949680
89949681
89949682
89949683
89949684
89949685
89949686
89949687
89949688
89949689
89949690
89949691
89949692
89949693
89949694
89949695
89949696
89949697
89949698
89949699
89949700
89949701
89949702
89949703
89949704
89949705
89949706
89949707
89949708
89949709
89949710
89949711
89949712
89949713
89949714
89949715
89949716
89949717
89949718
89949719
89949720
89949721
89949722
89949723
89949724
89949725
89949726
89949727
89949728
89949729
89949730
89949731
89949732
89949733
89949734
89949735
89949736
89949737
89949738
89949739
89949740
89949741
89949742
89949743
89949744
89949745
89949746
89949747
89949748
89949749
89949750
89949751
89949752
89949753
89949754
89949755
89949756
89949757
89949758
89949759
89949760
89949761
89949762
89949763
89949764
89949765
89949766
89949767
89949768
89949769
89949770
89949771
89949772
89949773
89949774
89949775
89949776
89949777
89949778
89949779
89949780
89949781
89949782
89949783
89949784
89949785
89949786
89949787
89949788
89949789
89949790
89949791
89949792
89949793
89949794
89949795
89949796
89949797
89949798
89949799
89949800
89949801
89949802
89949803
89949804
89949805
89949806
89949807
89949808
89949809
89949810
89949811
89949812
89949813
89949814
89949815
89949816
89949817
89949818
89949819
89949820
89949821
89949822
89949823
89949824
89949825
89949826
89949827
89949828
89949829
89949830
89949831
89949832
89949833
89949834
89949835
89949836
89949837
89949838
89949839
89949840
89949841
89949842
89949843
89949844
89949845
89949846
89949847
89949848
89949849
89949850
89949851
89949852
89949853
89949854
89949855
89949856
89949857
89949858
89949859
89949860
89949861
89949862
89949863
89949864
89949865
89949866
89949867
89949868
89949869
89949870
89949871
89949872
89949873
89949874
89949875
89949876
89949877
89949878
89949879
89949880
89949881
89949882
89949883
89949884
89949885
89949886
89949887
89949888
89949889
89949890
89949891
89949892
89949893
89949894
89949895
89949896
89949897
89949898
89949899
89949900
89949901
89949902
89949903
89949904
89949905
89949906
89949907
89949908
89949909
89949910
89949911
89949912
89949913
89949914
89949915
89949916
89949917
89949918
89949919
89949920
89949921
89949922
89949923
89949924
89949925
89949926
89949927
89949928
89949929
89949930
89949931
89949932
89949933
89949934
89949935
89949936
89949937
89949938
89949939
89949940
89949941
89949942
89949943
89949944
89949945
89949946
89949947
89949948
89949949
89949950
89949951
89949952
89949953
89949954
89949955
89949956
89949957
89949958
89949959
89949960
89949961
89949962
89949963
89949964
89949965
89949966
89949967
89949968
89949969
89949970
89949971
89949972
89949973
89949974
89949975
89949976
89949977
89949978
89949979
89949980
89949981
89949982
89949983
89949984
89949985
89949986
89949987
89949988
89949989
89949990
89949991
89949992
89949993
89949994
89949995
89949996
89949997
89949998
89949999
89950000
89950001
89950002
89950003
89950004
89950005
89950006
89950007
89950008
89950009
89950010
89950011
89950012
89950013
89950014
89950015
89950016
89950017
89950018
89950019
89950020
89950021
89950022
89950023
89950024
89950025
89950026
89950027
89950028
89950029
89950030
89950031
89950032
89950033
89950034
89950035
89950036
89950037
89950038
89950039
89950040
89950041
89950042
89950043
89950044
89950045
89950046
89950047
89950048
89950049
89950050
89950051
89950052
89950053
89950054
89950055
89950056
89950057
89950058
89950059
89950060
89950061
89950062
89950063
89950064
89950065
89950066
89950067
89950068
89950069
89950070
89950071
89950072
89950073
89950074
89950075
89950076
89950077
89950078
89950079
89950080
89950081
89950082
89950083
89950084
89950085
89950086
89950087
89950088
89950089
89950090
89950091
89950092
89950093
89950094
89950095
89950096
89950097
89950098
89950099
89950100
89950101
89950102
89950103
89950104
89950105
89950106
89950107
89950108
89950109
89950110
89950111
89950112
89950113
89950114
89950115
89950116
89950117
89950118
89950119
89950120
89950121
89950122
89950123
89950124
89950125
89950126
89950127
89950128
89950129
89950130
89950131
89950132
89950133
89950134
89950135
89950136
89950137
89950138
89950139
89950140
89950141
89950142
89950143
89950144
89950145
89950146
89950147
89950148
89950149
89950150
89950151
89950152
89950153
89950154
89950155
89950156
89950157
89950158
89950159
89950160
89950161
89950162
89950163
89950164
89950165
89950166
89950167
89950168
89950169
89950170
89950171
89950172
89950173
89950174
89950175
89950176
89950177
89950178
89950179
89950180
89950181
89950182
89950183
89950184
89950185
89950186
89950187
89950188
89950189
89950190
89950191
89950192
89950193
89950194
89950195
89950196
89950197
89950198
89950199
89950200
89950201
89950202
89950203
89950204
89950205
89950206
89950207
89950208
89950209
89950210
89950211
89950212
89950213
89950214
89950215
89950216
89950217
89950218
89950219
89950220
89950221
89950222
89950223
89950224
89950225
89950226
89950227
89950228
89950229
89950230
89950231
89950232
89950233
89950234
89950235
89950236
89950237
89950238
89950239
89950240
89950241
89950242
89950243
89950244
89950245
89950246
89950247
89950248
89950249
89950250
89950251
89950252
89950253
89950254
89950255
89950256
89950257
89950258
89950259
89950260
89950261
89950262
89950263
89950264
89950265
89950266
89950267
89950268
89950269
89950270
89950271
89950272
89950273
89950274
89950275
89950276
89950277
89950278
89950279
89950280
89950281
89950282
89950283
89950284
89950285
89950286
89950287
89950288
89950289
89950290
89950291
89950292
89950293
89950294
89950295
89950296
89950297
89950298
89950299
89950300
89950301
89950302
89950303
89950304
89950305
89950306
89950307
89950308
89950309
89950310
89950311
89950312
89950313
89950314
89950315
89950316
89950317
89950318
89950319
89950320
89950321
89950322
89950323
89950324
89950325
89950326
89950327
89950328
89950329
89950330
89950331
89950332
89950333
89950334
89950335
89950336
89950337
89950338
89950339
89950340
89950341
89950342
89950343
89950344
89950345
89950346
89950347
89950348
89950349
89950350
89950351
89950352
89950353
89950354
89950355
89950356
89950357
89950358
89950359
89950360
89950361
89950362
89950363
89950364
89950365
89950366
89950367
89950368
89950369
89950370
89950371
89950372
89950373
89950374
89950375
89950376
89950377
89950378
89950379
89950380
89950381
89950382
89950383
89950384
89950385
89950386
89950387
89950388
89950389
89950390
89950391
89950392
89950393
89950394
89950395
89950396
89950397
89950398
89950399
89950400
89950401
89950402
89950403
89950404
89950405
89950406
89950407
89950408
89950409
89950410
89950411
89950412
89950413
89950414
89950415
89950416
89950417
89950418
89950419
89950420
89950421
89950422
89950423
89950424
89950425
89950426
89950427
89950428
89950429
89950430
89950431
89950432
89950433
89950434
89950435
89950436
89950437
89950438
89950439
89950440
89950441
89950442
89950443
89950444
89950445
89950446
89950447
89950448
89950449
89950450
89950451
89950452
89950453
89950454
89950455
89950456
89950457
89950458
89950459
89950460
89950461
89950462
89950463
89950464
89950465
89950466
89950467
89950468
89950469
89950470
89950471
89950472
89950473
89950474
89950475
89950476
89950477
89950478
89950479
89950480
89950481
89950482
89950483
89950484
89950485
89950486
89950487
89950488
89950489
89950490
89950491
89950492
89950493
89950494
89950495
89950496
89950497
89950498
89950499
89950500
89950501
89950502
89950503
89950504
89950505
89950506
89950507
89950508
89950509
89950510
89950511
89950512
89950513
89950514
89950515
89950516
89950517
89950518
89950519
89950520
89950521
89950522
89950523
89950524
89950525
89950526
89950527
89950528
89950529
89950530
89950531
89950532
89950533
89950534
89950535
89950536
89950537
89950538
89950539
89950540
89950541
89950542
89950543
89950544
89950545
89950546
89950547
89950548
89950549
89950550
89950551
89950552
89950553
89950554
89950555
89950556
89950557
89950558
89950559
89950560
89950561
89950562
89950563
89950564
89950565
89950566
89950567
89950568
89950569
89950570
89950571
89950572
89950573
89950574
89950575
89950576
89950577
89950578
89950579
89950580
89950581
89950582
89950583
89950584
89950585
89950586
89950587
89950588
89950589
89950590
89950591
89950592
89950593
89950594
89950595
89950596
89950597
89950598
89950599
89950600
89950601
89950602
89950603
89950604
89950605
89950606
89950607
89950608
89950609
89950610
89950611
89950612
89950613
89950614
89950615
89950616
89950617
89950618
89950619
89950620
89950621
89950622
89950623
89950624
89950625
89950626
89950627
89950628
89950629
89950630
89950631
89950632
89950633
89950634
89950635
89950636
89950637
89950638
89950639
89950640
89950641
89950642
89950643
89950644
89950645
89950646
89950647
89950648
89950649
89950650
89950651
89950652
89950653
89950654
89950655
89950656
89950657
89950658
89950659
89950660
89950661
89950662
89950663
89950664
89950665
89950666
89950667
89950668
89950669
89950670
89950671
89950672
89950673
89950674
89950675
89950676
89950677
89950678
89950679
89950680
89950681
89950682
89950683
89950684
89950685
89950686
89950687
89950688
89950689
89950690
89950691
89950692
89950693
89950694
89950695
89950696
89950697
89950698
89950699
89950700
89950701
89950702
89950703
89950704
89950705
89950706
89950707
89950708
89950709
89950710
89950711
89950712
89950713
89950714
89950715
89950716
89950717
89950718
89950719
89950720
89950721
89950722
89950723
89950724
89950725
89950726
89950727
89950728
89950729
89950730
89950731
89950732
89950733
89950734
89950735
89950736
89950737
89950738
89950739
89950740
89950741
89950742
89950743
89950744
89950745
89950746
89950747
89950748
89950749
89950750
89950751
89950752
89950753
89950754
89950755
89950756
89950757
89950758
89950759
89950760
89950761
89950762
89950763
89950764
89950765
89950766
89950767
89950768
89950769
89950770
89950771
89950772
89950773
89950774
89950775
89950776
89950777
89950778
89950779
89950780
89950781
89950782
89950783
89950784
89950785
89950786
89950787
89950788
89950789
89950790
89950791
89950792
89950793
89950794
89950795
89950796
89950797
89950798
89950799
89950800
89950801
89950802
89950803
89950804
89950805
89950806
89950807
89950808
89950809
89950810
89950811
89950812
89950813
89950814
89950815
89950816
89950817
89950818
89950819
89950820
89950821
89950822
89950823
89950824
89950825
89950826
89950827
89950828
89950829
89950830
89950831
89950832
89950833
89950834
89950835
89950836
89950837
89950838
89950839
89950840
89950841
89950842
89950843
89950844
89950845
89950846
89950847
89950848
89950849
89950850
89950851
89950852
89950853
89950854
89950855
89950856
89950857
89950858
89950859
89950860
89950861
89950862
89950863
89950864
89950865
89950866
89950867
89950868
89950869
89950870
89950871
89950872
89950873
89950874
89950875
89950876
89950877
89950878
89950879
89950880
89950881
89950882
89950883
89950884
89950885
89950886
89950887
89950888
89950889
89950890
89950891
89950892
89950893
89950894
89950895
89950896
89950897
89950898
89950899
89950900
89950901
89950902
89950903
89950904
89950905
89950906
89950907
89950908
89950909
89950910
89950911
89950912
89950913
89950914
89950915
89950916
89950917
89950918
89950919
89950920
89950921
89950922
89950923
89950924
89950925
89950926
89950927
89950928
89950929
89950930
89950931
89950932
89950933
89950934
89950935
89950936
89950937
89950938
89950939
89950940
89950941
89950942
89950943
89950944
89950945
89950946
89950947
89950948
89950949
89950950
89950951
89950952
89950953
89950954
89950955
89950956
89950957
89950958
89950959
89950960
89950961
89950962
89950963
89950964
89950965
89950966
89950967
89950968
89950969
89950970
89950971
89950972
89950973
89950974
89950975
89950976
89950977
89950978
89950979
89950980
89950981
89950982
89950983
89950984
89950985
89950986
89950987
89950988
89950989
89950990
89950991
89950992
89950993
89950994
89950995
89950996
89950997
89950998
89950999
89951000
89951001
89951002
89951003
89951004
89951005
89951006
89951007
89951008
89951009
89951010
89951011
89951012
89951013
89951014
89951015
89951016
89951017
89951018
89951019
89951020
89951021
89951022
89951023
89951024
89951025
89951026
89951027
89951028
89951029
89951030
89951031
89951032
89951033
89951034
89951035
89951036
89951037
89951038
89951039
89951040
89951041
89951042
89951043
89951044
89951045
89951046
89951047
89951048
89951049
89951050
89951051
89951052
89951053
89951054
89951055
89951056
89951057
89951058
89951059
89951060
89951061
89951062
89951063
89951064
89951065
89951066
89951067
89951068
89951069
89951070
89951071
89951072
89951073
89951074
89951075
89951076
89951077
89951078
89951079
89951080
89951081
89951082
89951083
89951084
89951085
89951086
89951087
89951088
89951089
89951090
89951091
89951092
89951093
89951094
89951095
89951096
89951097
89951098
89951099
89951100
89951101
89951102
89951103
89951104
89951105
89951106
89951107
89951108
89951109
89951110
89951111
89951112
89951113
89951114
89951115
89951116
89951117
89951118
89951119
89951120
89951121
89951122
89951123
89951124
89951125
89951126
89951127
89951128
89951129
89951130
89951131
89951132
89951133
89951134
89951135
89951136
89951137
89951138
89951139
89951140
89951141
89951142
89951143
89951144
89951145
89951146
89951147
89951148
89951149
89951150
89951151
89951152
89951153
89951154
89951155
89951156
89951157
89951158
89951159
89951160
89951161
89951162
89951163
89951164
89951165
89951166
89951167
89951168
89951169
89951170
89951171
89951172
89951173
89951174
89951175
89951176
89951177
89951178
89951179
89951180
89951181
89951182
89951183
89951184
89951185
89951186
89951187
89951188
89951189
89951190
89951191
89951192
89951193
89951194
89951195
89951196
89951197
89951198
89951199
89951200
89951201
89951202
89951203
89951204
89951205
89951206
89951207
89951208
89951209
89951210
89951211
89951212
89951213
89951214
89951215
89951216
89951217
89951218
89951219
89951220
89951221
89951222
89951223
89951224
89951225
89951226
89951227
89951228
89951229
89951230
89951231
89951232
89951233
89951234
89951235
89951236
89951237
89951238
89951239
89951240
89951241
89951242
89951243
89951244
89951245
89951246
89951247
89951248
89951249
89951250
89951251
89951252
89951253
89951254
89951255
89951256
89951257
89951258
89951259
89951260
89951261
89951262
89951263
89951264
89951265
89951266
89951267
89951268
89951269
89951270
89951271
89951272
89951273
89951274
89951275
89951276
89951277
89951278
89951279
89951280
89951281
89951282
89951283
89951284
89951285
89951286
89951287
89951288
89951289
89951290
89951291
89951292
89951293
89951294
89951295
89951296
89951297
89951298
89951299
89951300
89951301
89951302
89951303
89951304
89951305
89951306
89951307
89951308
89951309
89951310
89951311
89951312
89951313
89951314
89951315
89951316
89951317
89951318
89951319
89951320
89951321
89951322
89951323
89951324
89951325
89951326
89951327
89951328
89951329
89951330
89951331
89951332
89951333
89951334
89951335
89951336
89951337
89951338
89951339
89951340
89951341
89951342
89951343
89951344
89951345
89951346
89951347
89951348
89951349
89951350
89951351
89951352
89951353
89951354
89951355
89951356
89951357
89951358
89951359
89951360
89951361
89951362
89951363
89951364
89951365
89951366
89951367
89951368
89951369
89951370
89951371
89951372
89951373
89951374
89951375
89951376
89951377
89951378
89951379
89951380
89951381
89951382
89951383
89951384
89951385
89951386
89951387
89951388
89951389
89951390
89951391
89951392
89951393
89951394
89951395
89951396
89951397
89951398
89951399
89951400
89951401
89951402
89951403
89951404
89951405
89951406
89951407
89951408
89951409
89951410
89951411
89951412
89951413
89951414
89951415
89951416
89951417
89951418
89951419
89951420
89951421
89951422
89951423
89951424
89951425
89951426
89951427
89951428
89951429
89951430
89951431
89951432
89951433
89951434
89951435
89951436
89951437
89951438
89951439
89951440
89951441
89951442
89951443
89951444
89951445
89951446
89951447
89951448
89951449
89951450
89951451
89951452
89951453
89951454
89951455
89951456
89951457
89951458
89951459
89951460
89951461
89951462
89951463
89951464
89951465
89951466
89951467
89951468
89951469
89951470
89951471
89951472
89951473
89951474
89951475
89951476
89951477
89951478
89951479
89951480
89951481
89951482
89951483
89951484
89951485
89951486
89951487
89951488
89951489
89951490
89951491
89951492
89951493
89951494
89951495
89951496
89951497
89951498
89951499
89951500
89951501
89951502
89951503
89951504
89951505
89951506
89951507
89951508
89951509
89951510
89951511
89951512
89951513
89951514
89951515
89951516
89951517
89951518
89951519
89951520
89951521
89951522
89951523
89951524
89951525
89951526
89951527
89951528
89951529
89951530
89951531
89951532
89951533
89951534
89951535
89951536
89951537
89951538
89951539
89951540
89951541
89951542
89951543
89951544
89951545
89951546
89951547
89951548
89951549
89951550
89951551
89951552
89951553
89951554
89951555
89951556
89951557
89951558
89951559
89951560
89951561
89951562
89951563
89951564
89951565
89951566
89951567
89951568
89951569
89951570
89951571
89951572
89951573
89951574
89951575
89951576
89951577
89951578
89951579
89951580
89951581
89951582
89951583
89951584
89951585
89951586
89951587
89951588
89951589
89951590
89951591
89951592
89951593
89951594
89951595
89951596
89951597
89951598
89951599
89951600
89951601
89951602
89951603
89951604
89951605
89951606
89951607
89951608
89951609
89951610
89951611
89951612
89951613
89951614
89951615
89951616
89951617
89951618
89951619
89951620
89951621
89951622
89951623
89951624
89951625
89951626
89951627
89951628
89951629
89951630
89951631
89951632
89951633
89951634
89951635
89951636
89951637
89951638
89951639
89951640
89951641
89951642
89951643
89951644
89951645
89951646
89951647
89951648
89951649
89951650
89951651
89951652
89951653
89951654
89951655
89951656
89951657
89951658
89951659
89951660
89951661
89951662
89951663
89951664
89951665
89951666
89951667
89951668
89951669
89951670
89951671
89951672
89951673
89951674
89951675
89951676
89951677
89951678
89951679
89951680
89951681
89951682
89951683
89951684
89951685
89951686
89951687
89951688
89951689
89951690
89951691
89951692
89951693
89951694
89951695
89951696
89951697
89951698
89951699
89951700
89951701
89951702
89951703
89951704
89951705
89951706
89951707
89951708
89951709
89951710
89951711
89951712
89951713
89951714
89951715
89951716
89951717
89951718
89951719
89951720
89951721
89951722
89951723
89951724
89951725
89951726
89951727
89951728
89951729
89951730
89951731
89951732
89951733
89951734
89951735
89951736
89951737
89951738
89951739
89951740
89951741
89951742
89951743
89951744
89951745
89951746
89951747
89951748
89951749
89951750
89951751
89951752
89951753
89951754
89951755
89951756
89951757
89951758
89951759
89951760
89951761
89951762
89951763
89951764
89951765
89951766
89951767
89951768
89951769
89951770
89951771
89951772
89951773
89951774
89951775
89951776
89951777
89951778
89951779
89951780
89951781
89951782
89951783
89951784
89951785
89951786
89951787
89951788
89951789
89951790
89951791
89951792
89951793
89951794
89951795
89951796
89951797
89951798
89951799
89951800
89951801
89951802
89951803
89951804
89951805
89951806
89951807
89951808
89951809
89951810
89951811
89951812
89951813
89951814
89951815
89951816
89951817
89951818
89951819
89951820
89951821
89951822
89951823
89951824
89951825
89951826
89951827
89951828
89951829
89951830
89951831
89951832
89951833
89951834
89951835
89951836
89951837
89951838
89951839
89951840
89951841
89951842
89951843
89951844
89951845
89951846
89951847
89951848
89951849
89951850
89951851
89951852
89951853
89951854
89951855
89951856
89951857
89951858
89951859
89951860
89951861
89951862
89951863
89951864
89951865
89951866
89951867
89951868
89951869
89951870
89951871
89951872
89951873
89951874
89951875
89951876
89951877
89951878
89951879
89951880
89951881
89951882
89951883
89951884
89951885
89951886
89951887
89951888
89951889
89951890
89951891
89951892
89951893
89951894
89951895
89951896
89951897
89951898
89951899
89951900
89951901
89951902
89951903
89951904
89951905
89951906
89951907
89951908
89951909
89951910
89951911
89951912
89951913
89951914
89951915
89951916
89951917
89951918
89951919
89951920
89951921
89951922
89951923
89951924
89951925
89951926
89951927
89951928
89951929
89951930
89951931
89951932
89951933
89951934
89951935
89951936
89951937
89951938
89951939
89951940
89951941
89951942
89951943
89951944
89951945
89951946
89951947
89951948
89951949
89951950
89951951
89951952
89951953
89951954
89951955
89951956
89951957
89951958
89951959
89951960
89951961
89951962
89951963
89951964
89951965
89951966
89951967
89951968
89951969
89951970
89951971
89951972
89951973
89951974
89951975
89951976
89951977
89951978
89951979
89951980
89951981
89951982
89951983
89951984
89951985
89951986
89951987
89951988
89951989
89951990
89951991
89951992
89951993
89951994
89951995
89951996
89951997
89951998
89951999
89952000
89952001
89952002
89952003
89952004
89952005
89952006
89952007
89952008
89952009
89952010
89952011
89952012
89952013
89952014
89952015
89952016
89952017
89952018
89952019
89952020
89952021
89952022
89952023
89952024
89952025
89952026
89952027
89952028
89952029
89952030
89952031
89952032
89952033
89952034
89952035
89952036
89952037
89952038
89952039
89952040
89952041
89952042
89952043
89952044
89952045
89952046
89952047
89952048
89952049
89952050
89952051
89952052
89952053
89952054
89952055
89952056
89952057
89952058
89952059
89952060
89952061
89952062
89952063
89952064
89952065
89952066
89952067
89952068
89952069
89952070
89952071
89952072
89952073
89952074
89952075
89952076
89952077
89952078
89952079
89952080
89952081
89952082
89952083
89952084
89952085
89952086
89952087
89952088
89952089
89952090
89952091
89952092
89952093
89952094
89952095
89952096
89952097
89952098
89952099
89952100
89952101
89952102
89952103
89952104
89952105
89952106
89952107
89952108
89952109
89952110
89952111
89952112
89952113
89952114
89952115
89952116
89952117
89952118
89952119
89952120
89952121
89952122
89952123
89952124
89952125
89952126
89952127
89952128
89952129
89952130
89952131
89952132
89952133
89952134
89952135
89952136
89952137
89952138
89952139
89952140
89952141
89952142
89952143
89952144
89952145
89952146
89952147
89952148
89952149
89952150
89952151
89952152
89952153
89952154
89952155
89952156
89952157
89952158
89952159
89952160
89952161
89952162
89952163
89952164
89952165
89952166
89952167
89952168
89952169
89952170
89952171
89952172
89952173
89952174
89952175
89952176
89952177
89952178
89952179
89952180
89952181
89952182
89952183
89952184
89952185
89952186
89952187
89952188
89952189
89952190
89952191
89952192
89952193
89952194
89952195
89952196
89952197
89952198
89952199
89952200
89952201
89952202
89952203
89952204
89952205
89952206
89952207
89952208
89952209
89952210
89952211
89952212
89952213
89952214
89952215
89952216
89952217
89952218
89952219
89952220
89952221
89952222
89952223
89952224
89952225
89952226
89952227
89952228
89952229
89952230
89952231
89952232
89952233
89952234
89952235
89952236
89952237
89952238
89952239
89952240
89952241
89952242
89952243
89952244
89952245
89952246
89952247
89952248
89952249
89952250
89952251
89952252
89952253
89952254
89952255
89952256
89952257
89952258
89952259
89952260
89952261
89952262
89952263
89952264
89952265
89952266
89952267
89952268
89952269
89952270
89952271
89952272
89952273
89952274
89952275
89952276
89952277
89952278
89952279
89952280
89952281
89952282
89952283
89952284
89952285
89952286
89952287
89952288
89952289
89952290
89952291
89952292
89952293
89952294
89952295
89952296
89952297
89952298
89952299
89952300
89952301
89952302
89952303
89952304
89952305
89952306
89952307
89952308
89952309
89952310
89952311
89952312
89952313
89952314
89952315
89952316
89952317
89952318
89952319
89952320
89952321
89952322
89952323
89952324
89952325
89952326
89952327
89952328
89952329
89952330
89952331
89952332
89952333
89952334
89952335
89952336
89952337
89952338
89952339
89952340
89952341
89952342
89952343
89952344
89952345
89952346
89952347
89952348
89952349
89952350
89952351
89952352
89952353
89952354
89952355
89952356
89952357
89952358
89952359
89952360
89952361
89952362
89952363
89952364
89952365
89952366
89952367
89952368
89952369
89952370
89952371
89952372
89952373
89952374
89952375
89952376
89952377
89952378
89952379
89952380
89952381
89952382
89952383
89952384
89952385
89952386
89952387
89952388
89952389
89952390
89952391
89952392
89952393
89952394
89952395
89952396
89952397
89952398
89952399
89952400
89952401
89952402
89952403
89952404
89952405
89952406
89952407
89952408
89952409
89952410
89952411
89952412
89952413
89952414
89952415
89952416
89952417
89952418
89952419
89952420
89952421
89952422
89952423
89952424
89952425
89952426
89952427
89952428
89952429
89952430
89952431
89952432
89952433
89952434
89952435
89952436
89952437
89952438
89952439
89952440
89952441
89952442
89952443
89952444
89952445
89952446
89952447
89952448
89952449
89952450
89952451
89952452
89952453
89952454
89952455
89952456
89952457
89952458
89952459
89952460
89952461
89952462
89952463
89952464
89952465
89952466
89952467
89952468
89952469
89952470
89952471
89952472
89952473
89952474
89952475
89952476
89952477
89952478
89952479
89952480
89952481
89952482
89952483
89952484
89952485
89952486
89952487
89952488
89952489
89952490
89952491
89952492
89952493
89952494
89952495
89952496
89952497
89952498
89952499
89952500
89952501
89952502
89952503
89952504
89952505
89952506
89952507
89952508
89952509
89952510
89952511
89952512
89952513
89952514
89952515
89952516
89952517
89952518
89952519
89952520
89952521
89952522
89952523
89952524
89952525
89952526
89952527
89952528
89952529
89952530
89952531
89952532
89952533
89952534
89952535
89952536
89952537
89952538
89952539
89952540
89952541
89952542
89952543
89952544
89952545
89952546
89952547
89952548
89952549
89952550
89952551
89952552
89952553
89952554
89952555
89952556
89952557
89952558
89952559
89952560
89952561
89952562
89952563
89952564
89952565
89952566
89952567
89952568
89952569
89952570
89952571
89952572
89952573
89952574
89952575
89952576
89952577
89952578
89952579
89952580
89952581
89952582
89952583
89952584
89952585
89952586
89952587
89952588
89952589
89952590
89952591
89952592
89952593
89952594
89952595
89952596
89952597
89952598
89952599
89952600
89952601
89952602
89952603
89952604
89952605
89952606
89952607
89952608
89952609
89952610
89952611
89952612
89952613
89952614
89952615
89952616
89952617
89952618
89952619
89952620
89952621
89952622
89952623
89952624
89952625
89952626
89952627
89952628
89952629
89952630
89952631
89952632
89952633
89952634
89952635
89952636
89952637
89952638
89952639
89952640
89952641
89952642
89952643
89952644
89952645
89952646
89952647
89952648
89952649
89952650
89952651
89952652
89952653
89952654
89952655
89952656
89952657
89952658
89952659
89952660
89952661
89952662
89952663
89952664
89952665
89952666
89952667
89952668
89952669
89952670
89952671
89952672
89952673
89952674
89952675
89952676
89952677
89952678
89952679
89952680
89952681
89952682
89952683
89952684
89952685
89952686
89952687
89952688
89952689
89952690
89952691
89952692
89952693
89952694
89952695
89952696
89952697
89952698
89952699
89952700
89952701
89952702
89952703
89952704
89952705
89952706
89952707
89952708
89952709
89952710
89952711
89952712
89952713
89952714
89952715
89952716
89952717
89952718
89952719
89952720
89952721
89952722
89952723
89952724
89952725
89952726
89952727
89952728
89952729
89952730
89952731
89952732
89952733
89952734
89952735
89952736
89952737
89952738
89952739
89952740
89952741
89952742
89952743
89952744
89952745
89952746
89952747
89952748
89952749
89952750
89952751
89952752
89952753
89952754
89952755
89952756
89952757
89952758
89952759
89952760
89952761
89952762
89952763
89952764
89952765
89952766
89952767
89952768
89952769
89952770
89952771
89952772
89952773
89952774
89952775
89952776
89952777
89952778
89952779
89952780
89952781
89952782
89952783
89952784
89952785
89952786
89952787
89952788
89952789
89952790
89952791
89952792
89952793
89952794
89952795
89952796
89952797
89952798
89952799
89952800
89952801
89952802
89952803
89952804
89952805
89952806
89952807
89952808
89952809
89952810
89952811
89952812
89952813
89952814
89952815
89952816
89952817
89952818
89952819
89952820
89952821
89952822
89952823
89952824
89952825
89952826
89952827
89952828
89952829
89952830
89952831
89952832
89952833
89952834
89952835
89952836
89952837
89952838
89952839
89952840
89952841
89952842
89952843
89952844
89952845
89952846
89952847
89952848
89952849
89952850
89952851
89952852
89952853
89952854
89952855
89952856
89952857
89952858
89952859
89952860
89952861
89952862
89952863
89952864
89952865
89952866
89952867
89952868
89952869
89952870
89952871
89952872
89952873
89952874
89952875
89952876
89952877
89952878
89952879
89952880
89952881
89952882
89952883
89952884
89952885
89952886
89952887
89952888
89952889
89952890
89952891
89952892
89952893
89952894
89952895
89952896
89952897
89952898
89952899
89952900
89952901
89952902
89952903
89952904
89952905
89952906
89952907
89952908
89952909
89952910
89952911
89952912
89952913
89952914
89952915
89952916
89952917
89952918
89952919
89952920
89952921
89952922
89952923
89952924
89952925
89952926
89952927
89952928
89952929
89952930
89952931
89952932
89952933
89952934
89952935
89952936
89952937
89952938
89952939
89952940
89952941
89952942
89952943
89952944
89952945
89952946
89952947
89952948
89952949
89952950
89952951
89952952
89952953
89952954
89952955
89952956
89952957
89952958
89952959
89952960
89952961
89952962
89952963
89952964
89952965
89952966
89952967
89952968
89952969
89952970
89952971
89952972
89952973
89952974
89952975
89952976
89952977
89952978
89952979
89952980
89952981
89952982
89952983
89952984
89952985
89952986
89952987
89952988
89952989
89952990
89952991
89952992
89952993
89952994
89952995
89952996
89952997
89952998
89952999
89953000
89953001
89953002
89953003
89953004
89953005
89953006
89953007
89953008
89953009
89953010
89953011
89953012
89953013
89953014
89953015
89953016
89953017
89953018
89953019
89953020
89953021
89953022
89953023
89953024
89953025
89953026
89953027
89953028
89953029
89953030
89953031
89953032
89953033
89953034
89953035
89953036
89953037
89953038
89953039
89953040
89953041
89953042
89953043
89953044
89953045
89953046
89953047
89953048
89953049
89953050
89953051
89953052
89953053
89953054
89953055
89953056
89953057
89953058
89953059
89953060
89953061
89953062
89953063
89953064
89953065
89953066
89953067
89953068
89953069
89953070
89953071
89953072
89953073
89953074
89953075
89953076
89953077
89953078
89953079
89953080
89953081
89953082
89953083
89953084
89953085
89953086
89953087
89953088
89953089
89953090
89953091
89953092
89953093
89953094
89953095
89953096
89953097
89953098
89953099
89953100
89953101
89953102
89953103
89953104
89953105
89953106
89953107
89953108
89953109
89953110
89953111
89953112
89953113
89953114
89953115
89953116
89953117
89953118
89953119
89953120
89953121
89953122
89953123
89953124
89953125
89953126
89953127
89953128
89953129
89953130
89953131
89953132
89953133
89953134
89953135
89953136
89953137
89953138
89953139
89953140
89953141
89953142
89953143
89953144
89953145
89953146
89953147
89953148
89953149
89953150
89953151
89953152
89953153
89953154
89953155
89953156
89953157
89953158
89953159
89953160
89953161
89953162
89953163
89953164
89953165
89953166
89953167
89953168
89953169
89953170
89953171
89953172
89953173
89953174
89953175
89953176
89953177
89953178
89953179
89953180
89953181
89953182
89953183
89953184
89953185
89953186
89953187
89953188
89953189
89953190
89953191
89953192
89953193
89953194
89953195
89953196
89953197
89953198
89953199
89953200
89953201
89953202
89953203
89953204
89953205
89953206
89953207
89953208
89953209
89953210
89953211
89953212
89953213
89953214
89953215
89953216
89953217
89953218
89953219
89953220
89953221
89953222
89953223
89953224
89953225
89953226
89953227
89953228
89953229
89953230
89953231
89953232
89953233
89953234
89953235
89953236
89953237
89953238
89953239
89953240
89953241
89953242
89953243
89953244
89953245
89953246
89953247
89953248
89953249
89953250
89953251
89953252
89953253
89953254
89953255
89953256
89953257
89953258
89953259
89953260
89953261
89953262
89953263
89953264
89953265
89953266
89953267
89953268
89953269
89953270
89953271
89953272
89953273
89953274
89953275
89953276
89953277
89953278
89953279
89953280
89953281
89953282
89953283
89953284
89953285
89953286
89953287
89953288
89953289
89953290
89953291
89953292
89953293
89953294
89953295
89953296
89953297
89953298
89953299
89953300
89953301
89953302
89953303
89953304
89953305
89953306
89953307
89953308
89953309
89953310
89953311
89953312
89953313
89953314
89953315
89953316
89953317
89953318
89953319
89953320
89953321
89953322
89953323
89953324
89953325
89953326
89953327
89953328
89953329
89953330
89953331
89953332
89953333
89953334
89953335
89953336
89953337
89953338
89953339
89953340
89953341
89953342
89953343
89953344
89953345
89953346
89953347
89953348
89953349
89953350
89953351
89953352
89953353
89953354
89953355
89953356
89953357
89953358
89953359
89953360
89953361
89953362
89953363
89953364
89953365
89953366
89953367
89953368
89953369
89953370
89953371
89953372
89953373
89953374
89953375
89953376
89953377
89953378
89953379
89953380
89953381
89953382
89953383
89953384
89953385
89953386
89953387
89953388
89953389
89953390
89953391
89953392
89953393
89953394
89953395
89953396
89953397
89953398
89953399
89953400
89953401
89953402
89953403
89953404
89953405
89953406
89953407
89953408
89953409
89953410
89953411
89953412
89953413
89953414
89953415
89953416
89953417
89953418
89953419
89953420
89953421
89953422
89953423
89953424
89953425
89953426
89953427
89953428
89953429
89953430
89953431
89953432
89953433
89953434
89953435
89953436
89953437
89953438
89953439
89953440
89953441
89953442
89953443
89953444
89953445
89953446
89953447
89953448
89953449
89953450
89953451
89953452
89953453
89953454
89953455
89953456
89953457
89953458
89953459
89953460
89953461
89953462
89953463
89953464
89953465
89953466
89953467
89953468
89953469
89953470
89953471
89953472
89953473
89953474
89953475
89953476
89953477
89953478
89953479
89953480
89953481
89953482
89953483
89953484
89953485
89953486
89953487
89953488
89953489
89953490
89953491
89953492
89953493
89953494
89953495
89953496
89953497
89953498
89953499
89953500
89953501
89953502
89953503
89953504
89953505
89953506
89953507
89953508
89953509
89953510
89953511
89953512
89953513
89953514
89953515
89953516
89953517
89953518
89953519
89953520
89953521
89953522
89953523
89953524
89953525
89953526
89953527
89953528
89953529
89953530
89953531
89953532
89953533
89953534
89953535
89953536
89953537
89953538
89953539
89953540
89953541
89953542
89953543
89953544
89953545
89953546
89953547
89953548
89953549
89953550
89953551
89953552
89953553
89953554
89953555
89953556
89953557
89953558
89953559
89953560
89953561
89953562
89953563
89953564
89953565
89953566
89953567
89953568
89953569
89953570
89953571
89953572
89953573
89953574
89953575
89953576
89953577
89953578
89953579
89953580
89953581
89953582
89953583
89953584
89953585
89953586
89953587
89953588
89953589
89953590
89953591
89953592
89953593
89953594
89953595
89953596
89953597
89953598
89953599
89953600
89953601
89953602
89953603
89953604
89953605
89953606
89953607
89953608
89953609
89953610
89953611
89953612
89953613
89953614
89953615
89953616
89953617
89953618
89953619
89953620
89953621
89953622
89953623
89953624
89953625
89953626
89953627
89953628
89953629
89953630
89953631
89953632
89953633
89953634
89953635
89953636
89953637
89953638
89953639
89953640
89953641
89953642
89953643
89953644
89953645
89953646
89953647
89953648
89953649
89953650
89953651
89953652
89953653
89953654
89953655
89953656
89953657
89953658
89953659
89953660
89953661
89953662
89953663
89953664
89953665
89953666
89953667
89953668
89953669
89953670
89953671
89953672
89953673
89953674
89953675
89953676
89953677
89953678
89953679
89953680
89953681
89953682
89953683
89953684
89953685
89953686
89953687
89953688
89953689
89953690
89953691
89953692
89953693
89953694
89953695
89953696
89953697
89953698
89953699
89953700
89953701
89953702
89953703
89953704
89953705
89953706
89953707
89953708
89953709
89953710
89953711
89953712
89953713
89953714
89953715
89953716
89953717
89953718
89953719
89953720
89953721
89953722
89953723
89953724
89953725
89953726
89953727
89953728
89953729
89953730
89953731
89953732
89953733
89953734
89953735
89953736
89953737
89953738
89953739
89953740
89953741
89953742
89953743
89953744
89953745
89953746
89953747
89953748
89953749
89953750
89953751
89953752
89953753
89953754
89953755
89953756
89953757
89953758
89953759
89953760
89953761
89953762
89953763
89953764
89953765
89953766
89953767
89953768
89953769
89953770
89953771
89953772
89953773
89953774
89953775
89953776
89953777
89953778
89953779
89953780
89953781
89953782
89953783
89953784
89953785
89953786
89953787
89953788
89953789
89953790
89953791
89953792
89953793
89953794
89953795
89953796
89953797
89953798
89953799
89953800
89953801
89953802
89953803
89953804
89953805
89953806
89953807
89953808
89953809
89953810
89953811
89953812
89953813
89953814
89953815
89953816
89953817
89953818
89953819
89953820
89953821
89953822
89953823
89953824
89953825
89953826
89953827
89953828
89953829
89953830
89953831
89953832
89953833
89953834
89953835
89953836
89953837
89953838
89953839
89953840
89953841
89953842
89953843
89953844
89953845
89953846
89953847
89953848
89953849
89953850
89953851
89953852
89953853
89953854
89953855
89953856
89953857
89953858
89953859
89953860
89953861
89953862
89953863
89953864
89953865
89953866
89953867
89953868
89953869
89953870
89953871
89953872
89953873
89953874
89953875
89953876
89953877
89953878
89953879
89953880
89953881
89953882
89953883
89953884
89953885
89953886
89953887
89953888
89953889
89953890
89953891
89953892
89953893
89953894
89953895
89953896
89953897
89953898
89953899
89953900
89953901
89953902
89953903
89953904
89953905
89953906
89953907
89953908
89953909
89953910
89953911
89953912
89953913
89953914
89953915
89953916
89953917
89953918
89953919
89953920
89953921
89953922
89953923
89953924
89953925
89953926
89953927
89953928
89953929
89953930
89953931
89953932
89953933
89953934
89953935
89953936
89953937
89953938
89953939
89953940
89953941
89953942
89953943
89953944
89953945
89953946
89953947
89953948
89953949
89953950
89953951
89953952
89953953
89953954
89953955
89953956
89953957
89953958
89953959
89953960
89953961
89953962
89953963
89953964
89953965
89953966
89953967
89953968
89953969
89953970
89953971
89953972
89953973
89953974
89953975
89953976
89953977
89953978
89953979
89953980
89953981
89953982
89953983
89953984
89953985
89953986
89953987
89953988
89953989
89953990
89953991
89953992
89953993
89953994
89953995
89953996
89953997
89953998
89953999
89954000
89954001
89954002
89954003
89954004
89954005
89954006
89954007
89954008
89954009
89954010
89954011
89954012
89954013
89954014
89954015
89954016
89954017
89954018
89954019
89954020
89954021
89954022
89954023
89954024
89954025
89954026
89954027
89954028
89954029
89954030
89954031
89954032
89954033
89954034
89954035
89954036
89954037
89954038
89954039
89954040
89954041
89954042
89954043
89954044
89954045
89954046
89954047
89954048
89954049
89954050
89954051
89954052
89954053
89954054
89954055
89954056
89954057
89954058
89954059
89954060
89954061
89954062
89954063
89954064
89954065
89954066
89954067
89954068
89954069
89954070
89954071
89954072
89954073
89954074
89954075
89954076
89954077
89954078
89954079
89954080
89954081
89954082
89954083
89954084
89954085
89954086
89954087
89954088
89954089
89954090
89954091
89954092
89954093
89954094
89954095
89954096
89954097
89954098
89954099
89954100
89954101
89954102
89954103
89954104
89954105
89954106
89954107
89954108
89954109
89954110
89954111
89954112
89954113
89954114
89954115
89954116
89954117
89954118
89954119
89954120
89954121
89954122
89954123
89954124
89954125
89954126
89954127
89954128
89954129
89954130
89954131
89954132
89954133
89954134
89954135
89954136
89954137
89954138
89954139
89954140
89954141
89954142
89954143
89954144
89954145
89954146
89954147
89954148
89954149
89954150
89954151
89954152
89954153
89954154
89954155
89954156
89954157
89954158
89954159
89954160
89954161
89954162
89954163
89954164
89954165
89954166
89954167
89954168
89954169
89954170
89954171
89954172
89954173
89954174
89954175
89954176
89954177
89954178
89954179
89954180
89954181
89954182
89954183
89954184
89954185
89954186
89954187
89954188
89954189
89954190
89954191
89954192
89954193
89954194
89954195
89954196
89954197
89954198
89954199
89954200
89954201
89954202
89954203
89954204
89954205
89954206
89954207
89954208
89954209
89954210
89954211
89954212
89954213
89954214
89954215
89954216
89954217
89954218
89954219
89954220
89954221
89954222
89954223
89954224
89954225
89954226
89954227
89954228
89954229
89954230
89954231
89954232
89954233
89954234
89954235
89954236
89954237
89954238
89954239
89954240
89954241
89954242
89954243
89954244
89954245
89954246
89954247
89954248
89954249
89954250
89954251
89954252
89954253
89954254
89954255
89954256
89954257
89954258
89954259
89954260
89954261
89954262
89954263
89954264
89954265
89954266
89954267
89954268
89954269
89954270
89954271
89954272
89954273
89954274
89954275
89954276
89954277
89954278
89954279
89954280
89954281
89954282
89954283
89954284
89954285
89954286
89954287
89954288
89954289
89954290
89954291
89954292
89954293
89954294
89954295
89954296
89954297
89954298
89954299
89954300
89954301
89954302
89954303
89954304
89954305
89954306
89954307
89954308
89954309
89954310
89954311
89954312
89954313
89954314
89954315
89954316
89954317
89954318
89954319
89954320
89954321
89954322
89954323
89954324
89954325
89954326
89954327
89954328
89954329
89954330
89954331
89954332
89954333
89954334
89954335
89954336
89954337
89954338
89954339
89954340
89954341
89954342
89954343
89954344
89954345
89954346
89954347
89954348
89954349
89954350
89954351
89954352
89954353
89954354
89954355
89954356
89954357
89954358
89954359
89954360
89954361
89954362
89954363
89954364
89954365
89954366
89954367
89954368
89954369
89954370
89954371
89954372
89954373
89954374
89954375
89954376
89954377
89954378
89954379
89954380
89954381
89954382
89954383
89954384
89954385
89954386
89954387
89954388
89954389
89954390
89954391
89954392
89954393
89954394
89954395
89954396
89954397
89954398
89954399
89954400
89954401
89954402
89954403
89954404
89954405
89954406
89954407
89954408
89954409
89954410
89954411
89954412
89954413
89954414
89954415
89954416
89954417
89954418
89954419
89954420
89954421
89954422
89954423
89954424
89954425
89954426
89954427
89954428
89954429
89954430
89954431
89954432
89954433
89954434
89954435
89954436
89954437
89954438
89954439
89954440
89954441
89954442
89954443
89954444
89954445
89954446
89954447
89954448
89954449
89954450
89954451
89954452
89954453
89954454
89954455
89954456
89954457
89954458
89954459
89954460
89954461
89954462
89954463
89954464
89954465
89954466
89954467
89954468
89954469
89954470
89954471
89954472
89954473
89954474
89954475
89954476
89954477
89954478
89954479
89954480
89954481
89954482
89954483
89954484
89954485
89954486
89954487
89954488
89954489
89954490
89954491
89954492
89954493
89954494
89954495
89954496
89954497
89954498
89954499
89954500
89954501
89954502
89954503
89954504
89954505
89954506
89954507
89954508
89954509
89954510
89954511
89954512
89954513
89954514
89954515
89954516
89954517
89954518
89954519
89954520
89954521
89954522
89954523
89954524
89954525
89954526
89954527
89954528
89954529
89954530
89954531
89954532
89954533
89954534
89954535
89954536
89954537
89954538
89954539
89954540
89954541
89954542
89954543
89954544
89954545
89954546
89954547
89954548
89954549
89954550
89954551
89954552
89954553
89954554
89954555
89954556
89954557
89954558
89954559
89954560
89954561
89954562
89954563
89954564
89954565
89954566
89954567
89954568
89954569
89954570
89954571
89954572
89954573
89954574
89954575
89954576
89954577
89954578
89954579
89954580
89954581
89954582
89954583
89954584
89954585
89954586
89954587
89954588
89954589
89954590
89954591
89954592
89954593
89954594
89954595
89954596
89954597
89954598
89954599
89954600
89954601
89954602
89954603
89954604
89954605
89954606
89954607
89954608
89954609
89954610
89954611
89954612
89954613
89954614
89954615
89954616
89954617
89954618
89954619
89954620
89954621
89954622
89954623
89954624
89954625
89954626
89954627
89954628
89954629
89954630
89954631
89954632
89954633
89954634
89954635
89954636
89954637
89954638
89954639
89954640
89954641
89954642
89954643
89954644
89954645
89954646
89954647
89954648
89954649
89954650
89954651
89954652
89954653
89954654
89954655
89954656
89954657
89954658
89954659
89954660
89954661
89954662
89954663
89954664
89954665
89954666
89954667
89954668
89954669
89954670
89954671
89954672
89954673
89954674
89954675
89954676
89954677
89954678
89954679
89954680
89954681
89954682
89954683
89954684
89954685
89954686
89954687
89954688
89954689
89954690
89954691
89954692
89954693
89954694
89954695
89954696
89954697
89954698
89954699
89954700
89954701
89954702
89954703
89954704
89954705
89954706
89954707
89954708
89954709
89954710
89954711
89954712
89954713
89954714
89954715
89954716
89954717
89954718
89954719
89954720
89954721
89954722
89954723
89954724
89954725
89954726
89954727
89954728
89954729
89954730
89954731
89954732
89954733
89954734
89954735
89954736
89954737
89954738
89954739
89954740
89954741
89954742
89954743
89954744
89954745
89954746
89954747
89954748
89954749
89954750
89954751
89954752
89954753
89954754
89954755
89954756
89954757
89954758
89954759
89954760
89954761
89954762
89954763
89954764
89954765
89954766
89954767
89954768
89954769
89954770
89954771
89954772
89954773
89954774
89954775
89954776
89954777
89954778
89954779
89954780
89954781
89954782
89954783
89954784
89954785
89954786
89954787
89954788
89954789
89954790
89954791
89954792
89954793
89954794
89954795
89954796
89954797
89954798
89954799
89954800
89954801
89954802
89954803
89954804
89954805
89954806
89954807
89954808
89954809
89954810
89954811
89954812
89954813
89954814
89954815
89954816
89954817
89954818
89954819
89954820
89954821
89954822
89954823
89954824
89954825
89954826
89954827
89954828
89954829
89954830
89954831
89954832
89954833
89954834
89954835
89954836
89954837
89954838
89954839
89954840
89954841
89954842
89954843
89954844
89954845
89954846
89954847
89954848
89954849
89954850
89954851
89954852
89954853
89954854
89954855
89954856
89954857
89954858
89954859
89954860
89954861
89954862
89954863
89954864
89954865
89954866
89954867
89954868
89954869
89954870
89954871
89954872
89954873
89954874
89954875
89954876
89954877
89954878
89954879
89954880
89954881
89954882
89954883
89954884
89954885
89954886
89954887
89954888
89954889
89954890
89954891
89954892
89954893
89954894
89954895
89954896
89954897
89954898
89954899
89954900
89954901
89954902
89954903
89954904
89954905
89954906
89954907
89954908
89954909
89954910
89954911
89954912
89954913
89954914
89954915
89954916
89954917
89954918
89954919
89954920
89954921
89954922
89954923
89954924
89954925
89954926
89954927
89954928
89954929
89954930
89954931
89954932
89954933
89954934
89954935
89954936
89954937
89954938
89954939
89954940
89954941
89954942
89954943
89954944
89954945
89954946
89954947
89954948
89954949
89954950
89954951
89954952
89954953
89954954
89954955
89954956
89954957
89954958
89954959
89954960
89954961
89954962
89954963
89954964
89954965
89954966
89954967
89954968
89954969
89954970
89954971
89954972
89954973
89954974
89954975
89954976
89954977
89954978
89954979
89954980
89954981
89954982
89954983
89954984
89954985
89954986
89954987
89954988
89954989
89954990
89954991
89954992
89954993
89954994
89954995
89954996
89954997
89954998
89954999
89955000
89955001
89955002
89955003
89955004
89955005
89955006
89955007
89955008
89955009
89955010
89955011
89955012
89955013
89955014
89955015
89955016
89955017
89955018
89955019
89955020
89955021
89955022
89955023
89955024
89955025
89955026
89955027
89955028
89955029
89955030
89955031
89955032
89955033
89955034
89955035
89955036
89955037
89955038
89955039
89955040
89955041
89955042
89955043
89955044
89955045
89955046
89955047
89955048
89955049
89955050
89955051
89955052
89955053
89955054
89955055
89955056
89955057
89955058
89955059
89955060
89955061
89955062
89955063
89955064
89955065
89955066
89955067
89955068
89955069
89955070
89955071
89955072
89955073
89955074
89955075
89955076
89955077
89955078
89955079
89955080
89955081
89955082
89955083
89955084
89955085
89955086
89955087
89955088
89955089
89955090
89955091
89955092
89955093
89955094
89955095
89955096
89955097
89955098
89955099
89955100
89955101
89955102
89955103
89955104
89955105
89955106
89955107
89955108
89955109
89955110
89955111
89955112
89955113
89955114
89955115
89955116
89955117
89955118
89955119
89955120
89955121
89955122
89955123
89955124
89955125
89955126
89955127
89955128
89955129
89955130
89955131
89955132
89955133
89955134
89955135
89955136
89955137
89955138
89955139
89955140
89955141
89955142
89955143
89955144
89955145
89955146
89955147
89955148
89955149
89955150
89955151
89955152
89955153
89955154
89955155
89955156
89955157
89955158
89955159
89955160
89955161
89955162
89955163
89955164
89955165
89955166
89955167
89955168
89955169
89955170
89955171
89955172
89955173
89955174
89955175
89955176
89955177
89955178
89955179
89955180
89955181
89955182
89955183
89955184
89955185
89955186
89955187
89955188
89955189
89955190
89955191
89955192
89955193
89955194
89955195
89955196
89955197
89955198
89955199
89955200
89955201
89955202
89955203
89955204
89955205
89955206
89955207
89955208
89955209
89955210
89955211
89955212
89955213
89955214
89955215
89955216
89955217
89955218
89955219
89955220
89955221
89955222
89955223
89955224
89955225
89955226
89955227
89955228
89955229
89955230
89955231
89955232
89955233
89955234
89955235
89955236
89955237
89955238
89955239
89955240
89955241
89955242
89955243
89955244
89955245
89955246
89955247
89955248
89955249
89955250
89955251
89955252
89955253
89955254
89955255
89955256
89955257
89955258
89955259
89955260
89955261
89955262
89955263
89955264
89955265
89955266
89955267
89955268
89955269
89955270
89955271
89955272
89955273
89955274
89955275
89955276
89955277
89955278
89955279
89955280
89955281
89955282
89955283
89955284
89955285
89955286
89955287
89955288
89955289
89955290
89955291
89955292
89955293
89955294
89955295
89955296
89955297
89955298
89955299
89955300
89955301
89955302
89955303
89955304
89955305
89955306
89955307
89955308
89955309
89955310
89955311
89955312
89955313
89955314
89955315
89955316
89955317
89955318
89955319
89955320
89955321
89955322
89955323
89955324
89955325
89955326
89955327
89955328
89955329
89955330
89955331
89955332
89955333
89955334
89955335
89955336
89955337
89955338
89955339
89955340
89955341
89955342
89955343
89955344
89955345
89955346
89955347
89955348
89955349
89955350
89955351
89955352
89955353
89955354
89955355
89955356
89955357
89955358
89955359
89955360
89955361
89955362
89955363
89955364
89955365
89955366
89955367
89955368
89955369
89955370
89955371
89955372
89955373
89955374
89955375
89955376
89955377
89955378
89955379
89955380
89955381
89955382
89955383
89955384
89955385
89955386
89955387
89955388
89955389
89955390
89955391
89955392
89955393
89955394
89955395
89955396
89955397
89955398
89955399
89955400
89955401
89955402
89955403
89955404
89955405
89955406
89955407
89955408
89955409
89955410
89955411
89955412
89955413
89955414
89955415
89955416
89955417
89955418
89955419
89955420
89955421
89955422
89955423
89955424
89955425
89955426
89955427
89955428
89955429
89955430
89955431
89955432
89955433
89955434
89955435
89955436
89955437
89955438
89955439
89955440
89955441
89955442
89955443
89955444
89955445
89955446
89955447
89955448
89955449
89955450
89955451
89955452
89955453
89955454
89955455
89955456
89955457
89955458
89955459
89955460
89955461
89955462
89955463
89955464
89955465
89955466
89955467
89955468
89955469
89955470
89955471
89955472
89955473
89955474
89955475
89955476
89955477
89955478
89955479
89955480
89955481
89955482
89955483
89955484
89955485
89955486
89955487
89955488
89955489
89955490
89955491
89955492
89955493
89955494
89955495
89955496
89955497
89955498
89955499
89955500
89955501
89955502
89955503
89955504
89955505
89955506
89955507
89955508
89955509
89955510
89955511
89955512
89955513
89955514
89955515
89955516
89955517
89955518
89955519
89955520
89955521
89955522
89955523
89955524
89955525
89955526
89955527
89955528
89955529
89955530
89955531
89955532
89955533
89955534
89955535
89955536
89955537
89955538
89955539
89955540
89955541
89955542
89955543
89955544
89955545
89955546
89955547
89955548
89955549
89955550
89955551
89955552
89955553
89955554
89955555
89955556
89955557
89955558
89955559
89955560
89955561
89955562
89955563
89955564
89955565
89955566
89955567
89955568
89955569
89955570
89955571
89955572
89955573
89955574
89955575
89955576
89955577
89955578
89955579
89955580
89955581
89955582
89955583
89955584
89955585
89955586
89955587
89955588
89955589
89955590
89955591
89955592
89955593
89955594
89955595
89955596
89955597
89955598
89955599
89955600
89955601
89955602
89955603
89955604
89955605
89955606
89955607
89955608
89955609
89955610
89955611
89955612
89955613
89955614
89955615
89955616
89955617
89955618
89955619
89955620
89955621
89955622
89955623
89955624
89955625
89955626
89955627
89955628
89955629
89955630
89955631
89955632
89955633
89955634
89955635
89955636
89955637
89955638
89955639
89955640
89955641
89955642
89955643
89955644
89955645
89955646
89955647
89955648
89955649
89955650
89955651
89955652
89955653
89955654
89955655
89955656
89955657
89955658
89955659
89955660
89955661
89955662
89955663
89955664
89955665
89955666
89955667
89955668
89955669
89955670
89955671
89955672
89955673
89955674
89955675
89955676
89955677
89955678
89955679
89955680
89955681
89955682
89955683
89955684
89955685
89955686
89955687
89955688
89955689
89955690
89955691
89955692
89955693
89955694
89955695
89955696
89955697
89955698
89955699
89955700
89955701
89955702
89955703
89955704
89955705
89955706
89955707
89955708
89955709
89955710
89955711
89955712
89955713
89955714
89955715
89955716
89955717
89955718
89955719
89955720
89955721
89955722
89955723
89955724
89955725
89955726
89955727
89955728
89955729
89955730
89955731
89955732
89955733
89955734
89955735
89955736
89955737
89955738
89955739
89955740
89955741
89955742
89955743
89955744
89955745
89955746
89955747
89955748
89955749
89955750
89955751
89955752
89955753
89955754
89955755
89955756
89955757
89955758
89955759
89955760
89955761
89955762
89955763
89955764
89955765
89955766
89955767
89955768
89955769
89955770
89955771
89955772
89955773
89955774
89955775
89955776
89955777
89955778
89955779
89955780
89955781
89955782
89955783
89955784
89955785
89955786
89955787
89955788
89955789
89955790
89955791
89955792
89955793
89955794
89955795
89955796
89955797
89955798
89955799
89955800
89955801
89955802
89955803
89955804
89955805
89955806
89955807
89955808
89955809
89955810
89955811
89955812
89955813
89955814
89955815
89955816
89955817
89955818
89955819
89955820
89955821
89955822
89955823
89955824
89955825
89955826
89955827
89955828
89955829
89955830
89955831
89955832
89955833
89955834
89955835
89955836
89955837
89955838
89955839
89955840
89955841
89955842
89955843
89955844
89955845
89955846
89955847
89955848
89955849
89955850
89955851
89955852
89955853
89955854
89955855
89955856
89955857
89955858
89955859
89955860
89955861
89955862
89955863
89955864
89955865
89955866
89955867
89955868
89955869
89955870
89955871
89955872
89955873
89955874
89955875
89955876
89955877
89955878
89955879
89955880
89955881
89955882
89955883
89955884
89955885
89955886
89955887
89955888
89955889
89955890
89955891
89955892
89955893
89955894
89955895
89955896
89955897
89955898
89955899
89955900
89955901
89955902
89955903
89955904
89955905
89955906
89955907
89955908
89955909
89955910
89955911
89955912
89955913
89955914
89955915
89955916
89955917
89955918
89955919
89955920
89955921
89955922
89955923
89955924
89955925
89955926
89955927
89955928
89955929
89955930
89955931
89955932
89955933
89955934
89955935
89955936
89955937
89955938
89955939
89955940
89955941
89955942
89955943
89955944
89955945
89955946
89955947
89955948
89955949
89955950
89955951
89955952
89955953
89955954
89955955
89955956
89955957
89955958
89955959
89955960
89955961
89955962
89955963
89955964
89955965
89955966
89955967
89955968
89955969
89955970
89955971
89955972
89955973
89955974
89955975
89955976
89955977
89955978
89955979
89955980
89955981
89955982
89955983
89955984
89955985
89955986
89955987
89955988
89955989
89955990
89955991
89955992
89955993
89955994
89955995
89955996
89955997
89955998
89955999
89956000
89956001
89956002
89956003
89956004
89956005
89956006
89956007
89956008
89956009
89956010
89956011
89956012
89956013
89956014
89956015
89956016
89956017
89956018
89956019
89956020
89956021
89956022
89956023
89956024
89956025
89956026
89956027
89956028
89956029
89956030
89956031
89956032
89956033
89956034
89956035
89956036
89956037
89956038
89956039
89956040
89956041
89956042
89956043
89956044
89956045
89956046
89956047
89956048
89956049
89956050
89956051
89956052
89956053
89956054
89956055
89956056
89956057
89956058
89956059
89956060
89956061
89956062
89956063
89956064
89956065
89956066
89956067
89956068
89956069
89956070
89956071
89956072
89956073
89956074
89956075
89956076
89956077
89956078
89956079
89956080
89956081
89956082
89956083
89956084
89956085
89956086
89956087
89956088
89956089
89956090
89956091
89956092
89956093
89956094
89956095
89956096
89956097
89956098
89956099
89956100
89956101
89956102
89956103
89956104
89956105
89956106
89956107
89956108
89956109
89956110
89956111
89956112
89956113
89956114
89956115
89956116
89956117
89956118
89956119
89956120
89956121
89956122
89956123
89956124
89956125
89956126
89956127
89956128
89956129
89956130
89956131
89956132
89956133
89956134
89956135
89956136
89956137
89956138
89956139
89956140
89956141
89956142
89956143
89956144
89956145
89956146
89956147
89956148
89956149
89956150
89956151
89956152
89956153
89956154
89956155
89956156
89956157
89956158
89956159
89956160
89956161
89956162
89956163
89956164
89956165
89956166
89956167
89956168
89956169
89956170
89956171
89956172
89956173
89956174
89956175
89956176
89956177
89956178
89956179
89956180
89956181
89956182
89956183
89956184
89956185
89956186
89956187
89956188
89956189
89956190
89956191
89956192
89956193
89956194
89956195
89956196
89956197
89956198
89956199
89956200
89956201
89956202
89956203
89956204
89956205
89956206
89956207
89956208
89956209
89956210
89956211
89956212
89956213
89956214
89956215
89956216
89956217
89956218
89956219
89956220
89956221
89956222
89956223
89956224
89956225
89956226
89956227
89956228
89956229
89956230
89956231
89956232
89956233
89956234
89956235
89956236
89956237
89956238
89956239
89956240
89956241
89956242
89956243
89956244
89956245
89956246
89956247
89956248
89956249
89956250
89956251
89956252
89956253
89956254
89956255
89956256
89956257
89956258
89956259
89956260
89956261
89956262
89956263
89956264
89956265
89956266
89956267
89956268
89956269
89956270
89956271
89956272
89956273
89956274
89956275
89956276
89956277
89956278
89956279
89956280
89956281
89956282
89956283
89956284
89956285
89956286
89956287
89956288
89956289
89956290
89956291
89956292
89956293
89956294
89956295
89956296
89956297
89956298
89956299
89956300
89956301
89956302
89956303
89956304
89956305
89956306
89956307
89956308
89956309
89956310
89956311
89956312
89956313
89956314
89956315
89956316
89956317
89956318
89956319
89956320
89956321
89956322
89956323
89956324
89956325
89956326
89956327
89956328
89956329
89956330
89956331
89956332
89956333
89956334
89956335
89956336
89956337
89956338
89956339
89956340
89956341
89956342
89956343
89956344
89956345
89956346
89956347
89956348
89956349
89956350
89956351
89956352
89956353
89956354
89956355
89956356
89956357
89956358
89956359
89956360
89956361
89956362
89956363
89956364
89956365
89956366
89956367
89956368
89956369
89956370
89956371
89956372
89956373
89956374
89956375
89956376
89956377
89956378
89956379
89956380
89956381
89956382
89956383
89956384
89956385
89956386
89956387
89956388
89956389
89956390
89956391
89956392
89956393
89956394
89956395
89956396
89956397
89956398
89956399
89956400
89956401
89956402
89956403
89956404
89956405
89956406
89956407
89956408
89956409
89956410
89956411
89956412
89956413
89956414
89956415
89956416
89956417
89956418
89956419
89956420
89956421
89956422
89956423
89956424
89956425
89956426
89956427
89956428
89956429
89956430
89956431
89956432
89956433
89956434
89956435
89956436
89956437
89956438
89956439
89956440
89956441
89956442
89956443
89956444
89956445
89956446
89956447
89956448
89956449
89956450
89956451
89956452
89956453
89956454
89956455
89956456
89956457
89956458
89956459
89956460
89956461
89956462
89956463
89956464
89956465
89956466
89956467
89956468
89956469
89956470
89956471
89956472
89956473
89956474
89956475
89956476
89956477
89956478
89956479
89956480
89956481
89956482
89956483
89956484
89956485
89956486
89956487
89956488
89956489
89956490
89956491
89956492
89956493
89956494
89956495
89956496
89956497
89956498
89956499
89956500
89956501
89956502
89956503
89956504
89956505
89956506
89956507
89956508
89956509
89956510
89956511
89956512
89956513
89956514
89956515
89956516
89956517
89956518
89956519
89956520
89956521
89956522
89956523
89956524
89956525
89956526
89956527
89956528
89956529
89956530
89956531
89956532
89956533
89956534
89956535
89956536
89956537
89956538
89956539
89956540
89956541
89956542
89956543
89956544
89956545
89956546
89956547
89956548
89956549
89956550
89956551
89956552
89956553
89956554
89956555
89956556
89956557
89956558
89956559
89956560
89956561
89956562
89956563
89956564
89956565
89956566
89956567
89956568
89956569
89956570
89956571
89956572
89956573
89956574
89956575
89956576
89956577
89956578
89956579
89956580
89956581
89956582
89956583
89956584
89956585
89956586
89956587
89956588
89956589
89956590
89956591
89956592
89956593
89956594
89956595
89956596
89956597
89956598
89956599
89956600
89956601
89956602
89956603
89956604
89956605
89956606
89956607
89956608
89956609
89956610
89956611
89956612
89956613
89956614
89956615
89956616
89956617
89956618
89956619
89956620
89956621
89956622
89956623
89956624
89956625
89956626
89956627
89956628
89956629
89956630
89956631
89956632
89956633
89956634
89956635
89956636
89956637
89956638
89956639
89956640
89956641
89956642
89956643
89956644
89956645
89956646
89956647
89956648
89956649
89956650
89956651
89956652
89956653
89956654
89956655
89956656
89956657
89956658
89956659
89956660
89956661
89956662
89956663
89956664
89956665
89956666
89956667
89956668
89956669
89956670
89956671
89956672
89956673
89956674
89956675
89956676
89956677
89956678
89956679
89956680
89956681
89956682
89956683
89956684
89956685
89956686
89956687
89956688
89956689
89956690
89956691
89956692
89956693
89956694
89956695
89956696
89956697
89956698
89956699
89956700
89956701
89956702
89956703
89956704
89956705
89956706
89956707
89956708
89956709
89956710
89956711
89956712
89956713
89956714
89956715
89956716
89956717
89956718
89956719
89956720
89956721
89956722
89956723
89956724
89956725
89956726
89956727
89956728
89956729
89956730
89956731
89956732
89956733
89956734
89956735
89956736
89956737
89956738
89956739
89956740
89956741
89956742
89956743
89956744
89956745
89956746
89956747
89956748
89956749
89956750
89956751
89956752
89956753
89956754
89956755
89956756
89956757
89956758
89956759
89956760
89956761
89956762
89956763
89956764
89956765
89956766
89956767
89956768
89956769
89956770
89956771
89956772
89956773
89956774
89956775
89956776
89956777
89956778
89956779
89956780
89956781
89956782
89956783
89956784
89956785
89956786
89956787
89956788
89956789
89956790
89956791
89956792
89956793
89956794
89956795
89956796
89956797
89956798
89956799
89956800
89956801
89956802
89956803
89956804
89956805
89956806
89956807
89956808
89956809
89956810
89956811
89956812
89956813
89956814
89956815
89956816
89956817
89956818
89956819
89956820
89956821
89956822
89956823
89956824
89956825
89956826
89956827
89956828
89956829
89956830
89956831
89956832
89956833
89956834
89956835
89956836
89956837
89956838
89956839
89956840
89956841
89956842
89956843
89956844
89956845
89956846
89956847
89956848
89956849
89956850
89956851
89956852
89956853
89956854
89956855
89956856
89956857
89956858
89956859
89956860
89956861
89956862
89956863
89956864
89956865
89956866
89956867
89956868
89956869
89956870
89956871
89956872
89956873
89956874
89956875
89956876
89956877
89956878
89956879
89956880
89956881
89956882
89956883
89956884
89956885
89956886
89956887
89956888
89956889
89956890
89956891
89956892
89956893
89956894
89956895
89956896
89956897
89956898
89956899
89956900
89956901
89956902
89956903
89956904
89956905
89956906
89956907
89956908
89956909
89956910
89956911
89956912
89956913
89956914
89956915
89956916
89956917
89956918
89956919
89956920
89956921
89956922
89956923
89956924
89956925
89956926
89956927
89956928
89956929
89956930
89956931
89956932
89956933
89956934
89956935
89956936
89956937
89956938
89956939
89956940
89956941
89956942
89956943
89956944
89956945
89956946
89956947
89956948
89956949
89956950
89956951
89956952
89956953
89956954
89956955
89956956
89956957
89956958
89956959
89956960
89956961
89956962
89956963
89956964
89956965
89956966
89956967
89956968
89956969
89956970
89956971
89956972
89956973
89956974
89956975
89956976
89956977
89956978
89956979
89956980
89956981
89956982
89956983
89956984
89956985
89956986
89956987
89956988
89956989
89956990
89956991
89956992
89956993
89956994
89956995
89956996
89956997
89956998
89956999
89957000
89957001
89957002
89957003
89957004
89957005
89957006
89957007
89957008
89957009
89957010
89957011
89957012
89957013
89957014
89957015
89957016
89957017
89957018
89957019
89957020
89957021
89957022
89957023
89957024
89957025
89957026
89957027
89957028
89957029
89957030
89957031
89957032
89957033
89957034
89957035
89957036
89957037
89957038
89957039
89957040
89957041
89957042
89957043
89957044
89957045
89957046
89957047
89957048
89957049
89957050
89957051
89957052
89957053
89957054
89957055
89957056
89957057
89957058
89957059
89957060
89957061
89957062
89957063
89957064
89957065
89957066
89957067
89957068
89957069
89957070
89957071
89957072
89957073
89957074
89957075
89957076
89957077
89957078
89957079
89957080
89957081
89957082
89957083
89957084
89957085
89957086
89957087
89957088
89957089
89957090
89957091
89957092
89957093
89957094
89957095
89957096
89957097
89957098
89957099
89957100
89957101
89957102
89957103
89957104
89957105
89957106
89957107
89957108
89957109
89957110
89957111
89957112
89957113
89957114
89957115
89957116
89957117
89957118
89957119
89957120
89957121
89957122
89957123
89957124
89957125
89957126
89957127
89957128
89957129
89957130
89957131
89957132
89957133
89957134
89957135
89957136
89957137
89957138
89957139
89957140
89957141
89957142
89957143
89957144
89957145
89957146
89957147
89957148
89957149
89957150
89957151
89957152
89957153
89957154
89957155
89957156
89957157
89957158
89957159
89957160
89957161
89957162
89957163
89957164
89957165
89957166
89957167
89957168
89957169
89957170
89957171
89957172
89957173
89957174
89957175
89957176
89957177
89957178
89957179
89957180
89957181
89957182
89957183
89957184
89957185
89957186
89957187
89957188
89957189
89957190
89957191
89957192
89957193
89957194
89957195
89957196
89957197
89957198
89957199
89957200
89957201
89957202
89957203
89957204
89957205
89957206
89957207
89957208
89957209
89957210
89957211
89957212
89957213
89957214
89957215
89957216
89957217
89957218
89957219
89957220
89957221
89957222
89957223
89957224
89957225
89957226
89957227
89957228
89957229
89957230
89957231
89957232
89957233
89957234
89957235
89957236
89957237
89957238
89957239
89957240
89957241
89957242
89957243
89957244
89957245
89957246
89957247
89957248
89957249
89957250
89957251
89957252
89957253
89957254
89957255
89957256
89957257
89957258
89957259
89957260
89957261
89957262
89957263
89957264
89957265
89957266
89957267
89957268
89957269
89957270
89957271
89957272
89957273
89957274
89957275
89957276
89957277
89957278
89957279
89957280
89957281
89957282
89957283
89957284
89957285
89957286
89957287
89957288
89957289
89957290
89957291
89957292
89957293
89957294
89957295
89957296
89957297
89957298
89957299
89957300
89957301
89957302
89957303
89957304
89957305
89957306
89957307
89957308
89957309
89957310
89957311
89957312
89957313
89957314
89957315
89957316
89957317
89957318
89957319
89957320
89957321
89957322
89957323
89957324
89957325
89957326
89957327
89957328
89957329
89957330
89957331
89957332
89957333
89957334
89957335
89957336
89957337
89957338
89957339
89957340
89957341
89957342
89957343
89957344
89957345
89957346
89957347
89957348
89957349
89957350
89957351
89957352
89957353
89957354
89957355
89957356
89957357
89957358
89957359
89957360
89957361
89957362
89957363
89957364
89957365
89957366
89957367
89957368
89957369
89957370
89957371
89957372
89957373
89957374
89957375
89957376
89957377
89957378
89957379
89957380
89957381
89957382
89957383
89957384
89957385
89957386
89957387
89957388
89957389
89957390
89957391
89957392
89957393
89957394
89957395
89957396
89957397
89957398
89957399
89957400
89957401
89957402
89957403
89957404
89957405
89957406
89957407
89957408
89957409
89957410
89957411
89957412
89957413
89957414
89957415
89957416
89957417
89957418
89957419
89957420
89957421
89957422
89957423
89957424
89957425
89957426
89957427
89957428
89957429
89957430
89957431
89957432
89957433
89957434
89957435
89957436
89957437
89957438
89957439
89957440
89957441
89957442
89957443
89957444
89957445
89957446
89957447
89957448
89957449
89957450
89957451
89957452
89957453
89957454
89957455
89957456
89957457
89957458
89957459
89957460
89957461
89957462
89957463
89957464
89957465
89957466
89957467
89957468
89957469
89957470
89957471
89957472
89957473
89957474
89957475
89957476
89957477
89957478
89957479
89957480
89957481
89957482
89957483
89957484
89957485
89957486
89957487
89957488
89957489
89957490
89957491
89957492
89957493
89957494
89957495
89957496
89957497
89957498
89957499
89957500
89957501
89957502
89957503
89957504
89957505
89957506
89957507
89957508
89957509
89957510
89957511
89957512
89957513
89957514
89957515
89957516
89957517
89957518
89957519
89957520
89957521
89957522
89957523
89957524
89957525
89957526
89957527
89957528
89957529
89957530
89957531
89957532
89957533
89957534
89957535
89957536
89957537
89957538
89957539
89957540
89957541
89957542
89957543
89957544
89957545
89957546
89957547
89957548
89957549
89957550
89957551
89957552
89957553
89957554
89957555
89957556
89957557
89957558
89957559
89957560
89957561
89957562
89957563
89957564
89957565
89957566
89957567
89957568
89957569
89957570
89957571
89957572
89957573
89957574
89957575
89957576
89957577
89957578
89957579
89957580
89957581
89957582
89957583
89957584
89957585
89957586
89957587
89957588
89957589
89957590
89957591
89957592
89957593
89957594
89957595
89957596
89957597
89957598
89957599
89957600
89957601
89957602
89957603
89957604
89957605
89957606
89957607
89957608
89957609
89957610
89957611
89957612
89957613
89957614
89957615
89957616
89957617
89957618
89957619
89957620
89957621
89957622
89957623
89957624
89957625
89957626
89957627
89957628
89957629
89957630
89957631
89957632
89957633
89957634
89957635
89957636
89957637
89957638
89957639
89957640
89957641
89957642
89957643
89957644
89957645
89957646
89957647
89957648
89957649
89957650
89957651
89957652
89957653
89957654
89957655
89957656
89957657
89957658
89957659
89957660
89957661
89957662
89957663
89957664
89957665
89957666
89957667
89957668
89957669
89957670
89957671
89957672
89957673
89957674
89957675
89957676
89957677
89957678
89957679
89957680
89957681
89957682
89957683
89957684
89957685
89957686
89957687
89957688
89957689
89957690
89957691
89957692
89957693
89957694
89957695
89957696
89957697
89957698
89957699
89957700
89957701
89957702
89957703
89957704
89957705
89957706
89957707
89957708
89957709
89957710
89957711
89957712
89957713
89957714
89957715
89957716
89957717
89957718
89957719
89957720
89957721
89957722
89957723
89957724
89957725
89957726
89957727
89957728
89957729
89957730
89957731
89957732
89957733
89957734
89957735
89957736
89957737
89957738
89957739
89957740
89957741
89957742
89957743
89957744
89957745
89957746
89957747
89957748
89957749
89957750
89957751
89957752
89957753
89957754
89957755
89957756
89957757
89957758
89957759
89957760
89957761
89957762
89957763
89957764
89957765
89957766
89957767
89957768
89957769
89957770
89957771
89957772
89957773
89957774
89957775
89957776
89957777
89957778
89957779
89957780
89957781
89957782
89957783
89957784
89957785
89957786
89957787
89957788
89957789
89957790
89957791
89957792
89957793
89957794
89957795
89957796
89957797
89957798
89957799
89957800
89957801
89957802
89957803
89957804
89957805
89957806
89957807
89957808
89957809
89957810
89957811
89957812
89957813
89957814
89957815
89957816
89957817
89957818
89957819
89957820
89957821
89957822
89957823
89957824
89957825
89957826
89957827
89957828
89957829
89957830
89957831
89957832
89957833
89957834
89957835
89957836
89957837
89957838
89957839
89957840
89957841
89957842
89957843
89957844
89957845
89957846
89957847
89957848
89957849
89957850
89957851
89957852
89957853
89957854
89957855
89957856
89957857
89957858
89957859
89957860
89957861
89957862
89957863
89957864
89957865
89957866
89957867
89957868
89957869
89957870
89957871
89957872
89957873
89957874
89957875
89957876
89957877
89957878
89957879
89957880
89957881
89957882
89957883
89957884
89957885
89957886
89957887
89957888
89957889
89957890
89957891
89957892
89957893
89957894
89957895
89957896
89957897
89957898
89957899
89957900
89957901
89957902
89957903
89957904
89957905
89957906
89957907
89957908
89957909
89957910
89957911
89957912
89957913
89957914
89957915
89957916
89957917
89957918
89957919
89957920
89957921
89957922
89957923
89957924
89957925
89957926
89957927
89957928
89957929
89957930
89957931
89957932
89957933
89957934
89957935
89957936
89957937
89957938
89957939
89957940
89957941
89957942
89957943
89957944
89957945
89957946
89957947
89957948
89957949
89957950
89957951
89957952
89957953
89957954
89957955
89957956
89957957
89957958
89957959
89957960
89957961
89957962
89957963
89957964
89957965
89957966
89957967
89957968
89957969
89957970
89957971
89957972
89957973
89957974
89957975
89957976
89957977
89957978
89957979
89957980
89957981
89957982
89957983
89957984
89957985
89957986
89957987
89957988
89957989
89957990
89957991
89957992
89957993
89957994
89957995
89957996
89957997
89957998
89957999
89958000
89958001
89958002
89958003
89958004
89958005
89958006
89958007
89958008
89958009
89958010
89958011
89958012
89958013
89958014
89958015
89958016
89958017
89958018
89958019
89958020
89958021
89958022
89958023
89958024
89958025
89958026
89958027
89958028
89958029
89958030
89958031
89958032
89958033
89958034
89958035
89958036
89958037
89958038
89958039
89958040
89958041
89958042
89958043
89958044
89958045
89958046
89958047
89958048
89958049
89958050
89958051
89958052
89958053
89958054
89958055
89958056
89958057
89958058
89958059
89958060
89958061
89958062
89958063
89958064
89958065
89958066
89958067
89958068
89958069
89958070
89958071
89958072
89958073
89958074
89958075
89958076
89958077
89958078
89958079
89958080
89958081
89958082
89958083
89958084
89958085
89958086
89958087
89958088
89958089
89958090
89958091
89958092
89958093
89958094
89958095
89958096
89958097
89958098
89958099
89958100
89958101
89958102
89958103
89958104
89958105
89958106
89958107
89958108
89958109
89958110
89958111
89958112
89958113
89958114
89958115
89958116
89958117
89958118
89958119
89958120
89958121
89958122
89958123
89958124
89958125
89958126
89958127
89958128
89958129
89958130
89958131
89958132
89958133
89958134
89958135
89958136
89958137
89958138
89958139
89958140
89958141
89958142
89958143
89958144
89958145
89958146
89958147
89958148
89958149
89958150
89958151
89958152
89958153
89958154
89958155
89958156
89958157
89958158
89958159
89958160
89958161
89958162
89958163
89958164
89958165
89958166
89958167
89958168
89958169
89958170
89958171
89958172
89958173
89958174
89958175
89958176
89958177
89958178
89958179
89958180
89958181
89958182
89958183
89958184
89958185
89958186
89958187
89958188
89958189
89958190
89958191
89958192
89958193
89958194
89958195
89958196
89958197
89958198
89958199
89958200
89958201
89958202
89958203
89958204
89958205
89958206
89958207
89958208
89958209
89958210
89958211
89958212
89958213
89958214
89958215
89958216
89958217
89958218
89958219
89958220
89958221
89958222
89958223
89958224
89958225
89958226
89958227
89958228
89958229
89958230
89958231
89958232
89958233
89958234
89958235
89958236
89958237
89958238
89958239
89958240
89958241
89958242
89958243
89958244
89958245
89958246
89958247
89958248
89958249
89958250
89958251
89958252
89958253
89958254
89958255
89958256
89958257
89958258
89958259
89958260
89958261
89958262
89958263
89958264
89958265
89958266
89958267
89958268
89958269
89958270
89958271
89958272
89958273
89958274
89958275
89958276
89958277
89958278
89958279
89958280
89958281
89958282
89958283
89958284
89958285
89958286
89958287
89958288
89958289
89958290
89958291
89958292
89958293
89958294
89958295
89958296
89958297
89958298
89958299
89958300
89958301
89958302
89958303
89958304
89958305
89958306
89958307
89958308
89958309
89958310
89958311
89958312
89958313
89958314
89958315
89958316
89958317
89958318
89958319
89958320
89958321
89958322
89958323
89958324
89958325
89958326
89958327
89958328
89958329
89958330
89958331
89958332
89958333
89958334
89958335
89958336
89958337
89958338
89958339
89958340
89958341
89958342
89958343
89958344
89958345
89958346
89958347
89958348
89958349
89958350
89958351
89958352
89958353
89958354
89958355
89958356
89958357
89958358
89958359
89958360
89958361
89958362
89958363
89958364
89958365
89958366
89958367
89958368
89958369
89958370
89958371
89958372
89958373
89958374
89958375
89958376
89958377
89958378
89958379
89958380
89958381
89958382
89958383
89958384
89958385
89958386
89958387
89958388
89958389
89958390
89958391
89958392
89958393
89958394
89958395
89958396
89958397
89958398
89958399
89958400
89958401
89958402
89958403
89958404
89958405
89958406
89958407
89958408
89958409
89958410
89958411
89958412
89958413
89958414
89958415
89958416
89958417
89958418
89958419
89958420
89958421
89958422
89958423
89958424
89958425
89958426
89958427
89958428
89958429
89958430
89958431
89958432
89958433
89958434
89958435
89958436
89958437
89958438
89958439
89958440
89958441
89958442
89958443
89958444
89958445
89958446
89958447
89958448
89958449
89958450
89958451
89958452
89958453
89958454
89958455
89958456
89958457
89958458
89958459
89958460
89958461
89958462
89958463
89958464
89958465
89958466
89958467
89958468
89958469
89958470
89958471
89958472
89958473
89958474
89958475
89958476
89958477
89958478
89958479
89958480
89958481
89958482
89958483
89958484
89958485
89958486
89958487
89958488
89958489
89958490
89958491
89958492
89958493
89958494
89958495
89958496
89958497
89958498
89958499
89958500
89958501
89958502
89958503
89958504
89958505
89958506
89958507
89958508
89958509
89958510
89958511
89958512
89958513
89958514
89958515
89958516
89958517
89958518
89958519
89958520
89958521
89958522
89958523
89958524
89958525
89958526
89958527
89958528
89958529
89958530
89958531
89958532
89958533
89958534
89958535
89958536
89958537
89958538
89958539
89958540
89958541
89958542
89958543
89958544
89958545
89958546
89958547
89958548
89958549
89958550
89958551
89958552
89958553
89958554
89958555
89958556
89958557
89958558
89958559
89958560
89958561
89958562
89958563
89958564
89958565
89958566
89958567
89958568
89958569
89958570
89958571
89958572
89958573
89958574
89958575
89958576
89958577
89958578
89958579
89958580
89958581
89958582
89958583
89958584
89958585
89958586
89958587
89958588
89958589
89958590
89958591
89958592
89958593
89958594
89958595
89958596
89958597
89958598
89958599
89958600
89958601
89958602
89958603
89958604
89958605
89958606
89958607
89958608
89958609
89958610
89958611
89958612
89958613
89958614
89958615
89958616
89958617
89958618
89958619
89958620
89958621
89958622
89958623
89958624
89958625
89958626
89958627
89958628
89958629
89958630
89958631
89958632
89958633
89958634
89958635
89958636
89958637
89958638
89958639
89958640
89958641
89958642
89958643
89958644
89958645
89958646
89958647
89958648
89958649
89958650
89958651
89958652
89958653
89958654
89958655
89958656
89958657
89958658
89958659
89958660
89958661
89958662
89958663
89958664
89958665
89958666
89958667
89958668
89958669
89958670
89958671
89958672
89958673
89958674
89958675
89958676
89958677
89958678
89958679
89958680
89958681
89958682
89958683
89958684
89958685
89958686
89958687
89958688
89958689
89958690
89958691
89958692
89958693
89958694
89958695
89958696
89958697
89958698
89958699
89958700
89958701
89958702
89958703
89958704
89958705
89958706
89958707
89958708
89958709
89958710
89958711
89958712
89958713
89958714
89958715
89958716
89958717
89958718
89958719
89958720
89958721
89958722
89958723
89958724
89958725
89958726
89958727
89958728
89958729
89958730
89958731
89958732
89958733
89958734
89958735
89958736
89958737
89958738
89958739
89958740
89958741
89958742
89958743
89958744
89958745
89958746
89958747
89958748
89958749
89958750
89958751
89958752
89958753
89958754
89958755
89958756
89958757
89958758
89958759
89958760
89958761
89958762
89958763
89958764
89958765
89958766
89958767
89958768
89958769
89958770
89958771
89958772
89958773
89958774
89958775
89958776
89958777
89958778
89958779
89958780
89958781
89958782
89958783
89958784
89958785
89958786
89958787
89958788
89958789
89958790
89958791
89958792
89958793
89958794
89958795
89958796
89958797
89958798
89958799
89958800
89958801
89958802
89958803
89958804
89958805
89958806
89958807
89958808
89958809
89958810
89958811
89958812
89958813
89958814
89958815
89958816
89958817
89958818
89958819
89958820
89958821
89958822
89958823
89958824
89958825
89958826
89958827
89958828
89958829
89958830
89958831
89958832
89958833
89958834
89958835
89958836
89958837
89958838
89958839
89958840
89958841
89958842
89958843
89958844
89958845
89958846
89958847
89958848
89958849
89958850
89958851
89958852
89958853
89958854
89958855
89958856
89958857
89958858
89958859
89958860
89958861
89958862
89958863
89958864
89958865
89958866
89958867
89958868
89958869
89958870
89958871
89958872
89958873
89958874
89958875
89958876
89958877
89958878
89958879
89958880
89958881
89958882
89958883
89958884
89958885
89958886
89958887
89958888
89958889
