91648890
91648891
91648892
91648893
91648894
91648895
91648896
91648897
91648898
91648899
91648900
91648901
91648902
91648903
91648904
91648905
91648906
91648907
91648908
91648909
91648910
91648911
91648912
91648913
91648914
91648915
91648916
91648917
91648918
91648919
91648920
91648921
91648922
91648923
91648924
91648925
91648926
91648927
91648928
91648929
91648930
91648931
91648932
91648933
91648934
91648935
91648936
91648937
91648938
91648939
91648940
91648941
91648942
91648943
91648944
91648945
91648946
91648947
91648948
91648949
91648950
91648951
91648952
91648953
91648954
91648955
91648956
91648957
91648958
91648959
91648960
91648961
91648962
91648963
91648964
91648965
91648966
91648967
91648968
91648969
91648970
91648971
91648972
91648973
91648974
91648975
91648976
91648977
91648978
91648979
91648980
91648981
91648982
91648983
91648984
91648985
91648986
91648987
91648988
91648989
91648990
91648991
91648992
91648993
91648994
91648995
91648996
91648997
91648998
91648999
91649000
91649001
91649002
91649003
91649004
91649005
91649006
91649007
91649008
91649009
91649010
91649011
91649012
91649013
91649014
91649015
91649016
91649017
91649018
91649019
91649020
91649021
91649022
91649023
91649024
91649025
91649026
91649027
91649028
91649029
91649030
91649031
91649032
91649033
91649034
91649035
91649036
91649037
91649038
91649039
91649040
91649041
91649042
91649043
91649044
91649045
91649046
91649047
91649048
91649049
91649050
91649051
91649052
91649053
91649054
91649055
91649056
91649057
91649058
91649059
91649060
91649061
91649062
91649063
91649064
91649065
91649066
91649067
91649068
91649069
91649070
91649071
91649072
91649073
91649074
91649075
91649076
91649077
91649078
91649079
91649080
91649081
91649082
91649083
91649084
91649085
91649086
91649087
91649088
91649089
91649090
91649091
91649092
91649093
91649094
91649095
91649096
91649097
91649098
91649099
91649100
91649101
91649102
91649103
91649104
91649105
91649106
91649107
91649108
91649109
91649110
91649111
91649112
91649113
91649114
91649115
91649116
91649117
91649118
91649119
91649120
91649121
91649122
91649123
91649124
91649125
91649126
91649127
91649128
91649129
91649130
91649131
91649132
91649133
91649134
91649135
91649136
91649137
91649138
91649139
91649140
91649141
91649142
91649143
91649144
91649145
91649146
91649147
91649148
91649149
91649150
91649151
91649152
91649153
91649154
91649155
91649156
91649157
91649158
91649159
91649160
91649161
91649162
91649163
91649164
91649165
91649166
91649167
91649168
91649169
91649170
91649171
91649172
91649173
91649174
91649175
91649176
91649177
91649178
91649179
91649180
91649181
91649182
91649183
91649184
91649185
91649186
91649187
91649188
91649189
91649190
91649191
91649192
91649193
91649194
91649195
91649196
91649197
91649198
91649199
91649200
91649201
91649202
91649203
91649204
91649205
91649206
91649207
91649208
91649209
91649210
91649211
91649212
91649213
91649214
91649215
91649216
91649217
91649218
91649219
91649220
91649221
91649222
91649223
91649224
91649225
91649226
91649227
91649228
91649229
91649230
91649231
91649232
91649233
91649234
91649235
91649236
91649237
91649238
91649239
91649240
91649241
91649242
91649243
91649244
91649245
91649246
91649247
91649248
91649249
91649250
91649251
91649252
91649253
91649254
91649255
91649256
91649257
91649258
91649259
91649260
91649261
91649262
91649263
91649264
91649265
91649266
91649267
91649268
91649269
91649270
91649271
91649272
91649273
91649274
91649275
91649276
91649277
91649278
91649279
91649280
91649281
91649282
91649283
91649284
91649285
91649286
91649287
91649288
91649289
91649290
91649291
91649292
91649293
91649294
91649295
91649296
91649297
91649298
91649299
91649300
91649301
91649302
91649303
91649304
91649305
91649306
91649307
91649308
91649309
91649310
91649311
91649312
91649313
91649314
91649315
91649316
91649317
91649318
91649319
91649320
91649321
91649322
91649323
91649324
91649325
91649326
91649327
91649328
91649329
91649330
91649331
91649332
91649333
91649334
91649335
91649336
91649337
91649338
91649339
91649340
91649341
91649342
91649343
91649344
91649345
91649346
91649347
91649348
91649349
91649350
91649351
91649352
91649353
91649354
91649355
91649356
91649357
91649358
91649359
91649360
91649361
91649362
91649363
91649364
91649365
91649366
91649367
91649368
91649369
91649370
91649371
91649372
91649373
91649374
91649375
91649376
91649377
91649378
91649379
91649380
91649381
91649382
91649383
91649384
91649385
91649386
91649387
91649388
91649389
91649390
91649391
91649392
91649393
91649394
91649395
91649396
91649397
91649398
91649399
91649400
91649401
91649402
91649403
91649404
91649405
91649406
91649407
91649408
91649409
91649410
91649411
91649412
91649413
91649414
91649415
91649416
91649417
91649418
91649419
91649420
91649421
91649422
91649423
91649424
91649425
91649426
91649427
91649428
91649429
91649430
91649431
91649432
91649433
91649434
91649435
91649436
91649437
91649438
91649439
91649440
91649441
91649442
91649443
91649444
91649445
91649446
91649447
91649448
91649449
91649450
91649451
91649452
91649453
91649454
91649455
91649456
91649457
91649458
91649459
91649460
91649461
91649462
91649463
91649464
91649465
91649466
91649467
91649468
91649469
91649470
91649471
91649472
91649473
91649474
91649475
91649476
91649477
91649478
91649479
91649480
91649481
91649482
91649483
91649484
91649485
91649486
91649487
91649488
91649489
91649490
91649491
91649492
91649493
91649494
91649495
91649496
91649497
91649498
91649499
91649500
91649501
91649502
91649503
91649504
91649505
91649506
91649507
91649508
91649509
91649510
91649511
91649512
91649513
91649514
91649515
91649516
91649517
91649518
91649519
91649520
91649521
91649522
91649523
91649524
91649525
91649526
91649527
91649528
91649529
91649530
91649531
91649532
91649533
91649534
91649535
91649536
91649537
91649538
91649539
91649540
91649541
91649542
91649543
91649544
91649545
91649546
91649547
91649548
91649549
91649550
91649551
91649552
91649553
91649554
91649555
91649556
91649557
91649558
91649559
91649560
91649561
91649562
91649563
91649564
91649565
91649566
91649567
91649568
91649569
91649570
91649571
91649572
91649573
91649574
91649575
91649576
91649577
91649578
91649579
91649580
91649581
91649582
91649583
91649584
91649585
91649586
91649587
91649588
91649589
91649590
91649591
91649592
91649593
91649594
91649595
91649596
91649597
91649598
91649599
91649600
91649601
91649602
91649603
91649604
91649605
91649606
91649607
91649608
91649609
91649610
91649611
91649612
91649613
91649614
91649615
91649616
91649617
91649618
91649619
91649620
91649621
91649622
91649623
91649624
91649625
91649626
91649627
91649628
91649629
91649630
91649631
91649632
91649633
91649634
91649635
91649636
91649637
91649638
91649639
91649640
91649641
91649642
91649643
91649644
91649645
91649646
91649647
91649648
91649649
91649650
91649651
91649652
91649653
91649654
91649655
91649656
91649657
91649658
91649659
91649660
91649661
91649662
91649663
91649664
91649665
91649666
91649667
91649668
91649669
91649670
91649671
91649672
91649673
91649674
91649675
91649676
91649677
91649678
91649679
91649680
91649681
91649682
91649683
91649684
91649685
91649686
91649687
91649688
91649689
91649690
91649691
91649692
91649693
91649694
91649695
91649696
91649697
91649698
91649699
91649700
91649701
91649702
91649703
91649704
91649705
91649706
91649707
91649708
91649709
91649710
91649711
91649712
91649713
91649714
91649715
91649716
91649717
91649718
91649719
91649720
91649721
91649722
91649723
91649724
91649725
91649726
91649727
91649728
91649729
91649730
91649731
91649732
91649733
91649734
91649735
91649736
91649737
91649738
91649739
91649740
91649741
91649742
91649743
91649744
91649745
91649746
91649747
91649748
91649749
91649750
91649751
91649752
91649753
91649754
91649755
91649756
91649757
91649758
91649759
91649760
91649761
91649762
91649763
91649764
91649765
91649766
91649767
91649768
91649769
91649770
91649771
91649772
91649773
91649774
91649775
91649776
91649777
91649778
91649779
91649780
91649781
91649782
91649783
91649784
91649785
91649786
91649787
91649788
91649789
91649790
91649791
91649792
91649793
91649794
91649795
91649796
91649797
91649798
91649799
91649800
91649801
91649802
91649803
91649804
91649805
91649806
91649807
91649808
91649809
91649810
91649811
91649812
91649813
91649814
91649815
91649816
91649817
91649818
91649819
91649820
91649821
91649822
91649823
91649824
91649825
91649826
91649827
91649828
91649829
91649830
91649831
91649832
91649833
91649834
91649835
91649836
91649837
91649838
91649839
91649840
91649841
91649842
91649843
91649844
91649845
91649846
91649847
91649848
91649849
91649850
91649851
91649852
91649853
91649854
91649855
91649856
91649857
91649858
91649859
91649860
91649861
91649862
91649863
91649864
91649865
91649866
91649867
91649868
91649869
91649870
91649871
91649872
91649873
91649874
91649875
91649876
91649877
91649878
91649879
91649880
91649881
91649882
91649883
91649884
91649885
91649886
91649887
91649888
91649889
91649890
91649891
91649892
91649893
91649894
91649895
91649896
91649897
91649898
91649899
91649900
91649901
91649902
91649903
91649904
91649905
91649906
91649907
91649908
91649909
91649910
91649911
91649912
91649913
91649914
91649915
91649916
91649917
91649918
91649919
91649920
91649921
91649922
91649923
91649924
91649925
91649926
91649927
91649928
91649929
91649930
91649931
91649932
91649933
91649934
91649935
91649936
91649937
91649938
91649939
91649940
91649941
91649942
91649943
91649944
91649945
91649946
91649947
91649948
91649949
91649950
91649951
91649952
91649953
91649954
91649955
91649956
91649957
91649958
91649959
91649960
91649961
91649962
91649963
91649964
91649965
91649966
91649967
91649968
91649969
91649970
91649971
91649972
91649973
91649974
91649975
91649976
91649977
91649978
91649979
91649980
91649981
91649982
91649983
91649984
91649985
91649986
91649987
91649988
91649989
91649990
91649991
91649992
91649993
91649994
91649995
91649996
91649997
91649998
91649999
91650000
91650001
91650002
91650003
91650004
91650005
91650006
91650007
91650008
91650009
91650010
91650011
91650012
91650013
91650014
91650015
91650016
91650017
91650018
91650019
91650020
91650021
91650022
91650023
91650024
91650025
91650026
91650027
91650028
91650029
91650030
91650031
91650032
91650033
91650034
91650035
91650036
91650037
91650038
91650039
91650040
91650041
91650042
91650043
91650044
91650045
91650046
91650047
91650048
91650049
91650050
91650051
91650052
91650053
91650054
91650055
91650056
91650057
91650058
91650059
91650060
91650061
91650062
91650063
91650064
91650065
91650066
91650067
91650068
91650069
91650070
91650071
91650072
91650073
91650074
91650075
91650076
91650077
91650078
91650079
91650080
91650081
91650082
91650083
91650084
91650085
91650086
91650087
91650088
91650089
91650090
91650091
91650092
91650093
91650094
91650095
91650096
91650097
91650098
91650099
91650100
91650101
91650102
91650103
91650104
91650105
91650106
91650107
91650108
91650109
91650110
91650111
91650112
91650113
91650114
91650115
91650116
91650117
91650118
91650119
91650120
91650121
91650122
91650123
91650124
91650125
91650126
91650127
91650128
91650129
91650130
91650131
91650132
91650133
91650134
91650135
91650136
91650137
91650138
91650139
91650140
91650141
91650142
91650143
91650144
91650145
91650146
91650147
91650148
91650149
91650150
91650151
91650152
91650153
91650154
91650155
91650156
91650157
91650158
91650159
91650160
91650161
91650162
91650163
91650164
91650165
91650166
91650167
91650168
91650169
91650170
91650171
91650172
91650173
91650174
91650175
91650176
91650177
91650178
91650179
91650180
91650181
91650182
91650183
91650184
91650185
91650186
91650187
91650188
91650189
91650190
91650191
91650192
91650193
91650194
91650195
91650196
91650197
91650198
91650199
91650200
91650201
91650202
91650203
91650204
91650205
91650206
91650207
91650208
91650209
91650210
91650211
91650212
91650213
91650214
91650215
91650216
91650217
91650218
91650219
91650220
91650221
91650222
91650223
91650224
91650225
91650226
91650227
91650228
91650229
91650230
91650231
91650232
91650233
91650234
91650235
91650236
91650237
91650238
91650239
91650240
91650241
91650242
91650243
91650244
91650245
91650246
91650247
91650248
91650249
91650250
91650251
91650252
91650253
91650254
91650255
91650256
91650257
91650258
91650259
91650260
91650261
91650262
91650263
91650264
91650265
91650266
91650267
91650268
91650269
91650270
91650271
91650272
91650273
91650274
91650275
91650276
91650277
91650278
91650279
91650280
91650281
91650282
91650283
91650284
91650285
91650286
91650287
91650288
91650289
91650290
91650291
91650292
91650293
91650294
91650295
91650296
91650297
91650298
91650299
91650300
91650301
91650302
91650303
91650304
91650305
91650306
91650307
91650308
91650309
91650310
91650311
91650312
91650313
91650314
91650315
91650316
91650317
91650318
91650319
91650320
91650321
91650322
91650323
91650324
91650325
91650326
91650327
91650328
91650329
91650330
91650331
91650332
91650333
91650334
91650335
91650336
91650337
91650338
91650339
91650340
91650341
91650342
91650343
91650344
91650345
91650346
91650347
91650348
91650349
91650350
91650351
91650352
91650353
91650354
91650355
91650356
91650357
91650358
91650359
91650360
91650361
91650362
91650363
91650364
91650365
91650366
91650367
91650368
91650369
91650370
91650371
91650372
91650373
91650374
91650375
91650376
91650377
91650378
91650379
91650380
91650381
91650382
91650383
91650384
91650385
91650386
91650387
91650388
91650389
91650390
91650391
91650392
91650393
91650394
91650395
91650396
91650397
91650398
91650399
91650400
91650401
91650402
91650403
91650404
91650405
91650406
91650407
91650408
91650409
91650410
91650411
91650412
91650413
91650414
91650415
91650416
91650417
91650418
91650419
91650420
91650421
91650422
91650423
91650424
91650425
91650426
91650427
91650428
91650429
91650430
91650431
91650432
91650433
91650434
91650435
91650436
91650437
91650438
91650439
91650440
91650441
91650442
91650443
91650444
91650445
91650446
91650447
91650448
91650449
91650450
91650451
91650452
91650453
91650454
91650455
91650456
91650457
91650458
91650459
91650460
91650461
91650462
91650463
91650464
91650465
91650466
91650467
91650468
91650469
91650470
91650471
91650472
91650473
91650474
91650475
91650476
91650477
91650478
91650479
91650480
91650481
91650482
91650483
91650484
91650485
91650486
91650487
91650488
91650489
91650490
91650491
91650492
91650493
91650494
91650495
91650496
91650497
91650498
91650499
91650500
91650501
91650502
91650503
91650504
91650505
91650506
91650507
91650508
91650509
91650510
91650511
91650512
91650513
91650514
91650515
91650516
91650517
91650518
91650519
91650520
91650521
91650522
91650523
91650524
91650525
91650526
91650527
91650528
91650529
91650530
91650531
91650532
91650533
91650534
91650535
91650536
91650537
91650538
91650539
91650540
91650541
91650542
91650543
91650544
91650545
91650546
91650547
91650548
91650549
91650550
91650551
91650552
91650553
91650554
91650555
91650556
91650557
91650558
91650559
91650560
91650561
91650562
91650563
91650564
91650565
91650566
91650567
91650568
91650569
91650570
91650571
91650572
91650573
91650574
91650575
91650576
91650577
91650578
91650579
91650580
91650581
91650582
91650583
91650584
91650585
91650586
91650587
91650588
91650589
91650590
91650591
91650592
91650593
91650594
91650595
91650596
91650597
91650598
91650599
91650600
91650601
91650602
91650603
91650604
91650605
91650606
91650607
91650608
91650609
91650610
91650611
91650612
91650613
91650614
91650615
91650616
91650617
91650618
91650619
91650620
91650621
91650622
91650623
91650624
91650625
91650626
91650627
91650628
91650629
91650630
91650631
91650632
91650633
91650634
91650635
91650636
91650637
91650638
91650639
91650640
91650641
91650642
91650643
91650644
91650645
91650646
91650647
91650648
91650649
91650650
91650651
91650652
91650653
91650654
91650655
91650656
91650657
91650658
91650659
91650660
91650661
91650662
91650663
91650664
91650665
91650666
91650667
91650668
91650669
91650670
91650671
91650672
91650673
91650674
91650675
91650676
91650677
91650678
91650679
91650680
91650681
91650682
91650683
91650684
91650685
91650686
91650687
91650688
91650689
91650690
91650691
91650692
91650693
91650694
91650695
91650696
91650697
91650698
91650699
91650700
91650701
91650702
91650703
91650704
91650705
91650706
91650707
91650708
91650709
91650710
91650711
91650712
91650713
91650714
91650715
91650716
91650717
91650718
91650719
91650720
91650721
91650722
91650723
91650724
91650725
91650726
91650727
91650728
91650729
91650730
91650731
91650732
91650733
91650734
91650735
91650736
91650737
91650738
91650739
91650740
91650741
91650742
91650743
91650744
91650745
91650746
91650747
91650748
91650749
91650750
91650751
91650752
91650753
91650754
91650755
91650756
91650757
91650758
91650759
91650760
91650761
91650762
91650763
91650764
91650765
91650766
91650767
91650768
91650769
91650770
91650771
91650772
91650773
91650774
91650775
91650776
91650777
91650778
91650779
91650780
91650781
91650782
91650783
91650784
91650785
91650786
91650787
91650788
91650789
91650790
91650791
91650792
91650793
91650794
91650795
91650796
91650797
91650798
91650799
91650800
91650801
91650802
91650803
91650804
91650805
91650806
91650807
91650808
91650809
91650810
91650811
91650812
91650813
91650814
91650815
91650816
91650817
91650818
91650819
91650820
91650821
91650822
91650823
91650824
91650825
91650826
91650827
91650828
91650829
91650830
91650831
91650832
91650833
91650834
91650835
91650836
91650837
91650838
91650839
91650840
91650841
91650842
91650843
91650844
91650845
91650846
91650847
91650848
91650849
91650850
91650851
91650852
91650853
91650854
91650855
91650856
91650857
91650858
91650859
91650860
91650861
91650862
91650863
91650864
91650865
91650866
91650867
91650868
91650869
91650870
91650871
91650872
91650873
91650874
91650875
91650876
91650877
91650878
91650879
91650880
91650881
91650882
91650883
91650884
91650885
91650886
91650887
91650888
91650889
91650890
91650891
91650892
91650893
91650894
91650895
91650896
91650897
91650898
91650899
91650900
91650901
91650902
91650903
91650904
91650905
91650906
91650907
91650908
91650909
91650910
91650911
91650912
91650913
91650914
91650915
91650916
91650917
91650918
91650919
91650920
91650921
91650922
91650923
91650924
91650925
91650926
91650927
91650928
91650929
91650930
91650931
91650932
91650933
91650934
91650935
91650936
91650937
91650938
91650939
91650940
91650941
91650942
91650943
91650944
91650945
91650946
91650947
91650948
91650949
91650950
91650951
91650952
91650953
91650954
91650955
91650956
91650957
91650958
91650959
91650960
91650961
91650962
91650963
91650964
91650965
91650966
91650967
91650968
91650969
91650970
91650971
91650972
91650973
91650974
91650975
91650976
91650977
91650978
91650979
91650980
91650981
91650982
91650983
91650984
91650985
91650986
91650987
91650988
91650989
91650990
91650991
91650992
91650993
91650994
91650995
91650996
91650997
91650998
91650999
91651000
91651001
91651002
91651003
91651004
91651005
91651006
91651007
91651008
91651009
91651010
91651011
91651012
91651013
91651014
91651015
91651016
91651017
91651018
91651019
91651020
91651021
91651022
91651023
91651024
91651025
91651026
91651027
91651028
91651029
91651030
91651031
91651032
91651033
91651034
91651035
91651036
91651037
91651038
91651039
91651040
91651041
91651042
91651043
91651044
91651045
91651046
91651047
91651048
91651049
91651050
91651051
91651052
91651053
91651054
91651055
91651056
91651057
91651058
91651059
91651060
91651061
91651062
91651063
91651064
91651065
91651066
91651067
91651068
91651069
91651070
91651071
91651072
91651073
91651074
91651075
91651076
91651077
91651078
91651079
91651080
91651081
91651082
91651083
91651084
91651085
91651086
91651087
91651088
91651089
91651090
91651091
91651092
91651093
91651094
91651095
91651096
91651097
91651098
91651099
91651100
91651101
91651102
91651103
91651104
91651105
91651106
91651107
91651108
91651109
91651110
91651111
91651112
91651113
91651114
91651115
91651116
91651117
91651118
91651119
91651120
91651121
91651122
91651123
91651124
91651125
91651126
91651127
91651128
91651129
91651130
91651131
91651132
91651133
91651134
91651135
91651136
91651137
91651138
91651139
91651140
91651141
91651142
91651143
91651144
91651145
91651146
91651147
91651148
91651149
91651150
91651151
91651152
91651153
91651154
91651155
91651156
91651157
91651158
91651159
91651160
91651161
91651162
91651163
91651164
91651165
91651166
91651167
91651168
91651169
91651170
91651171
91651172
91651173
91651174
91651175
91651176
91651177
91651178
91651179
91651180
91651181
91651182
91651183
91651184
91651185
91651186
91651187
91651188
91651189
91651190
91651191
91651192
91651193
91651194
91651195
91651196
91651197
91651198
91651199
91651200
91651201
91651202
91651203
91651204
91651205
91651206
91651207
91651208
91651209
91651210
91651211
91651212
91651213
91651214
91651215
91651216
91651217
91651218
91651219
91651220
91651221
91651222
91651223
91651224
91651225
91651226
91651227
91651228
91651229
91651230
91651231
91651232
91651233
91651234
91651235
91651236
91651237
91651238
91651239
91651240
91651241
91651242
91651243
91651244
91651245
91651246
91651247
91651248
91651249
91651250
91651251
91651252
91651253
91651254
91651255
91651256
91651257
91651258
91651259
91651260
91651261
91651262
91651263
91651264
91651265
91651266
91651267
91651268
91651269
91651270
91651271
91651272
91651273
91651274
91651275
91651276
91651277
91651278
91651279
91651280
91651281
91651282
91651283
91651284
91651285
91651286
91651287
91651288
91651289
91651290
91651291
91651292
91651293
91651294
91651295
91651296
91651297
91651298
91651299
91651300
91651301
91651302
91651303
91651304
91651305
91651306
91651307
91651308
91651309
91651310
91651311
91651312
91651313
91651314
91651315
91651316
91651317
91651318
91651319
91651320
91651321
91651322
91651323
91651324
91651325
91651326
91651327
91651328
91651329
91651330
91651331
91651332
91651333
91651334
91651335
91651336
91651337
91651338
91651339
91651340
91651341
91651342
91651343
91651344
91651345
91651346
91651347
91651348
91651349
91651350
91651351
91651352
91651353
91651354
91651355
91651356
91651357
91651358
91651359
91651360
91651361
91651362
91651363
91651364
91651365
91651366
91651367
91651368
91651369
91651370
91651371
91651372
91651373
91651374
91651375
91651376
91651377
91651378
91651379
91651380
91651381
91651382
91651383
91651384
91651385
91651386
91651387
91651388
91651389
91651390
91651391
91651392
91651393
91651394
91651395
91651396
91651397
91651398
91651399
91651400
91651401
91651402
91651403
91651404
91651405
91651406
91651407
91651408
91651409
91651410
91651411
91651412
91651413
91651414
91651415
91651416
91651417
91651418
91651419
91651420
91651421
91651422
91651423
91651424
91651425
91651426
91651427
91651428
91651429
91651430
91651431
91651432
91651433
91651434
91651435
91651436
91651437
91651438
91651439
91651440
91651441
91651442
91651443
91651444
91651445
91651446
91651447
91651448
91651449
91651450
91651451
91651452
91651453
91651454
91651455
91651456
91651457
91651458
91651459
91651460
91651461
91651462
91651463
91651464
91651465
91651466
91651467
91651468
91651469
91651470
91651471
91651472
91651473
91651474
91651475
91651476
91651477
91651478
91651479
91651480
91651481
91651482
91651483
91651484
91651485
91651486
91651487
91651488
91651489
91651490
91651491
91651492
91651493
91651494
91651495
91651496
91651497
91651498
91651499
91651500
91651501
91651502
91651503
91651504
91651505
91651506
91651507
91651508
91651509
91651510
91651511
91651512
91651513
91651514
91651515
91651516
91651517
91651518
91651519
91651520
91651521
91651522
91651523
91651524
91651525
91651526
91651527
91651528
91651529
91651530
91651531
91651532
91651533
91651534
91651535
91651536
91651537
91651538
91651539
91651540
91651541
91651542
91651543
91651544
91651545
91651546
91651547
91651548
91651549
91651550
91651551
91651552
91651553
91651554
91651555
91651556
91651557
91651558
91651559
91651560
91651561
91651562
91651563
91651564
91651565
91651566
91651567
91651568
91651569
91651570
91651571
91651572
91651573
91651574
91651575
91651576
91651577
91651578
91651579
91651580
91651581
91651582
91651583
91651584
91651585
91651586
91651587
91651588
91651589
91651590
91651591
91651592
91651593
91651594
91651595
91651596
91651597
91651598
91651599
91651600
91651601
91651602
91651603
91651604
91651605
91651606
91651607
91651608
91651609
91651610
91651611
91651612
91651613
91651614
91651615
91651616
91651617
91651618
91651619
91651620
91651621
91651622
91651623
91651624
91651625
91651626
91651627
91651628
91651629
91651630
91651631
91651632
91651633
91651634
91651635
91651636
91651637
91651638
91651639
91651640
91651641
91651642
91651643
91651644
91651645
91651646
91651647
91651648
91651649
91651650
91651651
91651652
91651653
91651654
91651655
91651656
91651657
91651658
91651659
91651660
91651661
91651662
91651663
91651664
91651665
91651666
91651667
91651668
91651669
91651670
91651671
91651672
91651673
91651674
91651675
91651676
91651677
91651678
91651679
91651680
91651681
91651682
91651683
91651684
91651685
91651686
91651687
91651688
91651689
91651690
91651691
91651692
91651693
91651694
91651695
91651696
91651697
91651698
91651699
91651700
91651701
91651702
91651703
91651704
91651705
91651706
91651707
91651708
91651709
91651710
91651711
91651712
91651713
91651714
91651715
91651716
91651717
91651718
91651719
91651720
91651721
91651722
91651723
91651724
91651725
91651726
91651727
91651728
91651729
91651730
91651731
91651732
91651733
91651734
91651735
91651736
91651737
91651738
91651739
91651740
91651741
91651742
91651743
91651744
91651745
91651746
91651747
91651748
91651749
91651750
91651751
91651752
91651753
91651754
91651755
91651756
91651757
91651758
91651759
91651760
91651761
91651762
91651763
91651764
91651765
91651766
91651767
91651768
91651769
91651770
91651771
91651772
91651773
91651774
91651775
91651776
91651777
91651778
91651779
91651780
91651781
91651782
91651783
91651784
91651785
91651786
91651787
91651788
91651789
91651790
91651791
91651792
91651793
91651794
91651795
91651796
91651797
91651798
91651799
91651800
91651801
91651802
91651803
91651804
91651805
91651806
91651807
91651808
91651809
91651810
91651811
91651812
91651813
91651814
91651815
91651816
91651817
91651818
91651819
91651820
91651821
91651822
91651823
91651824
91651825
91651826
91651827
91651828
91651829
91651830
91651831
91651832
91651833
91651834
91651835
91651836
91651837
91651838
91651839
91651840
91651841
91651842
91651843
91651844
91651845
91651846
91651847
91651848
91651849
91651850
91651851
91651852
91651853
91651854
91651855
91651856
91651857
91651858
91651859
91651860
91651861
91651862
91651863
91651864
91651865
91651866
91651867
91651868
91651869
91651870
91651871
91651872
91651873
91651874
91651875
91651876
91651877
91651878
91651879
91651880
91651881
91651882
91651883
91651884
91651885
91651886
91651887
91651888
91651889
91651890
91651891
91651892
91651893
91651894
91651895
91651896
91651897
91651898
91651899
91651900
91651901
91651902
91651903
91651904
91651905
91651906
91651907
91651908
91651909
91651910
91651911
91651912
91651913
91651914
91651915
91651916
91651917
91651918
91651919
91651920
91651921
91651922
91651923
91651924
91651925
91651926
91651927
91651928
91651929
91651930
91651931
91651932
91651933
91651934
91651935
91651936
91651937
91651938
91651939
91651940
91651941
91651942
91651943
91651944
91651945
91651946
91651947
91651948
91651949
91651950
91651951
91651952
91651953
91651954
91651955
91651956
91651957
91651958
91651959
91651960
91651961
91651962
91651963
91651964
91651965
91651966
91651967
91651968
91651969
91651970
91651971
91651972
91651973
91651974
91651975
91651976
91651977
91651978
91651979
91651980
91651981
91651982
91651983
91651984
91651985
91651986
91651987
91651988
91651989
91651990
91651991
91651992
91651993
91651994
91651995
91651996
91651997
91651998
91651999
91652000
91652001
91652002
91652003
91652004
91652005
91652006
91652007
91652008
91652009
91652010
91652011
91652012
91652013
91652014
91652015
91652016
91652017
91652018
91652019
91652020
91652021
91652022
91652023
91652024
91652025
91652026
91652027
91652028
91652029
91652030
91652031
91652032
91652033
91652034
91652035
91652036
91652037
91652038
91652039
91652040
91652041
91652042
91652043
91652044
91652045
91652046
91652047
91652048
91652049
91652050
91652051
91652052
91652053
91652054
91652055
91652056
91652057
91652058
91652059
91652060
91652061
91652062
91652063
91652064
91652065
91652066
91652067
91652068
91652069
91652070
91652071
91652072
91652073
91652074
91652075
91652076
91652077
91652078
91652079
91652080
91652081
91652082
91652083
91652084
91652085
91652086
91652087
91652088
91652089
91652090
91652091
91652092
91652093
91652094
91652095
91652096
91652097
91652098
91652099
91652100
91652101
91652102
91652103
91652104
91652105
91652106
91652107
91652108
91652109
91652110
91652111
91652112
91652113
91652114
91652115
91652116
91652117
91652118
91652119
91652120
91652121
91652122
91652123
91652124
91652125
91652126
91652127
91652128
91652129
91652130
91652131
91652132
91652133
91652134
91652135
91652136
91652137
91652138
91652139
91652140
91652141
91652142
91652143
91652144
91652145
91652146
91652147
91652148
91652149
91652150
91652151
91652152
91652153
91652154
91652155
91652156
91652157
91652158
91652159
91652160
91652161
91652162
91652163
91652164
91652165
91652166
91652167
91652168
91652169
91652170
91652171
91652172
91652173
91652174
91652175
91652176
91652177
91652178
91652179
91652180
91652181
91652182
91652183
91652184
91652185
91652186
91652187
91652188
91652189
91652190
91652191
91652192
91652193
91652194
91652195
91652196
91652197
91652198
91652199
91652200
91652201
91652202
91652203
91652204
91652205
91652206
91652207
91652208
91652209
91652210
91652211
91652212
91652213
91652214
91652215
91652216
91652217
91652218
91652219
91652220
91652221
91652222
91652223
91652224
91652225
91652226
91652227
91652228
91652229
91652230
91652231
91652232
91652233
91652234
91652235
91652236
91652237
91652238
91652239
91652240
91652241
91652242
91652243
91652244
91652245
91652246
91652247
91652248
91652249
91652250
91652251
91652252
91652253
91652254
91652255
91652256
91652257
91652258
91652259
91652260
91652261
91652262
91652263
91652264
91652265
91652266
91652267
91652268
91652269
91652270
91652271
91652272
91652273
91652274
91652275
91652276
91652277
91652278
91652279
91652280
91652281
91652282
91652283
91652284
91652285
91652286
91652287
91652288
91652289
91652290
91652291
91652292
91652293
91652294
91652295
91652296
91652297
91652298
91652299
91652300
91652301
91652302
91652303
91652304
91652305
91652306
91652307
91652308
91652309
91652310
91652311
91652312
91652313
91652314
91652315
91652316
91652317
91652318
91652319
91652320
91652321
91652322
91652323
91652324
91652325
91652326
91652327
91652328
91652329
91652330
91652331
91652332
91652333
91652334
91652335
91652336
91652337
91652338
91652339
91652340
91652341
91652342
91652343
91652344
91652345
91652346
91652347
91652348
91652349
91652350
91652351
91652352
91652353
91652354
91652355
91652356
91652357
91652358
91652359
91652360
91652361
91652362
91652363
91652364
91652365
91652366
91652367
91652368
91652369
91652370
91652371
91652372
91652373
91652374
91652375
91652376
91652377
91652378
91652379
91652380
91652381
91652382
91652383
91652384
91652385
91652386
91652387
91652388
91652389
91652390
91652391
91652392
91652393
91652394
91652395
91652396
91652397
91652398
91652399
91652400
91652401
91652402
91652403
91652404
91652405
91652406
91652407
91652408
91652409
91652410
91652411
91652412
91652413
91652414
91652415
91652416
91652417
91652418
91652419
91652420
91652421
91652422
91652423
91652424
91652425
91652426
91652427
91652428
91652429
91652430
91652431
91652432
91652433
91652434
91652435
91652436
91652437
91652438
91652439
91652440
91652441
91652442
91652443
91652444
91652445
91652446
91652447
91652448
91652449
91652450
91652451
91652452
91652453
91652454
91652455
91652456
91652457
91652458
91652459
91652460
91652461
91652462
91652463
91652464
91652465
91652466
91652467
91652468
91652469
91652470
91652471
91652472
91652473
91652474
91652475
91652476
91652477
91652478
91652479
91652480
91652481
91652482
91652483
91652484
91652485
91652486
91652487
91652488
91652489
91652490
91652491
91652492
91652493
91652494
91652495
91652496
91652497
91652498
91652499
91652500
91652501
91652502
91652503
91652504
91652505
91652506
91652507
91652508
91652509
91652510
91652511
91652512
91652513
91652514
91652515
91652516
91652517
91652518
91652519
91652520
91652521
91652522
91652523
91652524
91652525
91652526
91652527
91652528
91652529
91652530
91652531
91652532
91652533
91652534
91652535
91652536
91652537
91652538
91652539
91652540
91652541
91652542
91652543
91652544
91652545
91652546
91652547
91652548
91652549
91652550
91652551
91652552
91652553
91652554
91652555
91652556
91652557
91652558
91652559
91652560
91652561
91652562
91652563
91652564
91652565
91652566
91652567
91652568
91652569
91652570
91652571
91652572
91652573
91652574
91652575
91652576
91652577
91652578
91652579
91652580
91652581
91652582
91652583
91652584
91652585
91652586
91652587
91652588
91652589
91652590
91652591
91652592
91652593
91652594
91652595
91652596
91652597
91652598
91652599
91652600
91652601
91652602
91652603
91652604
91652605
91652606
91652607
91652608
91652609
91652610
91652611
91652612
91652613
91652614
91652615
91652616
91652617
91652618
91652619
91652620
91652621
91652622
91652623
91652624
91652625
91652626
91652627
91652628
91652629
91652630
91652631
91652632
91652633
91652634
91652635
91652636
91652637
91652638
91652639
91652640
91652641
91652642
91652643
91652644
91652645
91652646
91652647
91652648
91652649
91652650
91652651
91652652
91652653
91652654
91652655
91652656
91652657
91652658
91652659
91652660
91652661
91652662
91652663
91652664
91652665
91652666
91652667
91652668
91652669
91652670
91652671
91652672
91652673
91652674
91652675
91652676
91652677
91652678
91652679
91652680
91652681
91652682
91652683
91652684
91652685
91652686
91652687
91652688
91652689
91652690
91652691
91652692
91652693
91652694
91652695
91652696
91652697
91652698
91652699
91652700
91652701
91652702
91652703
91652704
91652705
91652706
91652707
91652708
91652709
91652710
91652711
91652712
91652713
91652714
91652715
91652716
91652717
91652718
91652719
91652720
91652721
91652722
91652723
91652724
91652725
91652726
91652727
91652728
91652729
91652730
91652731
91652732
91652733
91652734
91652735
91652736
91652737
91652738
91652739
91652740
91652741
91652742
91652743
91652744
91652745
91652746
91652747
91652748
91652749
91652750
91652751
91652752
91652753
91652754
91652755
91652756
91652757
91652758
91652759
91652760
91652761
91652762
91652763
91652764
91652765
91652766
91652767
91652768
91652769
91652770
91652771
91652772
91652773
91652774
91652775
91652776
91652777
91652778
91652779
91652780
91652781
91652782
91652783
91652784
91652785
91652786
91652787
91652788
91652789
91652790
91652791
91652792
91652793
91652794
91652795
91652796
91652797
91652798
91652799
91652800
91652801
91652802
91652803
91652804
91652805
91652806
91652807
91652808
91652809
91652810
91652811
91652812
91652813
91652814
91652815
91652816
91652817
91652818
91652819
91652820
91652821
91652822
91652823
91652824
91652825
91652826
91652827
91652828
91652829
91652830
91652831
91652832
91652833
91652834
91652835
91652836
91652837
91652838
91652839
91652840
91652841
91652842
91652843
91652844
91652845
91652846
91652847
91652848
91652849
91652850
91652851
91652852
91652853
91652854
91652855
91652856
91652857
91652858
91652859
91652860
91652861
91652862
91652863
91652864
91652865
91652866
91652867
91652868
91652869
91652870
91652871
91652872
91652873
91652874
91652875
91652876
91652877
91652878
91652879
91652880
91652881
91652882
91652883
91652884
91652885
91652886
91652887
91652888
91652889
91652890
91652891
91652892
91652893
91652894
91652895
91652896
91652897
91652898
91652899
91652900
91652901
91652902
91652903
91652904
91652905
91652906
91652907
91652908
91652909
91652910
91652911
91652912
91652913
91652914
91652915
91652916
91652917
91652918
91652919
91652920
91652921
91652922
91652923
91652924
91652925
91652926
91652927
91652928
91652929
91652930
91652931
91652932
91652933
91652934
91652935
91652936
91652937
91652938
91652939
91652940
91652941
91652942
91652943
91652944
91652945
91652946
91652947
91652948
91652949
91652950
91652951
91652952
91652953
91652954
91652955
91652956
91652957
91652958
91652959
91652960
91652961
91652962
91652963
91652964
91652965
91652966
91652967
91652968
91652969
91652970
91652971
91652972
91652973
91652974
91652975
91652976
91652977
91652978
91652979
91652980
91652981
91652982
91652983
91652984
91652985
91652986
91652987
91652988
91652989
91652990
91652991
91652992
91652993
91652994
91652995
91652996
91652997
91652998
91652999
91653000
91653001
91653002
91653003
91653004
91653005
91653006
91653007
91653008
91653009
91653010
91653011
91653012
91653013
91653014
91653015
91653016
91653017
91653018
91653019
91653020
91653021
91653022
91653023
91653024
91653025
91653026
91653027
91653028
91653029
91653030
91653031
91653032
91653033
91653034
91653035
91653036
91653037
91653038
91653039
91653040
91653041
91653042
91653043
91653044
91653045
91653046
91653047
91653048
91653049
91653050
91653051
91653052
91653053
91653054
91653055
91653056
91653057
91653058
91653059
91653060
91653061
91653062
91653063
91653064
91653065
91653066
91653067
91653068
91653069
91653070
91653071
91653072
91653073
91653074
91653075
91653076
91653077
91653078
91653079
91653080
91653081
91653082
91653083
91653084
91653085
91653086
91653087
91653088
91653089
91653090
91653091
91653092
91653093
91653094
91653095
91653096
91653097
91653098
91653099
91653100
91653101
91653102
91653103
91653104
91653105
91653106
91653107
91653108
91653109
91653110
91653111
91653112
91653113
91653114
91653115
91653116
91653117
91653118
91653119
91653120
91653121
91653122
91653123
91653124
91653125
91653126
91653127
91653128
91653129
91653130
91653131
91653132
91653133
91653134
91653135
91653136
91653137
91653138
91653139
91653140
91653141
91653142
91653143
91653144
91653145
91653146
91653147
91653148
91653149
91653150
91653151
91653152
91653153
91653154
91653155
91653156
91653157
91653158
91653159
91653160
91653161
91653162
91653163
91653164
91653165
91653166
91653167
91653168
91653169
91653170
91653171
91653172
91653173
91653174
91653175
91653176
91653177
91653178
91653179
91653180
91653181
91653182
91653183
91653184
91653185
91653186
91653187
91653188
91653189
91653190
91653191
91653192
91653193
91653194
91653195
91653196
91653197
91653198
91653199
91653200
91653201
91653202
91653203
91653204
91653205
91653206
91653207
91653208
91653209
91653210
91653211
91653212
91653213
91653214
91653215
91653216
91653217
91653218
91653219
91653220
91653221
91653222
91653223
91653224
91653225
91653226
91653227
91653228
91653229
91653230
91653231
91653232
91653233
91653234
91653235
91653236
91653237
91653238
91653239
91653240
91653241
91653242
91653243
91653244
91653245
91653246
91653247
91653248
91653249
91653250
91653251
91653252
91653253
91653254
91653255
91653256
91653257
91653258
91653259
91653260
91653261
91653262
91653263
91653264
91653265
91653266
91653267
91653268
91653269
91653270
91653271
91653272
91653273
91653274
91653275
91653276
91653277
91653278
91653279
91653280
91653281
91653282
91653283
91653284
91653285
91653286
91653287
91653288
91653289
91653290
91653291
91653292
91653293
91653294
91653295
91653296
91653297
91653298
91653299
91653300
91653301
91653302
91653303
91653304
91653305
91653306
91653307
91653308
91653309
91653310
91653311
91653312
91653313
91653314
91653315
91653316
91653317
91653318
91653319
91653320
91653321
91653322
91653323
91653324
91653325
91653326
91653327
91653328
91653329
91653330
91653331
91653332
91653333
91653334
91653335
91653336
91653337
91653338
91653339
91653340
91653341
91653342
91653343
91653344
91653345
91653346
91653347
91653348
91653349
91653350
91653351
91653352
91653353
91653354
91653355
91653356
91653357
91653358
91653359
91653360
91653361
91653362
91653363
91653364
91653365
91653366
91653367
91653368
91653369
91653370
91653371
91653372
91653373
91653374
91653375
91653376
91653377
91653378
91653379
91653380
91653381
91653382
91653383
91653384
91653385
91653386
91653387
91653388
91653389
91653390
91653391
91653392
91653393
91653394
91653395
91653396
91653397
91653398
91653399
91653400
91653401
91653402
91653403
91653404
91653405
91653406
91653407
91653408
91653409
91653410
91653411
91653412
91653413
91653414
91653415
91653416
91653417
91653418
91653419
91653420
91653421
91653422
91653423
91653424
91653425
91653426
91653427
91653428
91653429
91653430
91653431
91653432
91653433
91653434
91653435
91653436
91653437
91653438
91653439
91653440
91653441
91653442
91653443
91653444
91653445
91653446
91653447
91653448
91653449
91653450
91653451
91653452
91653453
91653454
91653455
91653456
91653457
91653458
91653459
91653460
91653461
91653462
91653463
91653464
91653465
91653466
91653467
91653468
91653469
91653470
91653471
91653472
91653473
91653474
91653475
91653476
91653477
91653478
91653479
91653480
91653481
91653482
91653483
91653484
91653485
91653486
91653487
91653488
91653489
91653490
91653491
91653492
91653493
91653494
91653495
91653496
91653497
91653498
91653499
91653500
91653501
91653502
91653503
91653504
91653505
91653506
91653507
91653508
91653509
91653510
91653511
91653512
91653513
91653514
91653515
91653516
91653517
91653518
91653519
91653520
91653521
91653522
91653523
91653524
91653525
91653526
91653527
91653528
91653529
91653530
91653531
91653532
91653533
91653534
91653535
91653536
91653537
91653538
91653539
91653540
91653541
91653542
91653543
91653544
91653545
91653546
91653547
91653548
91653549
91653550
91653551
91653552
91653553
91653554
91653555
91653556
91653557
91653558
91653559
91653560
91653561
91653562
91653563
91653564
91653565
91653566
91653567
91653568
91653569
91653570
91653571
91653572
91653573
91653574
91653575
91653576
91653577
91653578
91653579
91653580
91653581
91653582
91653583
91653584
91653585
91653586
91653587
91653588
91653589
91653590
91653591
91653592
91653593
91653594
91653595
91653596
91653597
91653598
91653599
91653600
91653601
91653602
91653603
91653604
91653605
91653606
91653607
91653608
91653609
91653610
91653611
91653612
91653613
91653614
91653615
91653616
91653617
91653618
91653619
91653620
91653621
91653622
91653623
91653624
91653625
91653626
91653627
91653628
91653629
91653630
91653631
91653632
91653633
91653634
91653635
91653636
91653637
91653638
91653639
91653640
91653641
91653642
91653643
91653644
91653645
91653646
91653647
91653648
91653649
91653650
91653651
91653652
91653653
91653654
91653655
91653656
91653657
91653658
91653659
91653660
91653661
91653662
91653663
91653664
91653665
91653666
91653667
91653668
91653669
91653670
91653671
91653672
91653673
91653674
91653675
91653676
91653677
91653678
91653679
91653680
91653681
91653682
91653683
91653684
91653685
91653686
91653687
91653688
91653689
91653690
91653691
91653692
91653693
91653694
91653695
91653696
91653697
91653698
91653699
91653700
91653701
91653702
91653703
91653704
91653705
91653706
91653707
91653708
91653709
91653710
91653711
91653712
91653713
91653714
91653715
91653716
91653717
91653718
91653719
91653720
91653721
91653722
91653723
91653724
91653725
91653726
91653727
91653728
91653729
91653730
91653731
91653732
91653733
91653734
91653735
91653736
91653737
91653738
91653739
91653740
91653741
91653742
91653743
91653744
91653745
91653746
91653747
91653748
91653749
91653750
91653751
91653752
91653753
91653754
91653755
91653756
91653757
91653758
91653759
91653760
91653761
91653762
91653763
91653764
91653765
91653766
91653767
91653768
91653769
91653770
91653771
91653772
91653773
91653774
91653775
91653776
91653777
91653778
91653779
91653780
91653781
91653782
91653783
91653784
91653785
91653786
91653787
91653788
91653789
91653790
91653791
91653792
91653793
91653794
91653795
91653796
91653797
91653798
91653799
91653800
91653801
91653802
91653803
91653804
91653805
91653806
91653807
91653808
91653809
91653810
91653811
91653812
91653813
91653814
91653815
91653816
91653817
91653818
91653819
91653820
91653821
91653822
91653823
91653824
91653825
91653826
91653827
91653828
91653829
91653830
91653831
91653832
91653833
91653834
91653835
91653836
91653837
91653838
91653839
91653840
91653841
91653842
91653843
91653844
91653845
91653846
91653847
91653848
91653849
91653850
91653851
91653852
91653853
91653854
91653855
91653856
91653857
91653858
91653859
91653860
91653861
91653862
91653863
91653864
91653865
91653866
91653867
91653868
91653869
91653870
91653871
91653872
91653873
91653874
91653875
91653876
91653877
91653878
91653879
91653880
91653881
91653882
91653883
91653884
91653885
91653886
91653887
91653888
91653889
91653890
91653891
91653892
91653893
91653894
91653895
91653896
91653897
91653898
91653899
91653900
91653901
91653902
91653903
91653904
91653905
91653906
91653907
91653908
91653909
91653910
91653911
91653912
91653913
91653914
91653915
91653916
91653917
91653918
91653919
91653920
91653921
91653922
91653923
91653924
91653925
91653926
91653927
91653928
91653929
91653930
91653931
91653932
91653933
91653934
91653935
91653936
91653937
91653938
91653939
91653940
91653941
91653942
91653943
91653944
91653945
91653946
91653947
91653948
91653949
91653950
91653951
91653952
91653953
91653954
91653955
91653956
91653957
91653958
91653959
91653960
91653961
91653962
91653963
91653964
91653965
91653966
91653967
91653968
91653969
91653970
91653971
91653972
91653973
91653974
91653975
91653976
91653977
91653978
91653979
91653980
91653981
91653982
91653983
91653984
91653985
91653986
91653987
91653988
91653989
91653990
91653991
91653992
91653993
91653994
91653995
91653996
91653997
91653998
91653999
91654000
91654001
91654002
91654003
91654004
91654005
91654006
91654007
91654008
91654009
91654010
91654011
91654012
91654013
91654014
91654015
91654016
91654017
91654018
91654019
91654020
91654021
91654022
91654023
91654024
91654025
91654026
91654027
91654028
91654029
91654030
91654031
91654032
91654033
91654034
91654035
91654036
91654037
91654038
91654039
91654040
91654041
91654042
91654043
91654044
91654045
91654046
91654047
91654048
91654049
91654050
91654051
91654052
91654053
91654054
91654055
91654056
91654057
91654058
91654059
91654060
91654061
91654062
91654063
91654064
91654065
91654066
91654067
91654068
91654069
91654070
91654071
91654072
91654073
91654074
91654075
91654076
91654077
91654078
91654079
91654080
91654081
91654082
91654083
91654084
91654085
91654086
91654087
91654088
91654089
91654090
91654091
91654092
91654093
91654094
91654095
91654096
91654097
91654098
91654099
91654100
91654101
91654102
91654103
91654104
91654105
91654106
91654107
91654108
91654109
91654110
91654111
91654112
91654113
91654114
91654115
91654116
91654117
91654118
91654119
91654120
91654121
91654122
91654123
91654124
91654125
91654126
91654127
91654128
91654129
91654130
91654131
91654132
91654133
91654134
91654135
91654136
91654137
91654138
91654139
91654140
91654141
91654142
91654143
91654144
91654145
91654146
91654147
91654148
91654149
91654150
91654151
91654152
91654153
91654154
91654155
91654156
91654157
91654158
91654159
91654160
91654161
91654162
91654163
91654164
91654165
91654166
91654167
91654168
91654169
91654170
91654171
91654172
91654173
91654174
91654175
91654176
91654177
91654178
91654179
91654180
91654181
91654182
91654183
91654184
91654185
91654186
91654187
91654188
91654189
91654190
91654191
91654192
91654193
91654194
91654195
91654196
91654197
91654198
91654199
91654200
91654201
91654202
91654203
91654204
91654205
91654206
91654207
91654208
91654209
91654210
91654211
91654212
91654213
91654214
91654215
91654216
91654217
91654218
91654219
91654220
91654221
91654222
91654223
91654224
91654225
91654226
91654227
91654228
91654229
91654230
91654231
91654232
91654233
91654234
91654235
91654236
91654237
91654238
91654239
91654240
91654241
91654242
91654243
91654244
91654245
91654246
91654247
91654248
91654249
91654250
91654251
91654252
91654253
91654254
91654255
91654256
91654257
91654258
91654259
91654260
91654261
91654262
91654263
91654264
91654265
91654266
91654267
91654268
91654269
91654270
91654271
91654272
91654273
91654274
91654275
91654276
91654277
91654278
91654279
91654280
91654281
91654282
91654283
91654284
91654285
91654286
91654287
91654288
91654289
91654290
91654291
91654292
91654293
91654294
91654295
91654296
91654297
91654298
91654299
91654300
91654301
91654302
91654303
91654304
91654305
91654306
91654307
91654308
91654309
91654310
91654311
91654312
91654313
91654314
91654315
91654316
91654317
91654318
91654319
91654320
91654321
91654322
91654323
91654324
91654325
91654326
91654327
91654328
91654329
91654330
91654331
91654332
91654333
91654334
91654335
91654336
91654337
91654338
91654339
91654340
91654341
91654342
91654343
91654344
91654345
91654346
91654347
91654348
91654349
91654350
91654351
91654352
91654353
91654354
91654355
91654356
91654357
91654358
91654359
91654360
91654361
91654362
91654363
91654364
91654365
91654366
91654367
91654368
91654369
91654370
91654371
91654372
91654373
91654374
91654375
91654376
91654377
91654378
91654379
91654380
91654381
91654382
91654383
91654384
91654385
91654386
91654387
91654388
91654389
91654390
91654391
91654392
91654393
91654394
91654395
91654396
91654397
91654398
91654399
91654400
91654401
91654402
91654403
91654404
91654405
91654406
91654407
91654408
91654409
91654410
91654411
91654412
91654413
91654414
91654415
91654416
91654417
91654418
91654419
91654420
91654421
91654422
91654423
91654424
91654425
91654426
91654427
91654428
91654429
91654430
91654431
91654432
91654433
91654434
91654435
91654436
91654437
91654438
91654439
91654440
91654441
91654442
91654443
91654444
91654445
91654446
91654447
91654448
91654449
91654450
91654451
91654452
91654453
91654454
91654455
91654456
91654457
91654458
91654459
91654460
91654461
91654462
91654463
91654464
91654465
91654466
91654467
91654468
91654469
91654470
91654471
91654472
91654473
91654474
91654475
91654476
91654477
91654478
91654479
91654480
91654481
91654482
91654483
91654484
91654485
91654486
91654487
91654488
91654489
91654490
91654491
91654492
91654493
91654494
91654495
91654496
91654497
91654498
91654499
91654500
91654501
91654502
91654503
91654504
91654505
91654506
91654507
91654508
91654509
91654510
91654511
91654512
91654513
91654514
91654515
91654516
91654517
91654518
91654519
91654520
91654521
91654522
91654523
91654524
91654525
91654526
91654527
91654528
91654529
91654530
91654531
91654532
91654533
91654534
91654535
91654536
91654537
91654538
91654539
91654540
91654541
91654542
91654543
91654544
91654545
91654546
91654547
91654548
91654549
91654550
91654551
91654552
91654553
91654554
91654555
91654556
91654557
91654558
91654559
91654560
91654561
91654562
91654563
91654564
91654565
91654566
91654567
91654568
91654569
91654570
91654571
91654572
91654573
91654574
91654575
91654576
91654577
91654578
91654579
91654580
91654581
91654582
91654583
91654584
91654585
91654586
91654587
91654588
91654589
91654590
91654591
91654592
91654593
91654594
91654595
91654596
91654597
91654598
91654599
91654600
91654601
91654602
91654603
91654604
91654605
91654606
91654607
91654608
91654609
91654610
91654611
91654612
91654613
91654614
91654615
91654616
91654617
91654618
91654619
91654620
91654621
91654622
91654623
91654624
91654625
91654626
91654627
91654628
91654629
91654630
91654631
91654632
91654633
91654634
91654635
91654636
91654637
91654638
91654639
91654640
91654641
91654642
91654643
91654644
91654645
91654646
91654647
91654648
91654649
91654650
91654651
91654652
91654653
91654654
91654655
91654656
91654657
91654658
91654659
91654660
91654661
91654662
91654663
91654664
91654665
91654666
91654667
91654668
91654669
91654670
91654671
91654672
91654673
91654674
91654675
91654676
91654677
91654678
91654679
91654680
91654681
91654682
91654683
91654684
91654685
91654686
91654687
91654688
91654689
91654690
91654691
91654692
91654693
91654694
91654695
91654696
91654697
91654698
91654699
91654700
91654701
91654702
91654703
91654704
91654705
91654706
91654707
91654708
91654709
91654710
91654711
91654712
91654713
91654714
91654715
91654716
91654717
91654718
91654719
91654720
91654721
91654722
91654723
91654724
91654725
91654726
91654727
91654728
91654729
91654730
91654731
91654732
91654733
91654734
91654735
91654736
91654737
91654738
91654739
91654740
91654741
91654742
91654743
91654744
91654745
91654746
91654747
91654748
91654749
91654750
91654751
91654752
91654753
91654754
91654755
91654756
91654757
91654758
91654759
91654760
91654761
91654762
91654763
91654764
91654765
91654766
91654767
91654768
91654769
91654770
91654771
91654772
91654773
91654774
91654775
91654776
91654777
91654778
91654779
91654780
91654781
91654782
91654783
91654784
91654785
91654786
91654787
91654788
91654789
91654790
91654791
91654792
91654793
91654794
91654795
91654796
91654797
91654798
91654799
91654800
91654801
91654802
91654803
91654804
91654805
91654806
91654807
91654808
91654809
91654810
91654811
91654812
91654813
91654814
91654815
91654816
91654817
91654818
91654819
91654820
91654821
91654822
91654823
91654824
91654825
91654826
91654827
91654828
91654829
91654830
91654831
91654832
91654833
91654834
91654835
91654836
91654837
91654838
91654839
91654840
91654841
91654842
91654843
91654844
91654845
91654846
91654847
91654848
91654849
91654850
91654851
91654852
91654853
91654854
91654855
91654856
91654857
91654858
91654859
91654860
91654861
91654862
91654863
91654864
91654865
91654866
91654867
91654868
91654869
91654870
91654871
91654872
91654873
91654874
91654875
91654876
91654877
91654878
91654879
91654880
91654881
91654882
91654883
91654884
91654885
91654886
91654887
91654888
91654889
91654890
91654891
91654892
91654893
91654894
91654895
91654896
91654897
91654898
91654899
91654900
91654901
91654902
91654903
91654904
91654905
91654906
91654907
91654908
91654909
91654910
91654911
91654912
91654913
91654914
91654915
91654916
91654917
91654918
91654919
91654920
91654921
91654922
91654923
91654924
91654925
91654926
91654927
91654928
91654929
91654930
91654931
91654932
91654933
91654934
91654935
91654936
91654937
91654938
91654939
91654940
91654941
91654942
91654943
91654944
91654945
91654946
91654947
91654948
91654949
91654950
91654951
91654952
91654953
91654954
91654955
91654956
91654957
91654958
91654959
91654960
91654961
91654962
91654963
91654964
91654965
91654966
91654967
91654968
91654969
91654970
91654971
91654972
91654973
91654974
91654975
91654976
91654977
91654978
91654979
91654980
91654981
91654982
91654983
91654984
91654985
91654986
91654987
91654988
91654989
91654990
91654991
91654992
91654993
91654994
91654995
91654996
91654997
91654998
91654999
91655000
91655001
91655002
91655003
91655004
91655005
91655006
91655007
91655008
91655009
91655010
91655011
91655012
91655013
91655014
91655015
91655016
91655017
91655018
91655019
91655020
91655021
91655022
91655023
91655024
91655025
91655026
91655027
91655028
91655029
91655030
91655031
91655032
91655033
91655034
91655035
91655036
91655037
91655038
91655039
91655040
91655041
91655042
91655043
91655044
91655045
91655046
91655047
91655048
91655049
91655050
91655051
91655052
91655053
91655054
91655055
91655056
91655057
91655058
91655059
91655060
91655061
91655062
91655063
91655064
91655065
91655066
91655067
91655068
91655069
91655070
91655071
91655072
91655073
91655074
91655075
91655076
91655077
91655078
91655079
91655080
91655081
91655082
91655083
91655084
91655085
91655086
91655087
91655088
91655089
91655090
91655091
91655092
91655093
91655094
91655095
91655096
91655097
91655098
91655099
91655100
91655101
91655102
91655103
91655104
91655105
91655106
91655107
91655108
91655109
91655110
91655111
91655112
91655113
91655114
91655115
91655116
91655117
91655118
91655119
91655120
91655121
91655122
91655123
91655124
91655125
91655126
91655127
91655128
91655129
91655130
91655131
91655132
91655133
91655134
91655135
91655136
91655137
91655138
91655139
91655140
91655141
91655142
91655143
91655144
91655145
91655146
91655147
91655148
91655149
91655150
91655151
91655152
91655153
91655154
91655155
91655156
91655157
91655158
91655159
91655160
91655161
91655162
91655163
91655164
91655165
91655166
91655167
91655168
91655169
91655170
91655171
91655172
91655173
91655174
91655175
91655176
91655177
91655178
91655179
91655180
91655181
91655182
91655183
91655184
91655185
91655186
91655187
91655188
91655189
91655190
91655191
91655192
91655193
91655194
91655195
91655196
91655197
91655198
91655199
91655200
91655201
91655202
91655203
91655204
91655205
91655206
91655207
91655208
91655209
91655210
91655211
91655212
91655213
91655214
91655215
91655216
91655217
91655218
91655219
91655220
91655221
91655222
91655223
91655224
91655225
91655226
91655227
91655228
91655229
91655230
91655231
91655232
91655233
91655234
91655235
91655236
91655237
91655238
91655239
91655240
91655241
91655242
91655243
91655244
91655245
91655246
91655247
91655248
91655249
91655250
91655251
91655252
91655253
91655254
91655255
91655256
91655257
91655258
91655259
91655260
91655261
91655262
91655263
91655264
91655265
91655266
91655267
91655268
91655269
91655270
91655271
91655272
91655273
91655274
91655275
91655276
91655277
91655278
91655279
91655280
91655281
91655282
91655283
91655284
91655285
91655286
91655287
91655288
91655289
91655290
91655291
91655292
91655293
91655294
91655295
91655296
91655297
91655298
91655299
91655300
91655301
91655302
91655303
91655304
91655305
91655306
91655307
91655308
91655309
91655310
91655311
91655312
91655313
91655314
91655315
91655316
91655317
91655318
91655319
91655320
91655321
91655322
91655323
91655324
91655325
91655326
91655327
91655328
91655329
91655330
91655331
91655332
91655333
91655334
91655335
91655336
91655337
91655338
91655339
91655340
91655341
91655342
91655343
91655344
91655345
91655346
91655347
91655348
91655349
91655350
91655351
91655352
91655353
91655354
91655355
91655356
91655357
91655358
91655359
91655360
91655361
91655362
91655363
91655364
91655365
91655366
91655367
91655368
91655369
91655370
91655371
91655372
91655373
91655374
91655375
91655376
91655377
91655378
91655379
91655380
91655381
91655382
91655383
91655384
91655385
91655386
91655387
91655388
91655389
91655390
91655391
91655392
91655393
91655394
91655395
91655396
91655397
91655398
91655399
91655400
91655401
91655402
91655403
91655404
91655405
91655406
91655407
91655408
91655409
91655410
91655411
91655412
91655413
91655414
91655415
91655416
91655417
91655418
91655419
91655420
91655421
91655422
91655423
91655424
91655425
91655426
91655427
91655428
91655429
91655430
91655431
91655432
91655433
91655434
91655435
91655436
91655437
91655438
91655439
91655440
91655441
91655442
91655443
91655444
91655445
91655446
91655447
91655448
91655449
91655450
91655451
91655452
91655453
91655454
91655455
91655456
91655457
91655458
91655459
91655460
91655461
91655462
91655463
91655464
91655465
91655466
91655467
91655468
91655469
91655470
91655471
91655472
91655473
91655474
91655475
91655476
91655477
91655478
91655479
91655480
91655481
91655482
91655483
91655484
91655485
91655486
91655487
91655488
91655489
91655490
91655491
91655492
91655493
91655494
91655495
91655496
91655497
91655498
91655499
91655500
91655501
91655502
91655503
91655504
91655505
91655506
91655507
91655508
91655509
91655510
91655511
91655512
91655513
91655514
91655515
91655516
91655517
91655518
91655519
91655520
91655521
91655522
91655523
91655524
91655525
91655526
91655527
91655528
91655529
91655530
91655531
91655532
91655533
91655534
91655535
91655536
91655537
91655538
91655539
91655540
91655541
91655542
91655543
91655544
91655545
91655546
91655547
91655548
91655549
91655550
91655551
91655552
91655553
91655554
91655555
91655556
91655557
91655558
91655559
91655560
91655561
91655562
91655563
91655564
91655565
91655566
91655567
91655568
91655569
91655570
91655571
91655572
91655573
91655574
91655575
91655576
91655577
91655578
91655579
91655580
91655581
91655582
91655583
91655584
91655585
91655586
91655587
91655588
91655589
91655590
91655591
91655592
91655593
91655594
91655595
91655596
91655597
91655598
91655599
91655600
91655601
91655602
91655603
91655604
91655605
91655606
91655607
91655608
91655609
91655610
91655611
91655612
91655613
91655614
91655615
91655616
91655617
91655618
91655619
91655620
91655621
91655622
91655623
91655624
91655625
91655626
91655627
91655628
91655629
91655630
91655631
91655632
91655633
91655634
91655635
91655636
91655637
91655638
91655639
91655640
91655641
91655642
91655643
91655644
91655645
91655646
91655647
91655648
91655649
91655650
91655651
91655652
91655653
91655654
91655655
91655656
91655657
91655658
91655659
91655660
91655661
91655662
91655663
91655664
91655665
91655666
91655667
91655668
91655669
91655670
91655671
91655672
91655673
91655674
91655675
91655676
91655677
91655678
91655679
91655680
91655681
91655682
91655683
91655684
91655685
91655686
91655687
91655688
91655689
91655690
91655691
91655692
91655693
91655694
91655695
91655696
91655697
91655698
91655699
91655700
91655701
91655702
91655703
91655704
91655705
91655706
91655707
91655708
91655709
91655710
91655711
91655712
91655713
91655714
91655715
91655716
91655717
91655718
91655719
91655720
91655721
91655722
91655723
91655724
91655725
91655726
91655727
91655728
91655729
91655730
91655731
91655732
91655733
91655734
91655735
91655736
91655737
91655738
91655739
91655740
91655741
91655742
91655743
91655744
91655745
91655746
91655747
91655748
91655749
91655750
91655751
91655752
91655753
91655754
91655755
91655756
91655757
91655758
91655759
91655760
91655761
91655762
91655763
91655764
91655765
91655766
91655767
91655768
91655769
91655770
91655771
91655772
91655773
91655774
91655775
91655776
91655777
91655778
91655779
91655780
91655781
91655782
91655783
91655784
91655785
91655786
91655787
91655788
91655789
91655790
91655791
91655792
91655793
91655794
91655795
91655796
91655797
91655798
91655799
91655800
91655801
91655802
91655803
91655804
91655805
91655806
91655807
91655808
91655809
91655810
91655811
91655812
91655813
91655814
91655815
91655816
91655817
91655818
91655819
91655820
91655821
91655822
91655823
91655824
91655825
91655826
91655827
91655828
91655829
91655830
91655831
91655832
91655833
91655834
91655835
91655836
91655837
91655838
91655839
91655840
91655841
91655842
91655843
91655844
91655845
91655846
91655847
91655848
91655849
91655850
91655851
91655852
91655853
91655854
91655855
91655856
91655857
91655858
91655859
91655860
91655861
91655862
91655863
91655864
91655865
91655866
91655867
91655868
91655869
91655870
91655871
91655872
91655873
91655874
91655875
91655876
91655877
91655878
91655879
91655880
91655881
91655882
91655883
91655884
91655885
91655886
91655887
91655888
91655889
91655890
91655891
91655892
91655893
91655894
91655895
91655896
91655897
91655898
91655899
91655900
91655901
91655902
91655903
91655904
91655905
91655906
91655907
91655908
91655909
91655910
91655911
91655912
91655913
91655914
91655915
91655916
91655917
91655918
91655919
91655920
91655921
91655922
91655923
91655924
91655925
91655926
91655927
91655928
91655929
91655930
91655931
91655932
91655933
91655934
91655935
91655936
91655937
91655938
91655939
91655940
91655941
91655942
91655943
91655944
91655945
91655946
91655947
91655948
91655949
91655950
91655951
91655952
91655953
91655954
91655955
91655956
91655957
91655958
91655959
91655960
91655961
91655962
91655963
91655964
91655965
91655966
91655967
91655968
91655969
91655970
91655971
91655972
91655973
91655974
91655975
91655976
91655977
91655978
91655979
91655980
91655981
91655982
91655983
91655984
91655985
91655986
91655987
91655988
91655989
91655990
91655991
91655992
91655993
91655994
91655995
91655996
91655997
91655998
91655999
91656000
91656001
91656002
91656003
91656004
91656005
91656006
91656007
91656008
91656009
91656010
91656011
91656012
91656013
91656014
91656015
91656016
91656017
91656018
91656019
91656020
91656021
91656022
91656023
91656024
91656025
91656026
91656027
91656028
91656029
91656030
91656031
91656032
91656033
91656034
91656035
91656036
91656037
91656038
91656039
91656040
91656041
91656042
91656043
91656044
91656045
91656046
91656047
91656048
91656049
91656050
91656051
91656052
91656053
91656054
91656055
91656056
91656057
91656058
91656059
91656060
91656061
91656062
91656063
91656064
91656065
91656066
91656067
91656068
91656069
91656070
91656071
91656072
91656073
91656074
91656075
91656076
91656077
91656078
91656079
91656080
91656081
91656082
91656083
91656084
91656085
91656086
91656087
91656088
91656089
91656090
91656091
91656092
91656093
91656094
91656095
91656096
91656097
91656098
91656099
91656100
91656101
91656102
91656103
91656104
91656105
91656106
91656107
91656108
91656109
91656110
91656111
91656112
91656113
91656114
91656115
91656116
91656117
91656118
91656119
91656120
91656121
91656122
91656123
91656124
91656125
91656126
91656127
91656128
91656129
91656130
91656131
91656132
91656133
91656134
91656135
91656136
91656137
91656138
91656139
91656140
91656141
91656142
91656143
91656144
91656145
91656146
91656147
91656148
91656149
91656150
91656151
91656152
91656153
91656154
91656155
91656156
91656157
91656158
91656159
91656160
91656161
91656162
91656163
91656164
91656165
91656166
91656167
91656168
91656169
91656170
91656171
91656172
91656173
91656174
91656175
91656176
91656177
91656178
91656179
91656180
91656181
91656182
91656183
91656184
91656185
91656186
91656187
91656188
91656189
91656190
91656191
91656192
91656193
91656194
91656195
91656196
91656197
91656198
91656199
91656200
91656201
91656202
91656203
91656204
91656205
91656206
91656207
91656208
91656209
91656210
91656211
91656212
91656213
91656214
91656215
91656216
91656217
91656218
91656219
91656220
91656221
91656222
91656223
91656224
91656225
91656226
91656227
91656228
91656229
91656230
91656231
91656232
91656233
91656234
91656235
91656236
91656237
91656238
91656239
91656240
91656241
91656242
91656243
91656244
91656245
91656246
91656247
91656248
91656249
91656250
91656251
91656252
91656253
91656254
91656255
91656256
91656257
91656258
91656259
91656260
91656261
91656262
91656263
91656264
91656265
91656266
91656267
91656268
91656269
91656270
91656271
91656272
91656273
91656274
91656275
91656276
91656277
91656278
91656279
91656280
91656281
91656282
91656283
91656284
91656285
91656286
91656287
91656288
91656289
91656290
91656291
91656292
91656293
91656294
91656295
91656296
91656297
91656298
91656299
91656300
91656301
91656302
91656303
91656304
91656305
91656306
91656307
91656308
91656309
91656310
91656311
91656312
91656313
91656314
91656315
91656316
91656317
91656318
91656319
91656320
91656321
91656322
91656323
91656324
91656325
91656326
91656327
91656328
91656329
91656330
91656331
91656332
91656333
91656334
91656335
91656336
91656337
91656338
91656339
91656340
91656341
91656342
91656343
91656344
91656345
91656346
91656347
91656348
91656349
91656350
91656351
91656352
91656353
91656354
91656355
91656356
91656357
91656358
91656359
91656360
91656361
91656362
91656363
91656364
91656365
91656366
91656367
91656368
91656369
91656370
91656371
91656372
91656373
91656374
91656375
91656376
91656377
91656378
91656379
91656380
91656381
91656382
91656383
91656384
91656385
91656386
91656387
91656388
91656389
91656390
91656391
91656392
91656393
91656394
91656395
91656396
91656397
91656398
91656399
91656400
91656401
91656402
91656403
91656404
91656405
91656406
91656407
91656408
91656409
91656410
91656411
91656412
91656413
91656414
91656415
91656416
91656417
91656418
91656419
91656420
91656421
91656422
91656423
91656424
91656425
91656426
91656427
91656428
91656429
91656430
91656431
91656432
91656433
91656434
91656435
91656436
91656437
91656438
91656439
91656440
91656441
91656442
91656443
91656444
91656445
91656446
91656447
91656448
91656449
91656450
91656451
91656452
91656453
91656454
91656455
91656456
91656457
91656458
91656459
91656460
91656461
91656462
91656463
91656464
91656465
91656466
91656467
91656468
91656469
91656470
91656471
91656472
91656473
91656474
91656475
91656476
91656477
91656478
91656479
91656480
91656481
91656482
91656483
91656484
91656485
91656486
91656487
91656488
91656489
91656490
91656491
91656492
91656493
91656494
91656495
91656496
91656497
91656498
91656499
91656500
91656501
91656502
91656503
91656504
91656505
91656506
91656507
91656508
91656509
91656510
91656511
91656512
91656513
91656514
91656515
91656516
91656517
91656518
91656519
91656520
91656521
91656522
91656523
91656524
91656525
91656526
91656527
91656528
91656529
91656530
91656531
91656532
91656533
91656534
91656535
91656536
91656537
91656538
91656539
91656540
91656541
91656542
91656543
91656544
91656545
91656546
91656547
91656548
91656549
91656550
91656551
91656552
91656553
91656554
91656555
91656556
91656557
91656558
91656559
91656560
91656561
91656562
91656563
91656564
91656565
91656566
91656567
91656568
91656569
91656570
91656571
91656572
91656573
91656574
91656575
91656576
91656577
91656578
91656579
91656580
91656581
91656582
91656583
91656584
91656585
91656586
91656587
91656588
91656589
91656590
91656591
91656592
91656593
91656594
91656595
91656596
91656597
91656598
91656599
91656600
91656601
91656602
91656603
91656604
91656605
91656606
91656607
91656608
91656609
91656610
91656611
91656612
91656613
91656614
91656615
91656616
91656617
91656618
91656619
91656620
91656621
91656622
91656623
91656624
91656625
91656626
91656627
91656628
91656629
91656630
91656631
91656632
91656633
91656634
91656635
91656636
91656637
91656638
91656639
91656640
91656641
91656642
91656643
91656644
91656645
91656646
91656647
91656648
91656649
91656650
91656651
91656652
91656653
91656654
91656655
91656656
91656657
91656658
91656659
91656660
91656661
91656662
91656663
91656664
91656665
91656666
91656667
91656668
91656669
91656670
91656671
91656672
91656673
91656674
91656675
91656676
91656677
91656678
91656679
91656680
91656681
91656682
91656683
91656684
91656685
91656686
91656687
91656688
91656689
91656690
91656691
91656692
91656693
91656694
91656695
91656696
91656697
91656698
91656699
91656700
91656701
91656702
91656703
91656704
91656705
91656706
91656707
91656708
91656709
91656710
91656711
91656712
91656713
91656714
91656715
91656716
91656717
91656718
91656719
91656720
91656721
91656722
91656723
91656724
91656725
91656726
91656727
91656728
91656729
91656730
91656731
91656732
91656733
91656734
91656735
91656736
91656737
91656738
91656739
91656740
91656741
91656742
91656743
91656744
91656745
91656746
91656747
91656748
91656749
91656750
91656751
91656752
91656753
91656754
91656755
91656756
91656757
91656758
91656759
91656760
91656761
91656762
91656763
91656764
91656765
91656766
91656767
91656768
91656769
91656770
91656771
91656772
91656773
91656774
91656775
91656776
91656777
91656778
91656779
91656780
91656781
91656782
91656783
91656784
91656785
91656786
91656787
91656788
91656789
91656790
91656791
91656792
91656793
91656794
91656795
91656796
91656797
91656798
91656799
91656800
91656801
91656802
91656803
91656804
91656805
91656806
91656807
91656808
91656809
91656810
91656811
91656812
91656813
91656814
91656815
91656816
91656817
91656818
91656819
91656820
91656821
91656822
91656823
91656824
91656825
91656826
91656827
91656828
91656829
91656830
91656831
91656832
91656833
91656834
91656835
91656836
91656837
91656838
91656839
91656840
91656841
91656842
91656843
91656844
91656845
91656846
91656847
91656848
91656849
91656850
91656851
91656852
91656853
91656854
91656855
91656856
91656857
91656858
91656859
91656860
91656861
91656862
91656863
91656864
91656865
91656866
91656867
91656868
91656869
91656870
91656871
91656872
91656873
91656874
91656875
91656876
91656877
91656878
91656879
91656880
91656881
91656882
91656883
91656884
91656885
91656886
91656887
91656888
91656889
91656890
91656891
91656892
91656893
91656894
91656895
91656896
91656897
91656898
91656899
91656900
91656901
91656902
91656903
91656904
91656905
91656906
91656907
91656908
91656909
91656910
91656911
91656912
91656913
91656914
91656915
91656916
91656917
91656918
91656919
91656920
91656921
91656922
91656923
91656924
91656925
91656926
91656927
91656928
91656929
91656930
91656931
91656932
91656933
91656934
91656935
91656936
91656937
91656938
91656939
91656940
91656941
91656942
91656943
91656944
91656945
91656946
91656947
91656948
91656949
91656950
91656951
91656952
91656953
91656954
91656955
91656956
91656957
91656958
91656959
91656960
91656961
91656962
91656963
91656964
91656965
91656966
91656967
91656968
91656969
91656970
91656971
91656972
91656973
91656974
91656975
91656976
91656977
91656978
91656979
91656980
91656981
91656982
91656983
91656984
91656985
91656986
91656987
91656988
91656989
91656990
91656991
91656992
91656993
91656994
91656995
91656996
91656997
91656998
91656999
91657000
91657001
91657002
91657003
91657004
91657005
91657006
91657007
91657008
91657009
91657010
91657011
91657012
91657013
91657014
91657015
91657016
91657017
91657018
91657019
91657020
91657021
91657022
91657023
91657024
91657025
91657026
91657027
91657028
91657029
91657030
91657031
91657032
91657033
91657034
91657035
91657036
91657037
91657038
91657039
91657040
91657041
91657042
91657043
91657044
91657045
91657046
91657047
91657048
91657049
91657050
91657051
91657052
91657053
91657054
91657055
91657056
91657057
91657058
91657059
91657060
91657061
91657062
91657063
91657064
91657065
91657066
91657067
91657068
91657069
91657070
91657071
91657072
91657073
91657074
91657075
91657076
91657077
91657078
91657079
91657080
91657081
91657082
91657083
91657084
91657085
91657086
91657087
91657088
91657089
91657090
91657091
91657092
91657093
91657094
91657095
91657096
91657097
91657098
91657099
91657100
91657101
91657102
91657103
91657104
91657105
91657106
91657107
91657108
91657109
91657110
91657111
91657112
91657113
91657114
91657115
91657116
91657117
91657118
91657119
91657120
91657121
91657122
91657123
91657124
91657125
91657126
91657127
91657128
91657129
91657130
91657131
91657132
91657133
91657134
91657135
91657136
91657137
91657138
91657139
91657140
91657141
91657142
91657143
91657144
91657145
91657146
91657147
91657148
91657149
91657150
91657151
91657152
91657153
91657154
91657155
91657156
91657157
91657158
91657159
91657160
91657161
91657162
91657163
91657164
91657165
91657166
91657167
91657168
91657169
91657170
91657171
91657172
91657173
91657174
91657175
91657176
91657177
91657178
91657179
91657180
91657181
91657182
91657183
91657184
91657185
91657186
91657187
91657188
91657189
91657190
91657191
91657192
91657193
91657194
91657195
91657196
91657197
91657198
91657199
91657200
91657201
91657202
91657203
91657204
91657205
91657206
91657207
91657208
91657209
91657210
91657211
91657212
91657213
91657214
91657215
91657216
91657217
91657218
91657219
91657220
91657221
91657222
91657223
91657224
91657225
91657226
91657227
91657228
91657229
91657230
91657231
91657232
91657233
91657234
91657235
91657236
91657237
91657238
91657239
91657240
91657241
91657242
91657243
91657244
91657245
91657246
91657247
91657248
91657249
91657250
91657251
91657252
91657253
91657254
91657255
91657256
91657257
91657258
91657259
91657260
91657261
91657262
91657263
91657264
91657265
91657266
91657267
91657268
91657269
91657270
91657271
91657272
91657273
91657274
91657275
91657276
91657277
91657278
91657279
91657280
91657281
91657282
91657283
91657284
91657285
91657286
91657287
91657288
91657289
91657290
91657291
91657292
91657293
91657294
91657295
91657296
91657297
91657298
91657299
91657300
91657301
91657302
91657303
91657304
91657305
91657306
91657307
91657308
91657309
91657310
91657311
91657312
91657313
91657314
91657315
91657316
91657317
91657318
91657319
91657320
91657321
91657322
91657323
91657324
91657325
91657326
91657327
91657328
91657329
91657330
91657331
91657332
91657333
91657334
91657335
91657336
91657337
91657338
91657339
91657340
91657341
91657342
91657343
91657344
91657345
91657346
91657347
91657348
91657349
91657350
91657351
91657352
91657353
91657354
91657355
91657356
91657357
91657358
91657359
91657360
91657361
91657362
91657363
91657364
91657365
91657366
91657367
91657368
91657369
91657370
91657371
91657372
91657373
91657374
91657375
91657376
91657377
91657378
91657379
91657380
91657381
91657382
91657383
91657384
91657385
91657386
91657387
91657388
91657389
91657390
91657391
91657392
91657393
91657394
91657395
91657396
91657397
91657398
91657399
91657400
91657401
91657402
91657403
91657404
91657405
91657406
91657407
91657408
91657409
91657410
91657411
91657412
91657413
91657414
91657415
91657416
91657417
91657418
91657419
91657420
91657421
91657422
91657423
91657424
91657425
91657426
91657427
91657428
91657429
91657430
91657431
91657432
91657433
91657434
91657435
91657436
91657437
91657438
91657439
91657440
91657441
91657442
91657443
91657444
91657445
91657446
91657447
91657448
91657449
91657450
91657451
91657452
91657453
91657454
91657455
91657456
91657457
91657458
91657459
91657460
91657461
91657462
91657463
91657464
91657465
91657466
91657467
91657468
91657469
91657470
91657471
91657472
91657473
91657474
91657475
91657476
91657477
91657478
91657479
91657480
91657481
91657482
91657483
91657484
91657485
91657486
91657487
91657488
91657489
91657490
91657491
91657492
91657493
91657494
91657495
91657496
91657497
91657498
91657499
91657500
91657501
91657502
91657503
91657504
91657505
91657506
91657507
91657508
91657509
91657510
91657511
91657512
91657513
91657514
91657515
91657516
91657517
91657518
91657519
91657520
91657521
91657522
91657523
91657524
91657525
91657526
91657527
91657528
91657529
91657530
91657531
91657532
91657533
91657534
91657535
91657536
91657537
91657538
91657539
91657540
91657541
91657542
91657543
91657544
91657545
91657546
91657547
91657548
91657549
91657550
91657551
91657552
91657553
91657554
91657555
91657556
91657557
91657558
91657559
91657560
91657561
91657562
91657563
91657564
91657565
91657566
91657567
91657568
91657569
91657570
91657571
91657572
91657573
91657574
91657575
91657576
91657577
91657578
91657579
91657580
91657581
91657582
91657583
91657584
91657585
91657586
91657587
91657588
91657589
91657590
91657591
91657592
91657593
91657594
91657595
91657596
91657597
91657598
91657599
91657600
91657601
91657602
91657603
91657604
91657605
91657606
91657607
91657608
91657609
91657610
91657611
91657612
91657613
91657614
91657615
91657616
91657617
91657618
91657619
91657620
91657621
91657622
91657623
91657624
91657625
91657626
91657627
91657628
91657629
91657630
91657631
91657632
91657633
91657634
91657635
91657636
91657637
91657638
91657639
91657640
91657641
91657642
91657643
91657644
91657645
91657646
91657647
91657648
91657649
91657650
91657651
91657652
91657653
91657654
91657655
91657656
91657657
91657658
91657659
91657660
91657661
91657662
91657663
91657664
91657665
91657666
91657667
91657668
91657669
91657670
91657671
91657672
91657673
91657674
91657675
91657676
91657677
91657678
91657679
91657680
91657681
91657682
91657683
91657684
91657685
91657686
91657687
91657688
91657689
91657690
91657691
91657692
91657693
91657694
91657695
91657696
91657697
91657698
91657699
91657700
91657701
91657702
91657703
91657704
91657705
91657706
91657707
91657708
91657709
91657710
91657711
91657712
91657713
91657714
91657715
91657716
91657717
91657718
91657719
91657720
91657721
91657722
91657723
91657724
91657725
91657726
91657727
91657728
91657729
91657730
91657731
91657732
91657733
91657734
91657735
91657736
91657737
91657738
91657739
91657740
91657741
91657742
91657743
91657744
91657745
91657746
91657747
91657748
91657749
91657750
91657751
91657752
91657753
91657754
91657755
91657756
91657757
91657758
91657759
91657760
91657761
91657762
91657763
91657764
91657765
91657766
91657767
91657768
91657769
91657770
91657771
91657772
91657773
91657774
91657775
91657776
91657777
91657778
91657779
91657780
91657781
91657782
91657783
91657784
91657785
91657786
91657787
91657788
91657789
91657790
91657791
91657792
91657793
91657794
91657795
91657796
91657797
91657798
91657799
91657800
91657801
91657802
91657803
91657804
91657805
91657806
91657807
91657808
91657809
91657810
91657811
91657812
91657813
91657814
91657815
91657816
91657817
91657818
91657819
91657820
91657821
91657822
91657823
91657824
91657825
91657826
91657827
91657828
91657829
91657830
91657831
91657832
91657833
91657834
91657835
91657836
91657837
91657838
91657839
91657840
91657841
91657842
91657843
91657844
91657845
91657846
91657847
91657848
91657849
91657850
91657851
91657852
91657853
91657854
91657855
91657856
91657857
91657858
91657859
91657860
91657861
91657862
91657863
91657864
91657865
91657866
91657867
91657868
91657869
91657870
91657871
91657872
91657873
91657874
91657875
91657876
91657877
91657878
91657879
91657880
91657881
91657882
91657883
91657884
91657885
91657886
91657887
91657888
91657889
91657890
91657891
91657892
91657893
91657894
91657895
91657896
91657897
91657898
91657899
91657900
91657901
91657902
91657903
91657904
91657905
91657906
91657907
91657908
91657909
91657910
91657911
91657912
91657913
91657914
91657915
91657916
91657917
91657918
91657919
91657920
91657921
91657922
91657923
91657924
91657925
91657926
91657927
91657928
91657929
91657930
91657931
91657932
91657933
91657934
91657935
91657936
91657937
91657938
91657939
91657940
91657941
91657942
91657943
91657944
91657945
91657946
91657947
91657948
91657949
91657950
91657951
91657952
91657953
91657954
91657955
91657956
91657957
91657958
91657959
91657960
91657961
91657962
91657963
91657964
91657965
91657966
91657967
91657968
91657969
91657970
91657971
91657972
91657973
91657974
91657975
91657976
91657977
91657978
91657979
91657980
91657981
91657982
91657983
91657984
91657985
91657986
91657987
91657988
91657989
91657990
91657991
91657992
91657993
91657994
91657995
91657996
91657997
91657998
91657999
91658000
91658001
91658002
91658003
91658004
91658005
91658006
91658007
91658008
91658009
91658010
91658011
91658012
91658013
91658014
91658015
91658016
91658017
91658018
91658019
91658020
91658021
91658022
91658023
91658024
91658025
91658026
91658027
91658028
91658029
91658030
91658031
91658032
91658033
91658034
91658035
91658036
91658037
91658038
91658039
91658040
91658041
91658042
91658043
91658044
91658045
91658046
91658047
91658048
91658049
91658050
91658051
91658052
91658053
91658054
91658055
91658056
91658057
91658058
91658059
91658060
91658061
91658062
91658063
91658064
91658065
91658066
91658067
91658068
91658069
91658070
91658071
91658072
91658073
91658074
91658075
91658076
91658077
91658078
91658079
91658080
91658081
91658082
91658083
91658084
91658085
91658086
91658087
91658088
91658089
91658090
91658091
91658092
91658093
91658094
91658095
91658096
91658097
91658098
91658099
91658100
91658101
91658102
91658103
91658104
91658105
91658106
91658107
91658108
91658109
91658110
91658111
91658112
91658113
91658114
91658115
91658116
91658117
91658118
91658119
91658120
91658121
91658122
91658123
91658124
91658125
91658126
91658127
91658128
91658129
91658130
91658131
91658132
91658133
91658134
91658135
91658136
91658137
91658138
91658139
91658140
91658141
91658142
91658143
91658144
91658145
91658146
91658147
91658148
91658149
91658150
91658151
91658152
91658153
91658154
91658155
91658156
91658157
91658158
91658159
91658160
91658161
91658162
91658163
91658164
91658165
91658166
91658167
91658168
91658169
91658170
91658171
91658172
91658173
91658174
91658175
91658176
91658177
91658178
91658179
91658180
91658181
91658182
91658183
91658184
91658185
91658186
91658187
91658188
91658189
91658190
91658191
91658192
91658193
91658194
91658195
91658196
91658197
91658198
91658199
91658200
91658201
91658202
91658203
91658204
91658205
91658206
91658207
91658208
91658209
91658210
91658211
91658212
91658213
91658214
91658215
91658216
91658217
91658218
91658219
91658220
91658221
91658222
91658223
91658224
91658225
91658226
91658227
91658228
91658229
91658230
91658231
91658232
91658233
91658234
91658235
91658236
91658237
91658238
91658239
91658240
91658241
91658242
91658243
91658244
91658245
91658246
91658247
91658248
91658249
91658250
91658251
91658252
91658253
91658254
91658255
91658256
91658257
91658258
91658259
91658260
91658261
91658262
91658263
91658264
91658265
91658266
91658267
91658268
91658269
91658270
91658271
91658272
91658273
91658274
91658275
91658276
91658277
91658278
91658279
91658280
91658281
91658282
91658283
91658284
91658285
91658286
91658287
91658288
91658289
91658290
91658291
91658292
91658293
91658294
91658295
91658296
91658297
91658298
91658299
91658300
91658301
91658302
91658303
91658304
91658305
91658306
91658307
91658308
91658309
91658310
91658311
91658312
91658313
91658314
91658315
91658316
91658317
91658318
91658319
91658320
91658321
91658322
91658323
91658324
91658325
91658326
91658327
91658328
91658329
91658330
91658331
91658332
91658333
91658334
91658335
91658336
91658337
91658338
91658339
91658340
91658341
91658342
91658343
91658344
91658345
91658346
91658347
91658348
91658349
91658350
91658351
91658352
91658353
91658354
91658355
91658356
91658357
91658358
91658359
91658360
91658361
91658362
91658363
91658364
91658365
91658366
91658367
91658368
91658369
91658370
91658371
91658372
91658373
91658374
91658375
91658376
91658377
91658378
91658379
91658380
91658381
91658382
91658383
91658384
91658385
91658386
91658387
91658388
91658389
91658390
91658391
91658392
91658393
91658394
91658395
91658396
91658397
91658398
91658399
91658400
91658401
91658402
91658403
91658404
91658405
91658406
91658407
91658408
91658409
91658410
91658411
91658412
91658413
91658414
91658415
91658416
91658417
91658418
91658419
91658420
91658421
91658422
91658423
91658424
91658425
91658426
91658427
91658428
91658429
91658430
91658431
91658432
91658433
91658434
91658435
91658436
91658437
91658438
91658439
91658440
91658441
91658442
91658443
91658444
91658445
91658446
91658447
91658448
91658449
91658450
91658451
91658452
91658453
91658454
91658455
91658456
91658457
91658458
91658459
91658460
91658461
91658462
91658463
91658464
91658465
91658466
91658467
91658468
91658469
91658470
91658471
91658472
91658473
91658474
91658475
91658476
91658477
91658478
91658479
91658480
91658481
91658482
91658483
91658484
91658485
91658486
91658487
91658488
91658489
91658490
91658491
91658492
91658493
91658494
91658495
91658496
91658497
91658498
91658499
91658500
91658501
91658502
91658503
91658504
91658505
91658506
91658507
91658508
91658509
91658510
91658511
91658512
91658513
91658514
91658515
91658516
91658517
91658518
91658519
91658520
91658521
91658522
91658523
91658524
91658525
91658526
91658527
91658528
91658529
91658530
91658531
91658532
91658533
91658534
91658535
91658536
91658537
91658538
91658539
91658540
91658541
91658542
91658543
91658544
91658545
91658546
91658547
91658548
91658549
91658550
91658551
91658552
91658553
91658554
91658555
91658556
91658557
91658558
91658559
91658560
91658561
91658562
91658563
91658564
91658565
91658566
91658567
91658568
91658569
91658570
91658571
91658572
91658573
91658574
91658575
91658576
91658577
91658578
91658579
91658580
91658581
91658582
91658583
91658584
91658585
91658586
91658587
91658588
91658589
91658590
91658591
91658592
91658593
91658594
91658595
91658596
91658597
91658598
91658599
91658600
91658601
91658602
91658603
91658604
91658605
91658606
91658607
91658608
91658609
91658610
91658611
91658612
91658613
91658614
91658615
91658616
91658617
91658618
91658619
91658620
91658621
91658622
91658623
91658624
91658625
91658626
91658627
91658628
91658629
91658630
91658631
91658632
91658633
91658634
91658635
91658636
91658637
91658638
91658639
91658640
91658641
91658642
91658643
91658644
91658645
91658646
91658647
91658648
91658649
91658650
91658651
91658652
91658653
91658654
91658655
91658656
91658657
91658658
91658659
91658660
91658661
91658662
91658663
91658664
91658665
91658666
91658667
91658668
91658669
91658670
91658671
91658672
91658673
91658674
91658675
91658676
91658677
91658678
91658679
91658680
91658681
91658682
91658683
91658684
91658685
91658686
91658687
91658688
91658689
91658690
91658691
91658692
91658693
91658694
91658695
91658696
91658697
91658698
91658699
91658700
91658701
91658702
91658703
91658704
91658705
91658706
91658707
91658708
91658709
91658710
91658711
91658712
91658713
91658714
91658715
91658716
91658717
91658718
91658719
91658720
91658721
91658722
91658723
91658724
91658725
91658726
91658727
91658728
91658729
91658730
91658731
91658732
91658733
91658734
91658735
91658736
91658737
91658738
91658739
91658740
91658741
91658742
91658743
91658744
91658745
91658746
91658747
91658748
91658749
91658750
91658751
91658752
91658753
91658754
91658755
91658756
91658757
91658758
91658759
91658760
91658761
91658762
91658763
91658764
91658765
91658766
91658767
91658768
91658769
91658770
91658771
91658772
91658773
91658774
91658775
91658776
91658777
91658778
91658779
91658780
91658781
91658782
91658783
91658784
91658785
91658786
91658787
91658788
91658789
91658790
91658791
91658792
91658793
91658794
91658795
91658796
91658797
91658798
91658799
91658800
91658801
91658802
91658803
91658804
91658805
91658806
91658807
91658808
91658809
91658810
91658811
91658812
91658813
91658814
91658815
91658816
91658817
91658818
91658819
91658820
91658821
91658822
91658823
91658824
91658825
91658826
91658827
91658828
91658829
91658830
91658831
91658832
91658833
91658834
91658835
91658836
91658837
91658838
91658839
91658840
91658841
91658842
91658843
91658844
91658845
91658846
91658847
91658848
91658849
91658850
91658851
91658852
91658853
91658854
91658855
91658856
91658857
91658858
91658859
91658860
91658861
91658862
91658863
91658864
91658865
91658866
91658867
91658868
91658869
91658870
91658871
91658872
91658873
91658874
91658875
91658876
91658877
91658878
91658879
91658880
91658881
91658882
91658883
91658884
91658885
91658886
91658887
91658888
91658889
