92358890
92358891
92358892
92358893
92358894
92358895
92358896
92358897
92358898
92358899
92358900
92358901
92358902
92358903
92358904
92358905
92358906
92358907
92358908
92358909
92358910
92358911
92358912
92358913
92358914
92358915
92358916
92358917
92358918
92358919
92358920
92358921
92358922
92358923
92358924
92358925
92358926
92358927
92358928
92358929
92358930
92358931
92358932
92358933
92358934
92358935
92358936
92358937
92358938
92358939
92358940
92358941
92358942
92358943
92358944
92358945
92358946
92358947
92358948
92358949
92358950
92358951
92358952
92358953
92358954
92358955
92358956
92358957
92358958
92358959
92358960
92358961
92358962
92358963
92358964
92358965
92358966
92358967
92358968
92358969
92358970
92358971
92358972
92358973
92358974
92358975
92358976
92358977
92358978
92358979
92358980
92358981
92358982
92358983
92358984
92358985
92358986
92358987
92358988
92358989
92358990
92358991
92358992
92358993
92358994
92358995
92358996
92358997
92358998
92358999
92359000
92359001
92359002
92359003
92359004
92359005
92359006
92359007
92359008
92359009
92359010
92359011
92359012
92359013
92359014
92359015
92359016
92359017
92359018
92359019
92359020
92359021
92359022
92359023
92359024
92359025
92359026
92359027
92359028
92359029
92359030
92359031
92359032
92359033
92359034
92359035
92359036
92359037
92359038
92359039
92359040
92359041
92359042
92359043
92359044
92359045
92359046
92359047
92359048
92359049
92359050
92359051
92359052
92359053
92359054
92359055
92359056
92359057
92359058
92359059
92359060
92359061
92359062
92359063
92359064
92359065
92359066
92359067
92359068
92359069
92359070
92359071
92359072
92359073
92359074
92359075
92359076
92359077
92359078
92359079
92359080
92359081
92359082
92359083
92359084
92359085
92359086
92359087
92359088
92359089
92359090
92359091
92359092
92359093
92359094
92359095
92359096
92359097
92359098
92359099
92359100
92359101
92359102
92359103
92359104
92359105
92359106
92359107
92359108
92359109
92359110
92359111
92359112
92359113
92359114
92359115
92359116
92359117
92359118
92359119
92359120
92359121
92359122
92359123
92359124
92359125
92359126
92359127
92359128
92359129
92359130
92359131
92359132
92359133
92359134
92359135
92359136
92359137
92359138
92359139
92359140
92359141
92359142
92359143
92359144
92359145
92359146
92359147
92359148
92359149
92359150
92359151
92359152
92359153
92359154
92359155
92359156
92359157
92359158
92359159
92359160
92359161
92359162
92359163
92359164
92359165
92359166
92359167
92359168
92359169
92359170
92359171
92359172
92359173
92359174
92359175
92359176
92359177
92359178
92359179
92359180
92359181
92359182
92359183
92359184
92359185
92359186
92359187
92359188
92359189
92359190
92359191
92359192
92359193
92359194
92359195
92359196
92359197
92359198
92359199
92359200
92359201
92359202
92359203
92359204
92359205
92359206
92359207
92359208
92359209
92359210
92359211
92359212
92359213
92359214
92359215
92359216
92359217
92359218
92359219
92359220
92359221
92359222
92359223
92359224
92359225
92359226
92359227
92359228
92359229
92359230
92359231
92359232
92359233
92359234
92359235
92359236
92359237
92359238
92359239
92359240
92359241
92359242
92359243
92359244
92359245
92359246
92359247
92359248
92359249
92359250
92359251
92359252
92359253
92359254
92359255
92359256
92359257
92359258
92359259
92359260
92359261
92359262
92359263
92359264
92359265
92359266
92359267
92359268
92359269
92359270
92359271
92359272
92359273
92359274
92359275
92359276
92359277
92359278
92359279
92359280
92359281
92359282
92359283
92359284
92359285
92359286
92359287
92359288
92359289
92359290
92359291
92359292
92359293
92359294
92359295
92359296
92359297
92359298
92359299
92359300
92359301
92359302
92359303
92359304
92359305
92359306
92359307
92359308
92359309
92359310
92359311
92359312
92359313
92359314
92359315
92359316
92359317
92359318
92359319
92359320
92359321
92359322
92359323
92359324
92359325
92359326
92359327
92359328
92359329
92359330
92359331
92359332
92359333
92359334
92359335
92359336
92359337
92359338
92359339
92359340
92359341
92359342
92359343
92359344
92359345
92359346
92359347
92359348
92359349
92359350
92359351
92359352
92359353
92359354
92359355
92359356
92359357
92359358
92359359
92359360
92359361
92359362
92359363
92359364
92359365
92359366
92359367
92359368
92359369
92359370
92359371
92359372
92359373
92359374
92359375
92359376
92359377
92359378
92359379
92359380
92359381
92359382
92359383
92359384
92359385
92359386
92359387
92359388
92359389
92359390
92359391
92359392
92359393
92359394
92359395
92359396
92359397
92359398
92359399
92359400
92359401
92359402
92359403
92359404
92359405
92359406
92359407
92359408
92359409
92359410
92359411
92359412
92359413
92359414
92359415
92359416
92359417
92359418
92359419
92359420
92359421
92359422
92359423
92359424
92359425
92359426
92359427
92359428
92359429
92359430
92359431
92359432
92359433
92359434
92359435
92359436
92359437
92359438
92359439
92359440
92359441
92359442
92359443
92359444
92359445
92359446
92359447
92359448
92359449
92359450
92359451
92359452
92359453
92359454
92359455
92359456
92359457
92359458
92359459
92359460
92359461
92359462
92359463
92359464
92359465
92359466
92359467
92359468
92359469
92359470
92359471
92359472
92359473
92359474
92359475
92359476
92359477
92359478
92359479
92359480
92359481
92359482
92359483
92359484
92359485
92359486
92359487
92359488
92359489
92359490
92359491
92359492
92359493
92359494
92359495
92359496
92359497
92359498
92359499
92359500
92359501
92359502
92359503
92359504
92359505
92359506
92359507
92359508
92359509
92359510
92359511
92359512
92359513
92359514
92359515
92359516
92359517
92359518
92359519
92359520
92359521
92359522
92359523
92359524
92359525
92359526
92359527
92359528
92359529
92359530
92359531
92359532
92359533
92359534
92359535
92359536
92359537
92359538
92359539
92359540
92359541
92359542
92359543
92359544
92359545
92359546
92359547
92359548
92359549
92359550
92359551
92359552
92359553
92359554
92359555
92359556
92359557
92359558
92359559
92359560
92359561
92359562
92359563
92359564
92359565
92359566
92359567
92359568
92359569
92359570
92359571
92359572
92359573
92359574
92359575
92359576
92359577
92359578
92359579
92359580
92359581
92359582
92359583
92359584
92359585
92359586
92359587
92359588
92359589
92359590
92359591
92359592
92359593
92359594
92359595
92359596
92359597
92359598
92359599
92359600
92359601
92359602
92359603
92359604
92359605
92359606
92359607
92359608
92359609
92359610
92359611
92359612
92359613
92359614
92359615
92359616
92359617
92359618
92359619
92359620
92359621
92359622
92359623
92359624
92359625
92359626
92359627
92359628
92359629
92359630
92359631
92359632
92359633
92359634
92359635
92359636
92359637
92359638
92359639
92359640
92359641
92359642
92359643
92359644
92359645
92359646
92359647
92359648
92359649
92359650
92359651
92359652
92359653
92359654
92359655
92359656
92359657
92359658
92359659
92359660
92359661
92359662
92359663
92359664
92359665
92359666
92359667
92359668
92359669
92359670
92359671
92359672
92359673
92359674
92359675
92359676
92359677
92359678
92359679
92359680
92359681
92359682
92359683
92359684
92359685
92359686
92359687
92359688
92359689
92359690
92359691
92359692
92359693
92359694
92359695
92359696
92359697
92359698
92359699
92359700
92359701
92359702
92359703
92359704
92359705
92359706
92359707
92359708
92359709
92359710
92359711
92359712
92359713
92359714
92359715
92359716
92359717
92359718
92359719
92359720
92359721
92359722
92359723
92359724
92359725
92359726
92359727
92359728
92359729
92359730
92359731
92359732
92359733
92359734
92359735
92359736
92359737
92359738
92359739
92359740
92359741
92359742
92359743
92359744
92359745
92359746
92359747
92359748
92359749
92359750
92359751
92359752
92359753
92359754
92359755
92359756
92359757
92359758
92359759
92359760
92359761
92359762
92359763
92359764
92359765
92359766
92359767
92359768
92359769
92359770
92359771
92359772
92359773
92359774
92359775
92359776
92359777
92359778
92359779
92359780
92359781
92359782
92359783
92359784
92359785
92359786
92359787
92359788
92359789
92359790
92359791
92359792
92359793
92359794
92359795
92359796
92359797
92359798
92359799
92359800
92359801
92359802
92359803
92359804
92359805
92359806
92359807
92359808
92359809
92359810
92359811
92359812
92359813
92359814
92359815
92359816
92359817
92359818
92359819
92359820
92359821
92359822
92359823
92359824
92359825
92359826
92359827
92359828
92359829
92359830
92359831
92359832
92359833
92359834
92359835
92359836
92359837
92359838
92359839
92359840
92359841
92359842
92359843
92359844
92359845
92359846
92359847
92359848
92359849
92359850
92359851
92359852
92359853
92359854
92359855
92359856
92359857
92359858
92359859
92359860
92359861
92359862
92359863
92359864
92359865
92359866
92359867
92359868
92359869
92359870
92359871
92359872
92359873
92359874
92359875
92359876
92359877
92359878
92359879
92359880
92359881
92359882
92359883
92359884
92359885
92359886
92359887
92359888
92359889
92359890
92359891
92359892
92359893
92359894
92359895
92359896
92359897
92359898
92359899
92359900
92359901
92359902
92359903
92359904
92359905
92359906
92359907
92359908
92359909
92359910
92359911
92359912
92359913
92359914
92359915
92359916
92359917
92359918
92359919
92359920
92359921
92359922
92359923
92359924
92359925
92359926
92359927
92359928
92359929
92359930
92359931
92359932
92359933
92359934
92359935
92359936
92359937
92359938
92359939
92359940
92359941
92359942
92359943
92359944
92359945
92359946
92359947
92359948
92359949
92359950
92359951
92359952
92359953
92359954
92359955
92359956
92359957
92359958
92359959
92359960
92359961
92359962
92359963
92359964
92359965
92359966
92359967
92359968
92359969
92359970
92359971
92359972
92359973
92359974
92359975
92359976
92359977
92359978
92359979
92359980
92359981
92359982
92359983
92359984
92359985
92359986
92359987
92359988
92359989
92359990
92359991
92359992
92359993
92359994
92359995
92359996
92359997
92359998
92359999
92360000
92360001
92360002
92360003
92360004
92360005
92360006
92360007
92360008
92360009
92360010
92360011
92360012
92360013
92360014
92360015
92360016
92360017
92360018
92360019
92360020
92360021
92360022
92360023
92360024
92360025
92360026
92360027
92360028
92360029
92360030
92360031
92360032
92360033
92360034
92360035
92360036
92360037
92360038
92360039
92360040
92360041
92360042
92360043
92360044
92360045
92360046
92360047
92360048
92360049
92360050
92360051
92360052
92360053
92360054
92360055
92360056
92360057
92360058
92360059
92360060
92360061
92360062
92360063
92360064
92360065
92360066
92360067
92360068
92360069
92360070
92360071
92360072
92360073
92360074
92360075
92360076
92360077
92360078
92360079
92360080
92360081
92360082
92360083
92360084
92360085
92360086
92360087
92360088
92360089
92360090
92360091
92360092
92360093
92360094
92360095
92360096
92360097
92360098
92360099
92360100
92360101
92360102
92360103
92360104
92360105
92360106
92360107
92360108
92360109
92360110
92360111
92360112
92360113
92360114
92360115
92360116
92360117
92360118
92360119
92360120
92360121
92360122
92360123
92360124
92360125
92360126
92360127
92360128
92360129
92360130
92360131
92360132
92360133
92360134
92360135
92360136
92360137
92360138
92360139
92360140
92360141
92360142
92360143
92360144
92360145
92360146
92360147
92360148
92360149
92360150
92360151
92360152
92360153
92360154
92360155
92360156
92360157
92360158
92360159
92360160
92360161
92360162
92360163
92360164
92360165
92360166
92360167
92360168
92360169
92360170
92360171
92360172
92360173
92360174
92360175
92360176
92360177
92360178
92360179
92360180
92360181
92360182
92360183
92360184
92360185
92360186
92360187
92360188
92360189
92360190
92360191
92360192
92360193
92360194
92360195
92360196
92360197
92360198
92360199
92360200
92360201
92360202
92360203
92360204
92360205
92360206
92360207
92360208
92360209
92360210
92360211
92360212
92360213
92360214
92360215
92360216
92360217
92360218
92360219
92360220
92360221
92360222
92360223
92360224
92360225
92360226
92360227
92360228
92360229
92360230
92360231
92360232
92360233
92360234
92360235
92360236
92360237
92360238
92360239
92360240
92360241
92360242
92360243
92360244
92360245
92360246
92360247
92360248
92360249
92360250
92360251
92360252
92360253
92360254
92360255
92360256
92360257
92360258
92360259
92360260
92360261
92360262
92360263
92360264
92360265
92360266
92360267
92360268
92360269
92360270
92360271
92360272
92360273
92360274
92360275
92360276
92360277
92360278
92360279
92360280
92360281
92360282
92360283
92360284
92360285
92360286
92360287
92360288
92360289
92360290
92360291
92360292
92360293
92360294
92360295
92360296
92360297
92360298
92360299
92360300
92360301
92360302
92360303
92360304
92360305
92360306
92360307
92360308
92360309
92360310
92360311
92360312
92360313
92360314
92360315
92360316
92360317
92360318
92360319
92360320
92360321
92360322
92360323
92360324
92360325
92360326
92360327
92360328
92360329
92360330
92360331
92360332
92360333
92360334
92360335
92360336
92360337
92360338
92360339
92360340
92360341
92360342
92360343
92360344
92360345
92360346
92360347
92360348
92360349
92360350
92360351
92360352
92360353
92360354
92360355
92360356
92360357
92360358
92360359
92360360
92360361
92360362
92360363
92360364
92360365
92360366
92360367
92360368
92360369
92360370
92360371
92360372
92360373
92360374
92360375
92360376
92360377
92360378
92360379
92360380
92360381
92360382
92360383
92360384
92360385
92360386
92360387
92360388
92360389
92360390
92360391
92360392
92360393
92360394
92360395
92360396
92360397
92360398
92360399
92360400
92360401
92360402
92360403
92360404
92360405
92360406
92360407
92360408
92360409
92360410
92360411
92360412
92360413
92360414
92360415
92360416
92360417
92360418
92360419
92360420
92360421
92360422
92360423
92360424
92360425
92360426
92360427
92360428
92360429
92360430
92360431
92360432
92360433
92360434
92360435
92360436
92360437
92360438
92360439
92360440
92360441
92360442
92360443
92360444
92360445
92360446
92360447
92360448
92360449
92360450
92360451
92360452
92360453
92360454
92360455
92360456
92360457
92360458
92360459
92360460
92360461
92360462
92360463
92360464
92360465
92360466
92360467
92360468
92360469
92360470
92360471
92360472
92360473
92360474
92360475
92360476
92360477
92360478
92360479
92360480
92360481
92360482
92360483
92360484
92360485
92360486
92360487
92360488
92360489
92360490
92360491
92360492
92360493
92360494
92360495
92360496
92360497
92360498
92360499
92360500
92360501
92360502
92360503
92360504
92360505
92360506
92360507
92360508
92360509
92360510
92360511
92360512
92360513
92360514
92360515
92360516
92360517
92360518
92360519
92360520
92360521
92360522
92360523
92360524
92360525
92360526
92360527
92360528
92360529
92360530
92360531
92360532
92360533
92360534
92360535
92360536
92360537
92360538
92360539
92360540
92360541
92360542
92360543
92360544
92360545
92360546
92360547
92360548
92360549
92360550
92360551
92360552
92360553
92360554
92360555
92360556
92360557
92360558
92360559
92360560
92360561
92360562
92360563
92360564
92360565
92360566
92360567
92360568
92360569
92360570
92360571
92360572
92360573
92360574
92360575
92360576
92360577
92360578
92360579
92360580
92360581
92360582
92360583
92360584
92360585
92360586
92360587
92360588
92360589
92360590
92360591
92360592
92360593
92360594
92360595
92360596
92360597
92360598
92360599
92360600
92360601
92360602
92360603
92360604
92360605
92360606
92360607
92360608
92360609
92360610
92360611
92360612
92360613
92360614
92360615
92360616
92360617
92360618
92360619
92360620
92360621
92360622
92360623
92360624
92360625
92360626
92360627
92360628
92360629
92360630
92360631
92360632
92360633
92360634
92360635
92360636
92360637
92360638
92360639
92360640
92360641
92360642
92360643
92360644
92360645
92360646
92360647
92360648
92360649
92360650
92360651
92360652
92360653
92360654
92360655
92360656
92360657
92360658
92360659
92360660
92360661
92360662
92360663
92360664
92360665
92360666
92360667
92360668
92360669
92360670
92360671
92360672
92360673
92360674
92360675
92360676
92360677
92360678
92360679
92360680
92360681
92360682
92360683
92360684
92360685
92360686
92360687
92360688
92360689
92360690
92360691
92360692
92360693
92360694
92360695
92360696
92360697
92360698
92360699
92360700
92360701
92360702
92360703
92360704
92360705
92360706
92360707
92360708
92360709
92360710
92360711
92360712
92360713
92360714
92360715
92360716
92360717
92360718
92360719
92360720
92360721
92360722
92360723
92360724
92360725
92360726
92360727
92360728
92360729
92360730
92360731
92360732
92360733
92360734
92360735
92360736
92360737
92360738
92360739
92360740
92360741
92360742
92360743
92360744
92360745
92360746
92360747
92360748
92360749
92360750
92360751
92360752
92360753
92360754
92360755
92360756
92360757
92360758
92360759
92360760
92360761
92360762
92360763
92360764
92360765
92360766
92360767
92360768
92360769
92360770
92360771
92360772
92360773
92360774
92360775
92360776
92360777
92360778
92360779
92360780
92360781
92360782
92360783
92360784
92360785
92360786
92360787
92360788
92360789
92360790
92360791
92360792
92360793
92360794
92360795
92360796
92360797
92360798
92360799
92360800
92360801
92360802
92360803
92360804
92360805
92360806
92360807
92360808
92360809
92360810
92360811
92360812
92360813
92360814
92360815
92360816
92360817
92360818
92360819
92360820
92360821
92360822
92360823
92360824
92360825
92360826
92360827
92360828
92360829
92360830
92360831
92360832
92360833
92360834
92360835
92360836
92360837
92360838
92360839
92360840
92360841
92360842
92360843
92360844
92360845
92360846
92360847
92360848
92360849
92360850
92360851
92360852
92360853
92360854
92360855
92360856
92360857
92360858
92360859
92360860
92360861
92360862
92360863
92360864
92360865
92360866
92360867
92360868
92360869
92360870
92360871
92360872
92360873
92360874
92360875
92360876
92360877
92360878
92360879
92360880
92360881
92360882
92360883
92360884
92360885
92360886
92360887
92360888
92360889
92360890
92360891
92360892
92360893
92360894
92360895
92360896
92360897
92360898
92360899
92360900
92360901
92360902
92360903
92360904
92360905
92360906
92360907
92360908
92360909
92360910
92360911
92360912
92360913
92360914
92360915
92360916
92360917
92360918
92360919
92360920
92360921
92360922
92360923
92360924
92360925
92360926
92360927
92360928
92360929
92360930
92360931
92360932
92360933
92360934
92360935
92360936
92360937
92360938
92360939
92360940
92360941
92360942
92360943
92360944
92360945
92360946
92360947
92360948
92360949
92360950
92360951
92360952
92360953
92360954
92360955
92360956
92360957
92360958
92360959
92360960
92360961
92360962
92360963
92360964
92360965
92360966
92360967
92360968
92360969
92360970
92360971
92360972
92360973
92360974
92360975
92360976
92360977
92360978
92360979
92360980
92360981
92360982
92360983
92360984
92360985
92360986
92360987
92360988
92360989
92360990
92360991
92360992
92360993
92360994
92360995
92360996
92360997
92360998
92360999
92361000
92361001
92361002
92361003
92361004
92361005
92361006
92361007
92361008
92361009
92361010
92361011
92361012
92361013
92361014
92361015
92361016
92361017
92361018
92361019
92361020
92361021
92361022
92361023
92361024
92361025
92361026
92361027
92361028
92361029
92361030
92361031
92361032
92361033
92361034
92361035
92361036
92361037
92361038
92361039
92361040
92361041
92361042
92361043
92361044
92361045
92361046
92361047
92361048
92361049
92361050
92361051
92361052
92361053
92361054
92361055
92361056
92361057
92361058
92361059
92361060
92361061
92361062
92361063
92361064
92361065
92361066
92361067
92361068
92361069
92361070
92361071
92361072
92361073
92361074
92361075
92361076
92361077
92361078
92361079
92361080
92361081
92361082
92361083
92361084
92361085
92361086
92361087
92361088
92361089
92361090
92361091
92361092
92361093
92361094
92361095
92361096
92361097
92361098
92361099
92361100
92361101
92361102
92361103
92361104
92361105
92361106
92361107
92361108
92361109
92361110
92361111
92361112
92361113
92361114
92361115
92361116
92361117
92361118
92361119
92361120
92361121
92361122
92361123
92361124
92361125
92361126
92361127
92361128
92361129
92361130
92361131
92361132
92361133
92361134
92361135
92361136
92361137
92361138
92361139
92361140
92361141
92361142
92361143
92361144
92361145
92361146
92361147
92361148
92361149
92361150
92361151
92361152
92361153
92361154
92361155
92361156
92361157
92361158
92361159
92361160
92361161
92361162
92361163
92361164
92361165
92361166
92361167
92361168
92361169
92361170
92361171
92361172
92361173
92361174
92361175
92361176
92361177
92361178
92361179
92361180
92361181
92361182
92361183
92361184
92361185
92361186
92361187
92361188
92361189
92361190
92361191
92361192
92361193
92361194
92361195
92361196
92361197
92361198
92361199
92361200
92361201
92361202
92361203
92361204
92361205
92361206
92361207
92361208
92361209
92361210
92361211
92361212
92361213
92361214
92361215
92361216
92361217
92361218
92361219
92361220
92361221
92361222
92361223
92361224
92361225
92361226
92361227
92361228
92361229
92361230
92361231
92361232
92361233
92361234
92361235
92361236
92361237
92361238
92361239
92361240
92361241
92361242
92361243
92361244
92361245
92361246
92361247
92361248
92361249
92361250
92361251
92361252
92361253
92361254
92361255
92361256
92361257
92361258
92361259
92361260
92361261
92361262
92361263
92361264
92361265
92361266
92361267
92361268
92361269
92361270
92361271
92361272
92361273
92361274
92361275
92361276
92361277
92361278
92361279
92361280
92361281
92361282
92361283
92361284
92361285
92361286
92361287
92361288
92361289
92361290
92361291
92361292
92361293
92361294
92361295
92361296
92361297
92361298
92361299
92361300
92361301
92361302
92361303
92361304
92361305
92361306
92361307
92361308
92361309
92361310
92361311
92361312
92361313
92361314
92361315
92361316
92361317
92361318
92361319
92361320
92361321
92361322
92361323
92361324
92361325
92361326
92361327
92361328
92361329
92361330
92361331
92361332
92361333
92361334
92361335
92361336
92361337
92361338
92361339
92361340
92361341
92361342
92361343
92361344
92361345
92361346
92361347
92361348
92361349
92361350
92361351
92361352
92361353
92361354
92361355
92361356
92361357
92361358
92361359
92361360
92361361
92361362
92361363
92361364
92361365
92361366
92361367
92361368
92361369
92361370
92361371
92361372
92361373
92361374
92361375
92361376
92361377
92361378
92361379
92361380
92361381
92361382
92361383
92361384
92361385
92361386
92361387
92361388
92361389
92361390
92361391
92361392
92361393
92361394
92361395
92361396
92361397
92361398
92361399
92361400
92361401
92361402
92361403
92361404
92361405
92361406
92361407
92361408
92361409
92361410
92361411
92361412
92361413
92361414
92361415
92361416
92361417
92361418
92361419
92361420
92361421
92361422
92361423
92361424
92361425
92361426
92361427
92361428
92361429
92361430
92361431
92361432
92361433
92361434
92361435
92361436
92361437
92361438
92361439
92361440
92361441
92361442
92361443
92361444
92361445
92361446
92361447
92361448
92361449
92361450
92361451
92361452
92361453
92361454
92361455
92361456
92361457
92361458
92361459
92361460
92361461
92361462
92361463
92361464
92361465
92361466
92361467
92361468
92361469
92361470
92361471
92361472
92361473
92361474
92361475
92361476
92361477
92361478
92361479
92361480
92361481
92361482
92361483
92361484
92361485
92361486
92361487
92361488
92361489
92361490
92361491
92361492
92361493
92361494
92361495
92361496
92361497
92361498
92361499
92361500
92361501
92361502
92361503
92361504
92361505
92361506
92361507
92361508
92361509
92361510
92361511
92361512
92361513
92361514
92361515
92361516
92361517
92361518
92361519
92361520
92361521
92361522
92361523
92361524
92361525
92361526
92361527
92361528
92361529
92361530
92361531
92361532
92361533
92361534
92361535
92361536
92361537
92361538
92361539
92361540
92361541
92361542
92361543
92361544
92361545
92361546
92361547
92361548
92361549
92361550
92361551
92361552
92361553
92361554
92361555
92361556
92361557
92361558
92361559
92361560
92361561
92361562
92361563
92361564
92361565
92361566
92361567
92361568
92361569
92361570
92361571
92361572
92361573
92361574
92361575
92361576
92361577
92361578
92361579
92361580
92361581
92361582
92361583
92361584
92361585
92361586
92361587
92361588
92361589
92361590
92361591
92361592
92361593
92361594
92361595
92361596
92361597
92361598
92361599
92361600
92361601
92361602
92361603
92361604
92361605
92361606
92361607
92361608
92361609
92361610
92361611
92361612
92361613
92361614
92361615
92361616
92361617
92361618
92361619
92361620
92361621
92361622
92361623
92361624
92361625
92361626
92361627
92361628
92361629
92361630
92361631
92361632
92361633
92361634
92361635
92361636
92361637
92361638
92361639
92361640
92361641
92361642
92361643
92361644
92361645
92361646
92361647
92361648
92361649
92361650
92361651
92361652
92361653
92361654
92361655
92361656
92361657
92361658
92361659
92361660
92361661
92361662
92361663
92361664
92361665
92361666
92361667
92361668
92361669
92361670
92361671
92361672
92361673
92361674
92361675
92361676
92361677
92361678
92361679
92361680
92361681
92361682
92361683
92361684
92361685
92361686
92361687
92361688
92361689
92361690
92361691
92361692
92361693
92361694
92361695
92361696
92361697
92361698
92361699
92361700
92361701
92361702
92361703
92361704
92361705
92361706
92361707
92361708
92361709
92361710
92361711
92361712
92361713
92361714
92361715
92361716
92361717
92361718
92361719
92361720
92361721
92361722
92361723
92361724
92361725
92361726
92361727
92361728
92361729
92361730
92361731
92361732
92361733
92361734
92361735
92361736
92361737
92361738
92361739
92361740
92361741
92361742
92361743
92361744
92361745
92361746
92361747
92361748
92361749
92361750
92361751
92361752
92361753
92361754
92361755
92361756
92361757
92361758
92361759
92361760
92361761
92361762
92361763
92361764
92361765
92361766
92361767
92361768
92361769
92361770
92361771
92361772
92361773
92361774
92361775
92361776
92361777
92361778
92361779
92361780
92361781
92361782
92361783
92361784
92361785
92361786
92361787
92361788
92361789
92361790
92361791
92361792
92361793
92361794
92361795
92361796
92361797
92361798
92361799
92361800
92361801
92361802
92361803
92361804
92361805
92361806
92361807
92361808
92361809
92361810
92361811
92361812
92361813
92361814
92361815
92361816
92361817
92361818
92361819
92361820
92361821
92361822
92361823
92361824
92361825
92361826
92361827
92361828
92361829
92361830
92361831
92361832
92361833
92361834
92361835
92361836
92361837
92361838
92361839
92361840
92361841
92361842
92361843
92361844
92361845
92361846
92361847
92361848
92361849
92361850
92361851
92361852
92361853
92361854
92361855
92361856
92361857
92361858
92361859
92361860
92361861
92361862
92361863
92361864
92361865
92361866
92361867
92361868
92361869
92361870
92361871
92361872
92361873
92361874
92361875
92361876
92361877
92361878
92361879
92361880
92361881
92361882
92361883
92361884
92361885
92361886
92361887
92361888
92361889
92361890
92361891
92361892
92361893
92361894
92361895
92361896
92361897
92361898
92361899
92361900
92361901
92361902
92361903
92361904
92361905
92361906
92361907
92361908
92361909
92361910
92361911
92361912
92361913
92361914
92361915
92361916
92361917
92361918
92361919
92361920
92361921
92361922
92361923
92361924
92361925
92361926
92361927
92361928
92361929
92361930
92361931
92361932
92361933
92361934
92361935
92361936
92361937
92361938
92361939
92361940
92361941
92361942
92361943
92361944
92361945
92361946
92361947
92361948
92361949
92361950
92361951
92361952
92361953
92361954
92361955
92361956
92361957
92361958
92361959
92361960
92361961
92361962
92361963
92361964
92361965
92361966
92361967
92361968
92361969
92361970
92361971
92361972
92361973
92361974
92361975
92361976
92361977
92361978
92361979
92361980
92361981
92361982
92361983
92361984
92361985
92361986
92361987
92361988
92361989
92361990
92361991
92361992
92361993
92361994
92361995
92361996
92361997
92361998
92361999
92362000
92362001
92362002
92362003
92362004
92362005
92362006
92362007
92362008
92362009
92362010
92362011
92362012
92362013
92362014
92362015
92362016
92362017
92362018
92362019
92362020
92362021
92362022
92362023
92362024
92362025
92362026
92362027
92362028
92362029
92362030
92362031
92362032
92362033
92362034
92362035
92362036
92362037
92362038
92362039
92362040
92362041
92362042
92362043
92362044
92362045
92362046
92362047
92362048
92362049
92362050
92362051
92362052
92362053
92362054
92362055
92362056
92362057
92362058
92362059
92362060
92362061
92362062
92362063
92362064
92362065
92362066
92362067
92362068
92362069
92362070
92362071
92362072
92362073
92362074
92362075
92362076
92362077
92362078
92362079
92362080
92362081
92362082
92362083
92362084
92362085
92362086
92362087
92362088
92362089
92362090
92362091
92362092
92362093
92362094
92362095
92362096
92362097
92362098
92362099
92362100
92362101
92362102
92362103
92362104
92362105
92362106
92362107
92362108
92362109
92362110
92362111
92362112
92362113
92362114
92362115
92362116
92362117
92362118
92362119
92362120
92362121
92362122
92362123
92362124
92362125
92362126
92362127
92362128
92362129
92362130
92362131
92362132
92362133
92362134
92362135
92362136
92362137
92362138
92362139
92362140
92362141
92362142
92362143
92362144
92362145
92362146
92362147
92362148
92362149
92362150
92362151
92362152
92362153
92362154
92362155
92362156
92362157
92362158
92362159
92362160
92362161
92362162
92362163
92362164
92362165
92362166
92362167
92362168
92362169
92362170
92362171
92362172
92362173
92362174
92362175
92362176
92362177
92362178
92362179
92362180
92362181
92362182
92362183
92362184
92362185
92362186
92362187
92362188
92362189
92362190
92362191
92362192
92362193
92362194
92362195
92362196
92362197
92362198
92362199
92362200
92362201
92362202
92362203
92362204
92362205
92362206
92362207
92362208
92362209
92362210
92362211
92362212
92362213
92362214
92362215
92362216
92362217
92362218
92362219
92362220
92362221
92362222
92362223
92362224
92362225
92362226
92362227
92362228
92362229
92362230
92362231
92362232
92362233
92362234
92362235
92362236
92362237
92362238
92362239
92362240
92362241
92362242
92362243
92362244
92362245
92362246
92362247
92362248
92362249
92362250
92362251
92362252
92362253
92362254
92362255
92362256
92362257
92362258
92362259
92362260
92362261
92362262
92362263
92362264
92362265
92362266
92362267
92362268
92362269
92362270
92362271
92362272
92362273
92362274
92362275
92362276
92362277
92362278
92362279
92362280
92362281
92362282
92362283
92362284
92362285
92362286
92362287
92362288
92362289
92362290
92362291
92362292
92362293
92362294
92362295
92362296
92362297
92362298
92362299
92362300
92362301
92362302
92362303
92362304
92362305
92362306
92362307
92362308
92362309
92362310
92362311
92362312
92362313
92362314
92362315
92362316
92362317
92362318
92362319
92362320
92362321
92362322
92362323
92362324
92362325
92362326
92362327
92362328
92362329
92362330
92362331
92362332
92362333
92362334
92362335
92362336
92362337
92362338
92362339
92362340
92362341
92362342
92362343
92362344
92362345
92362346
92362347
92362348
92362349
92362350
92362351
92362352
92362353
92362354
92362355
92362356
92362357
92362358
92362359
92362360
92362361
92362362
92362363
92362364
92362365
92362366
92362367
92362368
92362369
92362370
92362371
92362372
92362373
92362374
92362375
92362376
92362377
92362378
92362379
92362380
92362381
92362382
92362383
92362384
92362385
92362386
92362387
92362388
92362389
92362390
92362391
92362392
92362393
92362394
92362395
92362396
92362397
92362398
92362399
92362400
92362401
92362402
92362403
92362404
92362405
92362406
92362407
92362408
92362409
92362410
92362411
92362412
92362413
92362414
92362415
92362416
92362417
92362418
92362419
92362420
92362421
92362422
92362423
92362424
92362425
92362426
92362427
92362428
92362429
92362430
92362431
92362432
92362433
92362434
92362435
92362436
92362437
92362438
92362439
92362440
92362441
92362442
92362443
92362444
92362445
92362446
92362447
92362448
92362449
92362450
92362451
92362452
92362453
92362454
92362455
92362456
92362457
92362458
92362459
92362460
92362461
92362462
92362463
92362464
92362465
92362466
92362467
92362468
92362469
92362470
92362471
92362472
92362473
92362474
92362475
92362476
92362477
92362478
92362479
92362480
92362481
92362482
92362483
92362484
92362485
92362486
92362487
92362488
92362489
92362490
92362491
92362492
92362493
92362494
92362495
92362496
92362497
92362498
92362499
92362500
92362501
92362502
92362503
92362504
92362505
92362506
92362507
92362508
92362509
92362510
92362511
92362512
92362513
92362514
92362515
92362516
92362517
92362518
92362519
92362520
92362521
92362522
92362523
92362524
92362525
92362526
92362527
92362528
92362529
92362530
92362531
92362532
92362533
92362534
92362535
92362536
92362537
92362538
92362539
92362540
92362541
92362542
92362543
92362544
92362545
92362546
92362547
92362548
92362549
92362550
92362551
92362552
92362553
92362554
92362555
92362556
92362557
92362558
92362559
92362560
92362561
92362562
92362563
92362564
92362565
92362566
92362567
92362568
92362569
92362570
92362571
92362572
92362573
92362574
92362575
92362576
92362577
92362578
92362579
92362580
92362581
92362582
92362583
92362584
92362585
92362586
92362587
92362588
92362589
92362590
92362591
92362592
92362593
92362594
92362595
92362596
92362597
92362598
92362599
92362600
92362601
92362602
92362603
92362604
92362605
92362606
92362607
92362608
92362609
92362610
92362611
92362612
92362613
92362614
92362615
92362616
92362617
92362618
92362619
92362620
92362621
92362622
92362623
92362624
92362625
92362626
92362627
92362628
92362629
92362630
92362631
92362632
92362633
92362634
92362635
92362636
92362637
92362638
92362639
92362640
92362641
92362642
92362643
92362644
92362645
92362646
92362647
92362648
92362649
92362650
92362651
92362652
92362653
92362654
92362655
92362656
92362657
92362658
92362659
92362660
92362661
92362662
92362663
92362664
92362665
92362666
92362667
92362668
92362669
92362670
92362671
92362672
92362673
92362674
92362675
92362676
92362677
92362678
92362679
92362680
92362681
92362682
92362683
92362684
92362685
92362686
92362687
92362688
92362689
92362690
92362691
92362692
92362693
92362694
92362695
92362696
92362697
92362698
92362699
92362700
92362701
92362702
92362703
92362704
92362705
92362706
92362707
92362708
92362709
92362710
92362711
92362712
92362713
92362714
92362715
92362716
92362717
92362718
92362719
92362720
92362721
92362722
92362723
92362724
92362725
92362726
92362727
92362728
92362729
92362730
92362731
92362732
92362733
92362734
92362735
92362736
92362737
92362738
92362739
92362740
92362741
92362742
92362743
92362744
92362745
92362746
92362747
92362748
92362749
92362750
92362751
92362752
92362753
92362754
92362755
92362756
92362757
92362758
92362759
92362760
92362761
92362762
92362763
92362764
92362765
92362766
92362767
92362768
92362769
92362770
92362771
92362772
92362773
92362774
92362775
92362776
92362777
92362778
92362779
92362780
92362781
92362782
92362783
92362784
92362785
92362786
92362787
92362788
92362789
92362790
92362791
92362792
92362793
92362794
92362795
92362796
92362797
92362798
92362799
92362800
92362801
92362802
92362803
92362804
92362805
92362806
92362807
92362808
92362809
92362810
92362811
92362812
92362813
92362814
92362815
92362816
92362817
92362818
92362819
92362820
92362821
92362822
92362823
92362824
92362825
92362826
92362827
92362828
92362829
92362830
92362831
92362832
92362833
92362834
92362835
92362836
92362837
92362838
92362839
92362840
92362841
92362842
92362843
92362844
92362845
92362846
92362847
92362848
92362849
92362850
92362851
92362852
92362853
92362854
92362855
92362856
92362857
92362858
92362859
92362860
92362861
92362862
92362863
92362864
92362865
92362866
92362867
92362868
92362869
92362870
92362871
92362872
92362873
92362874
92362875
92362876
92362877
92362878
92362879
92362880
92362881
92362882
92362883
92362884
92362885
92362886
92362887
92362888
92362889
92362890
92362891
92362892
92362893
92362894
92362895
92362896
92362897
92362898
92362899
92362900
92362901
92362902
92362903
92362904
92362905
92362906
92362907
92362908
92362909
92362910
92362911
92362912
92362913
92362914
92362915
92362916
92362917
92362918
92362919
92362920
92362921
92362922
92362923
92362924
92362925
92362926
92362927
92362928
92362929
92362930
92362931
92362932
92362933
92362934
92362935
92362936
92362937
92362938
92362939
92362940
92362941
92362942
92362943
92362944
92362945
92362946
92362947
92362948
92362949
92362950
92362951
92362952
92362953
92362954
92362955
92362956
92362957
92362958
92362959
92362960
92362961
92362962
92362963
92362964
92362965
92362966
92362967
92362968
92362969
92362970
92362971
92362972
92362973
92362974
92362975
92362976
92362977
92362978
92362979
92362980
92362981
92362982
92362983
92362984
92362985
92362986
92362987
92362988
92362989
92362990
92362991
92362992
92362993
92362994
92362995
92362996
92362997
92362998
92362999
92363000
92363001
92363002
92363003
92363004
92363005
92363006
92363007
92363008
92363009
92363010
92363011
92363012
92363013
92363014
92363015
92363016
92363017
92363018
92363019
92363020
92363021
92363022
92363023
92363024
92363025
92363026
92363027
92363028
92363029
92363030
92363031
92363032
92363033
92363034
92363035
92363036
92363037
92363038
92363039
92363040
92363041
92363042
92363043
92363044
92363045
92363046
92363047
92363048
92363049
92363050
92363051
92363052
92363053
92363054
92363055
92363056
92363057
92363058
92363059
92363060
92363061
92363062
92363063
92363064
92363065
92363066
92363067
92363068
92363069
92363070
92363071
92363072
92363073
92363074
92363075
92363076
92363077
92363078
92363079
92363080
92363081
92363082
92363083
92363084
92363085
92363086
92363087
92363088
92363089
92363090
92363091
92363092
92363093
92363094
92363095
92363096
92363097
92363098
92363099
92363100
92363101
92363102
92363103
92363104
92363105
92363106
92363107
92363108
92363109
92363110
92363111
92363112
92363113
92363114
92363115
92363116
92363117
92363118
92363119
92363120
92363121
92363122
92363123
92363124
92363125
92363126
92363127
92363128
92363129
92363130
92363131
92363132
92363133
92363134
92363135
92363136
92363137
92363138
92363139
92363140
92363141
92363142
92363143
92363144
92363145
92363146
92363147
92363148
92363149
92363150
92363151
92363152
92363153
92363154
92363155
92363156
92363157
92363158
92363159
92363160
92363161
92363162
92363163
92363164
92363165
92363166
92363167
92363168
92363169
92363170
92363171
92363172
92363173
92363174
92363175
92363176
92363177
92363178
92363179
92363180
92363181
92363182
92363183
92363184
92363185
92363186
92363187
92363188
92363189
92363190
92363191
92363192
92363193
92363194
92363195
92363196
92363197
92363198
92363199
92363200
92363201
92363202
92363203
92363204
92363205
92363206
92363207
92363208
92363209
92363210
92363211
92363212
92363213
92363214
92363215
92363216
92363217
92363218
92363219
92363220
92363221
92363222
92363223
92363224
92363225
92363226
92363227
92363228
92363229
92363230
92363231
92363232
92363233
92363234
92363235
92363236
92363237
92363238
92363239
92363240
92363241
92363242
92363243
92363244
92363245
92363246
92363247
92363248
92363249
92363250
92363251
92363252
92363253
92363254
92363255
92363256
92363257
92363258
92363259
92363260
92363261
92363262
92363263
92363264
92363265
92363266
92363267
92363268
92363269
92363270
92363271
92363272
92363273
92363274
92363275
92363276
92363277
92363278
92363279
92363280
92363281
92363282
92363283
92363284
92363285
92363286
92363287
92363288
92363289
92363290
92363291
92363292
92363293
92363294
92363295
92363296
92363297
92363298
92363299
92363300
92363301
92363302
92363303
92363304
92363305
92363306
92363307
92363308
92363309
92363310
92363311
92363312
92363313
92363314
92363315
92363316
92363317
92363318
92363319
92363320
92363321
92363322
92363323
92363324
92363325
92363326
92363327
92363328
92363329
92363330
92363331
92363332
92363333
92363334
92363335
92363336
92363337
92363338
92363339
92363340
92363341
92363342
92363343
92363344
92363345
92363346
92363347
92363348
92363349
92363350
92363351
92363352
92363353
92363354
92363355
92363356
92363357
92363358
92363359
92363360
92363361
92363362
92363363
92363364
92363365
92363366
92363367
92363368
92363369
92363370
92363371
92363372
92363373
92363374
92363375
92363376
92363377
92363378
92363379
92363380
92363381
92363382
92363383
92363384
92363385
92363386
92363387
92363388
92363389
92363390
92363391
92363392
92363393
92363394
92363395
92363396
92363397
92363398
92363399
92363400
92363401
92363402
92363403
92363404
92363405
92363406
92363407
92363408
92363409
92363410
92363411
92363412
92363413
92363414
92363415
92363416
92363417
92363418
92363419
92363420
92363421
92363422
92363423
92363424
92363425
92363426
92363427
92363428
92363429
92363430
92363431
92363432
92363433
92363434
92363435
92363436
92363437
92363438
92363439
92363440
92363441
92363442
92363443
92363444
92363445
92363446
92363447
92363448
92363449
92363450
92363451
92363452
92363453
92363454
92363455
92363456
92363457
92363458
92363459
92363460
92363461
92363462
92363463
92363464
92363465
92363466
92363467
92363468
92363469
92363470
92363471
92363472
92363473
92363474
92363475
92363476
92363477
92363478
92363479
92363480
92363481
92363482
92363483
92363484
92363485
92363486
92363487
92363488
92363489
92363490
92363491
92363492
92363493
92363494
92363495
92363496
92363497
92363498
92363499
92363500
92363501
92363502
92363503
92363504
92363505
92363506
92363507
92363508
92363509
92363510
92363511
92363512
92363513
92363514
92363515
92363516
92363517
92363518
92363519
92363520
92363521
92363522
92363523
92363524
92363525
92363526
92363527
92363528
92363529
92363530
92363531
92363532
92363533
92363534
92363535
92363536
92363537
92363538
92363539
92363540
92363541
92363542
92363543
92363544
92363545
92363546
92363547
92363548
92363549
92363550
92363551
92363552
92363553
92363554
92363555
92363556
92363557
92363558
92363559
92363560
92363561
92363562
92363563
92363564
92363565
92363566
92363567
92363568
92363569
92363570
92363571
92363572
92363573
92363574
92363575
92363576
92363577
92363578
92363579
92363580
92363581
92363582
92363583
92363584
92363585
92363586
92363587
92363588
92363589
92363590
92363591
92363592
92363593
92363594
92363595
92363596
92363597
92363598
92363599
92363600
92363601
92363602
92363603
92363604
92363605
92363606
92363607
92363608
92363609
92363610
92363611
92363612
92363613
92363614
92363615
92363616
92363617
92363618
92363619
92363620
92363621
92363622
92363623
92363624
92363625
92363626
92363627
92363628
92363629
92363630
92363631
92363632
92363633
92363634
92363635
92363636
92363637
92363638
92363639
92363640
92363641
92363642
92363643
92363644
92363645
92363646
92363647
92363648
92363649
92363650
92363651
92363652
92363653
92363654
92363655
92363656
92363657
92363658
92363659
92363660
92363661
92363662
92363663
92363664
92363665
92363666
92363667
92363668
92363669
92363670
92363671
92363672
92363673
92363674
92363675
92363676
92363677
92363678
92363679
92363680
92363681
92363682
92363683
92363684
92363685
92363686
92363687
92363688
92363689
92363690
92363691
92363692
92363693
92363694
92363695
92363696
92363697
92363698
92363699
92363700
92363701
92363702
92363703
92363704
92363705
92363706
92363707
92363708
92363709
92363710
92363711
92363712
92363713
92363714
92363715
92363716
92363717
92363718
92363719
92363720
92363721
92363722
92363723
92363724
92363725
92363726
92363727
92363728
92363729
92363730
92363731
92363732
92363733
92363734
92363735
92363736
92363737
92363738
92363739
92363740
92363741
92363742
92363743
92363744
92363745
92363746
92363747
92363748
92363749
92363750
92363751
92363752
92363753
92363754
92363755
92363756
92363757
92363758
92363759
92363760
92363761
92363762
92363763
92363764
92363765
92363766
92363767
92363768
92363769
92363770
92363771
92363772
92363773
92363774
92363775
92363776
92363777
92363778
92363779
92363780
92363781
92363782
92363783
92363784
92363785
92363786
92363787
92363788
92363789
92363790
92363791
92363792
92363793
92363794
92363795
92363796
92363797
92363798
92363799
92363800
92363801
92363802
92363803
92363804
92363805
92363806
92363807
92363808
92363809
92363810
92363811
92363812
92363813
92363814
92363815
92363816
92363817
92363818
92363819
92363820
92363821
92363822
92363823
92363824
92363825
92363826
92363827
92363828
92363829
92363830
92363831
92363832
92363833
92363834
92363835
92363836
92363837
92363838
92363839
92363840
92363841
92363842
92363843
92363844
92363845
92363846
92363847
92363848
92363849
92363850
92363851
92363852
92363853
92363854
92363855
92363856
92363857
92363858
92363859
92363860
92363861
92363862
92363863
92363864
92363865
92363866
92363867
92363868
92363869
92363870
92363871
92363872
92363873
92363874
92363875
92363876
92363877
92363878
92363879
92363880
92363881
92363882
92363883
92363884
92363885
92363886
92363887
92363888
92363889
92363890
92363891
92363892
92363893
92363894
92363895
92363896
92363897
92363898
92363899
92363900
92363901
92363902
92363903
92363904
92363905
92363906
92363907
92363908
92363909
92363910
92363911
92363912
92363913
92363914
92363915
92363916
92363917
92363918
92363919
92363920
92363921
92363922
92363923
92363924
92363925
92363926
92363927
92363928
92363929
92363930
92363931
92363932
92363933
92363934
92363935
92363936
92363937
92363938
92363939
92363940
92363941
92363942
92363943
92363944
92363945
92363946
92363947
92363948
92363949
92363950
92363951
92363952
92363953
92363954
92363955
92363956
92363957
92363958
92363959
92363960
92363961
92363962
92363963
92363964
92363965
92363966
92363967
92363968
92363969
92363970
92363971
92363972
92363973
92363974
92363975
92363976
92363977
92363978
92363979
92363980
92363981
92363982
92363983
92363984
92363985
92363986
92363987
92363988
92363989
92363990
92363991
92363992
92363993
92363994
92363995
92363996
92363997
92363998
92363999
92364000
92364001
92364002
92364003
92364004
92364005
92364006
92364007
92364008
92364009
92364010
92364011
92364012
92364013
92364014
92364015
92364016
92364017
92364018
92364019
92364020
92364021
92364022
92364023
92364024
92364025
92364026
92364027
92364028
92364029
92364030
92364031
92364032
92364033
92364034
92364035
92364036
92364037
92364038
92364039
92364040
92364041
92364042
92364043
92364044
92364045
92364046
92364047
92364048
92364049
92364050
92364051
92364052
92364053
92364054
92364055
92364056
92364057
92364058
92364059
92364060
92364061
92364062
92364063
92364064
92364065
92364066
92364067
92364068
92364069
92364070
92364071
92364072
92364073
92364074
92364075
92364076
92364077
92364078
92364079
92364080
92364081
92364082
92364083
92364084
92364085
92364086
92364087
92364088
92364089
92364090
92364091
92364092
92364093
92364094
92364095
92364096
92364097
92364098
92364099
92364100
92364101
92364102
92364103
92364104
92364105
92364106
92364107
92364108
92364109
92364110
92364111
92364112
92364113
92364114
92364115
92364116
92364117
92364118
92364119
92364120
92364121
92364122
92364123
92364124
92364125
92364126
92364127
92364128
92364129
92364130
92364131
92364132
92364133
92364134
92364135
92364136
92364137
92364138
92364139
92364140
92364141
92364142
92364143
92364144
92364145
92364146
92364147
92364148
92364149
92364150
92364151
92364152
92364153
92364154
92364155
92364156
92364157
92364158
92364159
92364160
92364161
92364162
92364163
92364164
92364165
92364166
92364167
92364168
92364169
92364170
92364171
92364172
92364173
92364174
92364175
92364176
92364177
92364178
92364179
92364180
92364181
92364182
92364183
92364184
92364185
92364186
92364187
92364188
92364189
92364190
92364191
92364192
92364193
92364194
92364195
92364196
92364197
92364198
92364199
92364200
92364201
92364202
92364203
92364204
92364205
92364206
92364207
92364208
92364209
92364210
92364211
92364212
92364213
92364214
92364215
92364216
92364217
92364218
92364219
92364220
92364221
92364222
92364223
92364224
92364225
92364226
92364227
92364228
92364229
92364230
92364231
92364232
92364233
92364234
92364235
92364236
92364237
92364238
92364239
92364240
92364241
92364242
92364243
92364244
92364245
92364246
92364247
92364248
92364249
92364250
92364251
92364252
92364253
92364254
92364255
92364256
92364257
92364258
92364259
92364260
92364261
92364262
92364263
92364264
92364265
92364266
92364267
92364268
92364269
92364270
92364271
92364272
92364273
92364274
92364275
92364276
92364277
92364278
92364279
92364280
92364281
92364282
92364283
92364284
92364285
92364286
92364287
92364288
92364289
92364290
92364291
92364292
92364293
92364294
92364295
92364296
92364297
92364298
92364299
92364300
92364301
92364302
92364303
92364304
92364305
92364306
92364307
92364308
92364309
92364310
92364311
92364312
92364313
92364314
92364315
92364316
92364317
92364318
92364319
92364320
92364321
92364322
92364323
92364324
92364325
92364326
92364327
92364328
92364329
92364330
92364331
92364332
92364333
92364334
92364335
92364336
92364337
92364338
92364339
92364340
92364341
92364342
92364343
92364344
92364345
92364346
92364347
92364348
92364349
92364350
92364351
92364352
92364353
92364354
92364355
92364356
92364357
92364358
92364359
92364360
92364361
92364362
92364363
92364364
92364365
92364366
92364367
92364368
92364369
92364370
92364371
92364372
92364373
92364374
92364375
92364376
92364377
92364378
92364379
92364380
92364381
92364382
92364383
92364384
92364385
92364386
92364387
92364388
92364389
92364390
92364391
92364392
92364393
92364394
92364395
92364396
92364397
92364398
92364399
92364400
92364401
92364402
92364403
92364404
92364405
92364406
92364407
92364408
92364409
92364410
92364411
92364412
92364413
92364414
92364415
92364416
92364417
92364418
92364419
92364420
92364421
92364422
92364423
92364424
92364425
92364426
92364427
92364428
92364429
92364430
92364431
92364432
92364433
92364434
92364435
92364436
92364437
92364438
92364439
92364440
92364441
92364442
92364443
92364444
92364445
92364446
92364447
92364448
92364449
92364450
92364451
92364452
92364453
92364454
92364455
92364456
92364457
92364458
92364459
92364460
92364461
92364462
92364463
92364464
92364465
92364466
92364467
92364468
92364469
92364470
92364471
92364472
92364473
92364474
92364475
92364476
92364477
92364478
92364479
92364480
92364481
92364482
92364483
92364484
92364485
92364486
92364487
92364488
92364489
92364490
92364491
92364492
92364493
92364494
92364495
92364496
92364497
92364498
92364499
92364500
92364501
92364502
92364503
92364504
92364505
92364506
92364507
92364508
92364509
92364510
92364511
92364512
92364513
92364514
92364515
92364516
92364517
92364518
92364519
92364520
92364521
92364522
92364523
92364524
92364525
92364526
92364527
92364528
92364529
92364530
92364531
92364532
92364533
92364534
92364535
92364536
92364537
92364538
92364539
92364540
92364541
92364542
92364543
92364544
92364545
92364546
92364547
92364548
92364549
92364550
92364551
92364552
92364553
92364554
92364555
92364556
92364557
92364558
92364559
92364560
92364561
92364562
92364563
92364564
92364565
92364566
92364567
92364568
92364569
92364570
92364571
92364572
92364573
92364574
92364575
92364576
92364577
92364578
92364579
92364580
92364581
92364582
92364583
92364584
92364585
92364586
92364587
92364588
92364589
92364590
92364591
92364592
92364593
92364594
92364595
92364596
92364597
92364598
92364599
92364600
92364601
92364602
92364603
92364604
92364605
92364606
92364607
92364608
92364609
92364610
92364611
92364612
92364613
92364614
92364615
92364616
92364617
92364618
92364619
92364620
92364621
92364622
92364623
92364624
92364625
92364626
92364627
92364628
92364629
92364630
92364631
92364632
92364633
92364634
92364635
92364636
92364637
92364638
92364639
92364640
92364641
92364642
92364643
92364644
92364645
92364646
92364647
92364648
92364649
92364650
92364651
92364652
92364653
92364654
92364655
92364656
92364657
92364658
92364659
92364660
92364661
92364662
92364663
92364664
92364665
92364666
92364667
92364668
92364669
92364670
92364671
92364672
92364673
92364674
92364675
92364676
92364677
92364678
92364679
92364680
92364681
92364682
92364683
92364684
92364685
92364686
92364687
92364688
92364689
92364690
92364691
92364692
92364693
92364694
92364695
92364696
92364697
92364698
92364699
92364700
92364701
92364702
92364703
92364704
92364705
92364706
92364707
92364708
92364709
92364710
92364711
92364712
92364713
92364714
92364715
92364716
92364717
92364718
92364719
92364720
92364721
92364722
92364723
92364724
92364725
92364726
92364727
92364728
92364729
92364730
92364731
92364732
92364733
92364734
92364735
92364736
92364737
92364738
92364739
92364740
92364741
92364742
92364743
92364744
92364745
92364746
92364747
92364748
92364749
92364750
92364751
92364752
92364753
92364754
92364755
92364756
92364757
92364758
92364759
92364760
92364761
92364762
92364763
92364764
92364765
92364766
92364767
92364768
92364769
92364770
92364771
92364772
92364773
92364774
92364775
92364776
92364777
92364778
92364779
92364780
92364781
92364782
92364783
92364784
92364785
92364786
92364787
92364788
92364789
92364790
92364791
92364792
92364793
92364794
92364795
92364796
92364797
92364798
92364799
92364800
92364801
92364802
92364803
92364804
92364805
92364806
92364807
92364808
92364809
92364810
92364811
92364812
92364813
92364814
92364815
92364816
92364817
92364818
92364819
92364820
92364821
92364822
92364823
92364824
92364825
92364826
92364827
92364828
92364829
92364830
92364831
92364832
92364833
92364834
92364835
92364836
92364837
92364838
92364839
92364840
92364841
92364842
92364843
92364844
92364845
92364846
92364847
92364848
92364849
92364850
92364851
92364852
92364853
92364854
92364855
92364856
92364857
92364858
92364859
92364860
92364861
92364862
92364863
92364864
92364865
92364866
92364867
92364868
92364869
92364870
92364871
92364872
92364873
92364874
92364875
92364876
92364877
92364878
92364879
92364880
92364881
92364882
92364883
92364884
92364885
92364886
92364887
92364888
92364889
92364890
92364891
92364892
92364893
92364894
92364895
92364896
92364897
92364898
92364899
92364900
92364901
92364902
92364903
92364904
92364905
92364906
92364907
92364908
92364909
92364910
92364911
92364912
92364913
92364914
92364915
92364916
92364917
92364918
92364919
92364920
92364921
92364922
92364923
92364924
92364925
92364926
92364927
92364928
92364929
92364930
92364931
92364932
92364933
92364934
92364935
92364936
92364937
92364938
92364939
92364940
92364941
92364942
92364943
92364944
92364945
92364946
92364947
92364948
92364949
92364950
92364951
92364952
92364953
92364954
92364955
92364956
92364957
92364958
92364959
92364960
92364961
92364962
92364963
92364964
92364965
92364966
92364967
92364968
92364969
92364970
92364971
92364972
92364973
92364974
92364975
92364976
92364977
92364978
92364979
92364980
92364981
92364982
92364983
92364984
92364985
92364986
92364987
92364988
92364989
92364990
92364991
92364992
92364993
92364994
92364995
92364996
92364997
92364998
92364999
92365000
92365001
92365002
92365003
92365004
92365005
92365006
92365007
92365008
92365009
92365010
92365011
92365012
92365013
92365014
92365015
92365016
92365017
92365018
92365019
92365020
92365021
92365022
92365023
92365024
92365025
92365026
92365027
92365028
92365029
92365030
92365031
92365032
92365033
92365034
92365035
92365036
92365037
92365038
92365039
92365040
92365041
92365042
92365043
92365044
92365045
92365046
92365047
92365048
92365049
92365050
92365051
92365052
92365053
92365054
92365055
92365056
92365057
92365058
92365059
92365060
92365061
92365062
92365063
92365064
92365065
92365066
92365067
92365068
92365069
92365070
92365071
92365072
92365073
92365074
92365075
92365076
92365077
92365078
92365079
92365080
92365081
92365082
92365083
92365084
92365085
92365086
92365087
92365088
92365089
92365090
92365091
92365092
92365093
92365094
92365095
92365096
92365097
92365098
92365099
92365100
92365101
92365102
92365103
92365104
92365105
92365106
92365107
92365108
92365109
92365110
92365111
92365112
92365113
92365114
92365115
92365116
92365117
92365118
92365119
92365120
92365121
92365122
92365123
92365124
92365125
92365126
92365127
92365128
92365129
92365130
92365131
92365132
92365133
92365134
92365135
92365136
92365137
92365138
92365139
92365140
92365141
92365142
92365143
92365144
92365145
92365146
92365147
92365148
92365149
92365150
92365151
92365152
92365153
92365154
92365155
92365156
92365157
92365158
92365159
92365160
92365161
92365162
92365163
92365164
92365165
92365166
92365167
92365168
92365169
92365170
92365171
92365172
92365173
92365174
92365175
92365176
92365177
92365178
92365179
92365180
92365181
92365182
92365183
92365184
92365185
92365186
92365187
92365188
92365189
92365190
92365191
92365192
92365193
92365194
92365195
92365196
92365197
92365198
92365199
92365200
92365201
92365202
92365203
92365204
92365205
92365206
92365207
92365208
92365209
92365210
92365211
92365212
92365213
92365214
92365215
92365216
92365217
92365218
92365219
92365220
92365221
92365222
92365223
92365224
92365225
92365226
92365227
92365228
92365229
92365230
92365231
92365232
92365233
92365234
92365235
92365236
92365237
92365238
92365239
92365240
92365241
92365242
92365243
92365244
92365245
92365246
92365247
92365248
92365249
92365250
92365251
92365252
92365253
92365254
92365255
92365256
92365257
92365258
92365259
92365260
92365261
92365262
92365263
92365264
92365265
92365266
92365267
92365268
92365269
92365270
92365271
92365272
92365273
92365274
92365275
92365276
92365277
92365278
92365279
92365280
92365281
92365282
92365283
92365284
92365285
92365286
92365287
92365288
92365289
92365290
92365291
92365292
92365293
92365294
92365295
92365296
92365297
92365298
92365299
92365300
92365301
92365302
92365303
92365304
92365305
92365306
92365307
92365308
92365309
92365310
92365311
92365312
92365313
92365314
92365315
92365316
92365317
92365318
92365319
92365320
92365321
92365322
92365323
92365324
92365325
92365326
92365327
92365328
92365329
92365330
92365331
92365332
92365333
92365334
92365335
92365336
92365337
92365338
92365339
92365340
92365341
92365342
92365343
92365344
92365345
92365346
92365347
92365348
92365349
92365350
92365351
92365352
92365353
92365354
92365355
92365356
92365357
92365358
92365359
92365360
92365361
92365362
92365363
92365364
92365365
92365366
92365367
92365368
92365369
92365370
92365371
92365372
92365373
92365374
92365375
92365376
92365377
92365378
92365379
92365380
92365381
92365382
92365383
92365384
92365385
92365386
92365387
92365388
92365389
92365390
92365391
92365392
92365393
92365394
92365395
92365396
92365397
92365398
92365399
92365400
92365401
92365402
92365403
92365404
92365405
92365406
92365407
92365408
92365409
92365410
92365411
92365412
92365413
92365414
92365415
92365416
92365417
92365418
92365419
92365420
92365421
92365422
92365423
92365424
92365425
92365426
92365427
92365428
92365429
92365430
92365431
92365432
92365433
92365434
92365435
92365436
92365437
92365438
92365439
92365440
92365441
92365442
92365443
92365444
92365445
92365446
92365447
92365448
92365449
92365450
92365451
92365452
92365453
92365454
92365455
92365456
92365457
92365458
92365459
92365460
92365461
92365462
92365463
92365464
92365465
92365466
92365467
92365468
92365469
92365470
92365471
92365472
92365473
92365474
92365475
92365476
92365477
92365478
92365479
92365480
92365481
92365482
92365483
92365484
92365485
92365486
92365487
92365488
92365489
92365490
92365491
92365492
92365493
92365494
92365495
92365496
92365497
92365498
92365499
92365500
92365501
92365502
92365503
92365504
92365505
92365506
92365507
92365508
92365509
92365510
92365511
92365512
92365513
92365514
92365515
92365516
92365517
92365518
92365519
92365520
92365521
92365522
92365523
92365524
92365525
92365526
92365527
92365528
92365529
92365530
92365531
92365532
92365533
92365534
92365535
92365536
92365537
92365538
92365539
92365540
92365541
92365542
92365543
92365544
92365545
92365546
92365547
92365548
92365549
92365550
92365551
92365552
92365553
92365554
92365555
92365556
92365557
92365558
92365559
92365560
92365561
92365562
92365563
92365564
92365565
92365566
92365567
92365568
92365569
92365570
92365571
92365572
92365573
92365574
92365575
92365576
92365577
92365578
92365579
92365580
92365581
92365582
92365583
92365584
92365585
92365586
92365587
92365588
92365589
92365590
92365591
92365592
92365593
92365594
92365595
92365596
92365597
92365598
92365599
92365600
92365601
92365602
92365603
92365604
92365605
92365606
92365607
92365608
92365609
92365610
92365611
92365612
92365613
92365614
92365615
92365616
92365617
92365618
92365619
92365620
92365621
92365622
92365623
92365624
92365625
92365626
92365627
92365628
92365629
92365630
92365631
92365632
92365633
92365634
92365635
92365636
92365637
92365638
92365639
92365640
92365641
92365642
92365643
92365644
92365645
92365646
92365647
92365648
92365649
92365650
92365651
92365652
92365653
92365654
92365655
92365656
92365657
92365658
92365659
92365660
92365661
92365662
92365663
92365664
92365665
92365666
92365667
92365668
92365669
92365670
92365671
92365672
92365673
92365674
92365675
92365676
92365677
92365678
92365679
92365680
92365681
92365682
92365683
92365684
92365685
92365686
92365687
92365688
92365689
92365690
92365691
92365692
92365693
92365694
92365695
92365696
92365697
92365698
92365699
92365700
92365701
92365702
92365703
92365704
92365705
92365706
92365707
92365708
92365709
92365710
92365711
92365712
92365713
92365714
92365715
92365716
92365717
92365718
92365719
92365720
92365721
92365722
92365723
92365724
92365725
92365726
92365727
92365728
92365729
92365730
92365731
92365732
92365733
92365734
92365735
92365736
92365737
92365738
92365739
92365740
92365741
92365742
92365743
92365744
92365745
92365746
92365747
92365748
92365749
92365750
92365751
92365752
92365753
92365754
92365755
92365756
92365757
92365758
92365759
92365760
92365761
92365762
92365763
92365764
92365765
92365766
92365767
92365768
92365769
92365770
92365771
92365772
92365773
92365774
92365775
92365776
92365777
92365778
92365779
92365780
92365781
92365782
92365783
92365784
92365785
92365786
92365787
92365788
92365789
92365790
92365791
92365792
92365793
92365794
92365795
92365796
92365797
92365798
92365799
92365800
92365801
92365802
92365803
92365804
92365805
92365806
92365807
92365808
92365809
92365810
92365811
92365812
92365813
92365814
92365815
92365816
92365817
92365818
92365819
92365820
92365821
92365822
92365823
92365824
92365825
92365826
92365827
92365828
92365829
92365830
92365831
92365832
92365833
92365834
92365835
92365836
92365837
92365838
92365839
92365840
92365841
92365842
92365843
92365844
92365845
92365846
92365847
92365848
92365849
92365850
92365851
92365852
92365853
92365854
92365855
92365856
92365857
92365858
92365859
92365860
92365861
92365862
92365863
92365864
92365865
92365866
92365867
92365868
92365869
92365870
92365871
92365872
92365873
92365874
92365875
92365876
92365877
92365878
92365879
92365880
92365881
92365882
92365883
92365884
92365885
92365886
92365887
92365888
92365889
92365890
92365891
92365892
92365893
92365894
92365895
92365896
92365897
92365898
92365899
92365900
92365901
92365902
92365903
92365904
92365905
92365906
92365907
92365908
92365909
92365910
92365911
92365912
92365913
92365914
92365915
92365916
92365917
92365918
92365919
92365920
92365921
92365922
92365923
92365924
92365925
92365926
92365927
92365928
92365929
92365930
92365931
92365932
92365933
92365934
92365935
92365936
92365937
92365938
92365939
92365940
92365941
92365942
92365943
92365944
92365945
92365946
92365947
92365948
92365949
92365950
92365951
92365952
92365953
92365954
92365955
92365956
92365957
92365958
92365959
92365960
92365961
92365962
92365963
92365964
92365965
92365966
92365967
92365968
92365969
92365970
92365971
92365972
92365973
92365974
92365975
92365976
92365977
92365978
92365979
92365980
92365981
92365982
92365983
92365984
92365985
92365986
92365987
92365988
92365989
92365990
92365991
92365992
92365993
92365994
92365995
92365996
92365997
92365998
92365999
92366000
92366001
92366002
92366003
92366004
92366005
92366006
92366007
92366008
92366009
92366010
92366011
92366012
92366013
92366014
92366015
92366016
92366017
92366018
92366019
92366020
92366021
92366022
92366023
92366024
92366025
92366026
92366027
92366028
92366029
92366030
92366031
92366032
92366033
92366034
92366035
92366036
92366037
92366038
92366039
92366040
92366041
92366042
92366043
92366044
92366045
92366046
92366047
92366048
92366049
92366050
92366051
92366052
92366053
92366054
92366055
92366056
92366057
92366058
92366059
92366060
92366061
92366062
92366063
92366064
92366065
92366066
92366067
92366068
92366069
92366070
92366071
92366072
92366073
92366074
92366075
92366076
92366077
92366078
92366079
92366080
92366081
92366082
92366083
92366084
92366085
92366086
92366087
92366088
92366089
92366090
92366091
92366092
92366093
92366094
92366095
92366096
92366097
92366098
92366099
92366100
92366101
92366102
92366103
92366104
92366105
92366106
92366107
92366108
92366109
92366110
92366111
92366112
92366113
92366114
92366115
92366116
92366117
92366118
92366119
92366120
92366121
92366122
92366123
92366124
92366125
92366126
92366127
92366128
92366129
92366130
92366131
92366132
92366133
92366134
92366135
92366136
92366137
92366138
92366139
92366140
92366141
92366142
92366143
92366144
92366145
92366146
92366147
92366148
92366149
92366150
92366151
92366152
92366153
92366154
92366155
92366156
92366157
92366158
92366159
92366160
92366161
92366162
92366163
92366164
92366165
92366166
92366167
92366168
92366169
92366170
92366171
92366172
92366173
92366174
92366175
92366176
92366177
92366178
92366179
92366180
92366181
92366182
92366183
92366184
92366185
92366186
92366187
92366188
92366189
92366190
92366191
92366192
92366193
92366194
92366195
92366196
92366197
92366198
92366199
92366200
92366201
92366202
92366203
92366204
92366205
92366206
92366207
92366208
92366209
92366210
92366211
92366212
92366213
92366214
92366215
92366216
92366217
92366218
92366219
92366220
92366221
92366222
92366223
92366224
92366225
92366226
92366227
92366228
92366229
92366230
92366231
92366232
92366233
92366234
92366235
92366236
92366237
92366238
92366239
92366240
92366241
92366242
92366243
92366244
92366245
92366246
92366247
92366248
92366249
92366250
92366251
92366252
92366253
92366254
92366255
92366256
92366257
92366258
92366259
92366260
92366261
92366262
92366263
92366264
92366265
92366266
92366267
92366268
92366269
92366270
92366271
92366272
92366273
92366274
92366275
92366276
92366277
92366278
92366279
92366280
92366281
92366282
92366283
92366284
92366285
92366286
92366287
92366288
92366289
92366290
92366291
92366292
92366293
92366294
92366295
92366296
92366297
92366298
92366299
92366300
92366301
92366302
92366303
92366304
92366305
92366306
92366307
92366308
92366309
92366310
92366311
92366312
92366313
92366314
92366315
92366316
92366317
92366318
92366319
92366320
92366321
92366322
92366323
92366324
92366325
92366326
92366327
92366328
92366329
92366330
92366331
92366332
92366333
92366334
92366335
92366336
92366337
92366338
92366339
92366340
92366341
92366342
92366343
92366344
92366345
92366346
92366347
92366348
92366349
92366350
92366351
92366352
92366353
92366354
92366355
92366356
92366357
92366358
92366359
92366360
92366361
92366362
92366363
92366364
92366365
92366366
92366367
92366368
92366369
92366370
92366371
92366372
92366373
92366374
92366375
92366376
92366377
92366378
92366379
92366380
92366381
92366382
92366383
92366384
92366385
92366386
92366387
92366388
92366389
92366390
92366391
92366392
92366393
92366394
92366395
92366396
92366397
92366398
92366399
92366400
92366401
92366402
92366403
92366404
92366405
92366406
92366407
92366408
92366409
92366410
92366411
92366412
92366413
92366414
92366415
92366416
92366417
92366418
92366419
92366420
92366421
92366422
92366423
92366424
92366425
92366426
92366427
92366428
92366429
92366430
92366431
92366432
92366433
92366434
92366435
92366436
92366437
92366438
92366439
92366440
92366441
92366442
92366443
92366444
92366445
92366446
92366447
92366448
92366449
92366450
92366451
92366452
92366453
92366454
92366455
92366456
92366457
92366458
92366459
92366460
92366461
92366462
92366463
92366464
92366465
92366466
92366467
92366468
92366469
92366470
92366471
92366472
92366473
92366474
92366475
92366476
92366477
92366478
92366479
92366480
92366481
92366482
92366483
92366484
92366485
92366486
92366487
92366488
92366489
92366490
92366491
92366492
92366493
92366494
92366495
92366496
92366497
92366498
92366499
92366500
92366501
92366502
92366503
92366504
92366505
92366506
92366507
92366508
92366509
92366510
92366511
92366512
92366513
92366514
92366515
92366516
92366517
92366518
92366519
92366520
92366521
92366522
92366523
92366524
92366525
92366526
92366527
92366528
92366529
92366530
92366531
92366532
92366533
92366534
92366535
92366536
92366537
92366538
92366539
92366540
92366541
92366542
92366543
92366544
92366545
92366546
92366547
92366548
92366549
92366550
92366551
92366552
92366553
92366554
92366555
92366556
92366557
92366558
92366559
92366560
92366561
92366562
92366563
92366564
92366565
92366566
92366567
92366568
92366569
92366570
92366571
92366572
92366573
92366574
92366575
92366576
92366577
92366578
92366579
92366580
92366581
92366582
92366583
92366584
92366585
92366586
92366587
92366588
92366589
92366590
92366591
92366592
92366593
92366594
92366595
92366596
92366597
92366598
92366599
92366600
92366601
92366602
92366603
92366604
92366605
92366606
92366607
92366608
92366609
92366610
92366611
92366612
92366613
92366614
92366615
92366616
92366617
92366618
92366619
92366620
92366621
92366622
92366623
92366624
92366625
92366626
92366627
92366628
92366629
92366630
92366631
92366632
92366633
92366634
92366635
92366636
92366637
92366638
92366639
92366640
92366641
92366642
92366643
92366644
92366645
92366646
92366647
92366648
92366649
92366650
92366651
92366652
92366653
92366654
92366655
92366656
92366657
92366658
92366659
92366660
92366661
92366662
92366663
92366664
92366665
92366666
92366667
92366668
92366669
92366670
92366671
92366672
92366673
92366674
92366675
92366676
92366677
92366678
92366679
92366680
92366681
92366682
92366683
92366684
92366685
92366686
92366687
92366688
92366689
92366690
92366691
92366692
92366693
92366694
92366695
92366696
92366697
92366698
92366699
92366700
92366701
92366702
92366703
92366704
92366705
92366706
92366707
92366708
92366709
92366710
92366711
92366712
92366713
92366714
92366715
92366716
92366717
92366718
92366719
92366720
92366721
92366722
92366723
92366724
92366725
92366726
92366727
92366728
92366729
92366730
92366731
92366732
92366733
92366734
92366735
92366736
92366737
92366738
92366739
92366740
92366741
92366742
92366743
92366744
92366745
92366746
92366747
92366748
92366749
92366750
92366751
92366752
92366753
92366754
92366755
92366756
92366757
92366758
92366759
92366760
92366761
92366762
92366763
92366764
92366765
92366766
92366767
92366768
92366769
92366770
92366771
92366772
92366773
92366774
92366775
92366776
92366777
92366778
92366779
92366780
92366781
92366782
92366783
92366784
92366785
92366786
92366787
92366788
92366789
92366790
92366791
92366792
92366793
92366794
92366795
92366796
92366797
92366798
92366799
92366800
92366801
92366802
92366803
92366804
92366805
92366806
92366807
92366808
92366809
92366810
92366811
92366812
92366813
92366814
92366815
92366816
92366817
92366818
92366819
92366820
92366821
92366822
92366823
92366824
92366825
92366826
92366827
92366828
92366829
92366830
92366831
92366832
92366833
92366834
92366835
92366836
92366837
92366838
92366839
92366840
92366841
92366842
92366843
92366844
92366845
92366846
92366847
92366848
92366849
92366850
92366851
92366852
92366853
92366854
92366855
92366856
92366857
92366858
92366859
92366860
92366861
92366862
92366863
92366864
92366865
92366866
92366867
92366868
92366869
92366870
92366871
92366872
92366873
92366874
92366875
92366876
92366877
92366878
92366879
92366880
92366881
92366882
92366883
92366884
92366885
92366886
92366887
92366888
92366889
92366890
92366891
92366892
92366893
92366894
92366895
92366896
92366897
92366898
92366899
92366900
92366901
92366902
92366903
92366904
92366905
92366906
92366907
92366908
92366909
92366910
92366911
92366912
92366913
92366914
92366915
92366916
92366917
92366918
92366919
92366920
92366921
92366922
92366923
92366924
92366925
92366926
92366927
92366928
92366929
92366930
92366931
92366932
92366933
92366934
92366935
92366936
92366937
92366938
92366939
92366940
92366941
92366942
92366943
92366944
92366945
92366946
92366947
92366948
92366949
92366950
92366951
92366952
92366953
92366954
92366955
92366956
92366957
92366958
92366959
92366960
92366961
92366962
92366963
92366964
92366965
92366966
92366967
92366968
92366969
92366970
92366971
92366972
92366973
92366974
92366975
92366976
92366977
92366978
92366979
92366980
92366981
92366982
92366983
92366984
92366985
92366986
92366987
92366988
92366989
92366990
92366991
92366992
92366993
92366994
92366995
92366996
92366997
92366998
92366999
92367000
92367001
92367002
92367003
92367004
92367005
92367006
92367007
92367008
92367009
92367010
92367011
92367012
92367013
92367014
92367015
92367016
92367017
92367018
92367019
92367020
92367021
92367022
92367023
92367024
92367025
92367026
92367027
92367028
92367029
92367030
92367031
92367032
92367033
92367034
92367035
92367036
92367037
92367038
92367039
92367040
92367041
92367042
92367043
92367044
92367045
92367046
92367047
92367048
92367049
92367050
92367051
92367052
92367053
92367054
92367055
92367056
92367057
92367058
92367059
92367060
92367061
92367062
92367063
92367064
92367065
92367066
92367067
92367068
92367069
92367070
92367071
92367072
92367073
92367074
92367075
92367076
92367077
92367078
92367079
92367080
92367081
92367082
92367083
92367084
92367085
92367086
92367087
92367088
92367089
92367090
92367091
92367092
92367093
92367094
92367095
92367096
92367097
92367098
92367099
92367100
92367101
92367102
92367103
92367104
92367105
92367106
92367107
92367108
92367109
92367110
92367111
92367112
92367113
92367114
92367115
92367116
92367117
92367118
92367119
92367120
92367121
92367122
92367123
92367124
92367125
92367126
92367127
92367128
92367129
92367130
92367131
92367132
92367133
92367134
92367135
92367136
92367137
92367138
92367139
92367140
92367141
92367142
92367143
92367144
92367145
92367146
92367147
92367148
92367149
92367150
92367151
92367152
92367153
92367154
92367155
92367156
92367157
92367158
92367159
92367160
92367161
92367162
92367163
92367164
92367165
92367166
92367167
92367168
92367169
92367170
92367171
92367172
92367173
92367174
92367175
92367176
92367177
92367178
92367179
92367180
92367181
92367182
92367183
92367184
92367185
92367186
92367187
92367188
92367189
92367190
92367191
92367192
92367193
92367194
92367195
92367196
92367197
92367198
92367199
92367200
92367201
92367202
92367203
92367204
92367205
92367206
92367207
92367208
92367209
92367210
92367211
92367212
92367213
92367214
92367215
92367216
92367217
92367218
92367219
92367220
92367221
92367222
92367223
92367224
92367225
92367226
92367227
92367228
92367229
92367230
92367231
92367232
92367233
92367234
92367235
92367236
92367237
92367238
92367239
92367240
92367241
92367242
92367243
92367244
92367245
92367246
92367247
92367248
92367249
92367250
92367251
92367252
92367253
92367254
92367255
92367256
92367257
92367258
92367259
92367260
92367261
92367262
92367263
92367264
92367265
92367266
92367267
92367268
92367269
92367270
92367271
92367272
92367273
92367274
92367275
92367276
92367277
92367278
92367279
92367280
92367281
92367282
92367283
92367284
92367285
92367286
92367287
92367288
92367289
92367290
92367291
92367292
92367293
92367294
92367295
92367296
92367297
92367298
92367299
92367300
92367301
92367302
92367303
92367304
92367305
92367306
92367307
92367308
92367309
92367310
92367311
92367312
92367313
92367314
92367315
92367316
92367317
92367318
92367319
92367320
92367321
92367322
92367323
92367324
92367325
92367326
92367327
92367328
92367329
92367330
92367331
92367332
92367333
92367334
92367335
92367336
92367337
92367338
92367339
92367340
92367341
92367342
92367343
92367344
92367345
92367346
92367347
92367348
92367349
92367350
92367351
92367352
92367353
92367354
92367355
92367356
92367357
92367358
92367359
92367360
92367361
92367362
92367363
92367364
92367365
92367366
92367367
92367368
92367369
92367370
92367371
92367372
92367373
92367374
92367375
92367376
92367377
92367378
92367379
92367380
92367381
92367382
92367383
92367384
92367385
92367386
92367387
92367388
92367389
92367390
92367391
92367392
92367393
92367394
92367395
92367396
92367397
92367398
92367399
92367400
92367401
92367402
92367403
92367404
92367405
92367406
92367407
92367408
92367409
92367410
92367411
92367412
92367413
92367414
92367415
92367416
92367417
92367418
92367419
92367420
92367421
92367422
92367423
92367424
92367425
92367426
92367427
92367428
92367429
92367430
92367431
92367432
92367433
92367434
92367435
92367436
92367437
92367438
92367439
92367440
92367441
92367442
92367443
92367444
92367445
92367446
92367447
92367448
92367449
92367450
92367451
92367452
92367453
92367454
92367455
92367456
92367457
92367458
92367459
92367460
92367461
92367462
92367463
92367464
92367465
92367466
92367467
92367468
92367469
92367470
92367471
92367472
92367473
92367474
92367475
92367476
92367477
92367478
92367479
92367480
92367481
92367482
92367483
92367484
92367485
92367486
92367487
92367488
92367489
92367490
92367491
92367492
92367493
92367494
92367495
92367496
92367497
92367498
92367499
92367500
92367501
92367502
92367503
92367504
92367505
92367506
92367507
92367508
92367509
92367510
92367511
92367512
92367513
92367514
92367515
92367516
92367517
92367518
92367519
92367520
92367521
92367522
92367523
92367524
92367525
92367526
92367527
92367528
92367529
92367530
92367531
92367532
92367533
92367534
92367535
92367536
92367537
92367538
92367539
92367540
92367541
92367542
92367543
92367544
92367545
92367546
92367547
92367548
92367549
92367550
92367551
92367552
92367553
92367554
92367555
92367556
92367557
92367558
92367559
92367560
92367561
92367562
92367563
92367564
92367565
92367566
92367567
92367568
92367569
92367570
92367571
92367572
92367573
92367574
92367575
92367576
92367577
92367578
92367579
92367580
92367581
92367582
92367583
92367584
92367585
92367586
92367587
92367588
92367589
92367590
92367591
92367592
92367593
92367594
92367595
92367596
92367597
92367598
92367599
92367600
92367601
92367602
92367603
92367604
92367605
92367606
92367607
92367608
92367609
92367610
92367611
92367612
92367613
92367614
92367615
92367616
92367617
92367618
92367619
92367620
92367621
92367622
92367623
92367624
92367625
92367626
92367627
92367628
92367629
92367630
92367631
92367632
92367633
92367634
92367635
92367636
92367637
92367638
92367639
92367640
92367641
92367642
92367643
92367644
92367645
92367646
92367647
92367648
92367649
92367650
92367651
92367652
92367653
92367654
92367655
92367656
92367657
92367658
92367659
92367660
92367661
92367662
92367663
92367664
92367665
92367666
92367667
92367668
92367669
92367670
92367671
92367672
92367673
92367674
92367675
92367676
92367677
92367678
92367679
92367680
92367681
92367682
92367683
92367684
92367685
92367686
92367687
92367688
92367689
92367690
92367691
92367692
92367693
92367694
92367695
92367696
92367697
92367698
92367699
92367700
92367701
92367702
92367703
92367704
92367705
92367706
92367707
92367708
92367709
92367710
92367711
92367712
92367713
92367714
92367715
92367716
92367717
92367718
92367719
92367720
92367721
92367722
92367723
92367724
92367725
92367726
92367727
92367728
92367729
92367730
92367731
92367732
92367733
92367734
92367735
92367736
92367737
92367738
92367739
92367740
92367741
92367742
92367743
92367744
92367745
92367746
92367747
92367748
92367749
92367750
92367751
92367752
92367753
92367754
92367755
92367756
92367757
92367758
92367759
92367760
92367761
92367762
92367763
92367764
92367765
92367766
92367767
92367768
92367769
92367770
92367771
92367772
92367773
92367774
92367775
92367776
92367777
92367778
92367779
92367780
92367781
92367782
92367783
92367784
92367785
92367786
92367787
92367788
92367789
92367790
92367791
92367792
92367793
92367794
92367795
92367796
92367797
92367798
92367799
92367800
92367801
92367802
92367803
92367804
92367805
92367806
92367807
92367808
92367809
92367810
92367811
92367812
92367813
92367814
92367815
92367816
92367817
92367818
92367819
92367820
92367821
92367822
92367823
92367824
92367825
92367826
92367827
92367828
92367829
92367830
92367831
92367832
92367833
92367834
92367835
92367836
92367837
92367838
92367839
92367840
92367841
92367842
92367843
92367844
92367845
92367846
92367847
92367848
92367849
92367850
92367851
92367852
92367853
92367854
92367855
92367856
92367857
92367858
92367859
92367860
92367861
92367862
92367863
92367864
92367865
92367866
92367867
92367868
92367869
92367870
92367871
92367872
92367873
92367874
92367875
92367876
92367877
92367878
92367879
92367880
92367881
92367882
92367883
92367884
92367885
92367886
92367887
92367888
92367889
92367890
92367891
92367892
92367893
92367894
92367895
92367896
92367897
92367898
92367899
92367900
92367901
92367902
92367903
92367904
92367905
92367906
92367907
92367908
92367909
92367910
92367911
92367912
92367913
92367914
92367915
92367916
92367917
92367918
92367919
92367920
92367921
92367922
92367923
92367924
92367925
92367926
92367927
92367928
92367929
92367930
92367931
92367932
92367933
92367934
92367935
92367936
92367937
92367938
92367939
92367940
92367941
92367942
92367943
92367944
92367945
92367946
92367947
92367948
92367949
92367950
92367951
92367952
92367953
92367954
92367955
92367956
92367957
92367958
92367959
92367960
92367961
92367962
92367963
92367964
92367965
92367966
92367967
92367968
92367969
92367970
92367971
92367972
92367973
92367974
92367975
92367976
92367977
92367978
92367979
92367980
92367981
92367982
92367983
92367984
92367985
92367986
92367987
92367988
92367989
92367990
92367991
92367992
92367993
92367994
92367995
92367996
92367997
92367998
92367999
92368000
92368001
92368002
92368003
92368004
92368005
92368006
92368007
92368008
92368009
92368010
92368011
92368012
92368013
92368014
92368015
92368016
92368017
92368018
92368019
92368020
92368021
92368022
92368023
92368024
92368025
92368026
92368027
92368028
92368029
92368030
92368031
92368032
92368033
92368034
92368035
92368036
92368037
92368038
92368039
92368040
92368041
92368042
92368043
92368044
92368045
92368046
92368047
92368048
92368049
92368050
92368051
92368052
92368053
92368054
92368055
92368056
92368057
92368058
92368059
92368060
92368061
92368062
92368063
92368064
92368065
92368066
92368067
92368068
92368069
92368070
92368071
92368072
92368073
92368074
92368075
92368076
92368077
92368078
92368079
92368080
92368081
92368082
92368083
92368084
92368085
92368086
92368087
92368088
92368089
92368090
92368091
92368092
92368093
92368094
92368095
92368096
92368097
92368098
92368099
92368100
92368101
92368102
92368103
92368104
92368105
92368106
92368107
92368108
92368109
92368110
92368111
92368112
92368113
92368114
92368115
92368116
92368117
92368118
92368119
92368120
92368121
92368122
92368123
92368124
92368125
92368126
92368127
92368128
92368129
92368130
92368131
92368132
92368133
92368134
92368135
92368136
92368137
92368138
92368139
92368140
92368141
92368142
92368143
92368144
92368145
92368146
92368147
92368148
92368149
92368150
92368151
92368152
92368153
92368154
92368155
92368156
92368157
92368158
92368159
92368160
92368161
92368162
92368163
92368164
92368165
92368166
92368167
92368168
92368169
92368170
92368171
92368172
92368173
92368174
92368175
92368176
92368177
92368178
92368179
92368180
92368181
92368182
92368183
92368184
92368185
92368186
92368187
92368188
92368189
92368190
92368191
92368192
92368193
92368194
92368195
92368196
92368197
92368198
92368199
92368200
92368201
92368202
92368203
92368204
92368205
92368206
92368207
92368208
92368209
92368210
92368211
92368212
92368213
92368214
92368215
92368216
92368217
92368218
92368219
92368220
92368221
92368222
92368223
92368224
92368225
92368226
92368227
92368228
92368229
92368230
92368231
92368232
92368233
92368234
92368235
92368236
92368237
92368238
92368239
92368240
92368241
92368242
92368243
92368244
92368245
92368246
92368247
92368248
92368249
92368250
92368251
92368252
92368253
92368254
92368255
92368256
92368257
92368258
92368259
92368260
92368261
92368262
92368263
92368264
92368265
92368266
92368267
92368268
92368269
92368270
92368271
92368272
92368273
92368274
92368275
92368276
92368277
92368278
92368279
92368280
92368281
92368282
92368283
92368284
92368285
92368286
92368287
92368288
92368289
92368290
92368291
92368292
92368293
92368294
92368295
92368296
92368297
92368298
92368299
92368300
92368301
92368302
92368303
92368304
92368305
92368306
92368307
92368308
92368309
92368310
92368311
92368312
92368313
92368314
92368315
92368316
92368317
92368318
92368319
92368320
92368321
92368322
92368323
92368324
92368325
92368326
92368327
92368328
92368329
92368330
92368331
92368332
92368333
92368334
92368335
92368336
92368337
92368338
92368339
92368340
92368341
92368342
92368343
92368344
92368345
92368346
92368347
92368348
92368349
92368350
92368351
92368352
92368353
92368354
92368355
92368356
92368357
92368358
92368359
92368360
92368361
92368362
92368363
92368364
92368365
92368366
92368367
92368368
92368369
92368370
92368371
92368372
92368373
92368374
92368375
92368376
92368377
92368378
92368379
92368380
92368381
92368382
92368383
92368384
92368385
92368386
92368387
92368388
92368389
92368390
92368391
92368392
92368393
92368394
92368395
92368396
92368397
92368398
92368399
92368400
92368401
92368402
92368403
92368404
92368405
92368406
92368407
92368408
92368409
92368410
92368411
92368412
92368413
92368414
92368415
92368416
92368417
92368418
92368419
92368420
92368421
92368422
92368423
92368424
92368425
92368426
92368427
92368428
92368429
92368430
92368431
92368432
92368433
92368434
92368435
92368436
92368437
92368438
92368439
92368440
92368441
92368442
92368443
92368444
92368445
92368446
92368447
92368448
92368449
92368450
92368451
92368452
92368453
92368454
92368455
92368456
92368457
92368458
92368459
92368460
92368461
92368462
92368463
92368464
92368465
92368466
92368467
92368468
92368469
92368470
92368471
92368472
92368473
92368474
92368475
92368476
92368477
92368478
92368479
92368480
92368481
92368482
92368483
92368484
92368485
92368486
92368487
92368488
92368489
92368490
92368491
92368492
92368493
92368494
92368495
92368496
92368497
92368498
92368499
92368500
92368501
92368502
92368503
92368504
92368505
92368506
92368507
92368508
92368509
92368510
92368511
92368512
92368513
92368514
92368515
92368516
92368517
92368518
92368519
92368520
92368521
92368522
92368523
92368524
92368525
92368526
92368527
92368528
92368529
92368530
92368531
92368532
92368533
92368534
92368535
92368536
92368537
92368538
92368539
92368540
92368541
92368542
92368543
92368544
92368545
92368546
92368547
92368548
92368549
92368550
92368551
92368552
92368553
92368554
92368555
92368556
92368557
92368558
92368559
92368560
92368561
92368562
92368563
92368564
92368565
92368566
92368567
92368568
92368569
92368570
92368571
92368572
92368573
92368574
92368575
92368576
92368577
92368578
92368579
92368580
92368581
92368582
92368583
92368584
92368585
92368586
92368587
92368588
92368589
92368590
92368591
92368592
92368593
92368594
92368595
92368596
92368597
92368598
92368599
92368600
92368601
92368602
92368603
92368604
92368605
92368606
92368607
92368608
92368609
92368610
92368611
92368612
92368613
92368614
92368615
92368616
92368617
92368618
92368619
92368620
92368621
92368622
92368623
92368624
92368625
92368626
92368627
92368628
92368629
92368630
92368631
92368632
92368633
92368634
92368635
92368636
92368637
92368638
92368639
92368640
92368641
92368642
92368643
92368644
92368645
92368646
92368647
92368648
92368649
92368650
92368651
92368652
92368653
92368654
92368655
92368656
92368657
92368658
92368659
92368660
92368661
92368662
92368663
92368664
92368665
92368666
92368667
92368668
92368669
92368670
92368671
92368672
92368673
92368674
92368675
92368676
92368677
92368678
92368679
92368680
92368681
92368682
92368683
92368684
92368685
92368686
92368687
92368688
92368689
92368690
92368691
92368692
92368693
92368694
92368695
92368696
92368697
92368698
92368699
92368700
92368701
92368702
92368703
92368704
92368705
92368706
92368707
92368708
92368709
92368710
92368711
92368712
92368713
92368714
92368715
92368716
92368717
92368718
92368719
92368720
92368721
92368722
92368723
92368724
92368725
92368726
92368727
92368728
92368729
92368730
92368731
92368732
92368733
92368734
92368735
92368736
92368737
92368738
92368739
92368740
92368741
92368742
92368743
92368744
92368745
92368746
92368747
92368748
92368749
92368750
92368751
92368752
92368753
92368754
92368755
92368756
92368757
92368758
92368759
92368760
92368761
92368762
92368763
92368764
92368765
92368766
92368767
92368768
92368769
92368770
92368771
92368772
92368773
92368774
92368775
92368776
92368777
92368778
92368779
92368780
92368781
92368782
92368783
92368784
92368785
92368786
92368787
92368788
92368789
92368790
92368791
92368792
92368793
92368794
92368795
92368796
92368797
92368798
92368799
92368800
92368801
92368802
92368803
92368804
92368805
92368806
92368807
92368808
92368809
92368810
92368811
92368812
92368813
92368814
92368815
92368816
92368817
92368818
92368819
92368820
92368821
92368822
92368823
92368824
92368825
92368826
92368827
92368828
92368829
92368830
92368831
92368832
92368833
92368834
92368835
92368836
92368837
92368838
92368839
92368840
92368841
92368842
92368843
92368844
92368845
92368846
92368847
92368848
92368849
92368850
92368851
92368852
92368853
92368854
92368855
92368856
92368857
92368858
92368859
92368860
92368861
92368862
92368863
92368864
92368865
92368866
92368867
92368868
92368869
92368870
92368871
92368872
92368873
92368874
92368875
92368876
92368877
92368878
92368879
92368880
92368881
92368882
92368883
92368884
92368885
92368886
92368887
92368888
92368889
