93218890
93218891
93218892
93218893
93218894
93218895
93218896
93218897
93218898
93218899
93218900
93218901
93218902
93218903
93218904
93218905
93218906
93218907
93218908
93218909
93218910
93218911
93218912
93218913
93218914
93218915
93218916
93218917
93218918
93218919
93218920
93218921
93218922
93218923
93218924
93218925
93218926
93218927
93218928
93218929
93218930
93218931
93218932
93218933
93218934
93218935
93218936
93218937
93218938
93218939
93218940
93218941
93218942
93218943
93218944
93218945
93218946
93218947
93218948
93218949
93218950
93218951
93218952
93218953
93218954
93218955
93218956
93218957
93218958
93218959
93218960
93218961
93218962
93218963
93218964
93218965
93218966
93218967
93218968
93218969
93218970
93218971
93218972
93218973
93218974
93218975
93218976
93218977
93218978
93218979
93218980
93218981
93218982
93218983
93218984
93218985
93218986
93218987
93218988
93218989
93218990
93218991
93218992
93218993
93218994
93218995
93218996
93218997
93218998
93218999
93219000
93219001
93219002
93219003
93219004
93219005
93219006
93219007
93219008
93219009
93219010
93219011
93219012
93219013
93219014
93219015
93219016
93219017
93219018
93219019
93219020
93219021
93219022
93219023
93219024
93219025
93219026
93219027
93219028
93219029
93219030
93219031
93219032
93219033
93219034
93219035
93219036
93219037
93219038
93219039
93219040
93219041
93219042
93219043
93219044
93219045
93219046
93219047
93219048
93219049
93219050
93219051
93219052
93219053
93219054
93219055
93219056
93219057
93219058
93219059
93219060
93219061
93219062
93219063
93219064
93219065
93219066
93219067
93219068
93219069
93219070
93219071
93219072
93219073
93219074
93219075
93219076
93219077
93219078
93219079
93219080
93219081
93219082
93219083
93219084
93219085
93219086
93219087
93219088
93219089
93219090
93219091
93219092
93219093
93219094
93219095
93219096
93219097
93219098
93219099
93219100
93219101
93219102
93219103
93219104
93219105
93219106
93219107
93219108
93219109
93219110
93219111
93219112
93219113
93219114
93219115
93219116
93219117
93219118
93219119
93219120
93219121
93219122
93219123
93219124
93219125
93219126
93219127
93219128
93219129
93219130
93219131
93219132
93219133
93219134
93219135
93219136
93219137
93219138
93219139
93219140
93219141
93219142
93219143
93219144
93219145
93219146
93219147
93219148
93219149
93219150
93219151
93219152
93219153
93219154
93219155
93219156
93219157
93219158
93219159
93219160
93219161
93219162
93219163
93219164
93219165
93219166
93219167
93219168
93219169
93219170
93219171
93219172
93219173
93219174
93219175
93219176
93219177
93219178
93219179
93219180
93219181
93219182
93219183
93219184
93219185
93219186
93219187
93219188
93219189
93219190
93219191
93219192
93219193
93219194
93219195
93219196
93219197
93219198
93219199
93219200
93219201
93219202
93219203
93219204
93219205
93219206
93219207
93219208
93219209
93219210
93219211
93219212
93219213
93219214
93219215
93219216
93219217
93219218
93219219
93219220
93219221
93219222
93219223
93219224
93219225
93219226
93219227
93219228
93219229
93219230
93219231
93219232
93219233
93219234
93219235
93219236
93219237
93219238
93219239
93219240
93219241
93219242
93219243
93219244
93219245
93219246
93219247
93219248
93219249
93219250
93219251
93219252
93219253
93219254
93219255
93219256
93219257
93219258
93219259
93219260
93219261
93219262
93219263
93219264
93219265
93219266
93219267
93219268
93219269
93219270
93219271
93219272
93219273
93219274
93219275
93219276
93219277
93219278
93219279
93219280
93219281
93219282
93219283
93219284
93219285
93219286
93219287
93219288
93219289
93219290
93219291
93219292
93219293
93219294
93219295
93219296
93219297
93219298
93219299
93219300
93219301
93219302
93219303
93219304
93219305
93219306
93219307
93219308
93219309
93219310
93219311
93219312
93219313
93219314
93219315
93219316
93219317
93219318
93219319
93219320
93219321
93219322
93219323
93219324
93219325
93219326
93219327
93219328
93219329
93219330
93219331
93219332
93219333
93219334
93219335
93219336
93219337
93219338
93219339
93219340
93219341
93219342
93219343
93219344
93219345
93219346
93219347
93219348
93219349
93219350
93219351
93219352
93219353
93219354
93219355
93219356
93219357
93219358
93219359
93219360
93219361
93219362
93219363
93219364
93219365
93219366
93219367
93219368
93219369
93219370
93219371
93219372
93219373
93219374
93219375
93219376
93219377
93219378
93219379
93219380
93219381
93219382
93219383
93219384
93219385
93219386
93219387
93219388
93219389
93219390
93219391
93219392
93219393
93219394
93219395
93219396
93219397
93219398
93219399
93219400
93219401
93219402
93219403
93219404
93219405
93219406
93219407
93219408
93219409
93219410
93219411
93219412
93219413
93219414
93219415
93219416
93219417
93219418
93219419
93219420
93219421
93219422
93219423
93219424
93219425
93219426
93219427
93219428
93219429
93219430
93219431
93219432
93219433
93219434
93219435
93219436
93219437
93219438
93219439
93219440
93219441
93219442
93219443
93219444
93219445
93219446
93219447
93219448
93219449
93219450
93219451
93219452
93219453
93219454
93219455
93219456
93219457
93219458
93219459
93219460
93219461
93219462
93219463
93219464
93219465
93219466
93219467
93219468
93219469
93219470
93219471
93219472
93219473
93219474
93219475
93219476
93219477
93219478
93219479
93219480
93219481
93219482
93219483
93219484
93219485
93219486
93219487
93219488
93219489
93219490
93219491
93219492
93219493
93219494
93219495
93219496
93219497
93219498
93219499
93219500
93219501
93219502
93219503
93219504
93219505
93219506
93219507
93219508
93219509
93219510
93219511
93219512
93219513
93219514
93219515
93219516
93219517
93219518
93219519
93219520
93219521
93219522
93219523
93219524
93219525
93219526
93219527
93219528
93219529
93219530
93219531
93219532
93219533
93219534
93219535
93219536
93219537
93219538
93219539
93219540
93219541
93219542
93219543
93219544
93219545
93219546
93219547
93219548
93219549
93219550
93219551
93219552
93219553
93219554
93219555
93219556
93219557
93219558
93219559
93219560
93219561
93219562
93219563
93219564
93219565
93219566
93219567
93219568
93219569
93219570
93219571
93219572
93219573
93219574
93219575
93219576
93219577
93219578
93219579
93219580
93219581
93219582
93219583
93219584
93219585
93219586
93219587
93219588
93219589
93219590
93219591
93219592
93219593
93219594
93219595
93219596
93219597
93219598
93219599
93219600
93219601
93219602
93219603
93219604
93219605
93219606
93219607
93219608
93219609
93219610
93219611
93219612
93219613
93219614
93219615
93219616
93219617
93219618
93219619
93219620
93219621
93219622
93219623
93219624
93219625
93219626
93219627
93219628
93219629
93219630
93219631
93219632
93219633
93219634
93219635
93219636
93219637
93219638
93219639
93219640
93219641
93219642
93219643
93219644
93219645
93219646
93219647
93219648
93219649
93219650
93219651
93219652
93219653
93219654
93219655
93219656
93219657
93219658
93219659
93219660
93219661
93219662
93219663
93219664
93219665
93219666
93219667
93219668
93219669
93219670
93219671
93219672
93219673
93219674
93219675
93219676
93219677
93219678
93219679
93219680
93219681
93219682
93219683
93219684
93219685
93219686
93219687
93219688
93219689
93219690
93219691
93219692
93219693
93219694
93219695
93219696
93219697
93219698
93219699
93219700
93219701
93219702
93219703
93219704
93219705
93219706
93219707
93219708
93219709
93219710
93219711
93219712
93219713
93219714
93219715
93219716
93219717
93219718
93219719
93219720
93219721
93219722
93219723
93219724
93219725
93219726
93219727
93219728
93219729
93219730
93219731
93219732
93219733
93219734
93219735
93219736
93219737
93219738
93219739
93219740
93219741
93219742
93219743
93219744
93219745
93219746
93219747
93219748
93219749
93219750
93219751
93219752
93219753
93219754
93219755
93219756
93219757
93219758
93219759
93219760
93219761
93219762
93219763
93219764
93219765
93219766
93219767
93219768
93219769
93219770
93219771
93219772
93219773
93219774
93219775
93219776
93219777
93219778
93219779
93219780
93219781
93219782
93219783
93219784
93219785
93219786
93219787
93219788
93219789
93219790
93219791
93219792
93219793
93219794
93219795
93219796
93219797
93219798
93219799
93219800
93219801
93219802
93219803
93219804
93219805
93219806
93219807
93219808
93219809
93219810
93219811
93219812
93219813
93219814
93219815
93219816
93219817
93219818
93219819
93219820
93219821
93219822
93219823
93219824
93219825
93219826
93219827
93219828
93219829
93219830
93219831
93219832
93219833
93219834
93219835
93219836
93219837
93219838
93219839
93219840
93219841
93219842
93219843
93219844
93219845
93219846
93219847
93219848
93219849
93219850
93219851
93219852
93219853
93219854
93219855
93219856
93219857
93219858
93219859
93219860
93219861
93219862
93219863
93219864
93219865
93219866
93219867
93219868
93219869
93219870
93219871
93219872
93219873
93219874
93219875
93219876
93219877
93219878
93219879
93219880
93219881
93219882
93219883
93219884
93219885
93219886
93219887
93219888
93219889
93219890
93219891
93219892
93219893
93219894
93219895
93219896
93219897
93219898
93219899
93219900
93219901
93219902
93219903
93219904
93219905
93219906
93219907
93219908
93219909
93219910
93219911
93219912
93219913
93219914
93219915
93219916
93219917
93219918
93219919
93219920
93219921
93219922
93219923
93219924
93219925
93219926
93219927
93219928
93219929
93219930
93219931
93219932
93219933
93219934
93219935
93219936
93219937
93219938
93219939
93219940
93219941
93219942
93219943
93219944
93219945
93219946
93219947
93219948
93219949
93219950
93219951
93219952
93219953
93219954
93219955
93219956
93219957
93219958
93219959
93219960
93219961
93219962
93219963
93219964
93219965
93219966
93219967
93219968
93219969
93219970
93219971
93219972
93219973
93219974
93219975
93219976
93219977
93219978
93219979
93219980
93219981
93219982
93219983
93219984
93219985
93219986
93219987
93219988
93219989
93219990
93219991
93219992
93219993
93219994
93219995
93219996
93219997
93219998
93219999
93220000
93220001
93220002
93220003
93220004
93220005
93220006
93220007
93220008
93220009
93220010
93220011
93220012
93220013
93220014
93220015
93220016
93220017
93220018
93220019
93220020
93220021
93220022
93220023
93220024
93220025
93220026
93220027
93220028
93220029
93220030
93220031
93220032
93220033
93220034
93220035
93220036
93220037
93220038
93220039
93220040
93220041
93220042
93220043
93220044
93220045
93220046
93220047
93220048
93220049
93220050
93220051
93220052
93220053
93220054
93220055
93220056
93220057
93220058
93220059
93220060
93220061
93220062
93220063
93220064
93220065
93220066
93220067
93220068
93220069
93220070
93220071
93220072
93220073
93220074
93220075
93220076
93220077
93220078
93220079
93220080
93220081
93220082
93220083
93220084
93220085
93220086
93220087
93220088
93220089
93220090
93220091
93220092
93220093
93220094
93220095
93220096
93220097
93220098
93220099
93220100
93220101
93220102
93220103
93220104
93220105
93220106
93220107
93220108
93220109
93220110
93220111
93220112
93220113
93220114
93220115
93220116
93220117
93220118
93220119
93220120
93220121
93220122
93220123
93220124
93220125
93220126
93220127
93220128
93220129
93220130
93220131
93220132
93220133
93220134
93220135
93220136
93220137
93220138
93220139
93220140
93220141
93220142
93220143
93220144
93220145
93220146
93220147
93220148
93220149
93220150
93220151
93220152
93220153
93220154
93220155
93220156
93220157
93220158
93220159
93220160
93220161
93220162
93220163
93220164
93220165
93220166
93220167
93220168
93220169
93220170
93220171
93220172
93220173
93220174
93220175
93220176
93220177
93220178
93220179
93220180
93220181
93220182
93220183
93220184
93220185
93220186
93220187
93220188
93220189
93220190
93220191
93220192
93220193
93220194
93220195
93220196
93220197
93220198
93220199
93220200
93220201
93220202
93220203
93220204
93220205
93220206
93220207
93220208
93220209
93220210
93220211
93220212
93220213
93220214
93220215
93220216
93220217
93220218
93220219
93220220
93220221
93220222
93220223
93220224
93220225
93220226
93220227
93220228
93220229
93220230
93220231
93220232
93220233
93220234
93220235
93220236
93220237
93220238
93220239
93220240
93220241
93220242
93220243
93220244
93220245
93220246
93220247
93220248
93220249
93220250
93220251
93220252
93220253
93220254
93220255
93220256
93220257
93220258
93220259
93220260
93220261
93220262
93220263
93220264
93220265
93220266
93220267
93220268
93220269
93220270
93220271
93220272
93220273
93220274
93220275
93220276
93220277
93220278
93220279
93220280
93220281
93220282
93220283
93220284
93220285
93220286
93220287
93220288
93220289
93220290
93220291
93220292
93220293
93220294
93220295
93220296
93220297
93220298
93220299
93220300
93220301
93220302
93220303
93220304
93220305
93220306
93220307
93220308
93220309
93220310
93220311
93220312
93220313
93220314
93220315
93220316
93220317
93220318
93220319
93220320
93220321
93220322
93220323
93220324
93220325
93220326
93220327
93220328
93220329
93220330
93220331
93220332
93220333
93220334
93220335
93220336
93220337
93220338
93220339
93220340
93220341
93220342
93220343
93220344
93220345
93220346
93220347
93220348
93220349
93220350
93220351
93220352
93220353
93220354
93220355
93220356
93220357
93220358
93220359
93220360
93220361
93220362
93220363
93220364
93220365
93220366
93220367
93220368
93220369
93220370
93220371
93220372
93220373
93220374
93220375
93220376
93220377
93220378
93220379
93220380
93220381
93220382
93220383
93220384
93220385
93220386
93220387
93220388
93220389
93220390
93220391
93220392
93220393
93220394
93220395
93220396
93220397
93220398
93220399
93220400
93220401
93220402
93220403
93220404
93220405
93220406
93220407
93220408
93220409
93220410
93220411
93220412
93220413
93220414
93220415
93220416
93220417
93220418
93220419
93220420
93220421
93220422
93220423
93220424
93220425
93220426
93220427
93220428
93220429
93220430
93220431
93220432
93220433
93220434
93220435
93220436
93220437
93220438
93220439
93220440
93220441
93220442
93220443
93220444
93220445
93220446
93220447
93220448
93220449
93220450
93220451
93220452
93220453
93220454
93220455
93220456
93220457
93220458
93220459
93220460
93220461
93220462
93220463
93220464
93220465
93220466
93220467
93220468
93220469
93220470
93220471
93220472
93220473
93220474
93220475
93220476
93220477
93220478
93220479
93220480
93220481
93220482
93220483
93220484
93220485
93220486
93220487
93220488
93220489
93220490
93220491
93220492
93220493
93220494
93220495
93220496
93220497
93220498
93220499
93220500
93220501
93220502
93220503
93220504
93220505
93220506
93220507
93220508
93220509
93220510
93220511
93220512
93220513
93220514
93220515
93220516
93220517
93220518
93220519
93220520
93220521
93220522
93220523
93220524
93220525
93220526
93220527
93220528
93220529
93220530
93220531
93220532
93220533
93220534
93220535
93220536
93220537
93220538
93220539
93220540
93220541
93220542
93220543
93220544
93220545
93220546
93220547
93220548
93220549
93220550
93220551
93220552
93220553
93220554
93220555
93220556
93220557
93220558
93220559
93220560
93220561
93220562
93220563
93220564
93220565
93220566
93220567
93220568
93220569
93220570
93220571
93220572
93220573
93220574
93220575
93220576
93220577
93220578
93220579
93220580
93220581
93220582
93220583
93220584
93220585
93220586
93220587
93220588
93220589
93220590
93220591
93220592
93220593
93220594
93220595
93220596
93220597
93220598
93220599
93220600
93220601
93220602
93220603
93220604
93220605
93220606
93220607
93220608
93220609
93220610
93220611
93220612
93220613
93220614
93220615
93220616
93220617
93220618
93220619
93220620
93220621
93220622
93220623
93220624
93220625
93220626
93220627
93220628
93220629
93220630
93220631
93220632
93220633
93220634
93220635
93220636
93220637
93220638
93220639
93220640
93220641
93220642
93220643
93220644
93220645
93220646
93220647
93220648
93220649
93220650
93220651
93220652
93220653
93220654
93220655
93220656
93220657
93220658
93220659
93220660
93220661
93220662
93220663
93220664
93220665
93220666
93220667
93220668
93220669
93220670
93220671
93220672
93220673
93220674
93220675
93220676
93220677
93220678
93220679
93220680
93220681
93220682
93220683
93220684
93220685
93220686
93220687
93220688
93220689
93220690
93220691
93220692
93220693
93220694
93220695
93220696
93220697
93220698
93220699
93220700
93220701
93220702
93220703
93220704
93220705
93220706
93220707
93220708
93220709
93220710
93220711
93220712
93220713
93220714
93220715
93220716
93220717
93220718
93220719
93220720
93220721
93220722
93220723
93220724
93220725
93220726
93220727
93220728
93220729
93220730
93220731
93220732
93220733
93220734
93220735
93220736
93220737
93220738
93220739
93220740
93220741
93220742
93220743
93220744
93220745
93220746
93220747
93220748
93220749
93220750
93220751
93220752
93220753
93220754
93220755
93220756
93220757
93220758
93220759
93220760
93220761
93220762
93220763
93220764
93220765
93220766
93220767
93220768
93220769
93220770
93220771
93220772
93220773
93220774
93220775
93220776
93220777
93220778
93220779
93220780
93220781
93220782
93220783
93220784
93220785
93220786
93220787
93220788
93220789
93220790
93220791
93220792
93220793
93220794
93220795
93220796
93220797
93220798
93220799
93220800
93220801
93220802
93220803
93220804
93220805
93220806
93220807
93220808
93220809
93220810
93220811
93220812
93220813
93220814
93220815
93220816
93220817
93220818
93220819
93220820
93220821
93220822
93220823
93220824
93220825
93220826
93220827
93220828
93220829
93220830
93220831
93220832
93220833
93220834
93220835
93220836
93220837
93220838
93220839
93220840
93220841
93220842
93220843
93220844
93220845
93220846
93220847
93220848
93220849
93220850
93220851
93220852
93220853
93220854
93220855
93220856
93220857
93220858
93220859
93220860
93220861
93220862
93220863
93220864
93220865
93220866
93220867
93220868
93220869
93220870
93220871
93220872
93220873
93220874
93220875
93220876
93220877
93220878
93220879
93220880
93220881
93220882
93220883
93220884
93220885
93220886
93220887
93220888
93220889
93220890
93220891
93220892
93220893
93220894
93220895
93220896
93220897
93220898
93220899
93220900
93220901
93220902
93220903
93220904
93220905
93220906
93220907
93220908
93220909
93220910
93220911
93220912
93220913
93220914
93220915
93220916
93220917
93220918
93220919
93220920
93220921
93220922
93220923
93220924
93220925
93220926
93220927
93220928
93220929
93220930
93220931
93220932
93220933
93220934
93220935
93220936
93220937
93220938
93220939
93220940
93220941
93220942
93220943
93220944
93220945
93220946
93220947
93220948
93220949
93220950
93220951
93220952
93220953
93220954
93220955
93220956
93220957
93220958
93220959
93220960
93220961
93220962
93220963
93220964
93220965
93220966
93220967
93220968
93220969
93220970
93220971
93220972
93220973
93220974
93220975
93220976
93220977
93220978
93220979
93220980
93220981
93220982
93220983
93220984
93220985
93220986
93220987
93220988
93220989
93220990
93220991
93220992
93220993
93220994
93220995
93220996
93220997
93220998
93220999
93221000
93221001
93221002
93221003
93221004
93221005
93221006
93221007
93221008
93221009
93221010
93221011
93221012
93221013
93221014
93221015
93221016
93221017
93221018
93221019
93221020
93221021
93221022
93221023
93221024
93221025
93221026
93221027
93221028
93221029
93221030
93221031
93221032
93221033
93221034
93221035
93221036
93221037
93221038
93221039
93221040
93221041
93221042
93221043
93221044
93221045
93221046
93221047
93221048
93221049
93221050
93221051
93221052
93221053
93221054
93221055
93221056
93221057
93221058
93221059
93221060
93221061
93221062
93221063
93221064
93221065
93221066
93221067
93221068
93221069
93221070
93221071
93221072
93221073
93221074
93221075
93221076
93221077
93221078
93221079
93221080
93221081
93221082
93221083
93221084
93221085
93221086
93221087
93221088
93221089
93221090
93221091
93221092
93221093
93221094
93221095
93221096
93221097
93221098
93221099
93221100
93221101
93221102
93221103
93221104
93221105
93221106
93221107
93221108
93221109
93221110
93221111
93221112
93221113
93221114
93221115
93221116
93221117
93221118
93221119
93221120
93221121
93221122
93221123
93221124
93221125
93221126
93221127
93221128
93221129
93221130
93221131
93221132
93221133
93221134
93221135
93221136
93221137
93221138
93221139
93221140
93221141
93221142
93221143
93221144
93221145
93221146
93221147
93221148
93221149
93221150
93221151
93221152
93221153
93221154
93221155
93221156
93221157
93221158
93221159
93221160
93221161
93221162
93221163
93221164
93221165
93221166
93221167
93221168
93221169
93221170
93221171
93221172
93221173
93221174
93221175
93221176
93221177
93221178
93221179
93221180
93221181
93221182
93221183
93221184
93221185
93221186
93221187
93221188
93221189
93221190
93221191
93221192
93221193
93221194
93221195
93221196
93221197
93221198
93221199
93221200
93221201
93221202
93221203
93221204
93221205
93221206
93221207
93221208
93221209
93221210
93221211
93221212
93221213
93221214
93221215
93221216
93221217
93221218
93221219
93221220
93221221
93221222
93221223
93221224
93221225
93221226
93221227
93221228
93221229
93221230
93221231
93221232
93221233
93221234
93221235
93221236
93221237
93221238
93221239
93221240
93221241
93221242
93221243
93221244
93221245
93221246
93221247
93221248
93221249
93221250
93221251
93221252
93221253
93221254
93221255
93221256
93221257
93221258
93221259
93221260
93221261
93221262
93221263
93221264
93221265
93221266
93221267
93221268
93221269
93221270
93221271
93221272
93221273
93221274
93221275
93221276
93221277
93221278
93221279
93221280
93221281
93221282
93221283
93221284
93221285
93221286
93221287
93221288
93221289
93221290
93221291
93221292
93221293
93221294
93221295
93221296
93221297
93221298
93221299
93221300
93221301
93221302
93221303
93221304
93221305
93221306
93221307
93221308
93221309
93221310
93221311
93221312
93221313
93221314
93221315
93221316
93221317
93221318
93221319
93221320
93221321
93221322
93221323
93221324
93221325
93221326
93221327
93221328
93221329
93221330
93221331
93221332
93221333
93221334
93221335
93221336
93221337
93221338
93221339
93221340
93221341
93221342
93221343
93221344
93221345
93221346
93221347
93221348
93221349
93221350
93221351
93221352
93221353
93221354
93221355
93221356
93221357
93221358
93221359
93221360
93221361
93221362
93221363
93221364
93221365
93221366
93221367
93221368
93221369
93221370
93221371
93221372
93221373
93221374
93221375
93221376
93221377
93221378
93221379
93221380
93221381
93221382
93221383
93221384
93221385
93221386
93221387
93221388
93221389
93221390
93221391
93221392
93221393
93221394
93221395
93221396
93221397
93221398
93221399
93221400
93221401
93221402
93221403
93221404
93221405
93221406
93221407
93221408
93221409
93221410
93221411
93221412
93221413
93221414
93221415
93221416
93221417
93221418
93221419
93221420
93221421
93221422
93221423
93221424
93221425
93221426
93221427
93221428
93221429
93221430
93221431
93221432
93221433
93221434
93221435
93221436
93221437
93221438
93221439
93221440
93221441
93221442
93221443
93221444
93221445
93221446
93221447
93221448
93221449
93221450
93221451
93221452
93221453
93221454
93221455
93221456
93221457
93221458
93221459
93221460
93221461
93221462
93221463
93221464
93221465
93221466
93221467
93221468
93221469
93221470
93221471
93221472
93221473
93221474
93221475
93221476
93221477
93221478
93221479
93221480
93221481
93221482
93221483
93221484
93221485
93221486
93221487
93221488
93221489
93221490
93221491
93221492
93221493
93221494
93221495
93221496
93221497
93221498
93221499
93221500
93221501
93221502
93221503
93221504
93221505
93221506
93221507
93221508
93221509
93221510
93221511
93221512
93221513
93221514
93221515
93221516
93221517
93221518
93221519
93221520
93221521
93221522
93221523
93221524
93221525
93221526
93221527
93221528
93221529
93221530
93221531
93221532
93221533
93221534
93221535
93221536
93221537
93221538
93221539
93221540
93221541
93221542
93221543
93221544
93221545
93221546
93221547
93221548
93221549
93221550
93221551
93221552
93221553
93221554
93221555
93221556
93221557
93221558
93221559
93221560
93221561
93221562
93221563
93221564
93221565
93221566
93221567
93221568
93221569
93221570
93221571
93221572
93221573
93221574
93221575
93221576
93221577
93221578
93221579
93221580
93221581
93221582
93221583
93221584
93221585
93221586
93221587
93221588
93221589
93221590
93221591
93221592
93221593
93221594
93221595
93221596
93221597
93221598
93221599
93221600
93221601
93221602
93221603
93221604
93221605
93221606
93221607
93221608
93221609
93221610
93221611
93221612
93221613
93221614
93221615
93221616
93221617
93221618
93221619
93221620
93221621
93221622
93221623
93221624
93221625
93221626
93221627
93221628
93221629
93221630
93221631
93221632
93221633
93221634
93221635
93221636
93221637
93221638
93221639
93221640
93221641
93221642
93221643
93221644
93221645
93221646
93221647
93221648
93221649
93221650
93221651
93221652
93221653
93221654
93221655
93221656
93221657
93221658
93221659
93221660
93221661
93221662
93221663
93221664
93221665
93221666
93221667
93221668
93221669
93221670
93221671
93221672
93221673
93221674
93221675
93221676
93221677
93221678
93221679
93221680
93221681
93221682
93221683
93221684
93221685
93221686
93221687
93221688
93221689
93221690
93221691
93221692
93221693
93221694
93221695
93221696
93221697
93221698
93221699
93221700
93221701
93221702
93221703
93221704
93221705
93221706
93221707
93221708
93221709
93221710
93221711
93221712
93221713
93221714
93221715
93221716
93221717
93221718
93221719
93221720
93221721
93221722
93221723
93221724
93221725
93221726
93221727
93221728
93221729
93221730
93221731
93221732
93221733
93221734
93221735
93221736
93221737
93221738
93221739
93221740
93221741
93221742
93221743
93221744
93221745
93221746
93221747
93221748
93221749
93221750
93221751
93221752
93221753
93221754
93221755
93221756
93221757
93221758
93221759
93221760
93221761
93221762
93221763
93221764
93221765
93221766
93221767
93221768
93221769
93221770
93221771
93221772
93221773
93221774
93221775
93221776
93221777
93221778
93221779
93221780
93221781
93221782
93221783
93221784
93221785
93221786
93221787
93221788
93221789
93221790
93221791
93221792
93221793
93221794
93221795
93221796
93221797
93221798
93221799
93221800
93221801
93221802
93221803
93221804
93221805
93221806
93221807
93221808
93221809
93221810
93221811
93221812
93221813
93221814
93221815
93221816
93221817
93221818
93221819
93221820
93221821
93221822
93221823
93221824
93221825
93221826
93221827
93221828
93221829
93221830
93221831
93221832
93221833
93221834
93221835
93221836
93221837
93221838
93221839
93221840
93221841
93221842
93221843
93221844
93221845
93221846
93221847
93221848
93221849
93221850
93221851
93221852
93221853
93221854
93221855
93221856
93221857
93221858
93221859
93221860
93221861
93221862
93221863
93221864
93221865
93221866
93221867
93221868
93221869
93221870
93221871
93221872
93221873
93221874
93221875
93221876
93221877
93221878
93221879
93221880
93221881
93221882
93221883
93221884
93221885
93221886
93221887
93221888
93221889
93221890
93221891
93221892
93221893
93221894
93221895
93221896
93221897
93221898
93221899
93221900
93221901
93221902
93221903
93221904
93221905
93221906
93221907
93221908
93221909
93221910
93221911
93221912
93221913
93221914
93221915
93221916
93221917
93221918
93221919
93221920
93221921
93221922
93221923
93221924
93221925
93221926
93221927
93221928
93221929
93221930
93221931
93221932
93221933
93221934
93221935
93221936
93221937
93221938
93221939
93221940
93221941
93221942
93221943
93221944
93221945
93221946
93221947
93221948
93221949
93221950
93221951
93221952
93221953
93221954
93221955
93221956
93221957
93221958
93221959
93221960
93221961
93221962
93221963
93221964
93221965
93221966
93221967
93221968
93221969
93221970
93221971
93221972
93221973
93221974
93221975
93221976
93221977
93221978
93221979
93221980
93221981
93221982
93221983
93221984
93221985
93221986
93221987
93221988
93221989
93221990
93221991
93221992
93221993
93221994
93221995
93221996
93221997
93221998
93221999
93222000
93222001
93222002
93222003
93222004
93222005
93222006
93222007
93222008
93222009
93222010
93222011
93222012
93222013
93222014
93222015
93222016
93222017
93222018
93222019
93222020
93222021
93222022
93222023
93222024
93222025
93222026
93222027
93222028
93222029
93222030
93222031
93222032
93222033
93222034
93222035
93222036
93222037
93222038
93222039
93222040
93222041
93222042
93222043
93222044
93222045
93222046
93222047
93222048
93222049
93222050
93222051
93222052
93222053
93222054
93222055
93222056
93222057
93222058
93222059
93222060
93222061
93222062
93222063
93222064
93222065
93222066
93222067
93222068
93222069
93222070
93222071
93222072
93222073
93222074
93222075
93222076
93222077
93222078
93222079
93222080
93222081
93222082
93222083
93222084
93222085
93222086
93222087
93222088
93222089
93222090
93222091
93222092
93222093
93222094
93222095
93222096
93222097
93222098
93222099
93222100
93222101
93222102
93222103
93222104
93222105
93222106
93222107
93222108
93222109
93222110
93222111
93222112
93222113
93222114
93222115
93222116
93222117
93222118
93222119
93222120
93222121
93222122
93222123
93222124
93222125
93222126
93222127
93222128
93222129
93222130
93222131
93222132
93222133
93222134
93222135
93222136
93222137
93222138
93222139
93222140
93222141
93222142
93222143
93222144
93222145
93222146
93222147
93222148
93222149
93222150
93222151
93222152
93222153
93222154
93222155
93222156
93222157
93222158
93222159
93222160
93222161
93222162
93222163
93222164
93222165
93222166
93222167
93222168
93222169
93222170
93222171
93222172
93222173
93222174
93222175
93222176
93222177
93222178
93222179
93222180
93222181
93222182
93222183
93222184
93222185
93222186
93222187
93222188
93222189
93222190
93222191
93222192
93222193
93222194
93222195
93222196
93222197
93222198
93222199
93222200
93222201
93222202
93222203
93222204
93222205
93222206
93222207
93222208
93222209
93222210
93222211
93222212
93222213
93222214
93222215
93222216
93222217
93222218
93222219
93222220
93222221
93222222
93222223
93222224
93222225
93222226
93222227
93222228
93222229
93222230
93222231
93222232
93222233
93222234
93222235
93222236
93222237
93222238
93222239
93222240
93222241
93222242
93222243
93222244
93222245
93222246
93222247
93222248
93222249
93222250
93222251
93222252
93222253
93222254
93222255
93222256
93222257
93222258
93222259
93222260
93222261
93222262
93222263
93222264
93222265
93222266
93222267
93222268
93222269
93222270
93222271
93222272
93222273
93222274
93222275
93222276
93222277
93222278
93222279
93222280
93222281
93222282
93222283
93222284
93222285
93222286
93222287
93222288
93222289
93222290
93222291
93222292
93222293
93222294
93222295
93222296
93222297
93222298
93222299
93222300
93222301
93222302
93222303
93222304
93222305
93222306
93222307
93222308
93222309
93222310
93222311
93222312
93222313
93222314
93222315
93222316
93222317
93222318
93222319
93222320
93222321
93222322
93222323
93222324
93222325
93222326
93222327
93222328
93222329
93222330
93222331
93222332
93222333
93222334
93222335
93222336
93222337
93222338
93222339
93222340
93222341
93222342
93222343
93222344
93222345
93222346
93222347
93222348
93222349
93222350
93222351
93222352
93222353
93222354
93222355
93222356
93222357
93222358
93222359
93222360
93222361
93222362
93222363
93222364
93222365
93222366
93222367
93222368
93222369
93222370
93222371
93222372
93222373
93222374
93222375
93222376
93222377
93222378
93222379
93222380
93222381
93222382
93222383
93222384
93222385
93222386
93222387
93222388
93222389
93222390
93222391
93222392
93222393
93222394
93222395
93222396
93222397
93222398
93222399
93222400
93222401
93222402
93222403
93222404
93222405
93222406
93222407
93222408
93222409
93222410
93222411
93222412
93222413
93222414
93222415
93222416
93222417
93222418
93222419
93222420
93222421
93222422
93222423
93222424
93222425
93222426
93222427
93222428
93222429
93222430
93222431
93222432
93222433
93222434
93222435
93222436
93222437
93222438
93222439
93222440
93222441
93222442
93222443
93222444
93222445
93222446
93222447
93222448
93222449
93222450
93222451
93222452
93222453
93222454
93222455
93222456
93222457
93222458
93222459
93222460
93222461
93222462
93222463
93222464
93222465
93222466
93222467
93222468
93222469
93222470
93222471
93222472
93222473
93222474
93222475
93222476
93222477
93222478
93222479
93222480
93222481
93222482
93222483
93222484
93222485
93222486
93222487
93222488
93222489
93222490
93222491
93222492
93222493
93222494
93222495
93222496
93222497
93222498
93222499
93222500
93222501
93222502
93222503
93222504
93222505
93222506
93222507
93222508
93222509
93222510
93222511
93222512
93222513
93222514
93222515
93222516
93222517
93222518
93222519
93222520
93222521
93222522
93222523
93222524
93222525
93222526
93222527
93222528
93222529
93222530
93222531
93222532
93222533
93222534
93222535
93222536
93222537
93222538
93222539
93222540
93222541
93222542
93222543
93222544
93222545
93222546
93222547
93222548
93222549
93222550
93222551
93222552
93222553
93222554
93222555
93222556
93222557
93222558
93222559
93222560
93222561
93222562
93222563
93222564
93222565
93222566
93222567
93222568
93222569
93222570
93222571
93222572
93222573
93222574
93222575
93222576
93222577
93222578
93222579
93222580
93222581
93222582
93222583
93222584
93222585
93222586
93222587
93222588
93222589
93222590
93222591
93222592
93222593
93222594
93222595
93222596
93222597
93222598
93222599
93222600
93222601
93222602
93222603
93222604
93222605
93222606
93222607
93222608
93222609
93222610
93222611
93222612
93222613
93222614
93222615
93222616
93222617
93222618
93222619
93222620
93222621
93222622
93222623
93222624
93222625
93222626
93222627
93222628
93222629
93222630
93222631
93222632
93222633
93222634
93222635
93222636
93222637
93222638
93222639
93222640
93222641
93222642
93222643
93222644
93222645
93222646
93222647
93222648
93222649
93222650
93222651
93222652
93222653
93222654
93222655
93222656
93222657
93222658
93222659
93222660
93222661
93222662
93222663
93222664
93222665
93222666
93222667
93222668
93222669
93222670
93222671
93222672
93222673
93222674
93222675
93222676
93222677
93222678
93222679
93222680
93222681
93222682
93222683
93222684
93222685
93222686
93222687
93222688
93222689
93222690
93222691
93222692
93222693
93222694
93222695
93222696
93222697
93222698
93222699
93222700
93222701
93222702
93222703
93222704
93222705
93222706
93222707
93222708
93222709
93222710
93222711
93222712
93222713
93222714
93222715
93222716
93222717
93222718
93222719
93222720
93222721
93222722
93222723
93222724
93222725
93222726
93222727
93222728
93222729
93222730
93222731
93222732
93222733
93222734
93222735
93222736
93222737
93222738
93222739
93222740
93222741
93222742
93222743
93222744
93222745
93222746
93222747
93222748
93222749
93222750
93222751
93222752
93222753
93222754
93222755
93222756
93222757
93222758
93222759
93222760
93222761
93222762
93222763
93222764
93222765
93222766
93222767
93222768
93222769
93222770
93222771
93222772
93222773
93222774
93222775
93222776
93222777
93222778
93222779
93222780
93222781
93222782
93222783
93222784
93222785
93222786
93222787
93222788
93222789
93222790
93222791
93222792
93222793
93222794
93222795
93222796
93222797
93222798
93222799
93222800
93222801
93222802
93222803
93222804
93222805
93222806
93222807
93222808
93222809
93222810
93222811
93222812
93222813
93222814
93222815
93222816
93222817
93222818
93222819
93222820
93222821
93222822
93222823
93222824
93222825
93222826
93222827
93222828
93222829
93222830
93222831
93222832
93222833
93222834
93222835
93222836
93222837
93222838
93222839
93222840
93222841
93222842
93222843
93222844
93222845
93222846
93222847
93222848
93222849
93222850
93222851
93222852
93222853
93222854
93222855
93222856
93222857
93222858
93222859
93222860
93222861
93222862
93222863
93222864
93222865
93222866
93222867
93222868
93222869
93222870
93222871
93222872
93222873
93222874
93222875
93222876
93222877
93222878
93222879
93222880
93222881
93222882
93222883
93222884
93222885
93222886
93222887
93222888
93222889
93222890
93222891
93222892
93222893
93222894
93222895
93222896
93222897
93222898
93222899
93222900
93222901
93222902
93222903
93222904
93222905
93222906
93222907
93222908
93222909
93222910
93222911
93222912
93222913
93222914
93222915
93222916
93222917
93222918
93222919
93222920
93222921
93222922
93222923
93222924
93222925
93222926
93222927
93222928
93222929
93222930
93222931
93222932
93222933
93222934
93222935
93222936
93222937
93222938
93222939
93222940
93222941
93222942
93222943
93222944
93222945
93222946
93222947
93222948
93222949
93222950
93222951
93222952
93222953
93222954
93222955
93222956
93222957
93222958
93222959
93222960
93222961
93222962
93222963
93222964
93222965
93222966
93222967
93222968
93222969
93222970
93222971
93222972
93222973
93222974
93222975
93222976
93222977
93222978
93222979
93222980
93222981
93222982
93222983
93222984
93222985
93222986
93222987
93222988
93222989
93222990
93222991
93222992
93222993
93222994
93222995
93222996
93222997
93222998
93222999
93223000
93223001
93223002
93223003
93223004
93223005
93223006
93223007
93223008
93223009
93223010
93223011
93223012
93223013
93223014
93223015
93223016
93223017
93223018
93223019
93223020
93223021
93223022
93223023
93223024
93223025
93223026
93223027
93223028
93223029
93223030
93223031
93223032
93223033
93223034
93223035
93223036
93223037
93223038
93223039
93223040
93223041
93223042
93223043
93223044
93223045
93223046
93223047
93223048
93223049
93223050
93223051
93223052
93223053
93223054
93223055
93223056
93223057
93223058
93223059
93223060
93223061
93223062
93223063
93223064
93223065
93223066
93223067
93223068
93223069
93223070
93223071
93223072
93223073
93223074
93223075
93223076
93223077
93223078
93223079
93223080
93223081
93223082
93223083
93223084
93223085
93223086
93223087
93223088
93223089
93223090
93223091
93223092
93223093
93223094
93223095
93223096
93223097
93223098
93223099
93223100
93223101
93223102
93223103
93223104
93223105
93223106
93223107
93223108
93223109
93223110
93223111
93223112
93223113
93223114
93223115
93223116
93223117
93223118
93223119
93223120
93223121
93223122
93223123
93223124
93223125
93223126
93223127
93223128
93223129
93223130
93223131
93223132
93223133
93223134
93223135
93223136
93223137
93223138
93223139
93223140
93223141
93223142
93223143
93223144
93223145
93223146
93223147
93223148
93223149
93223150
93223151
93223152
93223153
93223154
93223155
93223156
93223157
93223158
93223159
93223160
93223161
93223162
93223163
93223164
93223165
93223166
93223167
93223168
93223169
93223170
93223171
93223172
93223173
93223174
93223175
93223176
93223177
93223178
93223179
93223180
93223181
93223182
93223183
93223184
93223185
93223186
93223187
93223188
93223189
93223190
93223191
93223192
93223193
93223194
93223195
93223196
93223197
93223198
93223199
93223200
93223201
93223202
93223203
93223204
93223205
93223206
93223207
93223208
93223209
93223210
93223211
93223212
93223213
93223214
93223215
93223216
93223217
93223218
93223219
93223220
93223221
93223222
93223223
93223224
93223225
93223226
93223227
93223228
93223229
93223230
93223231
93223232
93223233
93223234
93223235
93223236
93223237
93223238
93223239
93223240
93223241
93223242
93223243
93223244
93223245
93223246
93223247
93223248
93223249
93223250
93223251
93223252
93223253
93223254
93223255
93223256
93223257
93223258
93223259
93223260
93223261
93223262
93223263
93223264
93223265
93223266
93223267
93223268
93223269
93223270
93223271
93223272
93223273
93223274
93223275
93223276
93223277
93223278
93223279
93223280
93223281
93223282
93223283
93223284
93223285
93223286
93223287
93223288
93223289
93223290
93223291
93223292
93223293
93223294
93223295
93223296
93223297
93223298
93223299
93223300
93223301
93223302
93223303
93223304
93223305
93223306
93223307
93223308
93223309
93223310
93223311
93223312
93223313
93223314
93223315
93223316
93223317
93223318
93223319
93223320
93223321
93223322
93223323
93223324
93223325
93223326
93223327
93223328
93223329
93223330
93223331
93223332
93223333
93223334
93223335
93223336
93223337
93223338
93223339
93223340
93223341
93223342
93223343
93223344
93223345
93223346
93223347
93223348
93223349
93223350
93223351
93223352
93223353
93223354
93223355
93223356
93223357
93223358
93223359
93223360
93223361
93223362
93223363
93223364
93223365
93223366
93223367
93223368
93223369
93223370
93223371
93223372
93223373
93223374
93223375
93223376
93223377
93223378
93223379
93223380
93223381
93223382
93223383
93223384
93223385
93223386
93223387
93223388
93223389
93223390
93223391
93223392
93223393
93223394
93223395
93223396
93223397
93223398
93223399
93223400
93223401
93223402
93223403
93223404
93223405
93223406
93223407
93223408
93223409
93223410
93223411
93223412
93223413
93223414
93223415
93223416
93223417
93223418
93223419
93223420
93223421
93223422
93223423
93223424
93223425
93223426
93223427
93223428
93223429
93223430
93223431
93223432
93223433
93223434
93223435
93223436
93223437
93223438
93223439
93223440
93223441
93223442
93223443
93223444
93223445
93223446
93223447
93223448
93223449
93223450
93223451
93223452
93223453
93223454
93223455
93223456
93223457
93223458
93223459
93223460
93223461
93223462
93223463
93223464
93223465
93223466
93223467
93223468
93223469
93223470
93223471
93223472
93223473
93223474
93223475
93223476
93223477
93223478
93223479
93223480
93223481
93223482
93223483
93223484
93223485
93223486
93223487
93223488
93223489
93223490
93223491
93223492
93223493
93223494
93223495
93223496
93223497
93223498
93223499
93223500
93223501
93223502
93223503
93223504
93223505
93223506
93223507
93223508
93223509
93223510
93223511
93223512
93223513
93223514
93223515
93223516
93223517
93223518
93223519
93223520
93223521
93223522
93223523
93223524
93223525
93223526
93223527
93223528
93223529
93223530
93223531
93223532
93223533
93223534
93223535
93223536
93223537
93223538
93223539
93223540
93223541
93223542
93223543
93223544
93223545
93223546
93223547
93223548
93223549
93223550
93223551
93223552
93223553
93223554
93223555
93223556
93223557
93223558
93223559
93223560
93223561
93223562
93223563
93223564
93223565
93223566
93223567
93223568
93223569
93223570
93223571
93223572
93223573
93223574
93223575
93223576
93223577
93223578
93223579
93223580
93223581
93223582
93223583
93223584
93223585
93223586
93223587
93223588
93223589
93223590
93223591
93223592
93223593
93223594
93223595
93223596
93223597
93223598
93223599
93223600
93223601
93223602
93223603
93223604
93223605
93223606
93223607
93223608
93223609
93223610
93223611
93223612
93223613
93223614
93223615
93223616
93223617
93223618
93223619
93223620
93223621
93223622
93223623
93223624
93223625
93223626
93223627
93223628
93223629
93223630
93223631
93223632
93223633
93223634
93223635
93223636
93223637
93223638
93223639
93223640
93223641
93223642
93223643
93223644
93223645
93223646
93223647
93223648
93223649
93223650
93223651
93223652
93223653
93223654
93223655
93223656
93223657
93223658
93223659
93223660
93223661
93223662
93223663
93223664
93223665
93223666
93223667
93223668
93223669
93223670
93223671
93223672
93223673
93223674
93223675
93223676
93223677
93223678
93223679
93223680
93223681
93223682
93223683
93223684
93223685
93223686
93223687
93223688
93223689
93223690
93223691
93223692
93223693
93223694
93223695
93223696
93223697
93223698
93223699
93223700
93223701
93223702
93223703
93223704
93223705
93223706
93223707
93223708
93223709
93223710
93223711
93223712
93223713
93223714
93223715
93223716
93223717
93223718
93223719
93223720
93223721
93223722
93223723
93223724
93223725
93223726
93223727
93223728
93223729
93223730
93223731
93223732
93223733
93223734
93223735
93223736
93223737
93223738
93223739
93223740
93223741
93223742
93223743
93223744
93223745
93223746
93223747
93223748
93223749
93223750
93223751
93223752
93223753
93223754
93223755
93223756
93223757
93223758
93223759
93223760
93223761
93223762
93223763
93223764
93223765
93223766
93223767
93223768
93223769
93223770
93223771
93223772
93223773
93223774
93223775
93223776
93223777
93223778
93223779
93223780
93223781
93223782
93223783
93223784
93223785
93223786
93223787
93223788
93223789
93223790
93223791
93223792
93223793
93223794
93223795
93223796
93223797
93223798
93223799
93223800
93223801
93223802
93223803
93223804
93223805
93223806
93223807
93223808
93223809
93223810
93223811
93223812
93223813
93223814
93223815
93223816
93223817
93223818
93223819
93223820
93223821
93223822
93223823
93223824
93223825
93223826
93223827
93223828
93223829
93223830
93223831
93223832
93223833
93223834
93223835
93223836
93223837
93223838
93223839
93223840
93223841
93223842
93223843
93223844
93223845
93223846
93223847
93223848
93223849
93223850
93223851
93223852
93223853
93223854
93223855
93223856
93223857
93223858
93223859
93223860
93223861
93223862
93223863
93223864
93223865
93223866
93223867
93223868
93223869
93223870
93223871
93223872
93223873
93223874
93223875
93223876
93223877
93223878
93223879
93223880
93223881
93223882
93223883
93223884
93223885
93223886
93223887
93223888
93223889
93223890
93223891
93223892
93223893
93223894
93223895
93223896
93223897
93223898
93223899
93223900
93223901
93223902
93223903
93223904
93223905
93223906
93223907
93223908
93223909
93223910
93223911
93223912
93223913
93223914
93223915
93223916
93223917
93223918
93223919
93223920
93223921
93223922
93223923
93223924
93223925
93223926
93223927
93223928
93223929
93223930
93223931
93223932
93223933
93223934
93223935
93223936
93223937
93223938
93223939
93223940
93223941
93223942
93223943
93223944
93223945
93223946
93223947
93223948
93223949
93223950
93223951
93223952
93223953
93223954
93223955
93223956
93223957
93223958
93223959
93223960
93223961
93223962
93223963
93223964
93223965
93223966
93223967
93223968
93223969
93223970
93223971
93223972
93223973
93223974
93223975
93223976
93223977
93223978
93223979
93223980
93223981
93223982
93223983
93223984
93223985
93223986
93223987
93223988
93223989
93223990
93223991
93223992
93223993
93223994
93223995
93223996
93223997
93223998
93223999
93224000
93224001
93224002
93224003
93224004
93224005
93224006
93224007
93224008
93224009
93224010
93224011
93224012
93224013
93224014
93224015
93224016
93224017
93224018
93224019
93224020
93224021
93224022
93224023
93224024
93224025
93224026
93224027
93224028
93224029
93224030
93224031
93224032
93224033
93224034
93224035
93224036
93224037
93224038
93224039
93224040
93224041
93224042
93224043
93224044
93224045
93224046
93224047
93224048
93224049
93224050
93224051
93224052
93224053
93224054
93224055
93224056
93224057
93224058
93224059
93224060
93224061
93224062
93224063
93224064
93224065
93224066
93224067
93224068
93224069
93224070
93224071
93224072
93224073
93224074
93224075
93224076
93224077
93224078
93224079
93224080
93224081
93224082
93224083
93224084
93224085
93224086
93224087
93224088
93224089
93224090
93224091
93224092
93224093
93224094
93224095
93224096
93224097
93224098
93224099
93224100
93224101
93224102
93224103
93224104
93224105
93224106
93224107
93224108
93224109
93224110
93224111
93224112
93224113
93224114
93224115
93224116
93224117
93224118
93224119
93224120
93224121
93224122
93224123
93224124
93224125
93224126
93224127
93224128
93224129
93224130
93224131
93224132
93224133
93224134
93224135
93224136
93224137
93224138
93224139
93224140
93224141
93224142
93224143
93224144
93224145
93224146
93224147
93224148
93224149
93224150
93224151
93224152
93224153
93224154
93224155
93224156
93224157
93224158
93224159
93224160
93224161
93224162
93224163
93224164
93224165
93224166
93224167
93224168
93224169
93224170
93224171
93224172
93224173
93224174
93224175
93224176
93224177
93224178
93224179
93224180
93224181
93224182
93224183
93224184
93224185
93224186
93224187
93224188
93224189
93224190
93224191
93224192
93224193
93224194
93224195
93224196
93224197
93224198
93224199
93224200
93224201
93224202
93224203
93224204
93224205
93224206
93224207
93224208
93224209
93224210
93224211
93224212
93224213
93224214
93224215
93224216
93224217
93224218
93224219
93224220
93224221
93224222
93224223
93224224
93224225
93224226
93224227
93224228
93224229
93224230
93224231
93224232
93224233
93224234
93224235
93224236
93224237
93224238
93224239
93224240
93224241
93224242
93224243
93224244
93224245
93224246
93224247
93224248
93224249
93224250
93224251
93224252
93224253
93224254
93224255
93224256
93224257
93224258
93224259
93224260
93224261
93224262
93224263
93224264
93224265
93224266
93224267
93224268
93224269
93224270
93224271
93224272
93224273
93224274
93224275
93224276
93224277
93224278
93224279
93224280
93224281
93224282
93224283
93224284
93224285
93224286
93224287
93224288
93224289
93224290
93224291
93224292
93224293
93224294
93224295
93224296
93224297
93224298
93224299
93224300
93224301
93224302
93224303
93224304
93224305
93224306
93224307
93224308
93224309
93224310
93224311
93224312
93224313
93224314
93224315
93224316
93224317
93224318
93224319
93224320
93224321
93224322
93224323
93224324
93224325
93224326
93224327
93224328
93224329
93224330
93224331
93224332
93224333
93224334
93224335
93224336
93224337
93224338
93224339
93224340
93224341
93224342
93224343
93224344
93224345
93224346
93224347
93224348
93224349
93224350
93224351
93224352
93224353
93224354
93224355
93224356
93224357
93224358
93224359
93224360
93224361
93224362
93224363
93224364
93224365
93224366
93224367
93224368
93224369
93224370
93224371
93224372
93224373
93224374
93224375
93224376
93224377
93224378
93224379
93224380
93224381
93224382
93224383
93224384
93224385
93224386
93224387
93224388
93224389
93224390
93224391
93224392
93224393
93224394
93224395
93224396
93224397
93224398
93224399
93224400
93224401
93224402
93224403
93224404
93224405
93224406
93224407
93224408
93224409
93224410
93224411
93224412
93224413
93224414
93224415
93224416
93224417
93224418
93224419
93224420
93224421
93224422
93224423
93224424
93224425
93224426
93224427
93224428
93224429
93224430
93224431
93224432
93224433
93224434
93224435
93224436
93224437
93224438
93224439
93224440
93224441
93224442
93224443
93224444
93224445
93224446
93224447
93224448
93224449
93224450
93224451
93224452
93224453
93224454
93224455
93224456
93224457
93224458
93224459
93224460
93224461
93224462
93224463
93224464
93224465
93224466
93224467
93224468
93224469
93224470
93224471
93224472
93224473
93224474
93224475
93224476
93224477
93224478
93224479
93224480
93224481
93224482
93224483
93224484
93224485
93224486
93224487
93224488
93224489
93224490
93224491
93224492
93224493
93224494
93224495
93224496
93224497
93224498
93224499
93224500
93224501
93224502
93224503
93224504
93224505
93224506
93224507
93224508
93224509
93224510
93224511
93224512
93224513
93224514
93224515
93224516
93224517
93224518
93224519
93224520
93224521
93224522
93224523
93224524
93224525
93224526
93224527
93224528
93224529
93224530
93224531
93224532
93224533
93224534
93224535
93224536
93224537
93224538
93224539
93224540
93224541
93224542
93224543
93224544
93224545
93224546
93224547
93224548
93224549
93224550
93224551
93224552
93224553
93224554
93224555
93224556
93224557
93224558
93224559
93224560
93224561
93224562
93224563
93224564
93224565
93224566
93224567
93224568
93224569
93224570
93224571
93224572
93224573
93224574
93224575
93224576
93224577
93224578
93224579
93224580
93224581
93224582
93224583
93224584
93224585
93224586
93224587
93224588
93224589
93224590
93224591
93224592
93224593
93224594
93224595
93224596
93224597
93224598
93224599
93224600
93224601
93224602
93224603
93224604
93224605
93224606
93224607
93224608
93224609
93224610
93224611
93224612
93224613
93224614
93224615
93224616
93224617
93224618
93224619
93224620
93224621
93224622
93224623
93224624
93224625
93224626
93224627
93224628
93224629
93224630
93224631
93224632
93224633
93224634
93224635
93224636
93224637
93224638
93224639
93224640
93224641
93224642
93224643
93224644
93224645
93224646
93224647
93224648
93224649
93224650
93224651
93224652
93224653
93224654
93224655
93224656
93224657
93224658
93224659
93224660
93224661
93224662
93224663
93224664
93224665
93224666
93224667
93224668
93224669
93224670
93224671
93224672
93224673
93224674
93224675
93224676
93224677
93224678
93224679
93224680
93224681
93224682
93224683
93224684
93224685
93224686
93224687
93224688
93224689
93224690
93224691
93224692
93224693
93224694
93224695
93224696
93224697
93224698
93224699
93224700
93224701
93224702
93224703
93224704
93224705
93224706
93224707
93224708
93224709
93224710
93224711
93224712
93224713
93224714
93224715
93224716
93224717
93224718
93224719
93224720
93224721
93224722
93224723
93224724
93224725
93224726
93224727
93224728
93224729
93224730
93224731
93224732
93224733
93224734
93224735
93224736
93224737
93224738
93224739
93224740
93224741
93224742
93224743
93224744
93224745
93224746
93224747
93224748
93224749
93224750
93224751
93224752
93224753
93224754
93224755
93224756
93224757
93224758
93224759
93224760
93224761
93224762
93224763
93224764
93224765
93224766
93224767
93224768
93224769
93224770
93224771
93224772
93224773
93224774
93224775
93224776
93224777
93224778
93224779
93224780
93224781
93224782
93224783
93224784
93224785
93224786
93224787
93224788
93224789
93224790
93224791
93224792
93224793
93224794
93224795
93224796
93224797
93224798
93224799
93224800
93224801
93224802
93224803
93224804
93224805
93224806
93224807
93224808
93224809
93224810
93224811
93224812
93224813
93224814
93224815
93224816
93224817
93224818
93224819
93224820
93224821
93224822
93224823
93224824
93224825
93224826
93224827
93224828
93224829
93224830
93224831
93224832
93224833
93224834
93224835
93224836
93224837
93224838
93224839
93224840
93224841
93224842
93224843
93224844
93224845
93224846
93224847
93224848
93224849
93224850
93224851
93224852
93224853
93224854
93224855
93224856
93224857
93224858
93224859
93224860
93224861
93224862
93224863
93224864
93224865
93224866
93224867
93224868
93224869
93224870
93224871
93224872
93224873
93224874
93224875
93224876
93224877
93224878
93224879
93224880
93224881
93224882
93224883
93224884
93224885
93224886
93224887
93224888
93224889
93224890
93224891
93224892
93224893
93224894
93224895
93224896
93224897
93224898
93224899
93224900
93224901
93224902
93224903
93224904
93224905
93224906
93224907
93224908
93224909
93224910
93224911
93224912
93224913
93224914
93224915
93224916
93224917
93224918
93224919
93224920
93224921
93224922
93224923
93224924
93224925
93224926
93224927
93224928
93224929
93224930
93224931
93224932
93224933
93224934
93224935
93224936
93224937
93224938
93224939
93224940
93224941
93224942
93224943
93224944
93224945
93224946
93224947
93224948
93224949
93224950
93224951
93224952
93224953
93224954
93224955
93224956
93224957
93224958
93224959
93224960
93224961
93224962
93224963
93224964
93224965
93224966
93224967
93224968
93224969
93224970
93224971
93224972
93224973
93224974
93224975
93224976
93224977
93224978
93224979
93224980
93224981
93224982
93224983
93224984
93224985
93224986
93224987
93224988
93224989
93224990
93224991
93224992
93224993
93224994
93224995
93224996
93224997
93224998
93224999
93225000
93225001
93225002
93225003
93225004
93225005
93225006
93225007
93225008
93225009
93225010
93225011
93225012
93225013
93225014
93225015
93225016
93225017
93225018
93225019
93225020
93225021
93225022
93225023
93225024
93225025
93225026
93225027
93225028
93225029
93225030
93225031
93225032
93225033
93225034
93225035
93225036
93225037
93225038
93225039
93225040
93225041
93225042
93225043
93225044
93225045
93225046
93225047
93225048
93225049
93225050
93225051
93225052
93225053
93225054
93225055
93225056
93225057
93225058
93225059
93225060
93225061
93225062
93225063
93225064
93225065
93225066
93225067
93225068
93225069
93225070
93225071
93225072
93225073
93225074
93225075
93225076
93225077
93225078
93225079
93225080
93225081
93225082
93225083
93225084
93225085
93225086
93225087
93225088
93225089
93225090
93225091
93225092
93225093
93225094
93225095
93225096
93225097
93225098
93225099
93225100
93225101
93225102
93225103
93225104
93225105
93225106
93225107
93225108
93225109
93225110
93225111
93225112
93225113
93225114
93225115
93225116
93225117
93225118
93225119
93225120
93225121
93225122
93225123
93225124
93225125
93225126
93225127
93225128
93225129
93225130
93225131
93225132
93225133
93225134
93225135
93225136
93225137
93225138
93225139
93225140
93225141
93225142
93225143
93225144
93225145
93225146
93225147
93225148
93225149
93225150
93225151
93225152
93225153
93225154
93225155
93225156
93225157
93225158
93225159
93225160
93225161
93225162
93225163
93225164
93225165
93225166
93225167
93225168
93225169
93225170
93225171
93225172
93225173
93225174
93225175
93225176
93225177
93225178
93225179
93225180
93225181
93225182
93225183
93225184
93225185
93225186
93225187
93225188
93225189
93225190
93225191
93225192
93225193
93225194
93225195
93225196
93225197
93225198
93225199
93225200
93225201
93225202
93225203
93225204
93225205
93225206
93225207
93225208
93225209
93225210
93225211
93225212
93225213
93225214
93225215
93225216
93225217
93225218
93225219
93225220
93225221
93225222
93225223
93225224
93225225
93225226
93225227
93225228
93225229
93225230
93225231
93225232
93225233
93225234
93225235
93225236
93225237
93225238
93225239
93225240
93225241
93225242
93225243
93225244
93225245
93225246
93225247
93225248
93225249
93225250
93225251
93225252
93225253
93225254
93225255
93225256
93225257
93225258
93225259
93225260
93225261
93225262
93225263
93225264
93225265
93225266
93225267
93225268
93225269
93225270
93225271
93225272
93225273
93225274
93225275
93225276
93225277
93225278
93225279
93225280
93225281
93225282
93225283
93225284
93225285
93225286
93225287
93225288
93225289
93225290
93225291
93225292
93225293
93225294
93225295
93225296
93225297
93225298
93225299
93225300
93225301
93225302
93225303
93225304
93225305
93225306
93225307
93225308
93225309
93225310
93225311
93225312
93225313
93225314
93225315
93225316
93225317
93225318
93225319
93225320
93225321
93225322
93225323
93225324
93225325
93225326
93225327
93225328
93225329
93225330
93225331
93225332
93225333
93225334
93225335
93225336
93225337
93225338
93225339
93225340
93225341
93225342
93225343
93225344
93225345
93225346
93225347
93225348
93225349
93225350
93225351
93225352
93225353
93225354
93225355
93225356
93225357
93225358
93225359
93225360
93225361
93225362
93225363
93225364
93225365
93225366
93225367
93225368
93225369
93225370
93225371
93225372
93225373
93225374
93225375
93225376
93225377
93225378
93225379
93225380
93225381
93225382
93225383
93225384
93225385
93225386
93225387
93225388
93225389
93225390
93225391
93225392
93225393
93225394
93225395
93225396
93225397
93225398
93225399
93225400
93225401
93225402
93225403
93225404
93225405
93225406
93225407
93225408
93225409
93225410
93225411
93225412
93225413
93225414
93225415
93225416
93225417
93225418
93225419
93225420
93225421
93225422
93225423
93225424
93225425
93225426
93225427
93225428
93225429
93225430
93225431
93225432
93225433
93225434
93225435
93225436
93225437
93225438
93225439
93225440
93225441
93225442
93225443
93225444
93225445
93225446
93225447
93225448
93225449
93225450
93225451
93225452
93225453
93225454
93225455
93225456
93225457
93225458
93225459
93225460
93225461
93225462
93225463
93225464
93225465
93225466
93225467
93225468
93225469
93225470
93225471
93225472
93225473
93225474
93225475
93225476
93225477
93225478
93225479
93225480
93225481
93225482
93225483
93225484
93225485
93225486
93225487
93225488
93225489
93225490
93225491
93225492
93225493
93225494
93225495
93225496
93225497
93225498
93225499
93225500
93225501
93225502
93225503
93225504
93225505
93225506
93225507
93225508
93225509
93225510
93225511
93225512
93225513
93225514
93225515
93225516
93225517
93225518
93225519
93225520
93225521
93225522
93225523
93225524
93225525
93225526
93225527
93225528
93225529
93225530
93225531
93225532
93225533
93225534
93225535
93225536
93225537
93225538
93225539
93225540
93225541
93225542
93225543
93225544
93225545
93225546
93225547
93225548
93225549
93225550
93225551
93225552
93225553
93225554
93225555
93225556
93225557
93225558
93225559
93225560
93225561
93225562
93225563
93225564
93225565
93225566
93225567
93225568
93225569
93225570
93225571
93225572
93225573
93225574
93225575
93225576
93225577
93225578
93225579
93225580
93225581
93225582
93225583
93225584
93225585
93225586
93225587
93225588
93225589
93225590
93225591
93225592
93225593
93225594
93225595
93225596
93225597
93225598
93225599
93225600
93225601
93225602
93225603
93225604
93225605
93225606
93225607
93225608
93225609
93225610
93225611
93225612
93225613
93225614
93225615
93225616
93225617
93225618
93225619
93225620
93225621
93225622
93225623
93225624
93225625
93225626
93225627
93225628
93225629
93225630
93225631
93225632
93225633
93225634
93225635
93225636
93225637
93225638
93225639
93225640
93225641
93225642
93225643
93225644
93225645
93225646
93225647
93225648
93225649
93225650
93225651
93225652
93225653
93225654
93225655
93225656
93225657
93225658
93225659
93225660
93225661
93225662
93225663
93225664
93225665
93225666
93225667
93225668
93225669
93225670
93225671
93225672
93225673
93225674
93225675
93225676
93225677
93225678
93225679
93225680
93225681
93225682
93225683
93225684
93225685
93225686
93225687
93225688
93225689
93225690
93225691
93225692
93225693
93225694
93225695
93225696
93225697
93225698
93225699
93225700
93225701
93225702
93225703
93225704
93225705
93225706
93225707
93225708
93225709
93225710
93225711
93225712
93225713
93225714
93225715
93225716
93225717
93225718
93225719
93225720
93225721
93225722
93225723
93225724
93225725
93225726
93225727
93225728
93225729
93225730
93225731
93225732
93225733
93225734
93225735
93225736
93225737
93225738
93225739
93225740
93225741
93225742
93225743
93225744
93225745
93225746
93225747
93225748
93225749
93225750
93225751
93225752
93225753
93225754
93225755
93225756
93225757
93225758
93225759
93225760
93225761
93225762
93225763
93225764
93225765
93225766
93225767
93225768
93225769
93225770
93225771
93225772
93225773
93225774
93225775
93225776
93225777
93225778
93225779
93225780
93225781
93225782
93225783
93225784
93225785
93225786
93225787
93225788
93225789
93225790
93225791
93225792
93225793
93225794
93225795
93225796
93225797
93225798
93225799
93225800
93225801
93225802
93225803
93225804
93225805
93225806
93225807
93225808
93225809
93225810
93225811
93225812
93225813
93225814
93225815
93225816
93225817
93225818
93225819
93225820
93225821
93225822
93225823
93225824
93225825
93225826
93225827
93225828
93225829
93225830
93225831
93225832
93225833
93225834
93225835
93225836
93225837
93225838
93225839
93225840
93225841
93225842
93225843
93225844
93225845
93225846
93225847
93225848
93225849
93225850
93225851
93225852
93225853
93225854
93225855
93225856
93225857
93225858
93225859
93225860
93225861
93225862
93225863
93225864
93225865
93225866
93225867
93225868
93225869
93225870
93225871
93225872
93225873
93225874
93225875
93225876
93225877
93225878
93225879
93225880
93225881
93225882
93225883
93225884
93225885
93225886
93225887
93225888
93225889
93225890
93225891
93225892
93225893
93225894
93225895
93225896
93225897
93225898
93225899
93225900
93225901
93225902
93225903
93225904
93225905
93225906
93225907
93225908
93225909
93225910
93225911
93225912
93225913
93225914
93225915
93225916
93225917
93225918
93225919
93225920
93225921
93225922
93225923
93225924
93225925
93225926
93225927
93225928
93225929
93225930
93225931
93225932
93225933
93225934
93225935
93225936
93225937
93225938
93225939
93225940
93225941
93225942
93225943
93225944
93225945
93225946
93225947
93225948
93225949
93225950
93225951
93225952
93225953
93225954
93225955
93225956
93225957
93225958
93225959
93225960
93225961
93225962
93225963
93225964
93225965
93225966
93225967
93225968
93225969
93225970
93225971
93225972
93225973
93225974
93225975
93225976
93225977
93225978
93225979
93225980
93225981
93225982
93225983
93225984
93225985
93225986
93225987
93225988
93225989
93225990
93225991
93225992
93225993
93225994
93225995
93225996
93225997
93225998
93225999
93226000
93226001
93226002
93226003
93226004
93226005
93226006
93226007
93226008
93226009
93226010
93226011
93226012
93226013
93226014
93226015
93226016
93226017
93226018
93226019
93226020
93226021
93226022
93226023
93226024
93226025
93226026
93226027
93226028
93226029
93226030
93226031
93226032
93226033
93226034
93226035
93226036
93226037
93226038
93226039
93226040
93226041
93226042
93226043
93226044
93226045
93226046
93226047
93226048
93226049
93226050
93226051
93226052
93226053
93226054
93226055
93226056
93226057
93226058
93226059
93226060
93226061
93226062
93226063
93226064
93226065
93226066
93226067
93226068
93226069
93226070
93226071
93226072
93226073
93226074
93226075
93226076
93226077
93226078
93226079
93226080
93226081
93226082
93226083
93226084
93226085
93226086
93226087
93226088
93226089
93226090
93226091
93226092
93226093
93226094
93226095
93226096
93226097
93226098
93226099
93226100
93226101
93226102
93226103
93226104
93226105
93226106
93226107
93226108
93226109
93226110
93226111
93226112
93226113
93226114
93226115
93226116
93226117
93226118
93226119
93226120
93226121
93226122
93226123
93226124
93226125
93226126
93226127
93226128
93226129
93226130
93226131
93226132
93226133
93226134
93226135
93226136
93226137
93226138
93226139
93226140
93226141
93226142
93226143
93226144
93226145
93226146
93226147
93226148
93226149
93226150
93226151
93226152
93226153
93226154
93226155
93226156
93226157
93226158
93226159
93226160
93226161
93226162
93226163
93226164
93226165
93226166
93226167
93226168
93226169
93226170
93226171
93226172
93226173
93226174
93226175
93226176
93226177
93226178
93226179
93226180
93226181
93226182
93226183
93226184
93226185
93226186
93226187
93226188
93226189
93226190
93226191
93226192
93226193
93226194
93226195
93226196
93226197
93226198
93226199
93226200
93226201
93226202
93226203
93226204
93226205
93226206
93226207
93226208
93226209
93226210
93226211
93226212
93226213
93226214
93226215
93226216
93226217
93226218
93226219
93226220
93226221
93226222
93226223
93226224
93226225
93226226
93226227
93226228
93226229
93226230
93226231
93226232
93226233
93226234
93226235
93226236
93226237
93226238
93226239
93226240
93226241
93226242
93226243
93226244
93226245
93226246
93226247
93226248
93226249
93226250
93226251
93226252
93226253
93226254
93226255
93226256
93226257
93226258
93226259
93226260
93226261
93226262
93226263
93226264
93226265
93226266
93226267
93226268
93226269
93226270
93226271
93226272
93226273
93226274
93226275
93226276
93226277
93226278
93226279
93226280
93226281
93226282
93226283
93226284
93226285
93226286
93226287
93226288
93226289
93226290
93226291
93226292
93226293
93226294
93226295
93226296
93226297
93226298
93226299
93226300
93226301
93226302
93226303
93226304
93226305
93226306
93226307
93226308
93226309
93226310
93226311
93226312
93226313
93226314
93226315
93226316
93226317
93226318
93226319
93226320
93226321
93226322
93226323
93226324
93226325
93226326
93226327
93226328
93226329
93226330
93226331
93226332
93226333
93226334
93226335
93226336
93226337
93226338
93226339
93226340
93226341
93226342
93226343
93226344
93226345
93226346
93226347
93226348
93226349
93226350
93226351
93226352
93226353
93226354
93226355
93226356
93226357
93226358
93226359
93226360
93226361
93226362
93226363
93226364
93226365
93226366
93226367
93226368
93226369
93226370
93226371
93226372
93226373
93226374
93226375
93226376
93226377
93226378
93226379
93226380
93226381
93226382
93226383
93226384
93226385
93226386
93226387
93226388
93226389
93226390
93226391
93226392
93226393
93226394
93226395
93226396
93226397
93226398
93226399
93226400
93226401
93226402
93226403
93226404
93226405
93226406
93226407
93226408
93226409
93226410
93226411
93226412
93226413
93226414
93226415
93226416
93226417
93226418
93226419
93226420
93226421
93226422
93226423
93226424
93226425
93226426
93226427
93226428
93226429
93226430
93226431
93226432
93226433
93226434
93226435
93226436
93226437
93226438
93226439
93226440
93226441
93226442
93226443
93226444
93226445
93226446
93226447
93226448
93226449
93226450
93226451
93226452
93226453
93226454
93226455
93226456
93226457
93226458
93226459
93226460
93226461
93226462
93226463
93226464
93226465
93226466
93226467
93226468
93226469
93226470
93226471
93226472
93226473
93226474
93226475
93226476
93226477
93226478
93226479
93226480
93226481
93226482
93226483
93226484
93226485
93226486
93226487
93226488
93226489
93226490
93226491
93226492
93226493
93226494
93226495
93226496
93226497
93226498
93226499
93226500
93226501
93226502
93226503
93226504
93226505
93226506
93226507
93226508
93226509
93226510
93226511
93226512
93226513
93226514
93226515
93226516
93226517
93226518
93226519
93226520
93226521
93226522
93226523
93226524
93226525
93226526
93226527
93226528
93226529
93226530
93226531
93226532
93226533
93226534
93226535
93226536
93226537
93226538
93226539
93226540
93226541
93226542
93226543
93226544
93226545
93226546
93226547
93226548
93226549
93226550
93226551
93226552
93226553
93226554
93226555
93226556
93226557
93226558
93226559
93226560
93226561
93226562
93226563
93226564
93226565
93226566
93226567
93226568
93226569
93226570
93226571
93226572
93226573
93226574
93226575
93226576
93226577
93226578
93226579
93226580
93226581
93226582
93226583
93226584
93226585
93226586
93226587
93226588
93226589
93226590
93226591
93226592
93226593
93226594
93226595
93226596
93226597
93226598
93226599
93226600
93226601
93226602
93226603
93226604
93226605
93226606
93226607
93226608
93226609
93226610
93226611
93226612
93226613
93226614
93226615
93226616
93226617
93226618
93226619
93226620
93226621
93226622
93226623
93226624
93226625
93226626
93226627
93226628
93226629
93226630
93226631
93226632
93226633
93226634
93226635
93226636
93226637
93226638
93226639
93226640
93226641
93226642
93226643
93226644
93226645
93226646
93226647
93226648
93226649
93226650
93226651
93226652
93226653
93226654
93226655
93226656
93226657
93226658
93226659
93226660
93226661
93226662
93226663
93226664
93226665
93226666
93226667
93226668
93226669
93226670
93226671
93226672
93226673
93226674
93226675
93226676
93226677
93226678
93226679
93226680
93226681
93226682
93226683
93226684
93226685
93226686
93226687
93226688
93226689
93226690
93226691
93226692
93226693
93226694
93226695
93226696
93226697
93226698
93226699
93226700
93226701
93226702
93226703
93226704
93226705
93226706
93226707
93226708
93226709
93226710
93226711
93226712
93226713
93226714
93226715
93226716
93226717
93226718
93226719
93226720
93226721
93226722
93226723
93226724
93226725
93226726
93226727
93226728
93226729
93226730
93226731
93226732
93226733
93226734
93226735
93226736
93226737
93226738
93226739
93226740
93226741
93226742
93226743
93226744
93226745
93226746
93226747
93226748
93226749
93226750
93226751
93226752
93226753
93226754
93226755
93226756
93226757
93226758
93226759
93226760
93226761
93226762
93226763
93226764
93226765
93226766
93226767
93226768
93226769
93226770
93226771
93226772
93226773
93226774
93226775
93226776
93226777
93226778
93226779
93226780
93226781
93226782
93226783
93226784
93226785
93226786
93226787
93226788
93226789
93226790
93226791
93226792
93226793
93226794
93226795
93226796
93226797
93226798
93226799
93226800
93226801
93226802
93226803
93226804
93226805
93226806
93226807
93226808
93226809
93226810
93226811
93226812
93226813
93226814
93226815
93226816
93226817
93226818
93226819
93226820
93226821
93226822
93226823
93226824
93226825
93226826
93226827
93226828
93226829
93226830
93226831
93226832
93226833
93226834
93226835
93226836
93226837
93226838
93226839
93226840
93226841
93226842
93226843
93226844
93226845
93226846
93226847
93226848
93226849
93226850
93226851
93226852
93226853
93226854
93226855
93226856
93226857
93226858
93226859
93226860
93226861
93226862
93226863
93226864
93226865
93226866
93226867
93226868
93226869
93226870
93226871
93226872
93226873
93226874
93226875
93226876
93226877
93226878
93226879
93226880
93226881
93226882
93226883
93226884
93226885
93226886
93226887
93226888
93226889
93226890
93226891
93226892
93226893
93226894
93226895
93226896
93226897
93226898
93226899
93226900
93226901
93226902
93226903
93226904
93226905
93226906
93226907
93226908
93226909
93226910
93226911
93226912
93226913
93226914
93226915
93226916
93226917
93226918
93226919
93226920
93226921
93226922
93226923
93226924
93226925
93226926
93226927
93226928
93226929
93226930
93226931
93226932
93226933
93226934
93226935
93226936
93226937
93226938
93226939
93226940
93226941
93226942
93226943
93226944
93226945
93226946
93226947
93226948
93226949
93226950
93226951
93226952
93226953
93226954
93226955
93226956
93226957
93226958
93226959
93226960
93226961
93226962
93226963
93226964
93226965
93226966
93226967
93226968
93226969
93226970
93226971
93226972
93226973
93226974
93226975
93226976
93226977
93226978
93226979
93226980
93226981
93226982
93226983
93226984
93226985
93226986
93226987
93226988
93226989
93226990
93226991
93226992
93226993
93226994
93226995
93226996
93226997
93226998
93226999
93227000
93227001
93227002
93227003
93227004
93227005
93227006
93227007
93227008
93227009
93227010
93227011
93227012
93227013
93227014
93227015
93227016
93227017
93227018
93227019
93227020
93227021
93227022
93227023
93227024
93227025
93227026
93227027
93227028
93227029
93227030
93227031
93227032
93227033
93227034
93227035
93227036
93227037
93227038
93227039
93227040
93227041
93227042
93227043
93227044
93227045
93227046
93227047
93227048
93227049
93227050
93227051
93227052
93227053
93227054
93227055
93227056
93227057
93227058
93227059
93227060
93227061
93227062
93227063
93227064
93227065
93227066
93227067
93227068
93227069
93227070
93227071
93227072
93227073
93227074
93227075
93227076
93227077
93227078
93227079
93227080
93227081
93227082
93227083
93227084
93227085
93227086
93227087
93227088
93227089
93227090
93227091
93227092
93227093
93227094
93227095
93227096
93227097
93227098
93227099
93227100
93227101
93227102
93227103
93227104
93227105
93227106
93227107
93227108
93227109
93227110
93227111
93227112
93227113
93227114
93227115
93227116
93227117
93227118
93227119
93227120
93227121
93227122
93227123
93227124
93227125
93227126
93227127
93227128
93227129
93227130
93227131
93227132
93227133
93227134
93227135
93227136
93227137
93227138
93227139
93227140
93227141
93227142
93227143
93227144
93227145
93227146
93227147
93227148
93227149
93227150
93227151
93227152
93227153
93227154
93227155
93227156
93227157
93227158
93227159
93227160
93227161
93227162
93227163
93227164
93227165
93227166
93227167
93227168
93227169
93227170
93227171
93227172
93227173
93227174
93227175
93227176
93227177
93227178
93227179
93227180
93227181
93227182
93227183
93227184
93227185
93227186
93227187
93227188
93227189
93227190
93227191
93227192
93227193
93227194
93227195
93227196
93227197
93227198
93227199
93227200
93227201
93227202
93227203
93227204
93227205
93227206
93227207
93227208
93227209
93227210
93227211
93227212
93227213
93227214
93227215
93227216
93227217
93227218
93227219
93227220
93227221
93227222
93227223
93227224
93227225
93227226
93227227
93227228
93227229
93227230
93227231
93227232
93227233
93227234
93227235
93227236
93227237
93227238
93227239
93227240
93227241
93227242
93227243
93227244
93227245
93227246
93227247
93227248
93227249
93227250
93227251
93227252
93227253
93227254
93227255
93227256
93227257
93227258
93227259
93227260
93227261
93227262
93227263
93227264
93227265
93227266
93227267
93227268
93227269
93227270
93227271
93227272
93227273
93227274
93227275
93227276
93227277
93227278
93227279
93227280
93227281
93227282
93227283
93227284
93227285
93227286
93227287
93227288
93227289
93227290
93227291
93227292
93227293
93227294
93227295
93227296
93227297
93227298
93227299
93227300
93227301
93227302
93227303
93227304
93227305
93227306
93227307
93227308
93227309
93227310
93227311
93227312
93227313
93227314
93227315
93227316
93227317
93227318
93227319
93227320
93227321
93227322
93227323
93227324
93227325
93227326
93227327
93227328
93227329
93227330
93227331
93227332
93227333
93227334
93227335
93227336
93227337
93227338
93227339
93227340
93227341
93227342
93227343
93227344
93227345
93227346
93227347
93227348
93227349
93227350
93227351
93227352
93227353
93227354
93227355
93227356
93227357
93227358
93227359
93227360
93227361
93227362
93227363
93227364
93227365
93227366
93227367
93227368
93227369
93227370
93227371
93227372
93227373
93227374
93227375
93227376
93227377
93227378
93227379
93227380
93227381
93227382
93227383
93227384
93227385
93227386
93227387
93227388
93227389
93227390
93227391
93227392
93227393
93227394
93227395
93227396
93227397
93227398
93227399
93227400
93227401
93227402
93227403
93227404
93227405
93227406
93227407
93227408
93227409
93227410
93227411
93227412
93227413
93227414
93227415
93227416
93227417
93227418
93227419
93227420
93227421
93227422
93227423
93227424
93227425
93227426
93227427
93227428
93227429
93227430
93227431
93227432
93227433
93227434
93227435
93227436
93227437
93227438
93227439
93227440
93227441
93227442
93227443
93227444
93227445
93227446
93227447
93227448
93227449
93227450
93227451
93227452
93227453
93227454
93227455
93227456
93227457
93227458
93227459
93227460
93227461
93227462
93227463
93227464
93227465
93227466
93227467
93227468
93227469
93227470
93227471
93227472
93227473
93227474
93227475
93227476
93227477
93227478
93227479
93227480
93227481
93227482
93227483
93227484
93227485
93227486
93227487
93227488
93227489
93227490
93227491
93227492
93227493
93227494
93227495
93227496
93227497
93227498
93227499
93227500
93227501
93227502
93227503
93227504
93227505
93227506
93227507
93227508
93227509
93227510
93227511
93227512
93227513
93227514
93227515
93227516
93227517
93227518
93227519
93227520
93227521
93227522
93227523
93227524
93227525
93227526
93227527
93227528
93227529
93227530
93227531
93227532
93227533
93227534
93227535
93227536
93227537
93227538
93227539
93227540
93227541
93227542
93227543
93227544
93227545
93227546
93227547
93227548
93227549
93227550
93227551
93227552
93227553
93227554
93227555
93227556
93227557
93227558
93227559
93227560
93227561
93227562
93227563
93227564
93227565
93227566
93227567
93227568
93227569
93227570
93227571
93227572
93227573
93227574
93227575
93227576
93227577
93227578
93227579
93227580
93227581
93227582
93227583
93227584
93227585
93227586
93227587
93227588
93227589
93227590
93227591
93227592
93227593
93227594
93227595
93227596
93227597
93227598
93227599
93227600
93227601
93227602
93227603
93227604
93227605
93227606
93227607
93227608
93227609
93227610
93227611
93227612
93227613
93227614
93227615
93227616
93227617
93227618
93227619
93227620
93227621
93227622
93227623
93227624
93227625
93227626
93227627
93227628
93227629
93227630
93227631
93227632
93227633
93227634
93227635
93227636
93227637
93227638
93227639
93227640
93227641
93227642
93227643
93227644
93227645
93227646
93227647
93227648
93227649
93227650
93227651
93227652
93227653
93227654
93227655
93227656
93227657
93227658
93227659
93227660
93227661
93227662
93227663
93227664
93227665
93227666
93227667
93227668
93227669
93227670
93227671
93227672
93227673
93227674
93227675
93227676
93227677
93227678
93227679
93227680
93227681
93227682
93227683
93227684
93227685
93227686
93227687
93227688
93227689
93227690
93227691
93227692
93227693
93227694
93227695
93227696
93227697
93227698
93227699
93227700
93227701
93227702
93227703
93227704
93227705
93227706
93227707
93227708
93227709
93227710
93227711
93227712
93227713
93227714
93227715
93227716
93227717
93227718
93227719
93227720
93227721
93227722
93227723
93227724
93227725
93227726
93227727
93227728
93227729
93227730
93227731
93227732
93227733
93227734
93227735
93227736
93227737
93227738
93227739
93227740
93227741
93227742
93227743
93227744
93227745
93227746
93227747
93227748
93227749
93227750
93227751
93227752
93227753
93227754
93227755
93227756
93227757
93227758
93227759
93227760
93227761
93227762
93227763
93227764
93227765
93227766
93227767
93227768
93227769
93227770
93227771
93227772
93227773
93227774
93227775
93227776
93227777
93227778
93227779
93227780
93227781
93227782
93227783
93227784
93227785
93227786
93227787
93227788
93227789
93227790
93227791
93227792
93227793
93227794
93227795
93227796
93227797
93227798
93227799
93227800
93227801
93227802
93227803
93227804
93227805
93227806
93227807
93227808
93227809
93227810
93227811
93227812
93227813
93227814
93227815
93227816
93227817
93227818
93227819
93227820
93227821
93227822
93227823
93227824
93227825
93227826
93227827
93227828
93227829
93227830
93227831
93227832
93227833
93227834
93227835
93227836
93227837
93227838
93227839
93227840
93227841
93227842
93227843
93227844
93227845
93227846
93227847
93227848
93227849
93227850
93227851
93227852
93227853
93227854
93227855
93227856
93227857
93227858
93227859
93227860
93227861
93227862
93227863
93227864
93227865
93227866
93227867
93227868
93227869
93227870
93227871
93227872
93227873
93227874
93227875
93227876
93227877
93227878
93227879
93227880
93227881
93227882
93227883
93227884
93227885
93227886
93227887
93227888
93227889
93227890
93227891
93227892
93227893
93227894
93227895
93227896
93227897
93227898
93227899
93227900
93227901
93227902
93227903
93227904
93227905
93227906
93227907
93227908
93227909
93227910
93227911
93227912
93227913
93227914
93227915
93227916
93227917
93227918
93227919
93227920
93227921
93227922
93227923
93227924
93227925
93227926
93227927
93227928
93227929
93227930
93227931
93227932
93227933
93227934
93227935
93227936
93227937
93227938
93227939
93227940
93227941
93227942
93227943
93227944
93227945
93227946
93227947
93227948
93227949
93227950
93227951
93227952
93227953
93227954
93227955
93227956
93227957
93227958
93227959
93227960
93227961
93227962
93227963
93227964
93227965
93227966
93227967
93227968
93227969
93227970
93227971
93227972
93227973
93227974
93227975
93227976
93227977
93227978
93227979
93227980
93227981
93227982
93227983
93227984
93227985
93227986
93227987
93227988
93227989
93227990
93227991
93227992
93227993
93227994
93227995
93227996
93227997
93227998
93227999
93228000
93228001
93228002
93228003
93228004
93228005
93228006
93228007
93228008
93228009
93228010
93228011
93228012
93228013
93228014
93228015
93228016
93228017
93228018
93228019
93228020
93228021
93228022
93228023
93228024
93228025
93228026
93228027
93228028
93228029
93228030
93228031
93228032
93228033
93228034
93228035
93228036
93228037
93228038
93228039
93228040
93228041
93228042
93228043
93228044
93228045
93228046
93228047
93228048
93228049
93228050
93228051
93228052
93228053
93228054
93228055
93228056
93228057
93228058
93228059
93228060
93228061
93228062
93228063
93228064
93228065
93228066
93228067
93228068
93228069
93228070
93228071
93228072
93228073
93228074
93228075
93228076
93228077
93228078
93228079
93228080
93228081
93228082
93228083
93228084
93228085
93228086
93228087
93228088
93228089
93228090
93228091
93228092
93228093
93228094
93228095
93228096
93228097
93228098
93228099
93228100
93228101
93228102
93228103
93228104
93228105
93228106
93228107
93228108
93228109
93228110
93228111
93228112
93228113
93228114
93228115
93228116
93228117
93228118
93228119
93228120
93228121
93228122
93228123
93228124
93228125
93228126
93228127
93228128
93228129
93228130
93228131
93228132
93228133
93228134
93228135
93228136
93228137
93228138
93228139
93228140
93228141
93228142
93228143
93228144
93228145
93228146
93228147
93228148
93228149
93228150
93228151
93228152
93228153
93228154
93228155
93228156
93228157
93228158
93228159
93228160
93228161
93228162
93228163
93228164
93228165
93228166
93228167
93228168
93228169
93228170
93228171
93228172
93228173
93228174
93228175
93228176
93228177
93228178
93228179
93228180
93228181
93228182
93228183
93228184
93228185
93228186
93228187
93228188
93228189
93228190
93228191
93228192
93228193
93228194
93228195
93228196
93228197
93228198
93228199
93228200
93228201
93228202
93228203
93228204
93228205
93228206
93228207
93228208
93228209
93228210
93228211
93228212
93228213
93228214
93228215
93228216
93228217
93228218
93228219
93228220
93228221
93228222
93228223
93228224
93228225
93228226
93228227
93228228
93228229
93228230
93228231
93228232
93228233
93228234
93228235
93228236
93228237
93228238
93228239
93228240
93228241
93228242
93228243
93228244
93228245
93228246
93228247
93228248
93228249
93228250
93228251
93228252
93228253
93228254
93228255
93228256
93228257
93228258
93228259
93228260
93228261
93228262
93228263
93228264
93228265
93228266
93228267
93228268
93228269
93228270
93228271
93228272
93228273
93228274
93228275
93228276
93228277
93228278
93228279
93228280
93228281
93228282
93228283
93228284
93228285
93228286
93228287
93228288
93228289
93228290
93228291
93228292
93228293
93228294
93228295
93228296
93228297
93228298
93228299
93228300
93228301
93228302
93228303
93228304
93228305
93228306
93228307
93228308
93228309
93228310
93228311
93228312
93228313
93228314
93228315
93228316
93228317
93228318
93228319
93228320
93228321
93228322
93228323
93228324
93228325
93228326
93228327
93228328
93228329
93228330
93228331
93228332
93228333
93228334
93228335
93228336
93228337
93228338
93228339
93228340
93228341
93228342
93228343
93228344
93228345
93228346
93228347
93228348
93228349
93228350
93228351
93228352
93228353
93228354
93228355
93228356
93228357
93228358
93228359
93228360
93228361
93228362
93228363
93228364
93228365
93228366
93228367
93228368
93228369
93228370
93228371
93228372
93228373
93228374
93228375
93228376
93228377
93228378
93228379
93228380
93228381
93228382
93228383
93228384
93228385
93228386
93228387
93228388
93228389
93228390
93228391
93228392
93228393
93228394
93228395
93228396
93228397
93228398
93228399
93228400
93228401
93228402
93228403
93228404
93228405
93228406
93228407
93228408
93228409
93228410
93228411
93228412
93228413
93228414
93228415
93228416
93228417
93228418
93228419
93228420
93228421
93228422
93228423
93228424
93228425
93228426
93228427
93228428
93228429
93228430
93228431
93228432
93228433
93228434
93228435
93228436
93228437
93228438
93228439
93228440
93228441
93228442
93228443
93228444
93228445
93228446
93228447
93228448
93228449
93228450
93228451
93228452
93228453
93228454
93228455
93228456
93228457
93228458
93228459
93228460
93228461
93228462
93228463
93228464
93228465
93228466
93228467
93228468
93228469
93228470
93228471
93228472
93228473
93228474
93228475
93228476
93228477
93228478
93228479
93228480
93228481
93228482
93228483
93228484
93228485
93228486
93228487
93228488
93228489
93228490
93228491
93228492
93228493
93228494
93228495
93228496
93228497
93228498
93228499
93228500
93228501
93228502
93228503
93228504
93228505
93228506
93228507
93228508
93228509
93228510
93228511
93228512
93228513
93228514
93228515
93228516
93228517
93228518
93228519
93228520
93228521
93228522
93228523
93228524
93228525
93228526
93228527
93228528
93228529
93228530
93228531
93228532
93228533
93228534
93228535
93228536
93228537
93228538
93228539
93228540
93228541
93228542
93228543
93228544
93228545
93228546
93228547
93228548
93228549
93228550
93228551
93228552
93228553
93228554
93228555
93228556
93228557
93228558
93228559
93228560
93228561
93228562
93228563
93228564
93228565
93228566
93228567
93228568
93228569
93228570
93228571
93228572
93228573
93228574
93228575
93228576
93228577
93228578
93228579
93228580
93228581
93228582
93228583
93228584
93228585
93228586
93228587
93228588
93228589
93228590
93228591
93228592
93228593
93228594
93228595
93228596
93228597
93228598
93228599
93228600
93228601
93228602
93228603
93228604
93228605
93228606
93228607
93228608
93228609
93228610
93228611
93228612
93228613
93228614
93228615
93228616
93228617
93228618
93228619
93228620
93228621
93228622
93228623
93228624
93228625
93228626
93228627
93228628
93228629
93228630
93228631
93228632
93228633
93228634
93228635
93228636
93228637
93228638
93228639
93228640
93228641
93228642
93228643
93228644
93228645
93228646
93228647
93228648
93228649
93228650
93228651
93228652
93228653
93228654
93228655
93228656
93228657
93228658
93228659
93228660
93228661
93228662
93228663
93228664
93228665
93228666
93228667
93228668
93228669
93228670
93228671
93228672
93228673
93228674
93228675
93228676
93228677
93228678
93228679
93228680
93228681
93228682
93228683
93228684
93228685
93228686
93228687
93228688
93228689
93228690
93228691
93228692
93228693
93228694
93228695
93228696
93228697
93228698
93228699
93228700
93228701
93228702
93228703
93228704
93228705
93228706
93228707
93228708
93228709
93228710
93228711
93228712
93228713
93228714
93228715
93228716
93228717
93228718
93228719
93228720
93228721
93228722
93228723
93228724
93228725
93228726
93228727
93228728
93228729
93228730
93228731
93228732
93228733
93228734
93228735
93228736
93228737
93228738
93228739
93228740
93228741
93228742
93228743
93228744
93228745
93228746
93228747
93228748
93228749
93228750
93228751
93228752
93228753
93228754
93228755
93228756
93228757
93228758
93228759
93228760
93228761
93228762
93228763
93228764
93228765
93228766
93228767
93228768
93228769
93228770
93228771
93228772
93228773
93228774
93228775
93228776
93228777
93228778
93228779
93228780
93228781
93228782
93228783
93228784
93228785
93228786
93228787
93228788
93228789
93228790
93228791
93228792
93228793
93228794
93228795
93228796
93228797
93228798
93228799
93228800
93228801
93228802
93228803
93228804
93228805
93228806
93228807
93228808
93228809
93228810
93228811
93228812
93228813
93228814
93228815
93228816
93228817
93228818
93228819
93228820
93228821
93228822
93228823
93228824
93228825
93228826
93228827
93228828
93228829
93228830
93228831
93228832
93228833
93228834
93228835
93228836
93228837
93228838
93228839
93228840
93228841
93228842
93228843
93228844
93228845
93228846
93228847
93228848
93228849
93228850
93228851
93228852
93228853
93228854
93228855
93228856
93228857
93228858
93228859
93228860
93228861
93228862
93228863
93228864
93228865
93228866
93228867
93228868
93228869
93228870
93228871
93228872
93228873
93228874
93228875
93228876
93228877
93228878
93228879
93228880
93228881
93228882
93228883
93228884
93228885
93228886
93228887
93228888
93228889
