94978890
94978891
94978892
94978893
94978894
94978895
94978896
94978897
94978898
94978899
94978900
94978901
94978902
94978903
94978904
94978905
94978906
94978907
94978908
94978909
94978910
94978911
94978912
94978913
94978914
94978915
94978916
94978917
94978918
94978919
94978920
94978921
94978922
94978923
94978924
94978925
94978926
94978927
94978928
94978929
94978930
94978931
94978932
94978933
94978934
94978935
94978936
94978937
94978938
94978939
94978940
94978941
94978942
94978943
94978944
94978945
94978946
94978947
94978948
94978949
94978950
94978951
94978952
94978953
94978954
94978955
94978956
94978957
94978958
94978959
94978960
94978961
94978962
94978963
94978964
94978965
94978966
94978967
94978968
94978969
94978970
94978971
94978972
94978973
94978974
94978975
94978976
94978977
94978978
94978979
94978980
94978981
94978982
94978983
94978984
94978985
94978986
94978987
94978988
94978989
94978990
94978991
94978992
94978993
94978994
94978995
94978996
94978997
94978998
94978999
94979000
94979001
94979002
94979003
94979004
94979005
94979006
94979007
94979008
94979009
94979010
94979011
94979012
94979013
94979014
94979015
94979016
94979017
94979018
94979019
94979020
94979021
94979022
94979023
94979024
94979025
94979026
94979027
94979028
94979029
94979030
94979031
94979032
94979033
94979034
94979035
94979036
94979037
94979038
94979039
94979040
94979041
94979042
94979043
94979044
94979045
94979046
94979047
94979048
94979049
94979050
94979051
94979052
94979053
94979054
94979055
94979056
94979057
94979058
94979059
94979060
94979061
94979062
94979063
94979064
94979065
94979066
94979067
94979068
94979069
94979070
94979071
94979072
94979073
94979074
94979075
94979076
94979077
94979078
94979079
94979080
94979081
94979082
94979083
94979084
94979085
94979086
94979087
94979088
94979089
94979090
94979091
94979092
94979093
94979094
94979095
94979096
94979097
94979098
94979099
94979100
94979101
94979102
94979103
94979104
94979105
94979106
94979107
94979108
94979109
94979110
94979111
94979112
94979113
94979114
94979115
94979116
94979117
94979118
94979119
94979120
94979121
94979122
94979123
94979124
94979125
94979126
94979127
94979128
94979129
94979130
94979131
94979132
94979133
94979134
94979135
94979136
94979137
94979138
94979139
94979140
94979141
94979142
94979143
94979144
94979145
94979146
94979147
94979148
94979149
94979150
94979151
94979152
94979153
94979154
94979155
94979156
94979157
94979158
94979159
94979160
94979161
94979162
94979163
94979164
94979165
94979166
94979167
94979168
94979169
94979170
94979171
94979172
94979173
94979174
94979175
94979176
94979177
94979178
94979179
94979180
94979181
94979182
94979183
94979184
94979185
94979186
94979187
94979188
94979189
94979190
94979191
94979192
94979193
94979194
94979195
94979196
94979197
94979198
94979199
94979200
94979201
94979202
94979203
94979204
94979205
94979206
94979207
94979208
94979209
94979210
94979211
94979212
94979213
94979214
94979215
94979216
94979217
94979218
94979219
94979220
94979221
94979222
94979223
94979224
94979225
94979226
94979227
94979228
94979229
94979230
94979231
94979232
94979233
94979234
94979235
94979236
94979237
94979238
94979239
94979240
94979241
94979242
94979243
94979244
94979245
94979246
94979247
94979248
94979249
94979250
94979251
94979252
94979253
94979254
94979255
94979256
94979257
94979258
94979259
94979260
94979261
94979262
94979263
94979264
94979265
94979266
94979267
94979268
94979269
94979270
94979271
94979272
94979273
94979274
94979275
94979276
94979277
94979278
94979279
94979280
94979281
94979282
94979283
94979284
94979285
94979286
94979287
94979288
94979289
94979290
94979291
94979292
94979293
94979294
94979295
94979296
94979297
94979298
94979299
94979300
94979301
94979302
94979303
94979304
94979305
94979306
94979307
94979308
94979309
94979310
94979311
94979312
94979313
94979314
94979315
94979316
94979317
94979318
94979319
94979320
94979321
94979322
94979323
94979324
94979325
94979326
94979327
94979328
94979329
94979330
94979331
94979332
94979333
94979334
94979335
94979336
94979337
94979338
94979339
94979340
94979341
94979342
94979343
94979344
94979345
94979346
94979347
94979348
94979349
94979350
94979351
94979352
94979353
94979354
94979355
94979356
94979357
94979358
94979359
94979360
94979361
94979362
94979363
94979364
94979365
94979366
94979367
94979368
94979369
94979370
94979371
94979372
94979373
94979374
94979375
94979376
94979377
94979378
94979379
94979380
94979381
94979382
94979383
94979384
94979385
94979386
94979387
94979388
94979389
94979390
94979391
94979392
94979393
94979394
94979395
94979396
94979397
94979398
94979399
94979400
94979401
94979402
94979403
94979404
94979405
94979406
94979407
94979408
94979409
94979410
94979411
94979412
94979413
94979414
94979415
94979416
94979417
94979418
94979419
94979420
94979421
94979422
94979423
94979424
94979425
94979426
94979427
94979428
94979429
94979430
94979431
94979432
94979433
94979434
94979435
94979436
94979437
94979438
94979439
94979440
94979441
94979442
94979443
94979444
94979445
94979446
94979447
94979448
94979449
94979450
94979451
94979452
94979453
94979454
94979455
94979456
94979457
94979458
94979459
94979460
94979461
94979462
94979463
94979464
94979465
94979466
94979467
94979468
94979469
94979470
94979471
94979472
94979473
94979474
94979475
94979476
94979477
94979478
94979479
94979480
94979481
94979482
94979483
94979484
94979485
94979486
94979487
94979488
94979489
94979490
94979491
94979492
94979493
94979494
94979495
94979496
94979497
94979498
94979499
94979500
94979501
94979502
94979503
94979504
94979505
94979506
94979507
94979508
94979509
94979510
94979511
94979512
94979513
94979514
94979515
94979516
94979517
94979518
94979519
94979520
94979521
94979522
94979523
94979524
94979525
94979526
94979527
94979528
94979529
94979530
94979531
94979532
94979533
94979534
94979535
94979536
94979537
94979538
94979539
94979540
94979541
94979542
94979543
94979544
94979545
94979546
94979547
94979548
94979549
94979550
94979551
94979552
94979553
94979554
94979555
94979556
94979557
94979558
94979559
94979560
94979561
94979562
94979563
94979564
94979565
94979566
94979567
94979568
94979569
94979570
94979571
94979572
94979573
94979574
94979575
94979576
94979577
94979578
94979579
94979580
94979581
94979582
94979583
94979584
94979585
94979586
94979587
94979588
94979589
94979590
94979591
94979592
94979593
94979594
94979595
94979596
94979597
94979598
94979599
94979600
94979601
94979602
94979603
94979604
94979605
94979606
94979607
94979608
94979609
94979610
94979611
94979612
94979613
94979614
94979615
94979616
94979617
94979618
94979619
94979620
94979621
94979622
94979623
94979624
94979625
94979626
94979627
94979628
94979629
94979630
94979631
94979632
94979633
94979634
94979635
94979636
94979637
94979638
94979639
94979640
94979641
94979642
94979643
94979644
94979645
94979646
94979647
94979648
94979649
94979650
94979651
94979652
94979653
94979654
94979655
94979656
94979657
94979658
94979659
94979660
94979661
94979662
94979663
94979664
94979665
94979666
94979667
94979668
94979669
94979670
94979671
94979672
94979673
94979674
94979675
94979676
94979677
94979678
94979679
94979680
94979681
94979682
94979683
94979684
94979685
94979686
94979687
94979688
94979689
94979690
94979691
94979692
94979693
94979694
94979695
94979696
94979697
94979698
94979699
94979700
94979701
94979702
94979703
94979704
94979705
94979706
94979707
94979708
94979709
94979710
94979711
94979712
94979713
94979714
94979715
94979716
94979717
94979718
94979719
94979720
94979721
94979722
94979723
94979724
94979725
94979726
94979727
94979728
94979729
94979730
94979731
94979732
94979733
94979734
94979735
94979736
94979737
94979738
94979739
94979740
94979741
94979742
94979743
94979744
94979745
94979746
94979747
94979748
94979749
94979750
94979751
94979752
94979753
94979754
94979755
94979756
94979757
94979758
94979759
94979760
94979761
94979762
94979763
94979764
94979765
94979766
94979767
94979768
94979769
94979770
94979771
94979772
94979773
94979774
94979775
94979776
94979777
94979778
94979779
94979780
94979781
94979782
94979783
94979784
94979785
94979786
94979787
94979788
94979789
94979790
94979791
94979792
94979793
94979794
94979795
94979796
94979797
94979798
94979799
94979800
94979801
94979802
94979803
94979804
94979805
94979806
94979807
94979808
94979809
94979810
94979811
94979812
94979813
94979814
94979815
94979816
94979817
94979818
94979819
94979820
94979821
94979822
94979823
94979824
94979825
94979826
94979827
94979828
94979829
94979830
94979831
94979832
94979833
94979834
94979835
94979836
94979837
94979838
94979839
94979840
94979841
94979842
94979843
94979844
94979845
94979846
94979847
94979848
94979849
94979850
94979851
94979852
94979853
94979854
94979855
94979856
94979857
94979858
94979859
94979860
94979861
94979862
94979863
94979864
94979865
94979866
94979867
94979868
94979869
94979870
94979871
94979872
94979873
94979874
94979875
94979876
94979877
94979878
94979879
94979880
94979881
94979882
94979883
94979884
94979885
94979886
94979887
94979888
94979889
94979890
94979891
94979892
94979893
94979894
94979895
94979896
94979897
94979898
94979899
94979900
94979901
94979902
94979903
94979904
94979905
94979906
94979907
94979908
94979909
94979910
94979911
94979912
94979913
94979914
94979915
94979916
94979917
94979918
94979919
94979920
94979921
94979922
94979923
94979924
94979925
94979926
94979927
94979928
94979929
94979930
94979931
94979932
94979933
94979934
94979935
94979936
94979937
94979938
94979939
94979940
94979941
94979942
94979943
94979944
94979945
94979946
94979947
94979948
94979949
94979950
94979951
94979952
94979953
94979954
94979955
94979956
94979957
94979958
94979959
94979960
94979961
94979962
94979963
94979964
94979965
94979966
94979967
94979968
94979969
94979970
94979971
94979972
94979973
94979974
94979975
94979976
94979977
94979978
94979979
94979980
94979981
94979982
94979983
94979984
94979985
94979986
94979987
94979988
94979989
94979990
94979991
94979992
94979993
94979994
94979995
94979996
94979997
94979998
94979999
94980000
94980001
94980002
94980003
94980004
94980005
94980006
94980007
94980008
94980009
94980010
94980011
94980012
94980013
94980014
94980015
94980016
94980017
94980018
94980019
94980020
94980021
94980022
94980023
94980024
94980025
94980026
94980027
94980028
94980029
94980030
94980031
94980032
94980033
94980034
94980035
94980036
94980037
94980038
94980039
94980040
94980041
94980042
94980043
94980044
94980045
94980046
94980047
94980048
94980049
94980050
94980051
94980052
94980053
94980054
94980055
94980056
94980057
94980058
94980059
94980060
94980061
94980062
94980063
94980064
94980065
94980066
94980067
94980068
94980069
94980070
94980071
94980072
94980073
94980074
94980075
94980076
94980077
94980078
94980079
94980080
94980081
94980082
94980083
94980084
94980085
94980086
94980087
94980088
94980089
94980090
94980091
94980092
94980093
94980094
94980095
94980096
94980097
94980098
94980099
94980100
94980101
94980102
94980103
94980104
94980105
94980106
94980107
94980108
94980109
94980110
94980111
94980112
94980113
94980114
94980115
94980116
94980117
94980118
94980119
94980120
94980121
94980122
94980123
94980124
94980125
94980126
94980127
94980128
94980129
94980130
94980131
94980132
94980133
94980134
94980135
94980136
94980137
94980138
94980139
94980140
94980141
94980142
94980143
94980144
94980145
94980146
94980147
94980148
94980149
94980150
94980151
94980152
94980153
94980154
94980155
94980156
94980157
94980158
94980159
94980160
94980161
94980162
94980163
94980164
94980165
94980166
94980167
94980168
94980169
94980170
94980171
94980172
94980173
94980174
94980175
94980176
94980177
94980178
94980179
94980180
94980181
94980182
94980183
94980184
94980185
94980186
94980187
94980188
94980189
94980190
94980191
94980192
94980193
94980194
94980195
94980196
94980197
94980198
94980199
94980200
94980201
94980202
94980203
94980204
94980205
94980206
94980207
94980208
94980209
94980210
94980211
94980212
94980213
94980214
94980215
94980216
94980217
94980218
94980219
94980220
94980221
94980222
94980223
94980224
94980225
94980226
94980227
94980228
94980229
94980230
94980231
94980232
94980233
94980234
94980235
94980236
94980237
94980238
94980239
94980240
94980241
94980242
94980243
94980244
94980245
94980246
94980247
94980248
94980249
94980250
94980251
94980252
94980253
94980254
94980255
94980256
94980257
94980258
94980259
94980260
94980261
94980262
94980263
94980264
94980265
94980266
94980267
94980268
94980269
94980270
94980271
94980272
94980273
94980274
94980275
94980276
94980277
94980278
94980279
94980280
94980281
94980282
94980283
94980284
94980285
94980286
94980287
94980288
94980289
94980290
94980291
94980292
94980293
94980294
94980295
94980296
94980297
94980298
94980299
94980300
94980301
94980302
94980303
94980304
94980305
94980306
94980307
94980308
94980309
94980310
94980311
94980312
94980313
94980314
94980315
94980316
94980317
94980318
94980319
94980320
94980321
94980322
94980323
94980324
94980325
94980326
94980327
94980328
94980329
94980330
94980331
94980332
94980333
94980334
94980335
94980336
94980337
94980338
94980339
94980340
94980341
94980342
94980343
94980344
94980345
94980346
94980347
94980348
94980349
94980350
94980351
94980352
94980353
94980354
94980355
94980356
94980357
94980358
94980359
94980360
94980361
94980362
94980363
94980364
94980365
94980366
94980367
94980368
94980369
94980370
94980371
94980372
94980373
94980374
94980375
94980376
94980377
94980378
94980379
94980380
94980381
94980382
94980383
94980384
94980385
94980386
94980387
94980388
94980389
94980390
94980391
94980392
94980393
94980394
94980395
94980396
94980397
94980398
94980399
94980400
94980401
94980402
94980403
94980404
94980405
94980406
94980407
94980408
94980409
94980410
94980411
94980412
94980413
94980414
94980415
94980416
94980417
94980418
94980419
94980420
94980421
94980422
94980423
94980424
94980425
94980426
94980427
94980428
94980429
94980430
94980431
94980432
94980433
94980434
94980435
94980436
94980437
94980438
94980439
94980440
94980441
94980442
94980443
94980444
94980445
94980446
94980447
94980448
94980449
94980450
94980451
94980452
94980453
94980454
94980455
94980456
94980457
94980458
94980459
94980460
94980461
94980462
94980463
94980464
94980465
94980466
94980467
94980468
94980469
94980470
94980471
94980472
94980473
94980474
94980475
94980476
94980477
94980478
94980479
94980480
94980481
94980482
94980483
94980484
94980485
94980486
94980487
94980488
94980489
94980490
94980491
94980492
94980493
94980494
94980495
94980496
94980497
94980498
94980499
94980500
94980501
94980502
94980503
94980504
94980505
94980506
94980507
94980508
94980509
94980510
94980511
94980512
94980513
94980514
94980515
94980516
94980517
94980518
94980519
94980520
94980521
94980522
94980523
94980524
94980525
94980526
94980527
94980528
94980529
94980530
94980531
94980532
94980533
94980534
94980535
94980536
94980537
94980538
94980539
94980540
94980541
94980542
94980543
94980544
94980545
94980546
94980547
94980548
94980549
94980550
94980551
94980552
94980553
94980554
94980555
94980556
94980557
94980558
94980559
94980560
94980561
94980562
94980563
94980564
94980565
94980566
94980567
94980568
94980569
94980570
94980571
94980572
94980573
94980574
94980575
94980576
94980577
94980578
94980579
94980580
94980581
94980582
94980583
94980584
94980585
94980586
94980587
94980588
94980589
94980590
94980591
94980592
94980593
94980594
94980595
94980596
94980597
94980598
94980599
94980600
94980601
94980602
94980603
94980604
94980605
94980606
94980607
94980608
94980609
94980610
94980611
94980612
94980613
94980614
94980615
94980616
94980617
94980618
94980619
94980620
94980621
94980622
94980623
94980624
94980625
94980626
94980627
94980628
94980629
94980630
94980631
94980632
94980633
94980634
94980635
94980636
94980637
94980638
94980639
94980640
94980641
94980642
94980643
94980644
94980645
94980646
94980647
94980648
94980649
94980650
94980651
94980652
94980653
94980654
94980655
94980656
94980657
94980658
94980659
94980660
94980661
94980662
94980663
94980664
94980665
94980666
94980667
94980668
94980669
94980670
94980671
94980672
94980673
94980674
94980675
94980676
94980677
94980678
94980679
94980680
94980681
94980682
94980683
94980684
94980685
94980686
94980687
94980688
94980689
94980690
94980691
94980692
94980693
94980694
94980695
94980696
94980697
94980698
94980699
94980700
94980701
94980702
94980703
94980704
94980705
94980706
94980707
94980708
94980709
94980710
94980711
94980712
94980713
94980714
94980715
94980716
94980717
94980718
94980719
94980720
94980721
94980722
94980723
94980724
94980725
94980726
94980727
94980728
94980729
94980730
94980731
94980732
94980733
94980734
94980735
94980736
94980737
94980738
94980739
94980740
94980741
94980742
94980743
94980744
94980745
94980746
94980747
94980748
94980749
94980750
94980751
94980752
94980753
94980754
94980755
94980756
94980757
94980758
94980759
94980760
94980761
94980762
94980763
94980764
94980765
94980766
94980767
94980768
94980769
94980770
94980771
94980772
94980773
94980774
94980775
94980776
94980777
94980778
94980779
94980780
94980781
94980782
94980783
94980784
94980785
94980786
94980787
94980788
94980789
94980790
94980791
94980792
94980793
94980794
94980795
94980796
94980797
94980798
94980799
94980800
94980801
94980802
94980803
94980804
94980805
94980806
94980807
94980808
94980809
94980810
94980811
94980812
94980813
94980814
94980815
94980816
94980817
94980818
94980819
94980820
94980821
94980822
94980823
94980824
94980825
94980826
94980827
94980828
94980829
94980830
94980831
94980832
94980833
94980834
94980835
94980836
94980837
94980838
94980839
94980840
94980841
94980842
94980843
94980844
94980845
94980846
94980847
94980848
94980849
94980850
94980851
94980852
94980853
94980854
94980855
94980856
94980857
94980858
94980859
94980860
94980861
94980862
94980863
94980864
94980865
94980866
94980867
94980868
94980869
94980870
94980871
94980872
94980873
94980874
94980875
94980876
94980877
94980878
94980879
94980880
94980881
94980882
94980883
94980884
94980885
94980886
94980887
94980888
94980889
94980890
94980891
94980892
94980893
94980894
94980895
94980896
94980897
94980898
94980899
94980900
94980901
94980902
94980903
94980904
94980905
94980906
94980907
94980908
94980909
94980910
94980911
94980912
94980913
94980914
94980915
94980916
94980917
94980918
94980919
94980920
94980921
94980922
94980923
94980924
94980925
94980926
94980927
94980928
94980929
94980930
94980931
94980932
94980933
94980934
94980935
94980936
94980937
94980938
94980939
94980940
94980941
94980942
94980943
94980944
94980945
94980946
94980947
94980948
94980949
94980950
94980951
94980952
94980953
94980954
94980955
94980956
94980957
94980958
94980959
94980960
94980961
94980962
94980963
94980964
94980965
94980966
94980967
94980968
94980969
94980970
94980971
94980972
94980973
94980974
94980975
94980976
94980977
94980978
94980979
94980980
94980981
94980982
94980983
94980984
94980985
94980986
94980987
94980988
94980989
94980990
94980991
94980992
94980993
94980994
94980995
94980996
94980997
94980998
94980999
94981000
94981001
94981002
94981003
94981004
94981005
94981006
94981007
94981008
94981009
94981010
94981011
94981012
94981013
94981014
94981015
94981016
94981017
94981018
94981019
94981020
94981021
94981022
94981023
94981024
94981025
94981026
94981027
94981028
94981029
94981030
94981031
94981032
94981033
94981034
94981035
94981036
94981037
94981038
94981039
94981040
94981041
94981042
94981043
94981044
94981045
94981046
94981047
94981048
94981049
94981050
94981051
94981052
94981053
94981054
94981055
94981056
94981057
94981058
94981059
94981060
94981061
94981062
94981063
94981064
94981065
94981066
94981067
94981068
94981069
94981070
94981071
94981072
94981073
94981074
94981075
94981076
94981077
94981078
94981079
94981080
94981081
94981082
94981083
94981084
94981085
94981086
94981087
94981088
94981089
94981090
94981091
94981092
94981093
94981094
94981095
94981096
94981097
94981098
94981099
94981100
94981101
94981102
94981103
94981104
94981105
94981106
94981107
94981108
94981109
94981110
94981111
94981112
94981113
94981114
94981115
94981116
94981117
94981118
94981119
94981120
94981121
94981122
94981123
94981124
94981125
94981126
94981127
94981128
94981129
94981130
94981131
94981132
94981133
94981134
94981135
94981136
94981137
94981138
94981139
94981140
94981141
94981142
94981143
94981144
94981145
94981146
94981147
94981148
94981149
94981150
94981151
94981152
94981153
94981154
94981155
94981156
94981157
94981158
94981159
94981160
94981161
94981162
94981163
94981164
94981165
94981166
94981167
94981168
94981169
94981170
94981171
94981172
94981173
94981174
94981175
94981176
94981177
94981178
94981179
94981180
94981181
94981182
94981183
94981184
94981185
94981186
94981187
94981188
94981189
94981190
94981191
94981192
94981193
94981194
94981195
94981196
94981197
94981198
94981199
94981200
94981201
94981202
94981203
94981204
94981205
94981206
94981207
94981208
94981209
94981210
94981211
94981212
94981213
94981214
94981215
94981216
94981217
94981218
94981219
94981220
94981221
94981222
94981223
94981224
94981225
94981226
94981227
94981228
94981229
94981230
94981231
94981232
94981233
94981234
94981235
94981236
94981237
94981238
94981239
94981240
94981241
94981242
94981243
94981244
94981245
94981246
94981247
94981248
94981249
94981250
94981251
94981252
94981253
94981254
94981255
94981256
94981257
94981258
94981259
94981260
94981261
94981262
94981263
94981264
94981265
94981266
94981267
94981268
94981269
94981270
94981271
94981272
94981273
94981274
94981275
94981276
94981277
94981278
94981279
94981280
94981281
94981282
94981283
94981284
94981285
94981286
94981287
94981288
94981289
94981290
94981291
94981292
94981293
94981294
94981295
94981296
94981297
94981298
94981299
94981300
94981301
94981302
94981303
94981304
94981305
94981306
94981307
94981308
94981309
94981310
94981311
94981312
94981313
94981314
94981315
94981316
94981317
94981318
94981319
94981320
94981321
94981322
94981323
94981324
94981325
94981326
94981327
94981328
94981329
94981330
94981331
94981332
94981333
94981334
94981335
94981336
94981337
94981338
94981339
94981340
94981341
94981342
94981343
94981344
94981345
94981346
94981347
94981348
94981349
94981350
94981351
94981352
94981353
94981354
94981355
94981356
94981357
94981358
94981359
94981360
94981361
94981362
94981363
94981364
94981365
94981366
94981367
94981368
94981369
94981370
94981371
94981372
94981373
94981374
94981375
94981376
94981377
94981378
94981379
94981380
94981381
94981382
94981383
94981384
94981385
94981386
94981387
94981388
94981389
94981390
94981391
94981392
94981393
94981394
94981395
94981396
94981397
94981398
94981399
94981400
94981401
94981402
94981403
94981404
94981405
94981406
94981407
94981408
94981409
94981410
94981411
94981412
94981413
94981414
94981415
94981416
94981417
94981418
94981419
94981420
94981421
94981422
94981423
94981424
94981425
94981426
94981427
94981428
94981429
94981430
94981431
94981432
94981433
94981434
94981435
94981436
94981437
94981438
94981439
94981440
94981441
94981442
94981443
94981444
94981445
94981446
94981447
94981448
94981449
94981450
94981451
94981452
94981453
94981454
94981455
94981456
94981457
94981458
94981459
94981460
94981461
94981462
94981463
94981464
94981465
94981466
94981467
94981468
94981469
94981470
94981471
94981472
94981473
94981474
94981475
94981476
94981477
94981478
94981479
94981480
94981481
94981482
94981483
94981484
94981485
94981486
94981487
94981488
94981489
94981490
94981491
94981492
94981493
94981494
94981495
94981496
94981497
94981498
94981499
94981500
94981501
94981502
94981503
94981504
94981505
94981506
94981507
94981508
94981509
94981510
94981511
94981512
94981513
94981514
94981515
94981516
94981517
94981518
94981519
94981520
94981521
94981522
94981523
94981524
94981525
94981526
94981527
94981528
94981529
94981530
94981531
94981532
94981533
94981534
94981535
94981536
94981537
94981538
94981539
94981540
94981541
94981542
94981543
94981544
94981545
94981546
94981547
94981548
94981549
94981550
94981551
94981552
94981553
94981554
94981555
94981556
94981557
94981558
94981559
94981560
94981561
94981562
94981563
94981564
94981565
94981566
94981567
94981568
94981569
94981570
94981571
94981572
94981573
94981574
94981575
94981576
94981577
94981578
94981579
94981580
94981581
94981582
94981583
94981584
94981585
94981586
94981587
94981588
94981589
94981590
94981591
94981592
94981593
94981594
94981595
94981596
94981597
94981598
94981599
94981600
94981601
94981602
94981603
94981604
94981605
94981606
94981607
94981608
94981609
94981610
94981611
94981612
94981613
94981614
94981615
94981616
94981617
94981618
94981619
94981620
94981621
94981622
94981623
94981624
94981625
94981626
94981627
94981628
94981629
94981630
94981631
94981632
94981633
94981634
94981635
94981636
94981637
94981638
94981639
94981640
94981641
94981642
94981643
94981644
94981645
94981646
94981647
94981648
94981649
94981650
94981651
94981652
94981653
94981654
94981655
94981656
94981657
94981658
94981659
94981660
94981661
94981662
94981663
94981664
94981665
94981666
94981667
94981668
94981669
94981670
94981671
94981672
94981673
94981674
94981675
94981676
94981677
94981678
94981679
94981680
94981681
94981682
94981683
94981684
94981685
94981686
94981687
94981688
94981689
94981690
94981691
94981692
94981693
94981694
94981695
94981696
94981697
94981698
94981699
94981700
94981701
94981702
94981703
94981704
94981705
94981706
94981707
94981708
94981709
94981710
94981711
94981712
94981713
94981714
94981715
94981716
94981717
94981718
94981719
94981720
94981721
94981722
94981723
94981724
94981725
94981726
94981727
94981728
94981729
94981730
94981731
94981732
94981733
94981734
94981735
94981736
94981737
94981738
94981739
94981740
94981741
94981742
94981743
94981744
94981745
94981746
94981747
94981748
94981749
94981750
94981751
94981752
94981753
94981754
94981755
94981756
94981757
94981758
94981759
94981760
94981761
94981762
94981763
94981764
94981765
94981766
94981767
94981768
94981769
94981770
94981771
94981772
94981773
94981774
94981775
94981776
94981777
94981778
94981779
94981780
94981781
94981782
94981783
94981784
94981785
94981786
94981787
94981788
94981789
94981790
94981791
94981792
94981793
94981794
94981795
94981796
94981797
94981798
94981799
94981800
94981801
94981802
94981803
94981804
94981805
94981806
94981807
94981808
94981809
94981810
94981811
94981812
94981813
94981814
94981815
94981816
94981817
94981818
94981819
94981820
94981821
94981822
94981823
94981824
94981825
94981826
94981827
94981828
94981829
94981830
94981831
94981832
94981833
94981834
94981835
94981836
94981837
94981838
94981839
94981840
94981841
94981842
94981843
94981844
94981845
94981846
94981847
94981848
94981849
94981850
94981851
94981852
94981853
94981854
94981855
94981856
94981857
94981858
94981859
94981860
94981861
94981862
94981863
94981864
94981865
94981866
94981867
94981868
94981869
94981870
94981871
94981872
94981873
94981874
94981875
94981876
94981877
94981878
94981879
94981880
94981881
94981882
94981883
94981884
94981885
94981886
94981887
94981888
94981889
94981890
94981891
94981892
94981893
94981894
94981895
94981896
94981897
94981898
94981899
94981900
94981901
94981902
94981903
94981904
94981905
94981906
94981907
94981908
94981909
94981910
94981911
94981912
94981913
94981914
94981915
94981916
94981917
94981918
94981919
94981920
94981921
94981922
94981923
94981924
94981925
94981926
94981927
94981928
94981929
94981930
94981931
94981932
94981933
94981934
94981935
94981936
94981937
94981938
94981939
94981940
94981941
94981942
94981943
94981944
94981945
94981946
94981947
94981948
94981949
94981950
94981951
94981952
94981953
94981954
94981955
94981956
94981957
94981958
94981959
94981960
94981961
94981962
94981963
94981964
94981965
94981966
94981967
94981968
94981969
94981970
94981971
94981972
94981973
94981974
94981975
94981976
94981977
94981978
94981979
94981980
94981981
94981982
94981983
94981984
94981985
94981986
94981987
94981988
94981989
94981990
94981991
94981992
94981993
94981994
94981995
94981996
94981997
94981998
94981999
94982000
94982001
94982002
94982003
94982004
94982005
94982006
94982007
94982008
94982009
94982010
94982011
94982012
94982013
94982014
94982015
94982016
94982017
94982018
94982019
94982020
94982021
94982022
94982023
94982024
94982025
94982026
94982027
94982028
94982029
94982030
94982031
94982032
94982033
94982034
94982035
94982036
94982037
94982038
94982039
94982040
94982041
94982042
94982043
94982044
94982045
94982046
94982047
94982048
94982049
94982050
94982051
94982052
94982053
94982054
94982055
94982056
94982057
94982058
94982059
94982060
94982061
94982062
94982063
94982064
94982065
94982066
94982067
94982068
94982069
94982070
94982071
94982072
94982073
94982074
94982075
94982076
94982077
94982078
94982079
94982080
94982081
94982082
94982083
94982084
94982085
94982086
94982087
94982088
94982089
94982090
94982091
94982092
94982093
94982094
94982095
94982096
94982097
94982098
94982099
94982100
94982101
94982102
94982103
94982104
94982105
94982106
94982107
94982108
94982109
94982110
94982111
94982112
94982113
94982114
94982115
94982116
94982117
94982118
94982119
94982120
94982121
94982122
94982123
94982124
94982125
94982126
94982127
94982128
94982129
94982130
94982131
94982132
94982133
94982134
94982135
94982136
94982137
94982138
94982139
94982140
94982141
94982142
94982143
94982144
94982145
94982146
94982147
94982148
94982149
94982150
94982151
94982152
94982153
94982154
94982155
94982156
94982157
94982158
94982159
94982160
94982161
94982162
94982163
94982164
94982165
94982166
94982167
94982168
94982169
94982170
94982171
94982172
94982173
94982174
94982175
94982176
94982177
94982178
94982179
94982180
94982181
94982182
94982183
94982184
94982185
94982186
94982187
94982188
94982189
94982190
94982191
94982192
94982193
94982194
94982195
94982196
94982197
94982198
94982199
94982200
94982201
94982202
94982203
94982204
94982205
94982206
94982207
94982208
94982209
94982210
94982211
94982212
94982213
94982214
94982215
94982216
94982217
94982218
94982219
94982220
94982221
94982222
94982223
94982224
94982225
94982226
94982227
94982228
94982229
94982230
94982231
94982232
94982233
94982234
94982235
94982236
94982237
94982238
94982239
94982240
94982241
94982242
94982243
94982244
94982245
94982246
94982247
94982248
94982249
94982250
94982251
94982252
94982253
94982254
94982255
94982256
94982257
94982258
94982259
94982260
94982261
94982262
94982263
94982264
94982265
94982266
94982267
94982268
94982269
94982270
94982271
94982272
94982273
94982274
94982275
94982276
94982277
94982278
94982279
94982280
94982281
94982282
94982283
94982284
94982285
94982286
94982287
94982288
94982289
94982290
94982291
94982292
94982293
94982294
94982295
94982296
94982297
94982298
94982299
94982300
94982301
94982302
94982303
94982304
94982305
94982306
94982307
94982308
94982309
94982310
94982311
94982312
94982313
94982314
94982315
94982316
94982317
94982318
94982319
94982320
94982321
94982322
94982323
94982324
94982325
94982326
94982327
94982328
94982329
94982330
94982331
94982332
94982333
94982334
94982335
94982336
94982337
94982338
94982339
94982340
94982341
94982342
94982343
94982344
94982345
94982346
94982347
94982348
94982349
94982350
94982351
94982352
94982353
94982354
94982355
94982356
94982357
94982358
94982359
94982360
94982361
94982362
94982363
94982364
94982365
94982366
94982367
94982368
94982369
94982370
94982371
94982372
94982373
94982374
94982375
94982376
94982377
94982378
94982379
94982380
94982381
94982382
94982383
94982384
94982385
94982386
94982387
94982388
94982389
94982390
94982391
94982392
94982393
94982394
94982395
94982396
94982397
94982398
94982399
94982400
94982401
94982402
94982403
94982404
94982405
94982406
94982407
94982408
94982409
94982410
94982411
94982412
94982413
94982414
94982415
94982416
94982417
94982418
94982419
94982420
94982421
94982422
94982423
94982424
94982425
94982426
94982427
94982428
94982429
94982430
94982431
94982432
94982433
94982434
94982435
94982436
94982437
94982438
94982439
94982440
94982441
94982442
94982443
94982444
94982445
94982446
94982447
94982448
94982449
94982450
94982451
94982452
94982453
94982454
94982455
94982456
94982457
94982458
94982459
94982460
94982461
94982462
94982463
94982464
94982465
94982466
94982467
94982468
94982469
94982470
94982471
94982472
94982473
94982474
94982475
94982476
94982477
94982478
94982479
94982480
94982481
94982482
94982483
94982484
94982485
94982486
94982487
94982488
94982489
94982490
94982491
94982492
94982493
94982494
94982495
94982496
94982497
94982498
94982499
94982500
94982501
94982502
94982503
94982504
94982505
94982506
94982507
94982508
94982509
94982510
94982511
94982512
94982513
94982514
94982515
94982516
94982517
94982518
94982519
94982520
94982521
94982522
94982523
94982524
94982525
94982526
94982527
94982528
94982529
94982530
94982531
94982532
94982533
94982534
94982535
94982536
94982537
94982538
94982539
94982540
94982541
94982542
94982543
94982544
94982545
94982546
94982547
94982548
94982549
94982550
94982551
94982552
94982553
94982554
94982555
94982556
94982557
94982558
94982559
94982560
94982561
94982562
94982563
94982564
94982565
94982566
94982567
94982568
94982569
94982570
94982571
94982572
94982573
94982574
94982575
94982576
94982577
94982578
94982579
94982580
94982581
94982582
94982583
94982584
94982585
94982586
94982587
94982588
94982589
94982590
94982591
94982592
94982593
94982594
94982595
94982596
94982597
94982598
94982599
94982600
94982601
94982602
94982603
94982604
94982605
94982606
94982607
94982608
94982609
94982610
94982611
94982612
94982613
94982614
94982615
94982616
94982617
94982618
94982619
94982620
94982621
94982622
94982623
94982624
94982625
94982626
94982627
94982628
94982629
94982630
94982631
94982632
94982633
94982634
94982635
94982636
94982637
94982638
94982639
94982640
94982641
94982642
94982643
94982644
94982645
94982646
94982647
94982648
94982649
94982650
94982651
94982652
94982653
94982654
94982655
94982656
94982657
94982658
94982659
94982660
94982661
94982662
94982663
94982664
94982665
94982666
94982667
94982668
94982669
94982670
94982671
94982672
94982673
94982674
94982675
94982676
94982677
94982678
94982679
94982680
94982681
94982682
94982683
94982684
94982685
94982686
94982687
94982688
94982689
94982690
94982691
94982692
94982693
94982694
94982695
94982696
94982697
94982698
94982699
94982700
94982701
94982702
94982703
94982704
94982705
94982706
94982707
94982708
94982709
94982710
94982711
94982712
94982713
94982714
94982715
94982716
94982717
94982718
94982719
94982720
94982721
94982722
94982723
94982724
94982725
94982726
94982727
94982728
94982729
94982730
94982731
94982732
94982733
94982734
94982735
94982736
94982737
94982738
94982739
94982740
94982741
94982742
94982743
94982744
94982745
94982746
94982747
94982748
94982749
94982750
94982751
94982752
94982753
94982754
94982755
94982756
94982757
94982758
94982759
94982760
94982761
94982762
94982763
94982764
94982765
94982766
94982767
94982768
94982769
94982770
94982771
94982772
94982773
94982774
94982775
94982776
94982777
94982778
94982779
94982780
94982781
94982782
94982783
94982784
94982785
94982786
94982787
94982788
94982789
94982790
94982791
94982792
94982793
94982794
94982795
94982796
94982797
94982798
94982799
94982800
94982801
94982802
94982803
94982804
94982805
94982806
94982807
94982808
94982809
94982810
94982811
94982812
94982813
94982814
94982815
94982816
94982817
94982818
94982819
94982820
94982821
94982822
94982823
94982824
94982825
94982826
94982827
94982828
94982829
94982830
94982831
94982832
94982833
94982834
94982835
94982836
94982837
94982838
94982839
94982840
94982841
94982842
94982843
94982844
94982845
94982846
94982847
94982848
94982849
94982850
94982851
94982852
94982853
94982854
94982855
94982856
94982857
94982858
94982859
94982860
94982861
94982862
94982863
94982864
94982865
94982866
94982867
94982868
94982869
94982870
94982871
94982872
94982873
94982874
94982875
94982876
94982877
94982878
94982879
94982880
94982881
94982882
94982883
94982884
94982885
94982886
94982887
94982888
94982889
94982890
94982891
94982892
94982893
94982894
94982895
94982896
94982897
94982898
94982899
94982900
94982901
94982902
94982903
94982904
94982905
94982906
94982907
94982908
94982909
94982910
94982911
94982912
94982913
94982914
94982915
94982916
94982917
94982918
94982919
94982920
94982921
94982922
94982923
94982924
94982925
94982926
94982927
94982928
94982929
94982930
94982931
94982932
94982933
94982934
94982935
94982936
94982937
94982938
94982939
94982940
94982941
94982942
94982943
94982944
94982945
94982946
94982947
94982948
94982949
94982950
94982951
94982952
94982953
94982954
94982955
94982956
94982957
94982958
94982959
94982960
94982961
94982962
94982963
94982964
94982965
94982966
94982967
94982968
94982969
94982970
94982971
94982972
94982973
94982974
94982975
94982976
94982977
94982978
94982979
94982980
94982981
94982982
94982983
94982984
94982985
94982986
94982987
94982988
94982989
94982990
94982991
94982992
94982993
94982994
94982995
94982996
94982997
94982998
94982999
94983000
94983001
94983002
94983003
94983004
94983005
94983006
94983007
94983008
94983009
94983010
94983011
94983012
94983013
94983014
94983015
94983016
94983017
94983018
94983019
94983020
94983021
94983022
94983023
94983024
94983025
94983026
94983027
94983028
94983029
94983030
94983031
94983032
94983033
94983034
94983035
94983036
94983037
94983038
94983039
94983040
94983041
94983042
94983043
94983044
94983045
94983046
94983047
94983048
94983049
94983050
94983051
94983052
94983053
94983054
94983055
94983056
94983057
94983058
94983059
94983060
94983061
94983062
94983063
94983064
94983065
94983066
94983067
94983068
94983069
94983070
94983071
94983072
94983073
94983074
94983075
94983076
94983077
94983078
94983079
94983080
94983081
94983082
94983083
94983084
94983085
94983086
94983087
94983088
94983089
94983090
94983091
94983092
94983093
94983094
94983095
94983096
94983097
94983098
94983099
94983100
94983101
94983102
94983103
94983104
94983105
94983106
94983107
94983108
94983109
94983110
94983111
94983112
94983113
94983114
94983115
94983116
94983117
94983118
94983119
94983120
94983121
94983122
94983123
94983124
94983125
94983126
94983127
94983128
94983129
94983130
94983131
94983132
94983133
94983134
94983135
94983136
94983137
94983138
94983139
94983140
94983141
94983142
94983143
94983144
94983145
94983146
94983147
94983148
94983149
94983150
94983151
94983152
94983153
94983154
94983155
94983156
94983157
94983158
94983159
94983160
94983161
94983162
94983163
94983164
94983165
94983166
94983167
94983168
94983169
94983170
94983171
94983172
94983173
94983174
94983175
94983176
94983177
94983178
94983179
94983180
94983181
94983182
94983183
94983184
94983185
94983186
94983187
94983188
94983189
94983190
94983191
94983192
94983193
94983194
94983195
94983196
94983197
94983198
94983199
94983200
94983201
94983202
94983203
94983204
94983205
94983206
94983207
94983208
94983209
94983210
94983211
94983212
94983213
94983214
94983215
94983216
94983217
94983218
94983219
94983220
94983221
94983222
94983223
94983224
94983225
94983226
94983227
94983228
94983229
94983230
94983231
94983232
94983233
94983234
94983235
94983236
94983237
94983238
94983239
94983240
94983241
94983242
94983243
94983244
94983245
94983246
94983247
94983248
94983249
94983250
94983251
94983252
94983253
94983254
94983255
94983256
94983257
94983258
94983259
94983260
94983261
94983262
94983263
94983264
94983265
94983266
94983267
94983268
94983269
94983270
94983271
94983272
94983273
94983274
94983275
94983276
94983277
94983278
94983279
94983280
94983281
94983282
94983283
94983284
94983285
94983286
94983287
94983288
94983289
94983290
94983291
94983292
94983293
94983294
94983295
94983296
94983297
94983298
94983299
94983300
94983301
94983302
94983303
94983304
94983305
94983306
94983307
94983308
94983309
94983310
94983311
94983312
94983313
94983314
94983315
94983316
94983317
94983318
94983319
94983320
94983321
94983322
94983323
94983324
94983325
94983326
94983327
94983328
94983329
94983330
94983331
94983332
94983333
94983334
94983335
94983336
94983337
94983338
94983339
94983340
94983341
94983342
94983343
94983344
94983345
94983346
94983347
94983348
94983349
94983350
94983351
94983352
94983353
94983354
94983355
94983356
94983357
94983358
94983359
94983360
94983361
94983362
94983363
94983364
94983365
94983366
94983367
94983368
94983369
94983370
94983371
94983372
94983373
94983374
94983375
94983376
94983377
94983378
94983379
94983380
94983381
94983382
94983383
94983384
94983385
94983386
94983387
94983388
94983389
94983390
94983391
94983392
94983393
94983394
94983395
94983396
94983397
94983398
94983399
94983400
94983401
94983402
94983403
94983404
94983405
94983406
94983407
94983408
94983409
94983410
94983411
94983412
94983413
94983414
94983415
94983416
94983417
94983418
94983419
94983420
94983421
94983422
94983423
94983424
94983425
94983426
94983427
94983428
94983429
94983430
94983431
94983432
94983433
94983434
94983435
94983436
94983437
94983438
94983439
94983440
94983441
94983442
94983443
94983444
94983445
94983446
94983447
94983448
94983449
94983450
94983451
94983452
94983453
94983454
94983455
94983456
94983457
94983458
94983459
94983460
94983461
94983462
94983463
94983464
94983465
94983466
94983467
94983468
94983469
94983470
94983471
94983472
94983473
94983474
94983475
94983476
94983477
94983478
94983479
94983480
94983481
94983482
94983483
94983484
94983485
94983486
94983487
94983488
94983489
94983490
94983491
94983492
94983493
94983494
94983495
94983496
94983497
94983498
94983499
94983500
94983501
94983502
94983503
94983504
94983505
94983506
94983507
94983508
94983509
94983510
94983511
94983512
94983513
94983514
94983515
94983516
94983517
94983518
94983519
94983520
94983521
94983522
94983523
94983524
94983525
94983526
94983527
94983528
94983529
94983530
94983531
94983532
94983533
94983534
94983535
94983536
94983537
94983538
94983539
94983540
94983541
94983542
94983543
94983544
94983545
94983546
94983547
94983548
94983549
94983550
94983551
94983552
94983553
94983554
94983555
94983556
94983557
94983558
94983559
94983560
94983561
94983562
94983563
94983564
94983565
94983566
94983567
94983568
94983569
94983570
94983571
94983572
94983573
94983574
94983575
94983576
94983577
94983578
94983579
94983580
94983581
94983582
94983583
94983584
94983585
94983586
94983587
94983588
94983589
94983590
94983591
94983592
94983593
94983594
94983595
94983596
94983597
94983598
94983599
94983600
94983601
94983602
94983603
94983604
94983605
94983606
94983607
94983608
94983609
94983610
94983611
94983612
94983613
94983614
94983615
94983616
94983617
94983618
94983619
94983620
94983621
94983622
94983623
94983624
94983625
94983626
94983627
94983628
94983629
94983630
94983631
94983632
94983633
94983634
94983635
94983636
94983637
94983638
94983639
94983640
94983641
94983642
94983643
94983644
94983645
94983646
94983647
94983648
94983649
94983650
94983651
94983652
94983653
94983654
94983655
94983656
94983657
94983658
94983659
94983660
94983661
94983662
94983663
94983664
94983665
94983666
94983667
94983668
94983669
94983670
94983671
94983672
94983673
94983674
94983675
94983676
94983677
94983678
94983679
94983680
94983681
94983682
94983683
94983684
94983685
94983686
94983687
94983688
94983689
94983690
94983691
94983692
94983693
94983694
94983695
94983696
94983697
94983698
94983699
94983700
94983701
94983702
94983703
94983704
94983705
94983706
94983707
94983708
94983709
94983710
94983711
94983712
94983713
94983714
94983715
94983716
94983717
94983718
94983719
94983720
94983721
94983722
94983723
94983724
94983725
94983726
94983727
94983728
94983729
94983730
94983731
94983732
94983733
94983734
94983735
94983736
94983737
94983738
94983739
94983740
94983741
94983742
94983743
94983744
94983745
94983746
94983747
94983748
94983749
94983750
94983751
94983752
94983753
94983754
94983755
94983756
94983757
94983758
94983759
94983760
94983761
94983762
94983763
94983764
94983765
94983766
94983767
94983768
94983769
94983770
94983771
94983772
94983773
94983774
94983775
94983776
94983777
94983778
94983779
94983780
94983781
94983782
94983783
94983784
94983785
94983786
94983787
94983788
94983789
94983790
94983791
94983792
94983793
94983794
94983795
94983796
94983797
94983798
94983799
94983800
94983801
94983802
94983803
94983804
94983805
94983806
94983807
94983808
94983809
94983810
94983811
94983812
94983813
94983814
94983815
94983816
94983817
94983818
94983819
94983820
94983821
94983822
94983823
94983824
94983825
94983826
94983827
94983828
94983829
94983830
94983831
94983832
94983833
94983834
94983835
94983836
94983837
94983838
94983839
94983840
94983841
94983842
94983843
94983844
94983845
94983846
94983847
94983848
94983849
94983850
94983851
94983852
94983853
94983854
94983855
94983856
94983857
94983858
94983859
94983860
94983861
94983862
94983863
94983864
94983865
94983866
94983867
94983868
94983869
94983870
94983871
94983872
94983873
94983874
94983875
94983876
94983877
94983878
94983879
94983880
94983881
94983882
94983883
94983884
94983885
94983886
94983887
94983888
94983889
94983890
94983891
94983892
94983893
94983894
94983895
94983896
94983897
94983898
94983899
94983900
94983901
94983902
94983903
94983904
94983905
94983906
94983907
94983908
94983909
94983910
94983911
94983912
94983913
94983914
94983915
94983916
94983917
94983918
94983919
94983920
94983921
94983922
94983923
94983924
94983925
94983926
94983927
94983928
94983929
94983930
94983931
94983932
94983933
94983934
94983935
94983936
94983937
94983938
94983939
94983940
94983941
94983942
94983943
94983944
94983945
94983946
94983947
94983948
94983949
94983950
94983951
94983952
94983953
94983954
94983955
94983956
94983957
94983958
94983959
94983960
94983961
94983962
94983963
94983964
94983965
94983966
94983967
94983968
94983969
94983970
94983971
94983972
94983973
94983974
94983975
94983976
94983977
94983978
94983979
94983980
94983981
94983982
94983983
94983984
94983985
94983986
94983987
94983988
94983989
94983990
94983991
94983992
94983993
94983994
94983995
94983996
94983997
94983998
94983999
94984000
94984001
94984002
94984003
94984004
94984005
94984006
94984007
94984008
94984009
94984010
94984011
94984012
94984013
94984014
94984015
94984016
94984017
94984018
94984019
94984020
94984021
94984022
94984023
94984024
94984025
94984026
94984027
94984028
94984029
94984030
94984031
94984032
94984033
94984034
94984035
94984036
94984037
94984038
94984039
94984040
94984041
94984042
94984043
94984044
94984045
94984046
94984047
94984048
94984049
94984050
94984051
94984052
94984053
94984054
94984055
94984056
94984057
94984058
94984059
94984060
94984061
94984062
94984063
94984064
94984065
94984066
94984067
94984068
94984069
94984070
94984071
94984072
94984073
94984074
94984075
94984076
94984077
94984078
94984079
94984080
94984081
94984082
94984083
94984084
94984085
94984086
94984087
94984088
94984089
94984090
94984091
94984092
94984093
94984094
94984095
94984096
94984097
94984098
94984099
94984100
94984101
94984102
94984103
94984104
94984105
94984106
94984107
94984108
94984109
94984110
94984111
94984112
94984113
94984114
94984115
94984116
94984117
94984118
94984119
94984120
94984121
94984122
94984123
94984124
94984125
94984126
94984127
94984128
94984129
94984130
94984131
94984132
94984133
94984134
94984135
94984136
94984137
94984138
94984139
94984140
94984141
94984142
94984143
94984144
94984145
94984146
94984147
94984148
94984149
94984150
94984151
94984152
94984153
94984154
94984155
94984156
94984157
94984158
94984159
94984160
94984161
94984162
94984163
94984164
94984165
94984166
94984167
94984168
94984169
94984170
94984171
94984172
94984173
94984174
94984175
94984176
94984177
94984178
94984179
94984180
94984181
94984182
94984183
94984184
94984185
94984186
94984187
94984188
94984189
94984190
94984191
94984192
94984193
94984194
94984195
94984196
94984197
94984198
94984199
94984200
94984201
94984202
94984203
94984204
94984205
94984206
94984207
94984208
94984209
94984210
94984211
94984212
94984213
94984214
94984215
94984216
94984217
94984218
94984219
94984220
94984221
94984222
94984223
94984224
94984225
94984226
94984227
94984228
94984229
94984230
94984231
94984232
94984233
94984234
94984235
94984236
94984237
94984238
94984239
94984240
94984241
94984242
94984243
94984244
94984245
94984246
94984247
94984248
94984249
94984250
94984251
94984252
94984253
94984254
94984255
94984256
94984257
94984258
94984259
94984260
94984261
94984262
94984263
94984264
94984265
94984266
94984267
94984268
94984269
94984270
94984271
94984272
94984273
94984274
94984275
94984276
94984277
94984278
94984279
94984280
94984281
94984282
94984283
94984284
94984285
94984286
94984287
94984288
94984289
94984290
94984291
94984292
94984293
94984294
94984295
94984296
94984297
94984298
94984299
94984300
94984301
94984302
94984303
94984304
94984305
94984306
94984307
94984308
94984309
94984310
94984311
94984312
94984313
94984314
94984315
94984316
94984317
94984318
94984319
94984320
94984321
94984322
94984323
94984324
94984325
94984326
94984327
94984328
94984329
94984330
94984331
94984332
94984333
94984334
94984335
94984336
94984337
94984338
94984339
94984340
94984341
94984342
94984343
94984344
94984345
94984346
94984347
94984348
94984349
94984350
94984351
94984352
94984353
94984354
94984355
94984356
94984357
94984358
94984359
94984360
94984361
94984362
94984363
94984364
94984365
94984366
94984367
94984368
94984369
94984370
94984371
94984372
94984373
94984374
94984375
94984376
94984377
94984378
94984379
94984380
94984381
94984382
94984383
94984384
94984385
94984386
94984387
94984388
94984389
94984390
94984391
94984392
94984393
94984394
94984395
94984396
94984397
94984398
94984399
94984400
94984401
94984402
94984403
94984404
94984405
94984406
94984407
94984408
94984409
94984410
94984411
94984412
94984413
94984414
94984415
94984416
94984417
94984418
94984419
94984420
94984421
94984422
94984423
94984424
94984425
94984426
94984427
94984428
94984429
94984430
94984431
94984432
94984433
94984434
94984435
94984436
94984437
94984438
94984439
94984440
94984441
94984442
94984443
94984444
94984445
94984446
94984447
94984448
94984449
94984450
94984451
94984452
94984453
94984454
94984455
94984456
94984457
94984458
94984459
94984460
94984461
94984462
94984463
94984464
94984465
94984466
94984467
94984468
94984469
94984470
94984471
94984472
94984473
94984474
94984475
94984476
94984477
94984478
94984479
94984480
94984481
94984482
94984483
94984484
94984485
94984486
94984487
94984488
94984489
94984490
94984491
94984492
94984493
94984494
94984495
94984496
94984497
94984498
94984499
94984500
94984501
94984502
94984503
94984504
94984505
94984506
94984507
94984508
94984509
94984510
94984511
94984512
94984513
94984514
94984515
94984516
94984517
94984518
94984519
94984520
94984521
94984522
94984523
94984524
94984525
94984526
94984527
94984528
94984529
94984530
94984531
94984532
94984533
94984534
94984535
94984536
94984537
94984538
94984539
94984540
94984541
94984542
94984543
94984544
94984545
94984546
94984547
94984548
94984549
94984550
94984551
94984552
94984553
94984554
94984555
94984556
94984557
94984558
94984559
94984560
94984561
94984562
94984563
94984564
94984565
94984566
94984567
94984568
94984569
94984570
94984571
94984572
94984573
94984574
94984575
94984576
94984577
94984578
94984579
94984580
94984581
94984582
94984583
94984584
94984585
94984586
94984587
94984588
94984589
94984590
94984591
94984592
94984593
94984594
94984595
94984596
94984597
94984598
94984599
94984600
94984601
94984602
94984603
94984604
94984605
94984606
94984607
94984608
94984609
94984610
94984611
94984612
94984613
94984614
94984615
94984616
94984617
94984618
94984619
94984620
94984621
94984622
94984623
94984624
94984625
94984626
94984627
94984628
94984629
94984630
94984631
94984632
94984633
94984634
94984635
94984636
94984637
94984638
94984639
94984640
94984641
94984642
94984643
94984644
94984645
94984646
94984647
94984648
94984649
94984650
94984651
94984652
94984653
94984654
94984655
94984656
94984657
94984658
94984659
94984660
94984661
94984662
94984663
94984664
94984665
94984666
94984667
94984668
94984669
94984670
94984671
94984672
94984673
94984674
94984675
94984676
94984677
94984678
94984679
94984680
94984681
94984682
94984683
94984684
94984685
94984686
94984687
94984688
94984689
94984690
94984691
94984692
94984693
94984694
94984695
94984696
94984697
94984698
94984699
94984700
94984701
94984702
94984703
94984704
94984705
94984706
94984707
94984708
94984709
94984710
94984711
94984712
94984713
94984714
94984715
94984716
94984717
94984718
94984719
94984720
94984721
94984722
94984723
94984724
94984725
94984726
94984727
94984728
94984729
94984730
94984731
94984732
94984733
94984734
94984735
94984736
94984737
94984738
94984739
94984740
94984741
94984742
94984743
94984744
94984745
94984746
94984747
94984748
94984749
94984750
94984751
94984752
94984753
94984754
94984755
94984756
94984757
94984758
94984759
94984760
94984761
94984762
94984763
94984764
94984765
94984766
94984767
94984768
94984769
94984770
94984771
94984772
94984773
94984774
94984775
94984776
94984777
94984778
94984779
94984780
94984781
94984782
94984783
94984784
94984785
94984786
94984787
94984788
94984789
94984790
94984791
94984792
94984793
94984794
94984795
94984796
94984797
94984798
94984799
94984800
94984801
94984802
94984803
94984804
94984805
94984806
94984807
94984808
94984809
94984810
94984811
94984812
94984813
94984814
94984815
94984816
94984817
94984818
94984819
94984820
94984821
94984822
94984823
94984824
94984825
94984826
94984827
94984828
94984829
94984830
94984831
94984832
94984833
94984834
94984835
94984836
94984837
94984838
94984839
94984840
94984841
94984842
94984843
94984844
94984845
94984846
94984847
94984848
94984849
94984850
94984851
94984852
94984853
94984854
94984855
94984856
94984857
94984858
94984859
94984860
94984861
94984862
94984863
94984864
94984865
94984866
94984867
94984868
94984869
94984870
94984871
94984872
94984873
94984874
94984875
94984876
94984877
94984878
94984879
94984880
94984881
94984882
94984883
94984884
94984885
94984886
94984887
94984888
94984889
94984890
94984891
94984892
94984893
94984894
94984895
94984896
94984897
94984898
94984899
94984900
94984901
94984902
94984903
94984904
94984905
94984906
94984907
94984908
94984909
94984910
94984911
94984912
94984913
94984914
94984915
94984916
94984917
94984918
94984919
94984920
94984921
94984922
94984923
94984924
94984925
94984926
94984927
94984928
94984929
94984930
94984931
94984932
94984933
94984934
94984935
94984936
94984937
94984938
94984939
94984940
94984941
94984942
94984943
94984944
94984945
94984946
94984947
94984948
94984949
94984950
94984951
94984952
94984953
94984954
94984955
94984956
94984957
94984958
94984959
94984960
94984961
94984962
94984963
94984964
94984965
94984966
94984967
94984968
94984969
94984970
94984971
94984972
94984973
94984974
94984975
94984976
94984977
94984978
94984979
94984980
94984981
94984982
94984983
94984984
94984985
94984986
94984987
94984988
94984989
94984990
94984991
94984992
94984993
94984994
94984995
94984996
94984997
94984998
94984999
94985000
94985001
94985002
94985003
94985004
94985005
94985006
94985007
94985008
94985009
94985010
94985011
94985012
94985013
94985014
94985015
94985016
94985017
94985018
94985019
94985020
94985021
94985022
94985023
94985024
94985025
94985026
94985027
94985028
94985029
94985030
94985031
94985032
94985033
94985034
94985035
94985036
94985037
94985038
94985039
94985040
94985041
94985042
94985043
94985044
94985045
94985046
94985047
94985048
94985049
94985050
94985051
94985052
94985053
94985054
94985055
94985056
94985057
94985058
94985059
94985060
94985061
94985062
94985063
94985064
94985065
94985066
94985067
94985068
94985069
94985070
94985071
94985072
94985073
94985074
94985075
94985076
94985077
94985078
94985079
94985080
94985081
94985082
94985083
94985084
94985085
94985086
94985087
94985088
94985089
94985090
94985091
94985092
94985093
94985094
94985095
94985096
94985097
94985098
94985099
94985100
94985101
94985102
94985103
94985104
94985105
94985106
94985107
94985108
94985109
94985110
94985111
94985112
94985113
94985114
94985115
94985116
94985117
94985118
94985119
94985120
94985121
94985122
94985123
94985124
94985125
94985126
94985127
94985128
94985129
94985130
94985131
94985132
94985133
94985134
94985135
94985136
94985137
94985138
94985139
94985140
94985141
94985142
94985143
94985144
94985145
94985146
94985147
94985148
94985149
94985150
94985151
94985152
94985153
94985154
94985155
94985156
94985157
94985158
94985159
94985160
94985161
94985162
94985163
94985164
94985165
94985166
94985167
94985168
94985169
94985170
94985171
94985172
94985173
94985174
94985175
94985176
94985177
94985178
94985179
94985180
94985181
94985182
94985183
94985184
94985185
94985186
94985187
94985188
94985189
94985190
94985191
94985192
94985193
94985194
94985195
94985196
94985197
94985198
94985199
94985200
94985201
94985202
94985203
94985204
94985205
94985206
94985207
94985208
94985209
94985210
94985211
94985212
94985213
94985214
94985215
94985216
94985217
94985218
94985219
94985220
94985221
94985222
94985223
94985224
94985225
94985226
94985227
94985228
94985229
94985230
94985231
94985232
94985233
94985234
94985235
94985236
94985237
94985238
94985239
94985240
94985241
94985242
94985243
94985244
94985245
94985246
94985247
94985248
94985249
94985250
94985251
94985252
94985253
94985254
94985255
94985256
94985257
94985258
94985259
94985260
94985261
94985262
94985263
94985264
94985265
94985266
94985267
94985268
94985269
94985270
94985271
94985272
94985273
94985274
94985275
94985276
94985277
94985278
94985279
94985280
94985281
94985282
94985283
94985284
94985285
94985286
94985287
94985288
94985289
94985290
94985291
94985292
94985293
94985294
94985295
94985296
94985297
94985298
94985299
94985300
94985301
94985302
94985303
94985304
94985305
94985306
94985307
94985308
94985309
94985310
94985311
94985312
94985313
94985314
94985315
94985316
94985317
94985318
94985319
94985320
94985321
94985322
94985323
94985324
94985325
94985326
94985327
94985328
94985329
94985330
94985331
94985332
94985333
94985334
94985335
94985336
94985337
94985338
94985339
94985340
94985341
94985342
94985343
94985344
94985345
94985346
94985347
94985348
94985349
94985350
94985351
94985352
94985353
94985354
94985355
94985356
94985357
94985358
94985359
94985360
94985361
94985362
94985363
94985364
94985365
94985366
94985367
94985368
94985369
94985370
94985371
94985372
94985373
94985374
94985375
94985376
94985377
94985378
94985379
94985380
94985381
94985382
94985383
94985384
94985385
94985386
94985387
94985388
94985389
94985390
94985391
94985392
94985393
94985394
94985395
94985396
94985397
94985398
94985399
94985400
94985401
94985402
94985403
94985404
94985405
94985406
94985407
94985408
94985409
94985410
94985411
94985412
94985413
94985414
94985415
94985416
94985417
94985418
94985419
94985420
94985421
94985422
94985423
94985424
94985425
94985426
94985427
94985428
94985429
94985430
94985431
94985432
94985433
94985434
94985435
94985436
94985437
94985438
94985439
94985440
94985441
94985442
94985443
94985444
94985445
94985446
94985447
94985448
94985449
94985450
94985451
94985452
94985453
94985454
94985455
94985456
94985457
94985458
94985459
94985460
94985461
94985462
94985463
94985464
94985465
94985466
94985467
94985468
94985469
94985470
94985471
94985472
94985473
94985474
94985475
94985476
94985477
94985478
94985479
94985480
94985481
94985482
94985483
94985484
94985485
94985486
94985487
94985488
94985489
94985490
94985491
94985492
94985493
94985494
94985495
94985496
94985497
94985498
94985499
94985500
94985501
94985502
94985503
94985504
94985505
94985506
94985507
94985508
94985509
94985510
94985511
94985512
94985513
94985514
94985515
94985516
94985517
94985518
94985519
94985520
94985521
94985522
94985523
94985524
94985525
94985526
94985527
94985528
94985529
94985530
94985531
94985532
94985533
94985534
94985535
94985536
94985537
94985538
94985539
94985540
94985541
94985542
94985543
94985544
94985545
94985546
94985547
94985548
94985549
94985550
94985551
94985552
94985553
94985554
94985555
94985556
94985557
94985558
94985559
94985560
94985561
94985562
94985563
94985564
94985565
94985566
94985567
94985568
94985569
94985570
94985571
94985572
94985573
94985574
94985575
94985576
94985577
94985578
94985579
94985580
94985581
94985582
94985583
94985584
94985585
94985586
94985587
94985588
94985589
94985590
94985591
94985592
94985593
94985594
94985595
94985596
94985597
94985598
94985599
94985600
94985601
94985602
94985603
94985604
94985605
94985606
94985607
94985608
94985609
94985610
94985611
94985612
94985613
94985614
94985615
94985616
94985617
94985618
94985619
94985620
94985621
94985622
94985623
94985624
94985625
94985626
94985627
94985628
94985629
94985630
94985631
94985632
94985633
94985634
94985635
94985636
94985637
94985638
94985639
94985640
94985641
94985642
94985643
94985644
94985645
94985646
94985647
94985648
94985649
94985650
94985651
94985652
94985653
94985654
94985655
94985656
94985657
94985658
94985659
94985660
94985661
94985662
94985663
94985664
94985665
94985666
94985667
94985668
94985669
94985670
94985671
94985672
94985673
94985674
94985675
94985676
94985677
94985678
94985679
94985680
94985681
94985682
94985683
94985684
94985685
94985686
94985687
94985688
94985689
94985690
94985691
94985692
94985693
94985694
94985695
94985696
94985697
94985698
94985699
94985700
94985701
94985702
94985703
94985704
94985705
94985706
94985707
94985708
94985709
94985710
94985711
94985712
94985713
94985714
94985715
94985716
94985717
94985718
94985719
94985720
94985721
94985722
94985723
94985724
94985725
94985726
94985727
94985728
94985729
94985730
94985731
94985732
94985733
94985734
94985735
94985736
94985737
94985738
94985739
94985740
94985741
94985742
94985743
94985744
94985745
94985746
94985747
94985748
94985749
94985750
94985751
94985752
94985753
94985754
94985755
94985756
94985757
94985758
94985759
94985760
94985761
94985762
94985763
94985764
94985765
94985766
94985767
94985768
94985769
94985770
94985771
94985772
94985773
94985774
94985775
94985776
94985777
94985778
94985779
94985780
94985781
94985782
94985783
94985784
94985785
94985786
94985787
94985788
94985789
94985790
94985791
94985792
94985793
94985794
94985795
94985796
94985797
94985798
94985799
94985800
94985801
94985802
94985803
94985804
94985805
94985806
94985807
94985808
94985809
94985810
94985811
94985812
94985813
94985814
94985815
94985816
94985817
94985818
94985819
94985820
94985821
94985822
94985823
94985824
94985825
94985826
94985827
94985828
94985829
94985830
94985831
94985832
94985833
94985834
94985835
94985836
94985837
94985838
94985839
94985840
94985841
94985842
94985843
94985844
94985845
94985846
94985847
94985848
94985849
94985850
94985851
94985852
94985853
94985854
94985855
94985856
94985857
94985858
94985859
94985860
94985861
94985862
94985863
94985864
94985865
94985866
94985867
94985868
94985869
94985870
94985871
94985872
94985873
94985874
94985875
94985876
94985877
94985878
94985879
94985880
94985881
94985882
94985883
94985884
94985885
94985886
94985887
94985888
94985889
94985890
94985891
94985892
94985893
94985894
94985895
94985896
94985897
94985898
94985899
94985900
94985901
94985902
94985903
94985904
94985905
94985906
94985907
94985908
94985909
94985910
94985911
94985912
94985913
94985914
94985915
94985916
94985917
94985918
94985919
94985920
94985921
94985922
94985923
94985924
94985925
94985926
94985927
94985928
94985929
94985930
94985931
94985932
94985933
94985934
94985935
94985936
94985937
94985938
94985939
94985940
94985941
94985942
94985943
94985944
94985945
94985946
94985947
94985948
94985949
94985950
94985951
94985952
94985953
94985954
94985955
94985956
94985957
94985958
94985959
94985960
94985961
94985962
94985963
94985964
94985965
94985966
94985967
94985968
94985969
94985970
94985971
94985972
94985973
94985974
94985975
94985976
94985977
94985978
94985979
94985980
94985981
94985982
94985983
94985984
94985985
94985986
94985987
94985988
94985989
94985990
94985991
94985992
94985993
94985994
94985995
94985996
94985997
94985998
94985999
94986000
94986001
94986002
94986003
94986004
94986005
94986006
94986007
94986008
94986009
94986010
94986011
94986012
94986013
94986014
94986015
94986016
94986017
94986018
94986019
94986020
94986021
94986022
94986023
94986024
94986025
94986026
94986027
94986028
94986029
94986030
94986031
94986032
94986033
94986034
94986035
94986036
94986037
94986038
94986039
94986040
94986041
94986042
94986043
94986044
94986045
94986046
94986047
94986048
94986049
94986050
94986051
94986052
94986053
94986054
94986055
94986056
94986057
94986058
94986059
94986060
94986061
94986062
94986063
94986064
94986065
94986066
94986067
94986068
94986069
94986070
94986071
94986072
94986073
94986074
94986075
94986076
94986077
94986078
94986079
94986080
94986081
94986082
94986083
94986084
94986085
94986086
94986087
94986088
94986089
94986090
94986091
94986092
94986093
94986094
94986095
94986096
94986097
94986098
94986099
94986100
94986101
94986102
94986103
94986104
94986105
94986106
94986107
94986108
94986109
94986110
94986111
94986112
94986113
94986114
94986115
94986116
94986117
94986118
94986119
94986120
94986121
94986122
94986123
94986124
94986125
94986126
94986127
94986128
94986129
94986130
94986131
94986132
94986133
94986134
94986135
94986136
94986137
94986138
94986139
94986140
94986141
94986142
94986143
94986144
94986145
94986146
94986147
94986148
94986149
94986150
94986151
94986152
94986153
94986154
94986155
94986156
94986157
94986158
94986159
94986160
94986161
94986162
94986163
94986164
94986165
94986166
94986167
94986168
94986169
94986170
94986171
94986172
94986173
94986174
94986175
94986176
94986177
94986178
94986179
94986180
94986181
94986182
94986183
94986184
94986185
94986186
94986187
94986188
94986189
94986190
94986191
94986192
94986193
94986194
94986195
94986196
94986197
94986198
94986199
94986200
94986201
94986202
94986203
94986204
94986205
94986206
94986207
94986208
94986209
94986210
94986211
94986212
94986213
94986214
94986215
94986216
94986217
94986218
94986219
94986220
94986221
94986222
94986223
94986224
94986225
94986226
94986227
94986228
94986229
94986230
94986231
94986232
94986233
94986234
94986235
94986236
94986237
94986238
94986239
94986240
94986241
94986242
94986243
94986244
94986245
94986246
94986247
94986248
94986249
94986250
94986251
94986252
94986253
94986254
94986255
94986256
94986257
94986258
94986259
94986260
94986261
94986262
94986263
94986264
94986265
94986266
94986267
94986268
94986269
94986270
94986271
94986272
94986273
94986274
94986275
94986276
94986277
94986278
94986279
94986280
94986281
94986282
94986283
94986284
94986285
94986286
94986287
94986288
94986289
94986290
94986291
94986292
94986293
94986294
94986295
94986296
94986297
94986298
94986299
94986300
94986301
94986302
94986303
94986304
94986305
94986306
94986307
94986308
94986309
94986310
94986311
94986312
94986313
94986314
94986315
94986316
94986317
94986318
94986319
94986320
94986321
94986322
94986323
94986324
94986325
94986326
94986327
94986328
94986329
94986330
94986331
94986332
94986333
94986334
94986335
94986336
94986337
94986338
94986339
94986340
94986341
94986342
94986343
94986344
94986345
94986346
94986347
94986348
94986349
94986350
94986351
94986352
94986353
94986354
94986355
94986356
94986357
94986358
94986359
94986360
94986361
94986362
94986363
94986364
94986365
94986366
94986367
94986368
94986369
94986370
94986371
94986372
94986373
94986374
94986375
94986376
94986377
94986378
94986379
94986380
94986381
94986382
94986383
94986384
94986385
94986386
94986387
94986388
94986389
94986390
94986391
94986392
94986393
94986394
94986395
94986396
94986397
94986398
94986399
94986400
94986401
94986402
94986403
94986404
94986405
94986406
94986407
94986408
94986409
94986410
94986411
94986412
94986413
94986414
94986415
94986416
94986417
94986418
94986419
94986420
94986421
94986422
94986423
94986424
94986425
94986426
94986427
94986428
94986429
94986430
94986431
94986432
94986433
94986434
94986435
94986436
94986437
94986438
94986439
94986440
94986441
94986442
94986443
94986444
94986445
94986446
94986447
94986448
94986449
94986450
94986451
94986452
94986453
94986454
94986455
94986456
94986457
94986458
94986459
94986460
94986461
94986462
94986463
94986464
94986465
94986466
94986467
94986468
94986469
94986470
94986471
94986472
94986473
94986474
94986475
94986476
94986477
94986478
94986479
94986480
94986481
94986482
94986483
94986484
94986485
94986486
94986487
94986488
94986489
94986490
94986491
94986492
94986493
94986494
94986495
94986496
94986497
94986498
94986499
94986500
94986501
94986502
94986503
94986504
94986505
94986506
94986507
94986508
94986509
94986510
94986511
94986512
94986513
94986514
94986515
94986516
94986517
94986518
94986519
94986520
94986521
94986522
94986523
94986524
94986525
94986526
94986527
94986528
94986529
94986530
94986531
94986532
94986533
94986534
94986535
94986536
94986537
94986538
94986539
94986540
94986541
94986542
94986543
94986544
94986545
94986546
94986547
94986548
94986549
94986550
94986551
94986552
94986553
94986554
94986555
94986556
94986557
94986558
94986559
94986560
94986561
94986562
94986563
94986564
94986565
94986566
94986567
94986568
94986569
94986570
94986571
94986572
94986573
94986574
94986575
94986576
94986577
94986578
94986579
94986580
94986581
94986582
94986583
94986584
94986585
94986586
94986587
94986588
94986589
94986590
94986591
94986592
94986593
94986594
94986595
94986596
94986597
94986598
94986599
94986600
94986601
94986602
94986603
94986604
94986605
94986606
94986607
94986608
94986609
94986610
94986611
94986612
94986613
94986614
94986615
94986616
94986617
94986618
94986619
94986620
94986621
94986622
94986623
94986624
94986625
94986626
94986627
94986628
94986629
94986630
94986631
94986632
94986633
94986634
94986635
94986636
94986637
94986638
94986639
94986640
94986641
94986642
94986643
94986644
94986645
94986646
94986647
94986648
94986649
94986650
94986651
94986652
94986653
94986654
94986655
94986656
94986657
94986658
94986659
94986660
94986661
94986662
94986663
94986664
94986665
94986666
94986667
94986668
94986669
94986670
94986671
94986672
94986673
94986674
94986675
94986676
94986677
94986678
94986679
94986680
94986681
94986682
94986683
94986684
94986685
94986686
94986687
94986688
94986689
94986690
94986691
94986692
94986693
94986694
94986695
94986696
94986697
94986698
94986699
94986700
94986701
94986702
94986703
94986704
94986705
94986706
94986707
94986708
94986709
94986710
94986711
94986712
94986713
94986714
94986715
94986716
94986717
94986718
94986719
94986720
94986721
94986722
94986723
94986724
94986725
94986726
94986727
94986728
94986729
94986730
94986731
94986732
94986733
94986734
94986735
94986736
94986737
94986738
94986739
94986740
94986741
94986742
94986743
94986744
94986745
94986746
94986747
94986748
94986749
94986750
94986751
94986752
94986753
94986754
94986755
94986756
94986757
94986758
94986759
94986760
94986761
94986762
94986763
94986764
94986765
94986766
94986767
94986768
94986769
94986770
94986771
94986772
94986773
94986774
94986775
94986776
94986777
94986778
94986779
94986780
94986781
94986782
94986783
94986784
94986785
94986786
94986787
94986788
94986789
94986790
94986791
94986792
94986793
94986794
94986795
94986796
94986797
94986798
94986799
94986800
94986801
94986802
94986803
94986804
94986805
94986806
94986807
94986808
94986809
94986810
94986811
94986812
94986813
94986814
94986815
94986816
94986817
94986818
94986819
94986820
94986821
94986822
94986823
94986824
94986825
94986826
94986827
94986828
94986829
94986830
94986831
94986832
94986833
94986834
94986835
94986836
94986837
94986838
94986839
94986840
94986841
94986842
94986843
94986844
94986845
94986846
94986847
94986848
94986849
94986850
94986851
94986852
94986853
94986854
94986855
94986856
94986857
94986858
94986859
94986860
94986861
94986862
94986863
94986864
94986865
94986866
94986867
94986868
94986869
94986870
94986871
94986872
94986873
94986874
94986875
94986876
94986877
94986878
94986879
94986880
94986881
94986882
94986883
94986884
94986885
94986886
94986887
94986888
94986889
94986890
94986891
94986892
94986893
94986894
94986895
94986896
94986897
94986898
94986899
94986900
94986901
94986902
94986903
94986904
94986905
94986906
94986907
94986908
94986909
94986910
94986911
94986912
94986913
94986914
94986915
94986916
94986917
94986918
94986919
94986920
94986921
94986922
94986923
94986924
94986925
94986926
94986927
94986928
94986929
94986930
94986931
94986932
94986933
94986934
94986935
94986936
94986937
94986938
94986939
94986940
94986941
94986942
94986943
94986944
94986945
94986946
94986947
94986948
94986949
94986950
94986951
94986952
94986953
94986954
94986955
94986956
94986957
94986958
94986959
94986960
94986961
94986962
94986963
94986964
94986965
94986966
94986967
94986968
94986969
94986970
94986971
94986972
94986973
94986974
94986975
94986976
94986977
94986978
94986979
94986980
94986981
94986982
94986983
94986984
94986985
94986986
94986987
94986988
94986989
94986990
94986991
94986992
94986993
94986994
94986995
94986996
94986997
94986998
94986999
94987000
94987001
94987002
94987003
94987004
94987005
94987006
94987007
94987008
94987009
94987010
94987011
94987012
94987013
94987014
94987015
94987016
94987017
94987018
94987019
94987020
94987021
94987022
94987023
94987024
94987025
94987026
94987027
94987028
94987029
94987030
94987031
94987032
94987033
94987034
94987035
94987036
94987037
94987038
94987039
94987040
94987041
94987042
94987043
94987044
94987045
94987046
94987047
94987048
94987049
94987050
94987051
94987052
94987053
94987054
94987055
94987056
94987057
94987058
94987059
94987060
94987061
94987062
94987063
94987064
94987065
94987066
94987067
94987068
94987069
94987070
94987071
94987072
94987073
94987074
94987075
94987076
94987077
94987078
94987079
94987080
94987081
94987082
94987083
94987084
94987085
94987086
94987087
94987088
94987089
94987090
94987091
94987092
94987093
94987094
94987095
94987096
94987097
94987098
94987099
94987100
94987101
94987102
94987103
94987104
94987105
94987106
94987107
94987108
94987109
94987110
94987111
94987112
94987113
94987114
94987115
94987116
94987117
94987118
94987119
94987120
94987121
94987122
94987123
94987124
94987125
94987126
94987127
94987128
94987129
94987130
94987131
94987132
94987133
94987134
94987135
94987136
94987137
94987138
94987139
94987140
94987141
94987142
94987143
94987144
94987145
94987146
94987147
94987148
94987149
94987150
94987151
94987152
94987153
94987154
94987155
94987156
94987157
94987158
94987159
94987160
94987161
94987162
94987163
94987164
94987165
94987166
94987167
94987168
94987169
94987170
94987171
94987172
94987173
94987174
94987175
94987176
94987177
94987178
94987179
94987180
94987181
94987182
94987183
94987184
94987185
94987186
94987187
94987188
94987189
94987190
94987191
94987192
94987193
94987194
94987195
94987196
94987197
94987198
94987199
94987200
94987201
94987202
94987203
94987204
94987205
94987206
94987207
94987208
94987209
94987210
94987211
94987212
94987213
94987214
94987215
94987216
94987217
94987218
94987219
94987220
94987221
94987222
94987223
94987224
94987225
94987226
94987227
94987228
94987229
94987230
94987231
94987232
94987233
94987234
94987235
94987236
94987237
94987238
94987239
94987240
94987241
94987242
94987243
94987244
94987245
94987246
94987247
94987248
94987249
94987250
94987251
94987252
94987253
94987254
94987255
94987256
94987257
94987258
94987259
94987260
94987261
94987262
94987263
94987264
94987265
94987266
94987267
94987268
94987269
94987270
94987271
94987272
94987273
94987274
94987275
94987276
94987277
94987278
94987279
94987280
94987281
94987282
94987283
94987284
94987285
94987286
94987287
94987288
94987289
94987290
94987291
94987292
94987293
94987294
94987295
94987296
94987297
94987298
94987299
94987300
94987301
94987302
94987303
94987304
94987305
94987306
94987307
94987308
94987309
94987310
94987311
94987312
94987313
94987314
94987315
94987316
94987317
94987318
94987319
94987320
94987321
94987322
94987323
94987324
94987325
94987326
94987327
94987328
94987329
94987330
94987331
94987332
94987333
94987334
94987335
94987336
94987337
94987338
94987339
94987340
94987341
94987342
94987343
94987344
94987345
94987346
94987347
94987348
94987349
94987350
94987351
94987352
94987353
94987354
94987355
94987356
94987357
94987358
94987359
94987360
94987361
94987362
94987363
94987364
94987365
94987366
94987367
94987368
94987369
94987370
94987371
94987372
94987373
94987374
94987375
94987376
94987377
94987378
94987379
94987380
94987381
94987382
94987383
94987384
94987385
94987386
94987387
94987388
94987389
94987390
94987391
94987392
94987393
94987394
94987395
94987396
94987397
94987398
94987399
94987400
94987401
94987402
94987403
94987404
94987405
94987406
94987407
94987408
94987409
94987410
94987411
94987412
94987413
94987414
94987415
94987416
94987417
94987418
94987419
94987420
94987421
94987422
94987423
94987424
94987425
94987426
94987427
94987428
94987429
94987430
94987431
94987432
94987433
94987434
94987435
94987436
94987437
94987438
94987439
94987440
94987441
94987442
94987443
94987444
94987445
94987446
94987447
94987448
94987449
94987450
94987451
94987452
94987453
94987454
94987455
94987456
94987457
94987458
94987459
94987460
94987461
94987462
94987463
94987464
94987465
94987466
94987467
94987468
94987469
94987470
94987471
94987472
94987473
94987474
94987475
94987476
94987477
94987478
94987479
94987480
94987481
94987482
94987483
94987484
94987485
94987486
94987487
94987488
94987489
94987490
94987491
94987492
94987493
94987494
94987495
94987496
94987497
94987498
94987499
94987500
94987501
94987502
94987503
94987504
94987505
94987506
94987507
94987508
94987509
94987510
94987511
94987512
94987513
94987514
94987515
94987516
94987517
94987518
94987519
94987520
94987521
94987522
94987523
94987524
94987525
94987526
94987527
94987528
94987529
94987530
94987531
94987532
94987533
94987534
94987535
94987536
94987537
94987538
94987539
94987540
94987541
94987542
94987543
94987544
94987545
94987546
94987547
94987548
94987549
94987550
94987551
94987552
94987553
94987554
94987555
94987556
94987557
94987558
94987559
94987560
94987561
94987562
94987563
94987564
94987565
94987566
94987567
94987568
94987569
94987570
94987571
94987572
94987573
94987574
94987575
94987576
94987577
94987578
94987579
94987580
94987581
94987582
94987583
94987584
94987585
94987586
94987587
94987588
94987589
94987590
94987591
94987592
94987593
94987594
94987595
94987596
94987597
94987598
94987599
94987600
94987601
94987602
94987603
94987604
94987605
94987606
94987607
94987608
94987609
94987610
94987611
94987612
94987613
94987614
94987615
94987616
94987617
94987618
94987619
94987620
94987621
94987622
94987623
94987624
94987625
94987626
94987627
94987628
94987629
94987630
94987631
94987632
94987633
94987634
94987635
94987636
94987637
94987638
94987639
94987640
94987641
94987642
94987643
94987644
94987645
94987646
94987647
94987648
94987649
94987650
94987651
94987652
94987653
94987654
94987655
94987656
94987657
94987658
94987659
94987660
94987661
94987662
94987663
94987664
94987665
94987666
94987667
94987668
94987669
94987670
94987671
94987672
94987673
94987674
94987675
94987676
94987677
94987678
94987679
94987680
94987681
94987682
94987683
94987684
94987685
94987686
94987687
94987688
94987689
94987690
94987691
94987692
94987693
94987694
94987695
94987696
94987697
94987698
94987699
94987700
94987701
94987702
94987703
94987704
94987705
94987706
94987707
94987708
94987709
94987710
94987711
94987712
94987713
94987714
94987715
94987716
94987717
94987718
94987719
94987720
94987721
94987722
94987723
94987724
94987725
94987726
94987727
94987728
94987729
94987730
94987731
94987732
94987733
94987734
94987735
94987736
94987737
94987738
94987739
94987740
94987741
94987742
94987743
94987744
94987745
94987746
94987747
94987748
94987749
94987750
94987751
94987752
94987753
94987754
94987755
94987756
94987757
94987758
94987759
94987760
94987761
94987762
94987763
94987764
94987765
94987766
94987767
94987768
94987769
94987770
94987771
94987772
94987773
94987774
94987775
94987776
94987777
94987778
94987779
94987780
94987781
94987782
94987783
94987784
94987785
94987786
94987787
94987788
94987789
94987790
94987791
94987792
94987793
94987794
94987795
94987796
94987797
94987798
94987799
94987800
94987801
94987802
94987803
94987804
94987805
94987806
94987807
94987808
94987809
94987810
94987811
94987812
94987813
94987814
94987815
94987816
94987817
94987818
94987819
94987820
94987821
94987822
94987823
94987824
94987825
94987826
94987827
94987828
94987829
94987830
94987831
94987832
94987833
94987834
94987835
94987836
94987837
94987838
94987839
94987840
94987841
94987842
94987843
94987844
94987845
94987846
94987847
94987848
94987849
94987850
94987851
94987852
94987853
94987854
94987855
94987856
94987857
94987858
94987859
94987860
94987861
94987862
94987863
94987864
94987865
94987866
94987867
94987868
94987869
94987870
94987871
94987872
94987873
94987874
94987875
94987876
94987877
94987878
94987879
94987880
94987881
94987882
94987883
94987884
94987885
94987886
94987887
94987888
94987889
94987890
94987891
94987892
94987893
94987894
94987895
94987896
94987897
94987898
94987899
94987900
94987901
94987902
94987903
94987904
94987905
94987906
94987907
94987908
94987909
94987910
94987911
94987912
94987913
94987914
94987915
94987916
94987917
94987918
94987919
94987920
94987921
94987922
94987923
94987924
94987925
94987926
94987927
94987928
94987929
94987930
94987931
94987932
94987933
94987934
94987935
94987936
94987937
94987938
94987939
94987940
94987941
94987942
94987943
94987944
94987945
94987946
94987947
94987948
94987949
94987950
94987951
94987952
94987953
94987954
94987955
94987956
94987957
94987958
94987959
94987960
94987961
94987962
94987963
94987964
94987965
94987966
94987967
94987968
94987969
94987970
94987971
94987972
94987973
94987974
94987975
94987976
94987977
94987978
94987979
94987980
94987981
94987982
94987983
94987984
94987985
94987986
94987987
94987988
94987989
94987990
94987991
94987992
94987993
94987994
94987995
94987996
94987997
94987998
94987999
94988000
94988001
94988002
94988003
94988004
94988005
94988006
94988007
94988008
94988009
94988010
94988011
94988012
94988013
94988014
94988015
94988016
94988017
94988018
94988019
94988020
94988021
94988022
94988023
94988024
94988025
94988026
94988027
94988028
94988029
94988030
94988031
94988032
94988033
94988034
94988035
94988036
94988037
94988038
94988039
94988040
94988041
94988042
94988043
94988044
94988045
94988046
94988047
94988048
94988049
94988050
94988051
94988052
94988053
94988054
94988055
94988056
94988057
94988058
94988059
94988060
94988061
94988062
94988063
94988064
94988065
94988066
94988067
94988068
94988069
94988070
94988071
94988072
94988073
94988074
94988075
94988076
94988077
94988078
94988079
94988080
94988081
94988082
94988083
94988084
94988085
94988086
94988087
94988088
94988089
94988090
94988091
94988092
94988093
94988094
94988095
94988096
94988097
94988098
94988099
94988100
94988101
94988102
94988103
94988104
94988105
94988106
94988107
94988108
94988109
94988110
94988111
94988112
94988113
94988114
94988115
94988116
94988117
94988118
94988119
94988120
94988121
94988122
94988123
94988124
94988125
94988126
94988127
94988128
94988129
94988130
94988131
94988132
94988133
94988134
94988135
94988136
94988137
94988138
94988139
94988140
94988141
94988142
94988143
94988144
94988145
94988146
94988147
94988148
94988149
94988150
94988151
94988152
94988153
94988154
94988155
94988156
94988157
94988158
94988159
94988160
94988161
94988162
94988163
94988164
94988165
94988166
94988167
94988168
94988169
94988170
94988171
94988172
94988173
94988174
94988175
94988176
94988177
94988178
94988179
94988180
94988181
94988182
94988183
94988184
94988185
94988186
94988187
94988188
94988189
94988190
94988191
94988192
94988193
94988194
94988195
94988196
94988197
94988198
94988199
94988200
94988201
94988202
94988203
94988204
94988205
94988206
94988207
94988208
94988209
94988210
94988211
94988212
94988213
94988214
94988215
94988216
94988217
94988218
94988219
94988220
94988221
94988222
94988223
94988224
94988225
94988226
94988227
94988228
94988229
94988230
94988231
94988232
94988233
94988234
94988235
94988236
94988237
94988238
94988239
94988240
94988241
94988242
94988243
94988244
94988245
94988246
94988247
94988248
94988249
94988250
94988251
94988252
94988253
94988254
94988255
94988256
94988257
94988258
94988259
94988260
94988261
94988262
94988263
94988264
94988265
94988266
94988267
94988268
94988269
94988270
94988271
94988272
94988273
94988274
94988275
94988276
94988277
94988278
94988279
94988280
94988281
94988282
94988283
94988284
94988285
94988286
94988287
94988288
94988289
94988290
94988291
94988292
94988293
94988294
94988295
94988296
94988297
94988298
94988299
94988300
94988301
94988302
94988303
94988304
94988305
94988306
94988307
94988308
94988309
94988310
94988311
94988312
94988313
94988314
94988315
94988316
94988317
94988318
94988319
94988320
94988321
94988322
94988323
94988324
94988325
94988326
94988327
94988328
94988329
94988330
94988331
94988332
94988333
94988334
94988335
94988336
94988337
94988338
94988339
94988340
94988341
94988342
94988343
94988344
94988345
94988346
94988347
94988348
94988349
94988350
94988351
94988352
94988353
94988354
94988355
94988356
94988357
94988358
94988359
94988360
94988361
94988362
94988363
94988364
94988365
94988366
94988367
94988368
94988369
94988370
94988371
94988372
94988373
94988374
94988375
94988376
94988377
94988378
94988379
94988380
94988381
94988382
94988383
94988384
94988385
94988386
94988387
94988388
94988389
94988390
94988391
94988392
94988393
94988394
94988395
94988396
94988397
94988398
94988399
94988400
94988401
94988402
94988403
94988404
94988405
94988406
94988407
94988408
94988409
94988410
94988411
94988412
94988413
94988414
94988415
94988416
94988417
94988418
94988419
94988420
94988421
94988422
94988423
94988424
94988425
94988426
94988427
94988428
94988429
94988430
94988431
94988432
94988433
94988434
94988435
94988436
94988437
94988438
94988439
94988440
94988441
94988442
94988443
94988444
94988445
94988446
94988447
94988448
94988449
94988450
94988451
94988452
94988453
94988454
94988455
94988456
94988457
94988458
94988459
94988460
94988461
94988462
94988463
94988464
94988465
94988466
94988467
94988468
94988469
94988470
94988471
94988472
94988473
94988474
94988475
94988476
94988477
94988478
94988479
94988480
94988481
94988482
94988483
94988484
94988485
94988486
94988487
94988488
94988489
94988490
94988491
94988492
94988493
94988494
94988495
94988496
94988497
94988498
94988499
94988500
94988501
94988502
94988503
94988504
94988505
94988506
94988507
94988508
94988509
94988510
94988511
94988512
94988513
94988514
94988515
94988516
94988517
94988518
94988519
94988520
94988521
94988522
94988523
94988524
94988525
94988526
94988527
94988528
94988529
94988530
94988531
94988532
94988533
94988534
94988535
94988536
94988537
94988538
94988539
94988540
94988541
94988542
94988543
94988544
94988545
94988546
94988547
94988548
94988549
94988550
94988551
94988552
94988553
94988554
94988555
94988556
94988557
94988558
94988559
94988560
94988561
94988562
94988563
94988564
94988565
94988566
94988567
94988568
94988569
94988570
94988571
94988572
94988573
94988574
94988575
94988576
94988577
94988578
94988579
94988580
94988581
94988582
94988583
94988584
94988585
94988586
94988587
94988588
94988589
94988590
94988591
94988592
94988593
94988594
94988595
94988596
94988597
94988598
94988599
94988600
94988601
94988602
94988603
94988604
94988605
94988606
94988607
94988608
94988609
94988610
94988611
94988612
94988613
94988614
94988615
94988616
94988617
94988618
94988619
94988620
94988621
94988622
94988623
94988624
94988625
94988626
94988627
94988628
94988629
94988630
94988631
94988632
94988633
94988634
94988635
94988636
94988637
94988638
94988639
94988640
94988641
94988642
94988643
94988644
94988645
94988646
94988647
94988648
94988649
94988650
94988651
94988652
94988653
94988654
94988655
94988656
94988657
94988658
94988659
94988660
94988661
94988662
94988663
94988664
94988665
94988666
94988667
94988668
94988669
94988670
94988671
94988672
94988673
94988674
94988675
94988676
94988677
94988678
94988679
94988680
94988681
94988682
94988683
94988684
94988685
94988686
94988687
94988688
94988689
94988690
94988691
94988692
94988693
94988694
94988695
94988696
94988697
94988698
94988699
94988700
94988701
94988702
94988703
94988704
94988705
94988706
94988707
94988708
94988709
94988710
94988711
94988712
94988713
94988714
94988715
94988716
94988717
94988718
94988719
94988720
94988721
94988722
94988723
94988724
94988725
94988726
94988727
94988728
94988729
94988730
94988731
94988732
94988733
94988734
94988735
94988736
94988737
94988738
94988739
94988740
94988741
94988742
94988743
94988744
94988745
94988746
94988747
94988748
94988749
94988750
94988751
94988752
94988753
94988754
94988755
94988756
94988757
94988758
94988759
94988760
94988761
94988762
94988763
94988764
94988765
94988766
94988767
94988768
94988769
94988770
94988771
94988772
94988773
94988774
94988775
94988776
94988777
94988778
94988779
94988780
94988781
94988782
94988783
94988784
94988785
94988786
94988787
94988788
94988789
94988790
94988791
94988792
94988793
94988794
94988795
94988796
94988797
94988798
94988799
94988800
94988801
94988802
94988803
94988804
94988805
94988806
94988807
94988808
94988809
94988810
94988811
94988812
94988813
94988814
94988815
94988816
94988817
94988818
94988819
94988820
94988821
94988822
94988823
94988824
94988825
94988826
94988827
94988828
94988829
94988830
94988831
94988832
94988833
94988834
94988835
94988836
94988837
94988838
94988839
94988840
94988841
94988842
94988843
94988844
94988845
94988846
94988847
94988848
94988849
94988850
94988851
94988852
94988853
94988854
94988855
94988856
94988857
94988858
94988859
94988860
94988861
94988862
94988863
94988864
94988865
94988866
94988867
94988868
94988869
94988870
94988871
94988872
94988873
94988874
94988875
94988876
94988877
94988878
94988879
94988880
94988881
94988882
94988883
94988884
94988885
94988886
94988887
94988888
94988889
