96718890
96718891
96718892
96718893
96718894
96718895
96718896
96718897
96718898
96718899
96718900
96718901
96718902
96718903
96718904
96718905
96718906
96718907
96718908
96718909
96718910
96718911
96718912
96718913
96718914
96718915
96718916
96718917
96718918
96718919
96718920
96718921
96718922
96718923
96718924
96718925
96718926
96718927
96718928
96718929
96718930
96718931
96718932
96718933
96718934
96718935
96718936
96718937
96718938
96718939
96718940
96718941
96718942
96718943
96718944
96718945
96718946
96718947
96718948
96718949
96718950
96718951
96718952
96718953
96718954
96718955
96718956
96718957
96718958
96718959
96718960
96718961
96718962
96718963
96718964
96718965
96718966
96718967
96718968
96718969
96718970
96718971
96718972
96718973
96718974
96718975
96718976
96718977
96718978
96718979
96718980
96718981
96718982
96718983
96718984
96718985
96718986
96718987
96718988
96718989
96718990
96718991
96718992
96718993
96718994
96718995
96718996
96718997
96718998
96718999
96719000
96719001
96719002
96719003
96719004
96719005
96719006
96719007
96719008
96719009
96719010
96719011
96719012
96719013
96719014
96719015
96719016
96719017
96719018
96719019
96719020
96719021
96719022
96719023
96719024
96719025
96719026
96719027
96719028
96719029
96719030
96719031
96719032
96719033
96719034
96719035
96719036
96719037
96719038
96719039
96719040
96719041
96719042
96719043
96719044
96719045
96719046
96719047
96719048
96719049
96719050
96719051
96719052
96719053
96719054
96719055
96719056
96719057
96719058
96719059
96719060
96719061
96719062
96719063
96719064
96719065
96719066
96719067
96719068
96719069
96719070
96719071
96719072
96719073
96719074
96719075
96719076
96719077
96719078
96719079
96719080
96719081
96719082
96719083
96719084
96719085
96719086
96719087
96719088
96719089
96719090
96719091
96719092
96719093
96719094
96719095
96719096
96719097
96719098
96719099
96719100
96719101
96719102
96719103
96719104
96719105
96719106
96719107
96719108
96719109
96719110
96719111
96719112
96719113
96719114
96719115
96719116
96719117
96719118
96719119
96719120
96719121
96719122
96719123
96719124
96719125
96719126
96719127
96719128
96719129
96719130
96719131
96719132
96719133
96719134
96719135
96719136
96719137
96719138
96719139
96719140
96719141
96719142
96719143
96719144
96719145
96719146
96719147
96719148
96719149
96719150
96719151
96719152
96719153
96719154
96719155
96719156
96719157
96719158
96719159
96719160
96719161
96719162
96719163
96719164
96719165
96719166
96719167
96719168
96719169
96719170
96719171
96719172
96719173
96719174
96719175
96719176
96719177
96719178
96719179
96719180
96719181
96719182
96719183
96719184
96719185
96719186
96719187
96719188
96719189
96719190
96719191
96719192
96719193
96719194
96719195
96719196
96719197
96719198
96719199
96719200
96719201
96719202
96719203
96719204
96719205
96719206
96719207
96719208
96719209
96719210
96719211
96719212
96719213
96719214
96719215
96719216
96719217
96719218
96719219
96719220
96719221
96719222
96719223
96719224
96719225
96719226
96719227
96719228
96719229
96719230
96719231
96719232
96719233
96719234
96719235
96719236
96719237
96719238
96719239
96719240
96719241
96719242
96719243
96719244
96719245
96719246
96719247
96719248
96719249
96719250
96719251
96719252
96719253
96719254
96719255
96719256
96719257
96719258
96719259
96719260
96719261
96719262
96719263
96719264
96719265
96719266
96719267
96719268
96719269
96719270
96719271
96719272
96719273
96719274
96719275
96719276
96719277
96719278
96719279
96719280
96719281
96719282
96719283
96719284
96719285
96719286
96719287
96719288
96719289
96719290
96719291
96719292
96719293
96719294
96719295
96719296
96719297
96719298
96719299
96719300
96719301
96719302
96719303
96719304
96719305
96719306
96719307
96719308
96719309
96719310
96719311
96719312
96719313
96719314
96719315
96719316
96719317
96719318
96719319
96719320
96719321
96719322
96719323
96719324
96719325
96719326
96719327
96719328
96719329
96719330
96719331
96719332
96719333
96719334
96719335
96719336
96719337
96719338
96719339
96719340
96719341
96719342
96719343
96719344
96719345
96719346
96719347
96719348
96719349
96719350
96719351
96719352
96719353
96719354
96719355
96719356
96719357
96719358
96719359
96719360
96719361
96719362
96719363
96719364
96719365
96719366
96719367
96719368
96719369
96719370
96719371
96719372
96719373
96719374
96719375
96719376
96719377
96719378
96719379
96719380
96719381
96719382
96719383
96719384
96719385
96719386
96719387
96719388
96719389
96719390
96719391
96719392
96719393
96719394
96719395
96719396
96719397
96719398
96719399
96719400
96719401
96719402
96719403
96719404
96719405
96719406
96719407
96719408
96719409
96719410
96719411
96719412
96719413
96719414
96719415
96719416
96719417
96719418
96719419
96719420
96719421
96719422
96719423
96719424
96719425
96719426
96719427
96719428
96719429
96719430
96719431
96719432
96719433
96719434
96719435
96719436
96719437
96719438
96719439
96719440
96719441
96719442
96719443
96719444
96719445
96719446
96719447
96719448
96719449
96719450
96719451
96719452
96719453
96719454
96719455
96719456
96719457
96719458
96719459
96719460
96719461
96719462
96719463
96719464
96719465
96719466
96719467
96719468
96719469
96719470
96719471
96719472
96719473
96719474
96719475
96719476
96719477
96719478
96719479
96719480
96719481
96719482
96719483
96719484
96719485
96719486
96719487
96719488
96719489
96719490
96719491
96719492
96719493
96719494
96719495
96719496
96719497
96719498
96719499
96719500
96719501
96719502
96719503
96719504
96719505
96719506
96719507
96719508
96719509
96719510
96719511
96719512
96719513
96719514
96719515
96719516
96719517
96719518
96719519
96719520
96719521
96719522
96719523
96719524
96719525
96719526
96719527
96719528
96719529
96719530
96719531
96719532
96719533
96719534
96719535
96719536
96719537
96719538
96719539
96719540
96719541
96719542
96719543
96719544
96719545
96719546
96719547
96719548
96719549
96719550
96719551
96719552
96719553
96719554
96719555
96719556
96719557
96719558
96719559
96719560
96719561
96719562
96719563
96719564
96719565
96719566
96719567
96719568
96719569
96719570
96719571
96719572
96719573
96719574
96719575
96719576
96719577
96719578
96719579
96719580
96719581
96719582
96719583
96719584
96719585
96719586
96719587
96719588
96719589
96719590
96719591
96719592
96719593
96719594
96719595
96719596
96719597
96719598
96719599
96719600
96719601
96719602
96719603
96719604
96719605
96719606
96719607
96719608
96719609
96719610
96719611
96719612
96719613
96719614
96719615
96719616
96719617
96719618
96719619
96719620
96719621
96719622
96719623
96719624
96719625
96719626
96719627
96719628
96719629
96719630
96719631
96719632
96719633
96719634
96719635
96719636
96719637
96719638
96719639
96719640
96719641
96719642
96719643
96719644
96719645
96719646
96719647
96719648
96719649
96719650
96719651
96719652
96719653
96719654
96719655
96719656
96719657
96719658
96719659
96719660
96719661
96719662
96719663
96719664
96719665
96719666
96719667
96719668
96719669
96719670
96719671
96719672
96719673
96719674
96719675
96719676
96719677
96719678
96719679
96719680
96719681
96719682
96719683
96719684
96719685
96719686
96719687
96719688
96719689
96719690
96719691
96719692
96719693
96719694
96719695
96719696
96719697
96719698
96719699
96719700
96719701
96719702
96719703
96719704
96719705
96719706
96719707
96719708
96719709
96719710
96719711
96719712
96719713
96719714
96719715
96719716
96719717
96719718
96719719
96719720
96719721
96719722
96719723
96719724
96719725
96719726
96719727
96719728
96719729
96719730
96719731
96719732
96719733
96719734
96719735
96719736
96719737
96719738
96719739
96719740
96719741
96719742
96719743
96719744
96719745
96719746
96719747
96719748
96719749
96719750
96719751
96719752
96719753
96719754
96719755
96719756
96719757
96719758
96719759
96719760
96719761
96719762
96719763
96719764
96719765
96719766
96719767
96719768
96719769
96719770
96719771
96719772
96719773
96719774
96719775
96719776
96719777
96719778
96719779
96719780
96719781
96719782
96719783
96719784
96719785
96719786
96719787
96719788
96719789
96719790
96719791
96719792
96719793
96719794
96719795
96719796
96719797
96719798
96719799
96719800
96719801
96719802
96719803
96719804
96719805
96719806
96719807
96719808
96719809
96719810
96719811
96719812
96719813
96719814
96719815
96719816
96719817
96719818
96719819
96719820
96719821
96719822
96719823
96719824
96719825
96719826
96719827
96719828
96719829
96719830
96719831
96719832
96719833
96719834
96719835
96719836
96719837
96719838
96719839
96719840
96719841
96719842
96719843
96719844
96719845
96719846
96719847
96719848
96719849
96719850
96719851
96719852
96719853
96719854
96719855
96719856
96719857
96719858
96719859
96719860
96719861
96719862
96719863
96719864
96719865
96719866
96719867
96719868
96719869
96719870
96719871
96719872
96719873
96719874
96719875
96719876
96719877
96719878
96719879
96719880
96719881
96719882
96719883
96719884
96719885
96719886
96719887
96719888
96719889
96719890
96719891
96719892
96719893
96719894
96719895
96719896
96719897
96719898
96719899
96719900
96719901
96719902
96719903
96719904
96719905
96719906
96719907
96719908
96719909
96719910
96719911
96719912
96719913
96719914
96719915
96719916
96719917
96719918
96719919
96719920
96719921
96719922
96719923
96719924
96719925
96719926
96719927
96719928
96719929
96719930
96719931
96719932
96719933
96719934
96719935
96719936
96719937
96719938
96719939
96719940
96719941
96719942
96719943
96719944
96719945
96719946
96719947
96719948
96719949
96719950
96719951
96719952
96719953
96719954
96719955
96719956
96719957
96719958
96719959
96719960
96719961
96719962
96719963
96719964
96719965
96719966
96719967
96719968
96719969
96719970
96719971
96719972
96719973
96719974
96719975
96719976
96719977
96719978
96719979
96719980
96719981
96719982
96719983
96719984
96719985
96719986
96719987
96719988
96719989
96719990
96719991
96719992
96719993
96719994
96719995
96719996
96719997
96719998
96719999
96720000
96720001
96720002
96720003
96720004
96720005
96720006
96720007
96720008
96720009
96720010
96720011
96720012
96720013
96720014
96720015
96720016
96720017
96720018
96720019
96720020
96720021
96720022
96720023
96720024
96720025
96720026
96720027
96720028
96720029
96720030
96720031
96720032
96720033
96720034
96720035
96720036
96720037
96720038
96720039
96720040
96720041
96720042
96720043
96720044
96720045
96720046
96720047
96720048
96720049
96720050
96720051
96720052
96720053
96720054
96720055
96720056
96720057
96720058
96720059
96720060
96720061
96720062
96720063
96720064
96720065
96720066
96720067
96720068
96720069
96720070
96720071
96720072
96720073
96720074
96720075
96720076
96720077
96720078
96720079
96720080
96720081
96720082
96720083
96720084
96720085
96720086
96720087
96720088
96720089
96720090
96720091
96720092
96720093
96720094
96720095
96720096
96720097
96720098
96720099
96720100
96720101
96720102
96720103
96720104
96720105
96720106
96720107
96720108
96720109
96720110
96720111
96720112
96720113
96720114
96720115
96720116
96720117
96720118
96720119
96720120
96720121
96720122
96720123
96720124
96720125
96720126
96720127
96720128
96720129
96720130
96720131
96720132
96720133
96720134
96720135
96720136
96720137
96720138
96720139
96720140
96720141
96720142
96720143
96720144
96720145
96720146
96720147
96720148
96720149
96720150
96720151
96720152
96720153
96720154
96720155
96720156
96720157
96720158
96720159
96720160
96720161
96720162
96720163
96720164
96720165
96720166
96720167
96720168
96720169
96720170
96720171
96720172
96720173
96720174
96720175
96720176
96720177
96720178
96720179
96720180
96720181
96720182
96720183
96720184
96720185
96720186
96720187
96720188
96720189
96720190
96720191
96720192
96720193
96720194
96720195
96720196
96720197
96720198
96720199
96720200
96720201
96720202
96720203
96720204
96720205
96720206
96720207
96720208
96720209
96720210
96720211
96720212
96720213
96720214
96720215
96720216
96720217
96720218
96720219
96720220
96720221
96720222
96720223
96720224
96720225
96720226
96720227
96720228
96720229
96720230
96720231
96720232
96720233
96720234
96720235
96720236
96720237
96720238
96720239
96720240
96720241
96720242
96720243
96720244
96720245
96720246
96720247
96720248
96720249
96720250
96720251
96720252
96720253
96720254
96720255
96720256
96720257
96720258
96720259
96720260
96720261
96720262
96720263
96720264
96720265
96720266
96720267
96720268
96720269
96720270
96720271
96720272
96720273
96720274
96720275
96720276
96720277
96720278
96720279
96720280
96720281
96720282
96720283
96720284
96720285
96720286
96720287
96720288
96720289
96720290
96720291
96720292
96720293
96720294
96720295
96720296
96720297
96720298
96720299
96720300
96720301
96720302
96720303
96720304
96720305
96720306
96720307
96720308
96720309
96720310
96720311
96720312
96720313
96720314
96720315
96720316
96720317
96720318
96720319
96720320
96720321
96720322
96720323
96720324
96720325
96720326
96720327
96720328
96720329
96720330
96720331
96720332
96720333
96720334
96720335
96720336
96720337
96720338
96720339
96720340
96720341
96720342
96720343
96720344
96720345
96720346
96720347
96720348
96720349
96720350
96720351
96720352
96720353
96720354
96720355
96720356
96720357
96720358
96720359
96720360
96720361
96720362
96720363
96720364
96720365
96720366
96720367
96720368
96720369
96720370
96720371
96720372
96720373
96720374
96720375
96720376
96720377
96720378
96720379
96720380
96720381
96720382
96720383
96720384
96720385
96720386
96720387
96720388
96720389
96720390
96720391
96720392
96720393
96720394
96720395
96720396
96720397
96720398
96720399
96720400
96720401
96720402
96720403
96720404
96720405
96720406
96720407
96720408
96720409
96720410
96720411
96720412
96720413
96720414
96720415
96720416
96720417
96720418
96720419
96720420
96720421
96720422
96720423
96720424
96720425
96720426
96720427
96720428
96720429
96720430
96720431
96720432
96720433
96720434
96720435
96720436
96720437
96720438
96720439
96720440
96720441
96720442
96720443
96720444
96720445
96720446
96720447
96720448
96720449
96720450
96720451
96720452
96720453
96720454
96720455
96720456
96720457
96720458
96720459
96720460
96720461
96720462
96720463
96720464
96720465
96720466
96720467
96720468
96720469
96720470
96720471
96720472
96720473
96720474
96720475
96720476
96720477
96720478
96720479
96720480
96720481
96720482
96720483
96720484
96720485
96720486
96720487
96720488
96720489
96720490
96720491
96720492
96720493
96720494
96720495
96720496
96720497
96720498
96720499
96720500
96720501
96720502
96720503
96720504
96720505
96720506
96720507
96720508
96720509
96720510
96720511
96720512
96720513
96720514
96720515
96720516
96720517
96720518
96720519
96720520
96720521
96720522
96720523
96720524
96720525
96720526
96720527
96720528
96720529
96720530
96720531
96720532
96720533
96720534
96720535
96720536
96720537
96720538
96720539
96720540
96720541
96720542
96720543
96720544
96720545
96720546
96720547
96720548
96720549
96720550
96720551
96720552
96720553
96720554
96720555
96720556
96720557
96720558
96720559
96720560
96720561
96720562
96720563
96720564
96720565
96720566
96720567
96720568
96720569
96720570
96720571
96720572
96720573
96720574
96720575
96720576
96720577
96720578
96720579
96720580
96720581
96720582
96720583
96720584
96720585
96720586
96720587
96720588
96720589
96720590
96720591
96720592
96720593
96720594
96720595
96720596
96720597
96720598
96720599
96720600
96720601
96720602
96720603
96720604
96720605
96720606
96720607
96720608
96720609
96720610
96720611
96720612
96720613
96720614
96720615
96720616
96720617
96720618
96720619
96720620
96720621
96720622
96720623
96720624
96720625
96720626
96720627
96720628
96720629
96720630
96720631
96720632
96720633
96720634
96720635
96720636
96720637
96720638
96720639
96720640
96720641
96720642
96720643
96720644
96720645
96720646
96720647
96720648
96720649
96720650
96720651
96720652
96720653
96720654
96720655
96720656
96720657
96720658
96720659
96720660
96720661
96720662
96720663
96720664
96720665
96720666
96720667
96720668
96720669
96720670
96720671
96720672
96720673
96720674
96720675
96720676
96720677
96720678
96720679
96720680
96720681
96720682
96720683
96720684
96720685
96720686
96720687
96720688
96720689
96720690
96720691
96720692
96720693
96720694
96720695
96720696
96720697
96720698
96720699
96720700
96720701
96720702
96720703
96720704
96720705
96720706
96720707
96720708
96720709
96720710
96720711
96720712
96720713
96720714
96720715
96720716
96720717
96720718
96720719
96720720
96720721
96720722
96720723
96720724
96720725
96720726
96720727
96720728
96720729
96720730
96720731
96720732
96720733
96720734
96720735
96720736
96720737
96720738
96720739
96720740
96720741
96720742
96720743
96720744
96720745
96720746
96720747
96720748
96720749
96720750
96720751
96720752
96720753
96720754
96720755
96720756
96720757
96720758
96720759
96720760
96720761
96720762
96720763
96720764
96720765
96720766
96720767
96720768
96720769
96720770
96720771
96720772
96720773
96720774
96720775
96720776
96720777
96720778
96720779
96720780
96720781
96720782
96720783
96720784
96720785
96720786
96720787
96720788
96720789
96720790
96720791
96720792
96720793
96720794
96720795
96720796
96720797
96720798
96720799
96720800
96720801
96720802
96720803
96720804
96720805
96720806
96720807
96720808
96720809
96720810
96720811
96720812
96720813
96720814
96720815
96720816
96720817
96720818
96720819
96720820
96720821
96720822
96720823
96720824
96720825
96720826
96720827
96720828
96720829
96720830
96720831
96720832
96720833
96720834
96720835
96720836
96720837
96720838
96720839
96720840
96720841
96720842
96720843
96720844
96720845
96720846
96720847
96720848
96720849
96720850
96720851
96720852
96720853
96720854
96720855
96720856
96720857
96720858
96720859
96720860
96720861
96720862
96720863
96720864
96720865
96720866
96720867
96720868
96720869
96720870
96720871
96720872
96720873
96720874
96720875
96720876
96720877
96720878
96720879
96720880
96720881
96720882
96720883
96720884
96720885
96720886
96720887
96720888
96720889
96720890
96720891
96720892
96720893
96720894
96720895
96720896
96720897
96720898
96720899
96720900
96720901
96720902
96720903
96720904
96720905
96720906
96720907
96720908
96720909
96720910
96720911
96720912
96720913
96720914
96720915
96720916
96720917
96720918
96720919
96720920
96720921
96720922
96720923
96720924
96720925
96720926
96720927
96720928
96720929
96720930
96720931
96720932
96720933
96720934
96720935
96720936
96720937
96720938
96720939
96720940
96720941
96720942
96720943
96720944
96720945
96720946
96720947
96720948
96720949
96720950
96720951
96720952
96720953
96720954
96720955
96720956
96720957
96720958
96720959
96720960
96720961
96720962
96720963
96720964
96720965
96720966
96720967
96720968
96720969
96720970
96720971
96720972
96720973
96720974
96720975
96720976
96720977
96720978
96720979
96720980
96720981
96720982
96720983
96720984
96720985
96720986
96720987
96720988
96720989
96720990
96720991
96720992
96720993
96720994
96720995
96720996
96720997
96720998
96720999
96721000
96721001
96721002
96721003
96721004
96721005
96721006
96721007
96721008
96721009
96721010
96721011
96721012
96721013
96721014
96721015
96721016
96721017
96721018
96721019
96721020
96721021
96721022
96721023
96721024
96721025
96721026
96721027
96721028
96721029
96721030
96721031
96721032
96721033
96721034
96721035
96721036
96721037
96721038
96721039
96721040
96721041
96721042
96721043
96721044
96721045
96721046
96721047
96721048
96721049
96721050
96721051
96721052
96721053
96721054
96721055
96721056
96721057
96721058
96721059
96721060
96721061
96721062
96721063
96721064
96721065
96721066
96721067
96721068
96721069
96721070
96721071
96721072
96721073
96721074
96721075
96721076
96721077
96721078
96721079
96721080
96721081
96721082
96721083
96721084
96721085
96721086
96721087
96721088
96721089
96721090
96721091
96721092
96721093
96721094
96721095
96721096
96721097
96721098
96721099
96721100
96721101
96721102
96721103
96721104
96721105
96721106
96721107
96721108
96721109
96721110
96721111
96721112
96721113
96721114
96721115
96721116
96721117
96721118
96721119
96721120
96721121
96721122
96721123
96721124
96721125
96721126
96721127
96721128
96721129
96721130
96721131
96721132
96721133
96721134
96721135
96721136
96721137
96721138
96721139
96721140
96721141
96721142
96721143
96721144
96721145
96721146
96721147
96721148
96721149
96721150
96721151
96721152
96721153
96721154
96721155
96721156
96721157
96721158
96721159
96721160
96721161
96721162
96721163
96721164
96721165
96721166
96721167
96721168
96721169
96721170
96721171
96721172
96721173
96721174
96721175
96721176
96721177
96721178
96721179
96721180
96721181
96721182
96721183
96721184
96721185
96721186
96721187
96721188
96721189
96721190
96721191
96721192
96721193
96721194
96721195
96721196
96721197
96721198
96721199
96721200
96721201
96721202
96721203
96721204
96721205
96721206
96721207
96721208
96721209
96721210
96721211
96721212
96721213
96721214
96721215
96721216
96721217
96721218
96721219
96721220
96721221
96721222
96721223
96721224
96721225
96721226
96721227
96721228
96721229
96721230
96721231
96721232
96721233
96721234
96721235
96721236
96721237
96721238
96721239
96721240
96721241
96721242
96721243
96721244
96721245
96721246
96721247
96721248
96721249
96721250
96721251
96721252
96721253
96721254
96721255
96721256
96721257
96721258
96721259
96721260
96721261
96721262
96721263
96721264
96721265
96721266
96721267
96721268
96721269
96721270
96721271
96721272
96721273
96721274
96721275
96721276
96721277
96721278
96721279
96721280
96721281
96721282
96721283
96721284
96721285
96721286
96721287
96721288
96721289
96721290
96721291
96721292
96721293
96721294
96721295
96721296
96721297
96721298
96721299
96721300
96721301
96721302
96721303
96721304
96721305
96721306
96721307
96721308
96721309
96721310
96721311
96721312
96721313
96721314
96721315
96721316
96721317
96721318
96721319
96721320
96721321
96721322
96721323
96721324
96721325
96721326
96721327
96721328
96721329
96721330
96721331
96721332
96721333
96721334
96721335
96721336
96721337
96721338
96721339
96721340
96721341
96721342
96721343
96721344
96721345
96721346
96721347
96721348
96721349
96721350
96721351
96721352
96721353
96721354
96721355
96721356
96721357
96721358
96721359
96721360
96721361
96721362
96721363
96721364
96721365
96721366
96721367
96721368
96721369
96721370
96721371
96721372
96721373
96721374
96721375
96721376
96721377
96721378
96721379
96721380
96721381
96721382
96721383
96721384
96721385
96721386
96721387
96721388
96721389
96721390
96721391
96721392
96721393
96721394
96721395
96721396
96721397
96721398
96721399
96721400
96721401
96721402
96721403
96721404
96721405
96721406
96721407
96721408
96721409
96721410
96721411
96721412
96721413
96721414
96721415
96721416
96721417
96721418
96721419
96721420
96721421
96721422
96721423
96721424
96721425
96721426
96721427
96721428
96721429
96721430
96721431
96721432
96721433
96721434
96721435
96721436
96721437
96721438
96721439
96721440
96721441
96721442
96721443
96721444
96721445
96721446
96721447
96721448
96721449
96721450
96721451
96721452
96721453
96721454
96721455
96721456
96721457
96721458
96721459
96721460
96721461
96721462
96721463
96721464
96721465
96721466
96721467
96721468
96721469
96721470
96721471
96721472
96721473
96721474
96721475
96721476
96721477
96721478
96721479
96721480
96721481
96721482
96721483
96721484
96721485
96721486
96721487
96721488
96721489
96721490
96721491
96721492
96721493
96721494
96721495
96721496
96721497
96721498
96721499
96721500
96721501
96721502
96721503
96721504
96721505
96721506
96721507
96721508
96721509
96721510
96721511
96721512
96721513
96721514
96721515
96721516
96721517
96721518
96721519
96721520
96721521
96721522
96721523
96721524
96721525
96721526
96721527
96721528
96721529
96721530
96721531
96721532
96721533
96721534
96721535
96721536
96721537
96721538
96721539
96721540
96721541
96721542
96721543
96721544
96721545
96721546
96721547
96721548
96721549
96721550
96721551
96721552
96721553
96721554
96721555
96721556
96721557
96721558
96721559
96721560
96721561
96721562
96721563
96721564
96721565
96721566
96721567
96721568
96721569
96721570
96721571
96721572
96721573
96721574
96721575
96721576
96721577
96721578
96721579
96721580
96721581
96721582
96721583
96721584
96721585
96721586
96721587
96721588
96721589
96721590
96721591
96721592
96721593
96721594
96721595
96721596
96721597
96721598
96721599
96721600
96721601
96721602
96721603
96721604
96721605
96721606
96721607
96721608
96721609
96721610
96721611
96721612
96721613
96721614
96721615
96721616
96721617
96721618
96721619
96721620
96721621
96721622
96721623
96721624
96721625
96721626
96721627
96721628
96721629
96721630
96721631
96721632
96721633
96721634
96721635
96721636
96721637
96721638
96721639
96721640
96721641
96721642
96721643
96721644
96721645
96721646
96721647
96721648
96721649
96721650
96721651
96721652
96721653
96721654
96721655
96721656
96721657
96721658
96721659
96721660
96721661
96721662
96721663
96721664
96721665
96721666
96721667
96721668
96721669
96721670
96721671
96721672
96721673
96721674
96721675
96721676
96721677
96721678
96721679
96721680
96721681
96721682
96721683
96721684
96721685
96721686
96721687
96721688
96721689
96721690
96721691
96721692
96721693
96721694
96721695
96721696
96721697
96721698
96721699
96721700
96721701
96721702
96721703
96721704
96721705
96721706
96721707
96721708
96721709
96721710
96721711
96721712
96721713
96721714
96721715
96721716
96721717
96721718
96721719
96721720
96721721
96721722
96721723
96721724
96721725
96721726
96721727
96721728
96721729
96721730
96721731
96721732
96721733
96721734
96721735
96721736
96721737
96721738
96721739
96721740
96721741
96721742
96721743
96721744
96721745
96721746
96721747
96721748
96721749
96721750
96721751
96721752
96721753
96721754
96721755
96721756
96721757
96721758
96721759
96721760
96721761
96721762
96721763
96721764
96721765
96721766
96721767
96721768
96721769
96721770
96721771
96721772
96721773
96721774
96721775
96721776
96721777
96721778
96721779
96721780
96721781
96721782
96721783
96721784
96721785
96721786
96721787
96721788
96721789
96721790
96721791
96721792
96721793
96721794
96721795
96721796
96721797
96721798
96721799
96721800
96721801
96721802
96721803
96721804
96721805
96721806
96721807
96721808
96721809
96721810
96721811
96721812
96721813
96721814
96721815
96721816
96721817
96721818
96721819
96721820
96721821
96721822
96721823
96721824
96721825
96721826
96721827
96721828
96721829
96721830
96721831
96721832
96721833
96721834
96721835
96721836
96721837
96721838
96721839
96721840
96721841
96721842
96721843
96721844
96721845
96721846
96721847
96721848
96721849
96721850
96721851
96721852
96721853
96721854
96721855
96721856
96721857
96721858
96721859
96721860
96721861
96721862
96721863
96721864
96721865
96721866
96721867
96721868
96721869
96721870
96721871
96721872
96721873
96721874
96721875
96721876
96721877
96721878
96721879
96721880
96721881
96721882
96721883
96721884
96721885
96721886
96721887
96721888
96721889
96721890
96721891
96721892
96721893
96721894
96721895
96721896
96721897
96721898
96721899
96721900
96721901
96721902
96721903
96721904
96721905
96721906
96721907
96721908
96721909
96721910
96721911
96721912
96721913
96721914
96721915
96721916
96721917
96721918
96721919
96721920
96721921
96721922
96721923
96721924
96721925
96721926
96721927
96721928
96721929
96721930
96721931
96721932
96721933
96721934
96721935
96721936
96721937
96721938
96721939
96721940
96721941
96721942
96721943
96721944
96721945
96721946
96721947
96721948
96721949
96721950
96721951
96721952
96721953
96721954
96721955
96721956
96721957
96721958
96721959
96721960
96721961
96721962
96721963
96721964
96721965
96721966
96721967
96721968
96721969
96721970
96721971
96721972
96721973
96721974
96721975
96721976
96721977
96721978
96721979
96721980
96721981
96721982
96721983
96721984
96721985
96721986
96721987
96721988
96721989
96721990
96721991
96721992
96721993
96721994
96721995
96721996
96721997
96721998
96721999
96722000
96722001
96722002
96722003
96722004
96722005
96722006
96722007
96722008
96722009
96722010
96722011
96722012
96722013
96722014
96722015
96722016
96722017
96722018
96722019
96722020
96722021
96722022
96722023
96722024
96722025
96722026
96722027
96722028
96722029
96722030
96722031
96722032
96722033
96722034
96722035
96722036
96722037
96722038
96722039
96722040
96722041
96722042
96722043
96722044
96722045
96722046
96722047
96722048
96722049
96722050
96722051
96722052
96722053
96722054
96722055
96722056
96722057
96722058
96722059
96722060
96722061
96722062
96722063
96722064
96722065
96722066
96722067
96722068
96722069
96722070
96722071
96722072
96722073
96722074
96722075
96722076
96722077
96722078
96722079
96722080
96722081
96722082
96722083
96722084
96722085
96722086
96722087
96722088
96722089
96722090
96722091
96722092
96722093
96722094
96722095
96722096
96722097
96722098
96722099
96722100
96722101
96722102
96722103
96722104
96722105
96722106
96722107
96722108
96722109
96722110
96722111
96722112
96722113
96722114
96722115
96722116
96722117
96722118
96722119
96722120
96722121
96722122
96722123
96722124
96722125
96722126
96722127
96722128
96722129
96722130
96722131
96722132
96722133
96722134
96722135
96722136
96722137
96722138
96722139
96722140
96722141
96722142
96722143
96722144
96722145
96722146
96722147
96722148
96722149
96722150
96722151
96722152
96722153
96722154
96722155
96722156
96722157
96722158
96722159
96722160
96722161
96722162
96722163
96722164
96722165
96722166
96722167
96722168
96722169
96722170
96722171
96722172
96722173
96722174
96722175
96722176
96722177
96722178
96722179
96722180
96722181
96722182
96722183
96722184
96722185
96722186
96722187
96722188
96722189
96722190
96722191
96722192
96722193
96722194
96722195
96722196
96722197
96722198
96722199
96722200
96722201
96722202
96722203
96722204
96722205
96722206
96722207
96722208
96722209
96722210
96722211
96722212
96722213
96722214
96722215
96722216
96722217
96722218
96722219
96722220
96722221
96722222
96722223
96722224
96722225
96722226
96722227
96722228
96722229
96722230
96722231
96722232
96722233
96722234
96722235
96722236
96722237
96722238
96722239
96722240
96722241
96722242
96722243
96722244
96722245
96722246
96722247
96722248
96722249
96722250
96722251
96722252
96722253
96722254
96722255
96722256
96722257
96722258
96722259
96722260
96722261
96722262
96722263
96722264
96722265
96722266
96722267
96722268
96722269
96722270
96722271
96722272
96722273
96722274
96722275
96722276
96722277
96722278
96722279
96722280
96722281
96722282
96722283
96722284
96722285
96722286
96722287
96722288
96722289
96722290
96722291
96722292
96722293
96722294
96722295
96722296
96722297
96722298
96722299
96722300
96722301
96722302
96722303
96722304
96722305
96722306
96722307
96722308
96722309
96722310
96722311
96722312
96722313
96722314
96722315
96722316
96722317
96722318
96722319
96722320
96722321
96722322
96722323
96722324
96722325
96722326
96722327
96722328
96722329
96722330
96722331
96722332
96722333
96722334
96722335
96722336
96722337
96722338
96722339
96722340
96722341
96722342
96722343
96722344
96722345
96722346
96722347
96722348
96722349
96722350
96722351
96722352
96722353
96722354
96722355
96722356
96722357
96722358
96722359
96722360
96722361
96722362
96722363
96722364
96722365
96722366
96722367
96722368
96722369
96722370
96722371
96722372
96722373
96722374
96722375
96722376
96722377
96722378
96722379
96722380
96722381
96722382
96722383
96722384
96722385
96722386
96722387
96722388
96722389
96722390
96722391
96722392
96722393
96722394
96722395
96722396
96722397
96722398
96722399
96722400
96722401
96722402
96722403
96722404
96722405
96722406
96722407
96722408
96722409
96722410
96722411
96722412
96722413
96722414
96722415
96722416
96722417
96722418
96722419
96722420
96722421
96722422
96722423
96722424
96722425
96722426
96722427
96722428
96722429
96722430
96722431
96722432
96722433
96722434
96722435
96722436
96722437
96722438
96722439
96722440
96722441
96722442
96722443
96722444
96722445
96722446
96722447
96722448
96722449
96722450
96722451
96722452
96722453
96722454
96722455
96722456
96722457
96722458
96722459
96722460
96722461
96722462
96722463
96722464
96722465
96722466
96722467
96722468
96722469
96722470
96722471
96722472
96722473
96722474
96722475
96722476
96722477
96722478
96722479
96722480
96722481
96722482
96722483
96722484
96722485
96722486
96722487
96722488
96722489
96722490
96722491
96722492
96722493
96722494
96722495
96722496
96722497
96722498
96722499
96722500
96722501
96722502
96722503
96722504
96722505
96722506
96722507
96722508
96722509
96722510
96722511
96722512
96722513
96722514
96722515
96722516
96722517
96722518
96722519
96722520
96722521
96722522
96722523
96722524
96722525
96722526
96722527
96722528
96722529
96722530
96722531
96722532
96722533
96722534
96722535
96722536
96722537
96722538
96722539
96722540
96722541
96722542
96722543
96722544
96722545
96722546
96722547
96722548
96722549
96722550
96722551
96722552
96722553
96722554
96722555
96722556
96722557
96722558
96722559
96722560
96722561
96722562
96722563
96722564
96722565
96722566
96722567
96722568
96722569
96722570
96722571
96722572
96722573
96722574
96722575
96722576
96722577
96722578
96722579
96722580
96722581
96722582
96722583
96722584
96722585
96722586
96722587
96722588
96722589
96722590
96722591
96722592
96722593
96722594
96722595
96722596
96722597
96722598
96722599
96722600
96722601
96722602
96722603
96722604
96722605
96722606
96722607
96722608
96722609
96722610
96722611
96722612
96722613
96722614
96722615
96722616
96722617
96722618
96722619
96722620
96722621
96722622
96722623
96722624
96722625
96722626
96722627
96722628
96722629
96722630
96722631
96722632
96722633
96722634
96722635
96722636
96722637
96722638
96722639
96722640
96722641
96722642
96722643
96722644
96722645
96722646
96722647
96722648
96722649
96722650
96722651
96722652
96722653
96722654
96722655
96722656
96722657
96722658
96722659
96722660
96722661
96722662
96722663
96722664
96722665
96722666
96722667
96722668
96722669
96722670
96722671
96722672
96722673
96722674
96722675
96722676
96722677
96722678
96722679
96722680
96722681
96722682
96722683
96722684
96722685
96722686
96722687
96722688
96722689
96722690
96722691
96722692
96722693
96722694
96722695
96722696
96722697
96722698
96722699
96722700
96722701
96722702
96722703
96722704
96722705
96722706
96722707
96722708
96722709
96722710
96722711
96722712
96722713
96722714
96722715
96722716
96722717
96722718
96722719
96722720
96722721
96722722
96722723
96722724
96722725
96722726
96722727
96722728
96722729
96722730
96722731
96722732
96722733
96722734
96722735
96722736
96722737
96722738
96722739
96722740
96722741
96722742
96722743
96722744
96722745
96722746
96722747
96722748
96722749
96722750
96722751
96722752
96722753
96722754
96722755
96722756
96722757
96722758
96722759
96722760
96722761
96722762
96722763
96722764
96722765
96722766
96722767
96722768
96722769
96722770
96722771
96722772
96722773
96722774
96722775
96722776
96722777
96722778
96722779
96722780
96722781
96722782
96722783
96722784
96722785
96722786
96722787
96722788
96722789
96722790
96722791
96722792
96722793
96722794
96722795
96722796
96722797
96722798
96722799
96722800
96722801
96722802
96722803
96722804
96722805
96722806
96722807
96722808
96722809
96722810
96722811
96722812
96722813
96722814
96722815
96722816
96722817
96722818
96722819
96722820
96722821
96722822
96722823
96722824
96722825
96722826
96722827
96722828
96722829
96722830
96722831
96722832
96722833
96722834
96722835
96722836
96722837
96722838
96722839
96722840
96722841
96722842
96722843
96722844
96722845
96722846
96722847
96722848
96722849
96722850
96722851
96722852
96722853
96722854
96722855
96722856
96722857
96722858
96722859
96722860
96722861
96722862
96722863
96722864
96722865
96722866
96722867
96722868
96722869
96722870
96722871
96722872
96722873
96722874
96722875
96722876
96722877
96722878
96722879
96722880
96722881
96722882
96722883
96722884
96722885
96722886
96722887
96722888
96722889
96722890
96722891
96722892
96722893
96722894
96722895
96722896
96722897
96722898
96722899
96722900
96722901
96722902
96722903
96722904
96722905
96722906
96722907
96722908
96722909
96722910
96722911
96722912
96722913
96722914
96722915
96722916
96722917
96722918
96722919
96722920
96722921
96722922
96722923
96722924
96722925
96722926
96722927
96722928
96722929
96722930
96722931
96722932
96722933
96722934
96722935
96722936
96722937
96722938
96722939
96722940
96722941
96722942
96722943
96722944
96722945
96722946
96722947
96722948
96722949
96722950
96722951
96722952
96722953
96722954
96722955
96722956
96722957
96722958
96722959
96722960
96722961
96722962
96722963
96722964
96722965
96722966
96722967
96722968
96722969
96722970
96722971
96722972
96722973
96722974
96722975
96722976
96722977
96722978
96722979
96722980
96722981
96722982
96722983
96722984
96722985
96722986
96722987
96722988
96722989
96722990
96722991
96722992
96722993
96722994
96722995
96722996
96722997
96722998
96722999
96723000
96723001
96723002
96723003
96723004
96723005
96723006
96723007
96723008
96723009
96723010
96723011
96723012
96723013
96723014
96723015
96723016
96723017
96723018
96723019
96723020
96723021
96723022
96723023
96723024
96723025
96723026
96723027
96723028
96723029
96723030
96723031
96723032
96723033
96723034
96723035
96723036
96723037
96723038
96723039
96723040
96723041
96723042
96723043
96723044
96723045
96723046
96723047
96723048
96723049
96723050
96723051
96723052
96723053
96723054
96723055
96723056
96723057
96723058
96723059
96723060
96723061
96723062
96723063
96723064
96723065
96723066
96723067
96723068
96723069
96723070
96723071
96723072
96723073
96723074
96723075
96723076
96723077
96723078
96723079
96723080
96723081
96723082
96723083
96723084
96723085
96723086
96723087
96723088
96723089
96723090
96723091
96723092
96723093
96723094
96723095
96723096
96723097
96723098
96723099
96723100
96723101
96723102
96723103
96723104
96723105
96723106
96723107
96723108
96723109
96723110
96723111
96723112
96723113
96723114
96723115
96723116
96723117
96723118
96723119
96723120
96723121
96723122
96723123
96723124
96723125
96723126
96723127
96723128
96723129
96723130
96723131
96723132
96723133
96723134
96723135
96723136
96723137
96723138
96723139
96723140
96723141
96723142
96723143
96723144
96723145
96723146
96723147
96723148
96723149
96723150
96723151
96723152
96723153
96723154
96723155
96723156
96723157
96723158
96723159
96723160
96723161
96723162
96723163
96723164
96723165
96723166
96723167
96723168
96723169
96723170
96723171
96723172
96723173
96723174
96723175
96723176
96723177
96723178
96723179
96723180
96723181
96723182
96723183
96723184
96723185
96723186
96723187
96723188
96723189
96723190
96723191
96723192
96723193
96723194
96723195
96723196
96723197
96723198
96723199
96723200
96723201
96723202
96723203
96723204
96723205
96723206
96723207
96723208
96723209
96723210
96723211
96723212
96723213
96723214
96723215
96723216
96723217
96723218
96723219
96723220
96723221
96723222
96723223
96723224
96723225
96723226
96723227
96723228
96723229
96723230
96723231
96723232
96723233
96723234
96723235
96723236
96723237
96723238
96723239
96723240
96723241
96723242
96723243
96723244
96723245
96723246
96723247
96723248
96723249
96723250
96723251
96723252
96723253
96723254
96723255
96723256
96723257
96723258
96723259
96723260
96723261
96723262
96723263
96723264
96723265
96723266
96723267
96723268
96723269
96723270
96723271
96723272
96723273
96723274
96723275
96723276
96723277
96723278
96723279
96723280
96723281
96723282
96723283
96723284
96723285
96723286
96723287
96723288
96723289
96723290
96723291
96723292
96723293
96723294
96723295
96723296
96723297
96723298
96723299
96723300
96723301
96723302
96723303
96723304
96723305
96723306
96723307
96723308
96723309
96723310
96723311
96723312
96723313
96723314
96723315
96723316
96723317
96723318
96723319
96723320
96723321
96723322
96723323
96723324
96723325
96723326
96723327
96723328
96723329
96723330
96723331
96723332
96723333
96723334
96723335
96723336
96723337
96723338
96723339
96723340
96723341
96723342
96723343
96723344
96723345
96723346
96723347
96723348
96723349
96723350
96723351
96723352
96723353
96723354
96723355
96723356
96723357
96723358
96723359
96723360
96723361
96723362
96723363
96723364
96723365
96723366
96723367
96723368
96723369
96723370
96723371
96723372
96723373
96723374
96723375
96723376
96723377
96723378
96723379
96723380
96723381
96723382
96723383
96723384
96723385
96723386
96723387
96723388
96723389
96723390
96723391
96723392
96723393
96723394
96723395
96723396
96723397
96723398
96723399
96723400
96723401
96723402
96723403
96723404
96723405
96723406
96723407
96723408
96723409
96723410
96723411
96723412
96723413
96723414
96723415
96723416
96723417
96723418
96723419
96723420
96723421
96723422
96723423
96723424
96723425
96723426
96723427
96723428
96723429
96723430
96723431
96723432
96723433
96723434
96723435
96723436
96723437
96723438
96723439
96723440
96723441
96723442
96723443
96723444
96723445
96723446
96723447
96723448
96723449
96723450
96723451
96723452
96723453
96723454
96723455
96723456
96723457
96723458
96723459
96723460
96723461
96723462
96723463
96723464
96723465
96723466
96723467
96723468
96723469
96723470
96723471
96723472
96723473
96723474
96723475
96723476
96723477
96723478
96723479
96723480
96723481
96723482
96723483
96723484
96723485
96723486
96723487
96723488
96723489
96723490
96723491
96723492
96723493
96723494
96723495
96723496
96723497
96723498
96723499
96723500
96723501
96723502
96723503
96723504
96723505
96723506
96723507
96723508
96723509
96723510
96723511
96723512
96723513
96723514
96723515
96723516
96723517
96723518
96723519
96723520
96723521
96723522
96723523
96723524
96723525
96723526
96723527
96723528
96723529
96723530
96723531
96723532
96723533
96723534
96723535
96723536
96723537
96723538
96723539
96723540
96723541
96723542
96723543
96723544
96723545
96723546
96723547
96723548
96723549
96723550
96723551
96723552
96723553
96723554
96723555
96723556
96723557
96723558
96723559
96723560
96723561
96723562
96723563
96723564
96723565
96723566
96723567
96723568
96723569
96723570
96723571
96723572
96723573
96723574
96723575
96723576
96723577
96723578
96723579
96723580
96723581
96723582
96723583
96723584
96723585
96723586
96723587
96723588
96723589
96723590
96723591
96723592
96723593
96723594
96723595
96723596
96723597
96723598
96723599
96723600
96723601
96723602
96723603
96723604
96723605
96723606
96723607
96723608
96723609
96723610
96723611
96723612
96723613
96723614
96723615
96723616
96723617
96723618
96723619
96723620
96723621
96723622
96723623
96723624
96723625
96723626
96723627
96723628
96723629
96723630
96723631
96723632
96723633
96723634
96723635
96723636
96723637
96723638
96723639
96723640
96723641
96723642
96723643
96723644
96723645
96723646
96723647
96723648
96723649
96723650
96723651
96723652
96723653
96723654
96723655
96723656
96723657
96723658
96723659
96723660
96723661
96723662
96723663
96723664
96723665
96723666
96723667
96723668
96723669
96723670
96723671
96723672
96723673
96723674
96723675
96723676
96723677
96723678
96723679
96723680
96723681
96723682
96723683
96723684
96723685
96723686
96723687
96723688
96723689
96723690
96723691
96723692
96723693
96723694
96723695
96723696
96723697
96723698
96723699
96723700
96723701
96723702
96723703
96723704
96723705
96723706
96723707
96723708
96723709
96723710
96723711
96723712
96723713
96723714
96723715
96723716
96723717
96723718
96723719
96723720
96723721
96723722
96723723
96723724
96723725
96723726
96723727
96723728
96723729
96723730
96723731
96723732
96723733
96723734
96723735
96723736
96723737
96723738
96723739
96723740
96723741
96723742
96723743
96723744
96723745
96723746
96723747
96723748
96723749
96723750
96723751
96723752
96723753
96723754
96723755
96723756
96723757
96723758
96723759
96723760
96723761
96723762
96723763
96723764
96723765
96723766
96723767
96723768
96723769
96723770
96723771
96723772
96723773
96723774
96723775
96723776
96723777
96723778
96723779
96723780
96723781
96723782
96723783
96723784
96723785
96723786
96723787
96723788
96723789
96723790
96723791
96723792
96723793
96723794
96723795
96723796
96723797
96723798
96723799
96723800
96723801
96723802
96723803
96723804
96723805
96723806
96723807
96723808
96723809
96723810
96723811
96723812
96723813
96723814
96723815
96723816
96723817
96723818
96723819
96723820
96723821
96723822
96723823
96723824
96723825
96723826
96723827
96723828
96723829
96723830
96723831
96723832
96723833
96723834
96723835
96723836
96723837
96723838
96723839
96723840
96723841
96723842
96723843
96723844
96723845
96723846
96723847
96723848
96723849
96723850
96723851
96723852
96723853
96723854
96723855
96723856
96723857
96723858
96723859
96723860
96723861
96723862
96723863
96723864
96723865
96723866
96723867
96723868
96723869
96723870
96723871
96723872
96723873
96723874
96723875
96723876
96723877
96723878
96723879
96723880
96723881
96723882
96723883
96723884
96723885
96723886
96723887
96723888
96723889
96723890
96723891
96723892
96723893
96723894
96723895
96723896
96723897
96723898
96723899
96723900
96723901
96723902
96723903
96723904
96723905
96723906
96723907
96723908
96723909
96723910
96723911
96723912
96723913
96723914
96723915
96723916
96723917
96723918
96723919
96723920
96723921
96723922
96723923
96723924
96723925
96723926
96723927
96723928
96723929
96723930
96723931
96723932
96723933
96723934
96723935
96723936
96723937
96723938
96723939
96723940
96723941
96723942
96723943
96723944
96723945
96723946
96723947
96723948
96723949
96723950
96723951
96723952
96723953
96723954
96723955
96723956
96723957
96723958
96723959
96723960
96723961
96723962
96723963
96723964
96723965
96723966
96723967
96723968
96723969
96723970
96723971
96723972
96723973
96723974
96723975
96723976
96723977
96723978
96723979
96723980
96723981
96723982
96723983
96723984
96723985
96723986
96723987
96723988
96723989
96723990
96723991
96723992
96723993
96723994
96723995
96723996
96723997
96723998
96723999
96724000
96724001
96724002
96724003
96724004
96724005
96724006
96724007
96724008
96724009
96724010
96724011
96724012
96724013
96724014
96724015
96724016
96724017
96724018
96724019
96724020
96724021
96724022
96724023
96724024
96724025
96724026
96724027
96724028
96724029
96724030
96724031
96724032
96724033
96724034
96724035
96724036
96724037
96724038
96724039
96724040
96724041
96724042
96724043
96724044
96724045
96724046
96724047
96724048
96724049
96724050
96724051
96724052
96724053
96724054
96724055
96724056
96724057
96724058
96724059
96724060
96724061
96724062
96724063
96724064
96724065
96724066
96724067
96724068
96724069
96724070
96724071
96724072
96724073
96724074
96724075
96724076
96724077
96724078
96724079
96724080
96724081
96724082
96724083
96724084
96724085
96724086
96724087
96724088
96724089
96724090
96724091
96724092
96724093
96724094
96724095
96724096
96724097
96724098
96724099
96724100
96724101
96724102
96724103
96724104
96724105
96724106
96724107
96724108
96724109
96724110
96724111
96724112
96724113
96724114
96724115
96724116
96724117
96724118
96724119
96724120
96724121
96724122
96724123
96724124
96724125
96724126
96724127
96724128
96724129
96724130
96724131
96724132
96724133
96724134
96724135
96724136
96724137
96724138
96724139
96724140
96724141
96724142
96724143
96724144
96724145
96724146
96724147
96724148
96724149
96724150
96724151
96724152
96724153
96724154
96724155
96724156
96724157
96724158
96724159
96724160
96724161
96724162
96724163
96724164
96724165
96724166
96724167
96724168
96724169
96724170
96724171
96724172
96724173
96724174
96724175
96724176
96724177
96724178
96724179
96724180
96724181
96724182
96724183
96724184
96724185
96724186
96724187
96724188
96724189
96724190
96724191
96724192
96724193
96724194
96724195
96724196
96724197
96724198
96724199
96724200
96724201
96724202
96724203
96724204
96724205
96724206
96724207
96724208
96724209
96724210
96724211
96724212
96724213
96724214
96724215
96724216
96724217
96724218
96724219
96724220
96724221
96724222
96724223
96724224
96724225
96724226
96724227
96724228
96724229
96724230
96724231
96724232
96724233
96724234
96724235
96724236
96724237
96724238
96724239
96724240
96724241
96724242
96724243
96724244
96724245
96724246
96724247
96724248
96724249
96724250
96724251
96724252
96724253
96724254
96724255
96724256
96724257
96724258
96724259
96724260
96724261
96724262
96724263
96724264
96724265
96724266
96724267
96724268
96724269
96724270
96724271
96724272
96724273
96724274
96724275
96724276
96724277
96724278
96724279
96724280
96724281
96724282
96724283
96724284
96724285
96724286
96724287
96724288
96724289
96724290
96724291
96724292
96724293
96724294
96724295
96724296
96724297
96724298
96724299
96724300
96724301
96724302
96724303
96724304
96724305
96724306
96724307
96724308
96724309
96724310
96724311
96724312
96724313
96724314
96724315
96724316
96724317
96724318
96724319
96724320
96724321
96724322
96724323
96724324
96724325
96724326
96724327
96724328
96724329
96724330
96724331
96724332
96724333
96724334
96724335
96724336
96724337
96724338
96724339
96724340
96724341
96724342
96724343
96724344
96724345
96724346
96724347
96724348
96724349
96724350
96724351
96724352
96724353
96724354
96724355
96724356
96724357
96724358
96724359
96724360
96724361
96724362
96724363
96724364
96724365
96724366
96724367
96724368
96724369
96724370
96724371
96724372
96724373
96724374
96724375
96724376
96724377
96724378
96724379
96724380
96724381
96724382
96724383
96724384
96724385
96724386
96724387
96724388
96724389
96724390
96724391
96724392
96724393
96724394
96724395
96724396
96724397
96724398
96724399
96724400
96724401
96724402
96724403
96724404
96724405
96724406
96724407
96724408
96724409
96724410
96724411
96724412
96724413
96724414
96724415
96724416
96724417
96724418
96724419
96724420
96724421
96724422
96724423
96724424
96724425
96724426
96724427
96724428
96724429
96724430
96724431
96724432
96724433
96724434
96724435
96724436
96724437
96724438
96724439
96724440
96724441
96724442
96724443
96724444
96724445
96724446
96724447
96724448
96724449
96724450
96724451
96724452
96724453
96724454
96724455
96724456
96724457
96724458
96724459
96724460
96724461
96724462
96724463
96724464
96724465
96724466
96724467
96724468
96724469
96724470
96724471
96724472
96724473
96724474
96724475
96724476
96724477
96724478
96724479
96724480
96724481
96724482
96724483
96724484
96724485
96724486
96724487
96724488
96724489
96724490
96724491
96724492
96724493
96724494
96724495
96724496
96724497
96724498
96724499
96724500
96724501
96724502
96724503
96724504
96724505
96724506
96724507
96724508
96724509
96724510
96724511
96724512
96724513
96724514
96724515
96724516
96724517
96724518
96724519
96724520
96724521
96724522
96724523
96724524
96724525
96724526
96724527
96724528
96724529
96724530
96724531
96724532
96724533
96724534
96724535
96724536
96724537
96724538
96724539
96724540
96724541
96724542
96724543
96724544
96724545
96724546
96724547
96724548
96724549
96724550
96724551
96724552
96724553
96724554
96724555
96724556
96724557
96724558
96724559
96724560
96724561
96724562
96724563
96724564
96724565
96724566
96724567
96724568
96724569
96724570
96724571
96724572
96724573
96724574
96724575
96724576
96724577
96724578
96724579
96724580
96724581
96724582
96724583
96724584
96724585
96724586
96724587
96724588
96724589
96724590
96724591
96724592
96724593
96724594
96724595
96724596
96724597
96724598
96724599
96724600
96724601
96724602
96724603
96724604
96724605
96724606
96724607
96724608
96724609
96724610
96724611
96724612
96724613
96724614
96724615
96724616
96724617
96724618
96724619
96724620
96724621
96724622
96724623
96724624
96724625
96724626
96724627
96724628
96724629
96724630
96724631
96724632
96724633
96724634
96724635
96724636
96724637
96724638
96724639
96724640
96724641
96724642
96724643
96724644
96724645
96724646
96724647
96724648
96724649
96724650
96724651
96724652
96724653
96724654
96724655
96724656
96724657
96724658
96724659
96724660
96724661
96724662
96724663
96724664
96724665
96724666
96724667
96724668
96724669
96724670
96724671
96724672
96724673
96724674
96724675
96724676
96724677
96724678
96724679
96724680
96724681
96724682
96724683
96724684
96724685
96724686
96724687
96724688
96724689
96724690
96724691
96724692
96724693
96724694
96724695
96724696
96724697
96724698
96724699
96724700
96724701
96724702
96724703
96724704
96724705
96724706
96724707
96724708
96724709
96724710
96724711
96724712
96724713
96724714
96724715
96724716
96724717
96724718
96724719
96724720
96724721
96724722
96724723
96724724
96724725
96724726
96724727
96724728
96724729
96724730
96724731
96724732
96724733
96724734
96724735
96724736
96724737
96724738
96724739
96724740
96724741
96724742
96724743
96724744
96724745
96724746
96724747
96724748
96724749
96724750
96724751
96724752
96724753
96724754
96724755
96724756
96724757
96724758
96724759
96724760
96724761
96724762
96724763
96724764
96724765
96724766
96724767
96724768
96724769
96724770
96724771
96724772
96724773
96724774
96724775
96724776
96724777
96724778
96724779
96724780
96724781
96724782
96724783
96724784
96724785
96724786
96724787
96724788
96724789
96724790
96724791
96724792
96724793
96724794
96724795
96724796
96724797
96724798
96724799
96724800
96724801
96724802
96724803
96724804
96724805
96724806
96724807
96724808
96724809
96724810
96724811
96724812
96724813
96724814
96724815
96724816
96724817
96724818
96724819
96724820
96724821
96724822
96724823
96724824
96724825
96724826
96724827
96724828
96724829
96724830
96724831
96724832
96724833
96724834
96724835
96724836
96724837
96724838
96724839
96724840
96724841
96724842
96724843
96724844
96724845
96724846
96724847
96724848
96724849
96724850
96724851
96724852
96724853
96724854
96724855
96724856
96724857
96724858
96724859
96724860
96724861
96724862
96724863
96724864
96724865
96724866
96724867
96724868
96724869
96724870
96724871
96724872
96724873
96724874
96724875
96724876
96724877
96724878
96724879
96724880
96724881
96724882
96724883
96724884
96724885
96724886
96724887
96724888
96724889
96724890
96724891
96724892
96724893
96724894
96724895
96724896
96724897
96724898
96724899
96724900
96724901
96724902
96724903
96724904
96724905
96724906
96724907
96724908
96724909
96724910
96724911
96724912
96724913
96724914
96724915
96724916
96724917
96724918
96724919
96724920
96724921
96724922
96724923
96724924
96724925
96724926
96724927
96724928
96724929
96724930
96724931
96724932
96724933
96724934
96724935
96724936
96724937
96724938
96724939
96724940
96724941
96724942
96724943
96724944
96724945
96724946
96724947
96724948
96724949
96724950
96724951
96724952
96724953
96724954
96724955
96724956
96724957
96724958
96724959
96724960
96724961
96724962
96724963
96724964
96724965
96724966
96724967
96724968
96724969
96724970
96724971
96724972
96724973
96724974
96724975
96724976
96724977
96724978
96724979
96724980
96724981
96724982
96724983
96724984
96724985
96724986
96724987
96724988
96724989
96724990
96724991
96724992
96724993
96724994
96724995
96724996
96724997
96724998
96724999
96725000
96725001
96725002
96725003
96725004
96725005
96725006
96725007
96725008
96725009
96725010
96725011
96725012
96725013
96725014
96725015
96725016
96725017
96725018
96725019
96725020
96725021
96725022
96725023
96725024
96725025
96725026
96725027
96725028
96725029
96725030
96725031
96725032
96725033
96725034
96725035
96725036
96725037
96725038
96725039
96725040
96725041
96725042
96725043
96725044
96725045
96725046
96725047
96725048
96725049
96725050
96725051
96725052
96725053
96725054
96725055
96725056
96725057
96725058
96725059
96725060
96725061
96725062
96725063
96725064
96725065
96725066
96725067
96725068
96725069
96725070
96725071
96725072
96725073
96725074
96725075
96725076
96725077
96725078
96725079
96725080
96725081
96725082
96725083
96725084
96725085
96725086
96725087
96725088
96725089
96725090
96725091
96725092
96725093
96725094
96725095
96725096
96725097
96725098
96725099
96725100
96725101
96725102
96725103
96725104
96725105
96725106
96725107
96725108
96725109
96725110
96725111
96725112
96725113
96725114
96725115
96725116
96725117
96725118
96725119
96725120
96725121
96725122
96725123
96725124
96725125
96725126
96725127
96725128
96725129
96725130
96725131
96725132
96725133
96725134
96725135
96725136
96725137
96725138
96725139
96725140
96725141
96725142
96725143
96725144
96725145
96725146
96725147
96725148
96725149
96725150
96725151
96725152
96725153
96725154
96725155
96725156
96725157
96725158
96725159
96725160
96725161
96725162
96725163
96725164
96725165
96725166
96725167
96725168
96725169
96725170
96725171
96725172
96725173
96725174
96725175
96725176
96725177
96725178
96725179
96725180
96725181
96725182
96725183
96725184
96725185
96725186
96725187
96725188
96725189
96725190
96725191
96725192
96725193
96725194
96725195
96725196
96725197
96725198
96725199
96725200
96725201
96725202
96725203
96725204
96725205
96725206
96725207
96725208
96725209
96725210
96725211
96725212
96725213
96725214
96725215
96725216
96725217
96725218
96725219
96725220
96725221
96725222
96725223
96725224
96725225
96725226
96725227
96725228
96725229
96725230
96725231
96725232
96725233
96725234
96725235
96725236
96725237
96725238
96725239
96725240
96725241
96725242
96725243
96725244
96725245
96725246
96725247
96725248
96725249
96725250
96725251
96725252
96725253
96725254
96725255
96725256
96725257
96725258
96725259
96725260
96725261
96725262
96725263
96725264
96725265
96725266
96725267
96725268
96725269
96725270
96725271
96725272
96725273
96725274
96725275
96725276
96725277
96725278
96725279
96725280
96725281
96725282
96725283
96725284
96725285
96725286
96725287
96725288
96725289
96725290
96725291
96725292
96725293
96725294
96725295
96725296
96725297
96725298
96725299
96725300
96725301
96725302
96725303
96725304
96725305
96725306
96725307
96725308
96725309
96725310
96725311
96725312
96725313
96725314
96725315
96725316
96725317
96725318
96725319
96725320
96725321
96725322
96725323
96725324
96725325
96725326
96725327
96725328
96725329
96725330
96725331
96725332
96725333
96725334
96725335
96725336
96725337
96725338
96725339
96725340
96725341
96725342
96725343
96725344
96725345
96725346
96725347
96725348
96725349
96725350
96725351
96725352
96725353
96725354
96725355
96725356
96725357
96725358
96725359
96725360
96725361
96725362
96725363
96725364
96725365
96725366
96725367
96725368
96725369
96725370
96725371
96725372
96725373
96725374
96725375
96725376
96725377
96725378
96725379
96725380
96725381
96725382
96725383
96725384
96725385
96725386
96725387
96725388
96725389
96725390
96725391
96725392
96725393
96725394
96725395
96725396
96725397
96725398
96725399
96725400
96725401
96725402
96725403
96725404
96725405
96725406
96725407
96725408
96725409
96725410
96725411
96725412
96725413
96725414
96725415
96725416
96725417
96725418
96725419
96725420
96725421
96725422
96725423
96725424
96725425
96725426
96725427
96725428
96725429
96725430
96725431
96725432
96725433
96725434
96725435
96725436
96725437
96725438
96725439
96725440
96725441
96725442
96725443
96725444
96725445
96725446
96725447
96725448
96725449
96725450
96725451
96725452
96725453
96725454
96725455
96725456
96725457
96725458
96725459
96725460
96725461
96725462
96725463
96725464
96725465
96725466
96725467
96725468
96725469
96725470
96725471
96725472
96725473
96725474
96725475
96725476
96725477
96725478
96725479
96725480
96725481
96725482
96725483
96725484
96725485
96725486
96725487
96725488
96725489
96725490
96725491
96725492
96725493
96725494
96725495
96725496
96725497
96725498
96725499
96725500
96725501
96725502
96725503
96725504
96725505
96725506
96725507
96725508
96725509
96725510
96725511
96725512
96725513
96725514
96725515
96725516
96725517
96725518
96725519
96725520
96725521
96725522
96725523
96725524
96725525
96725526
96725527
96725528
96725529
96725530
96725531
96725532
96725533
96725534
96725535
96725536
96725537
96725538
96725539
96725540
96725541
96725542
96725543
96725544
96725545
96725546
96725547
96725548
96725549
96725550
96725551
96725552
96725553
96725554
96725555
96725556
96725557
96725558
96725559
96725560
96725561
96725562
96725563
96725564
96725565
96725566
96725567
96725568
96725569
96725570
96725571
96725572
96725573
96725574
96725575
96725576
96725577
96725578
96725579
96725580
96725581
96725582
96725583
96725584
96725585
96725586
96725587
96725588
96725589
96725590
96725591
96725592
96725593
96725594
96725595
96725596
96725597
96725598
96725599
96725600
96725601
96725602
96725603
96725604
96725605
96725606
96725607
96725608
96725609
96725610
96725611
96725612
96725613
96725614
96725615
96725616
96725617
96725618
96725619
96725620
96725621
96725622
96725623
96725624
96725625
96725626
96725627
96725628
96725629
96725630
96725631
96725632
96725633
96725634
96725635
96725636
96725637
96725638
96725639
96725640
96725641
96725642
96725643
96725644
96725645
96725646
96725647
96725648
96725649
96725650
96725651
96725652
96725653
96725654
96725655
96725656
96725657
96725658
96725659
96725660
96725661
96725662
96725663
96725664
96725665
96725666
96725667
96725668
96725669
96725670
96725671
96725672
96725673
96725674
96725675
96725676
96725677
96725678
96725679
96725680
96725681
96725682
96725683
96725684
96725685
96725686
96725687
96725688
96725689
96725690
96725691
96725692
96725693
96725694
96725695
96725696
96725697
96725698
96725699
96725700
96725701
96725702
96725703
96725704
96725705
96725706
96725707
96725708
96725709
96725710
96725711
96725712
96725713
96725714
96725715
96725716
96725717
96725718
96725719
96725720
96725721
96725722
96725723
96725724
96725725
96725726
96725727
96725728
96725729
96725730
96725731
96725732
96725733
96725734
96725735
96725736
96725737
96725738
96725739
96725740
96725741
96725742
96725743
96725744
96725745
96725746
96725747
96725748
96725749
96725750
96725751
96725752
96725753
96725754
96725755
96725756
96725757
96725758
96725759
96725760
96725761
96725762
96725763
96725764
96725765
96725766
96725767
96725768
96725769
96725770
96725771
96725772
96725773
96725774
96725775
96725776
96725777
96725778
96725779
96725780
96725781
96725782
96725783
96725784
96725785
96725786
96725787
96725788
96725789
96725790
96725791
96725792
96725793
96725794
96725795
96725796
96725797
96725798
96725799
96725800
96725801
96725802
96725803
96725804
96725805
96725806
96725807
96725808
96725809
96725810
96725811
96725812
96725813
96725814
96725815
96725816
96725817
96725818
96725819
96725820
96725821
96725822
96725823
96725824
96725825
96725826
96725827
96725828
96725829
96725830
96725831
96725832
96725833
96725834
96725835
96725836
96725837
96725838
96725839
96725840
96725841
96725842
96725843
96725844
96725845
96725846
96725847
96725848
96725849
96725850
96725851
96725852
96725853
96725854
96725855
96725856
96725857
96725858
96725859
96725860
96725861
96725862
96725863
96725864
96725865
96725866
96725867
96725868
96725869
96725870
96725871
96725872
96725873
96725874
96725875
96725876
96725877
96725878
96725879
96725880
96725881
96725882
96725883
96725884
96725885
96725886
96725887
96725888
96725889
96725890
96725891
96725892
96725893
96725894
96725895
96725896
96725897
96725898
96725899
96725900
96725901
96725902
96725903
96725904
96725905
96725906
96725907
96725908
96725909
96725910
96725911
96725912
96725913
96725914
96725915
96725916
96725917
96725918
96725919
96725920
96725921
96725922
96725923
96725924
96725925
96725926
96725927
96725928
96725929
96725930
96725931
96725932
96725933
96725934
96725935
96725936
96725937
96725938
96725939
96725940
96725941
96725942
96725943
96725944
96725945
96725946
96725947
96725948
96725949
96725950
96725951
96725952
96725953
96725954
96725955
96725956
96725957
96725958
96725959
96725960
96725961
96725962
96725963
96725964
96725965
96725966
96725967
96725968
96725969
96725970
96725971
96725972
96725973
96725974
96725975
96725976
96725977
96725978
96725979
96725980
96725981
96725982
96725983
96725984
96725985
96725986
96725987
96725988
96725989
96725990
96725991
96725992
96725993
96725994
96725995
96725996
96725997
96725998
96725999
96726000
96726001
96726002
96726003
96726004
96726005
96726006
96726007
96726008
96726009
96726010
96726011
96726012
96726013
96726014
96726015
96726016
96726017
96726018
96726019
96726020
96726021
96726022
96726023
96726024
96726025
96726026
96726027
96726028
96726029
96726030
96726031
96726032
96726033
96726034
96726035
96726036
96726037
96726038
96726039
96726040
96726041
96726042
96726043
96726044
96726045
96726046
96726047
96726048
96726049
96726050
96726051
96726052
96726053
96726054
96726055
96726056
96726057
96726058
96726059
96726060
96726061
96726062
96726063
96726064
96726065
96726066
96726067
96726068
96726069
96726070
96726071
96726072
96726073
96726074
96726075
96726076
96726077
96726078
96726079
96726080
96726081
96726082
96726083
96726084
96726085
96726086
96726087
96726088
96726089
96726090
96726091
96726092
96726093
96726094
96726095
96726096
96726097
96726098
96726099
96726100
96726101
96726102
96726103
96726104
96726105
96726106
96726107
96726108
96726109
96726110
96726111
96726112
96726113
96726114
96726115
96726116
96726117
96726118
96726119
96726120
96726121
96726122
96726123
96726124
96726125
96726126
96726127
96726128
96726129
96726130
96726131
96726132
96726133
96726134
96726135
96726136
96726137
96726138
96726139
96726140
96726141
96726142
96726143
96726144
96726145
96726146
96726147
96726148
96726149
96726150
96726151
96726152
96726153
96726154
96726155
96726156
96726157
96726158
96726159
96726160
96726161
96726162
96726163
96726164
96726165
96726166
96726167
96726168
96726169
96726170
96726171
96726172
96726173
96726174
96726175
96726176
96726177
96726178
96726179
96726180
96726181
96726182
96726183
96726184
96726185
96726186
96726187
96726188
96726189
96726190
96726191
96726192
96726193
96726194
96726195
96726196
96726197
96726198
96726199
96726200
96726201
96726202
96726203
96726204
96726205
96726206
96726207
96726208
96726209
96726210
96726211
96726212
96726213
96726214
96726215
96726216
96726217
96726218
96726219
96726220
96726221
96726222
96726223
96726224
96726225
96726226
96726227
96726228
96726229
96726230
96726231
96726232
96726233
96726234
96726235
96726236
96726237
96726238
96726239
96726240
96726241
96726242
96726243
96726244
96726245
96726246
96726247
96726248
96726249
96726250
96726251
96726252
96726253
96726254
96726255
96726256
96726257
96726258
96726259
96726260
96726261
96726262
96726263
96726264
96726265
96726266
96726267
96726268
96726269
96726270
96726271
96726272
96726273
96726274
96726275
96726276
96726277
96726278
96726279
96726280
96726281
96726282
96726283
96726284
96726285
96726286
96726287
96726288
96726289
96726290
96726291
96726292
96726293
96726294
96726295
96726296
96726297
96726298
96726299
96726300
96726301
96726302
96726303
96726304
96726305
96726306
96726307
96726308
96726309
96726310
96726311
96726312
96726313
96726314
96726315
96726316
96726317
96726318
96726319
96726320
96726321
96726322
96726323
96726324
96726325
96726326
96726327
96726328
96726329
96726330
96726331
96726332
96726333
96726334
96726335
96726336
96726337
96726338
96726339
96726340
96726341
96726342
96726343
96726344
96726345
96726346
96726347
96726348
96726349
96726350
96726351
96726352
96726353
96726354
96726355
96726356
96726357
96726358
96726359
96726360
96726361
96726362
96726363
96726364
96726365
96726366
96726367
96726368
96726369
96726370
96726371
96726372
96726373
96726374
96726375
96726376
96726377
96726378
96726379
96726380
96726381
96726382
96726383
96726384
96726385
96726386
96726387
96726388
96726389
96726390
96726391
96726392
96726393
96726394
96726395
96726396
96726397
96726398
96726399
96726400
96726401
96726402
96726403
96726404
96726405
96726406
96726407
96726408
96726409
96726410
96726411
96726412
96726413
96726414
96726415
96726416
96726417
96726418
96726419
96726420
96726421
96726422
96726423
96726424
96726425
96726426
96726427
96726428
96726429
96726430
96726431
96726432
96726433
96726434
96726435
96726436
96726437
96726438
96726439
96726440
96726441
96726442
96726443
96726444
96726445
96726446
96726447
96726448
96726449
96726450
96726451
96726452
96726453
96726454
96726455
96726456
96726457
96726458
96726459
96726460
96726461
96726462
96726463
96726464
96726465
96726466
96726467
96726468
96726469
96726470
96726471
96726472
96726473
96726474
96726475
96726476
96726477
96726478
96726479
96726480
96726481
96726482
96726483
96726484
96726485
96726486
96726487
96726488
96726489
96726490
96726491
96726492
96726493
96726494
96726495
96726496
96726497
96726498
96726499
96726500
96726501
96726502
96726503
96726504
96726505
96726506
96726507
96726508
96726509
96726510
96726511
96726512
96726513
96726514
96726515
96726516
96726517
96726518
96726519
96726520
96726521
96726522
96726523
96726524
96726525
96726526
96726527
96726528
96726529
96726530
96726531
96726532
96726533
96726534
96726535
96726536
96726537
96726538
96726539
96726540
96726541
96726542
96726543
96726544
96726545
96726546
96726547
96726548
96726549
96726550
96726551
96726552
96726553
96726554
96726555
96726556
96726557
96726558
96726559
96726560
96726561
96726562
96726563
96726564
96726565
96726566
96726567
96726568
96726569
96726570
96726571
96726572
96726573
96726574
96726575
96726576
96726577
96726578
96726579
96726580
96726581
96726582
96726583
96726584
96726585
96726586
96726587
96726588
96726589
96726590
96726591
96726592
96726593
96726594
96726595
96726596
96726597
96726598
96726599
96726600
96726601
96726602
96726603
96726604
96726605
96726606
96726607
96726608
96726609
96726610
96726611
96726612
96726613
96726614
96726615
96726616
96726617
96726618
96726619
96726620
96726621
96726622
96726623
96726624
96726625
96726626
96726627
96726628
96726629
96726630
96726631
96726632
96726633
96726634
96726635
96726636
96726637
96726638
96726639
96726640
96726641
96726642
96726643
96726644
96726645
96726646
96726647
96726648
96726649
96726650
96726651
96726652
96726653
96726654
96726655
96726656
96726657
96726658
96726659
96726660
96726661
96726662
96726663
96726664
96726665
96726666
96726667
96726668
96726669
96726670
96726671
96726672
96726673
96726674
96726675
96726676
96726677
96726678
96726679
96726680
96726681
96726682
96726683
96726684
96726685
96726686
96726687
96726688
96726689
96726690
96726691
96726692
96726693
96726694
96726695
96726696
96726697
96726698
96726699
96726700
96726701
96726702
96726703
96726704
96726705
96726706
96726707
96726708
96726709
96726710
96726711
96726712
96726713
96726714
96726715
96726716
96726717
96726718
96726719
96726720
96726721
96726722
96726723
96726724
96726725
96726726
96726727
96726728
96726729
96726730
96726731
96726732
96726733
96726734
96726735
96726736
96726737
96726738
96726739
96726740
96726741
96726742
96726743
96726744
96726745
96726746
96726747
96726748
96726749
96726750
96726751
96726752
96726753
96726754
96726755
96726756
96726757
96726758
96726759
96726760
96726761
96726762
96726763
96726764
96726765
96726766
96726767
96726768
96726769
96726770
96726771
96726772
96726773
96726774
96726775
96726776
96726777
96726778
96726779
96726780
96726781
96726782
96726783
96726784
96726785
96726786
96726787
96726788
96726789
96726790
96726791
96726792
96726793
96726794
96726795
96726796
96726797
96726798
96726799
96726800
96726801
96726802
96726803
96726804
96726805
96726806
96726807
96726808
96726809
96726810
96726811
96726812
96726813
96726814
96726815
96726816
96726817
96726818
96726819
96726820
96726821
96726822
96726823
96726824
96726825
96726826
96726827
96726828
96726829
96726830
96726831
96726832
96726833
96726834
96726835
96726836
96726837
96726838
96726839
96726840
96726841
96726842
96726843
96726844
96726845
96726846
96726847
96726848
96726849
96726850
96726851
96726852
96726853
96726854
96726855
96726856
96726857
96726858
96726859
96726860
96726861
96726862
96726863
96726864
96726865
96726866
96726867
96726868
96726869
96726870
96726871
96726872
96726873
96726874
96726875
96726876
96726877
96726878
96726879
96726880
96726881
96726882
96726883
96726884
96726885
96726886
96726887
96726888
96726889
96726890
96726891
96726892
96726893
96726894
96726895
96726896
96726897
96726898
96726899
96726900
96726901
96726902
96726903
96726904
96726905
96726906
96726907
96726908
96726909
96726910
96726911
96726912
96726913
96726914
96726915
96726916
96726917
96726918
96726919
96726920
96726921
96726922
96726923
96726924
96726925
96726926
96726927
96726928
96726929
96726930
96726931
96726932
96726933
96726934
96726935
96726936
96726937
96726938
96726939
96726940
96726941
96726942
96726943
96726944
96726945
96726946
96726947
96726948
96726949
96726950
96726951
96726952
96726953
96726954
96726955
96726956
96726957
96726958
96726959
96726960
96726961
96726962
96726963
96726964
96726965
96726966
96726967
96726968
96726969
96726970
96726971
96726972
96726973
96726974
96726975
96726976
96726977
96726978
96726979
96726980
96726981
96726982
96726983
96726984
96726985
96726986
96726987
96726988
96726989
96726990
96726991
96726992
96726993
96726994
96726995
96726996
96726997
96726998
96726999
96727000
96727001
96727002
96727003
96727004
96727005
96727006
96727007
96727008
96727009
96727010
96727011
96727012
96727013
96727014
96727015
96727016
96727017
96727018
96727019
96727020
96727021
96727022
96727023
96727024
96727025
96727026
96727027
96727028
96727029
96727030
96727031
96727032
96727033
96727034
96727035
96727036
96727037
96727038
96727039
96727040
96727041
96727042
96727043
96727044
96727045
96727046
96727047
96727048
96727049
96727050
96727051
96727052
96727053
96727054
96727055
96727056
96727057
96727058
96727059
96727060
96727061
96727062
96727063
96727064
96727065
96727066
96727067
96727068
96727069
96727070
96727071
96727072
96727073
96727074
96727075
96727076
96727077
96727078
96727079
96727080
96727081
96727082
96727083
96727084
96727085
96727086
96727087
96727088
96727089
96727090
96727091
96727092
96727093
96727094
96727095
96727096
96727097
96727098
96727099
96727100
96727101
96727102
96727103
96727104
96727105
96727106
96727107
96727108
96727109
96727110
96727111
96727112
96727113
96727114
96727115
96727116
96727117
96727118
96727119
96727120
96727121
96727122
96727123
96727124
96727125
96727126
96727127
96727128
96727129
96727130
96727131
96727132
96727133
96727134
96727135
96727136
96727137
96727138
96727139
96727140
96727141
96727142
96727143
96727144
96727145
96727146
96727147
96727148
96727149
96727150
96727151
96727152
96727153
96727154
96727155
96727156
96727157
96727158
96727159
96727160
96727161
96727162
96727163
96727164
96727165
96727166
96727167
96727168
96727169
96727170
96727171
96727172
96727173
96727174
96727175
96727176
96727177
96727178
96727179
96727180
96727181
96727182
96727183
96727184
96727185
96727186
96727187
96727188
96727189
96727190
96727191
96727192
96727193
96727194
96727195
96727196
96727197
96727198
96727199
96727200
96727201
96727202
96727203
96727204
96727205
96727206
96727207
96727208
96727209
96727210
96727211
96727212
96727213
96727214
96727215
96727216
96727217
96727218
96727219
96727220
96727221
96727222
96727223
96727224
96727225
96727226
96727227
96727228
96727229
96727230
96727231
96727232
96727233
96727234
96727235
96727236
96727237
96727238
96727239
96727240
96727241
96727242
96727243
96727244
96727245
96727246
96727247
96727248
96727249
96727250
96727251
96727252
96727253
96727254
96727255
96727256
96727257
96727258
96727259
96727260
96727261
96727262
96727263
96727264
96727265
96727266
96727267
96727268
96727269
96727270
96727271
96727272
96727273
96727274
96727275
96727276
96727277
96727278
96727279
96727280
96727281
96727282
96727283
96727284
96727285
96727286
96727287
96727288
96727289
96727290
96727291
96727292
96727293
96727294
96727295
96727296
96727297
96727298
96727299
96727300
96727301
96727302
96727303
96727304
96727305
96727306
96727307
96727308
96727309
96727310
96727311
96727312
96727313
96727314
96727315
96727316
96727317
96727318
96727319
96727320
96727321
96727322
96727323
96727324
96727325
96727326
96727327
96727328
96727329
96727330
96727331
96727332
96727333
96727334
96727335
96727336
96727337
96727338
96727339
96727340
96727341
96727342
96727343
96727344
96727345
96727346
96727347
96727348
96727349
96727350
96727351
96727352
96727353
96727354
96727355
96727356
96727357
96727358
96727359
96727360
96727361
96727362
96727363
96727364
96727365
96727366
96727367
96727368
96727369
96727370
96727371
96727372
96727373
96727374
96727375
96727376
96727377
96727378
96727379
96727380
96727381
96727382
96727383
96727384
96727385
96727386
96727387
96727388
96727389
96727390
96727391
96727392
96727393
96727394
96727395
96727396
96727397
96727398
96727399
96727400
96727401
96727402
96727403
96727404
96727405
96727406
96727407
96727408
96727409
96727410
96727411
96727412
96727413
96727414
96727415
96727416
96727417
96727418
96727419
96727420
96727421
96727422
96727423
96727424
96727425
96727426
96727427
96727428
96727429
96727430
96727431
96727432
96727433
96727434
96727435
96727436
96727437
96727438
96727439
96727440
96727441
96727442
96727443
96727444
96727445
96727446
96727447
96727448
96727449
96727450
96727451
96727452
96727453
96727454
96727455
96727456
96727457
96727458
96727459
96727460
96727461
96727462
96727463
96727464
96727465
96727466
96727467
96727468
96727469
96727470
96727471
96727472
96727473
96727474
96727475
96727476
96727477
96727478
96727479
96727480
96727481
96727482
96727483
96727484
96727485
96727486
96727487
96727488
96727489
96727490
96727491
96727492
96727493
96727494
96727495
96727496
96727497
96727498
96727499
96727500
96727501
96727502
96727503
96727504
96727505
96727506
96727507
96727508
96727509
96727510
96727511
96727512
96727513
96727514
96727515
96727516
96727517
96727518
96727519
96727520
96727521
96727522
96727523
96727524
96727525
96727526
96727527
96727528
96727529
96727530
96727531
96727532
96727533
96727534
96727535
96727536
96727537
96727538
96727539
96727540
96727541
96727542
96727543
96727544
96727545
96727546
96727547
96727548
96727549
96727550
96727551
96727552
96727553
96727554
96727555
96727556
96727557
96727558
96727559
96727560
96727561
96727562
96727563
96727564
96727565
96727566
96727567
96727568
96727569
96727570
96727571
96727572
96727573
96727574
96727575
96727576
96727577
96727578
96727579
96727580
96727581
96727582
96727583
96727584
96727585
96727586
96727587
96727588
96727589
96727590
96727591
96727592
96727593
96727594
96727595
96727596
96727597
96727598
96727599
96727600
96727601
96727602
96727603
96727604
96727605
96727606
96727607
96727608
96727609
96727610
96727611
96727612
96727613
96727614
96727615
96727616
96727617
96727618
96727619
96727620
96727621
96727622
96727623
96727624
96727625
96727626
96727627
96727628
96727629
96727630
96727631
96727632
96727633
96727634
96727635
96727636
96727637
96727638
96727639
96727640
96727641
96727642
96727643
96727644
96727645
96727646
96727647
96727648
96727649
96727650
96727651
96727652
96727653
96727654
96727655
96727656
96727657
96727658
96727659
96727660
96727661
96727662
96727663
96727664
96727665
96727666
96727667
96727668
96727669
96727670
96727671
96727672
96727673
96727674
96727675
96727676
96727677
96727678
96727679
96727680
96727681
96727682
96727683
96727684
96727685
96727686
96727687
96727688
96727689
96727690
96727691
96727692
96727693
96727694
96727695
96727696
96727697
96727698
96727699
96727700
96727701
96727702
96727703
96727704
96727705
96727706
96727707
96727708
96727709
96727710
96727711
96727712
96727713
96727714
96727715
96727716
96727717
96727718
96727719
96727720
96727721
96727722
96727723
96727724
96727725
96727726
96727727
96727728
96727729
96727730
96727731
96727732
96727733
96727734
96727735
96727736
96727737
96727738
96727739
96727740
96727741
96727742
96727743
96727744
96727745
96727746
96727747
96727748
96727749
96727750
96727751
96727752
96727753
96727754
96727755
96727756
96727757
96727758
96727759
96727760
96727761
96727762
96727763
96727764
96727765
96727766
96727767
96727768
96727769
96727770
96727771
96727772
96727773
96727774
96727775
96727776
96727777
96727778
96727779
96727780
96727781
96727782
96727783
96727784
96727785
96727786
96727787
96727788
96727789
96727790
96727791
96727792
96727793
96727794
96727795
96727796
96727797
96727798
96727799
96727800
96727801
96727802
96727803
96727804
96727805
96727806
96727807
96727808
96727809
96727810
96727811
96727812
96727813
96727814
96727815
96727816
96727817
96727818
96727819
96727820
96727821
96727822
96727823
96727824
96727825
96727826
96727827
96727828
96727829
96727830
96727831
96727832
96727833
96727834
96727835
96727836
96727837
96727838
96727839
96727840
96727841
96727842
96727843
96727844
96727845
96727846
96727847
96727848
96727849
96727850
96727851
96727852
96727853
96727854
96727855
96727856
96727857
96727858
96727859
96727860
96727861
96727862
96727863
96727864
96727865
96727866
96727867
96727868
96727869
96727870
96727871
96727872
96727873
96727874
96727875
96727876
96727877
96727878
96727879
96727880
96727881
96727882
96727883
96727884
96727885
96727886
96727887
96727888
96727889
96727890
96727891
96727892
96727893
96727894
96727895
96727896
96727897
96727898
96727899
96727900
96727901
96727902
96727903
96727904
96727905
96727906
96727907
96727908
96727909
96727910
96727911
96727912
96727913
96727914
96727915
96727916
96727917
96727918
96727919
96727920
96727921
96727922
96727923
96727924
96727925
96727926
96727927
96727928
96727929
96727930
96727931
96727932
96727933
96727934
96727935
96727936
96727937
96727938
96727939
96727940
96727941
96727942
96727943
96727944
96727945
96727946
96727947
96727948
96727949
96727950
96727951
96727952
96727953
96727954
96727955
96727956
96727957
96727958
96727959
96727960
96727961
96727962
96727963
96727964
96727965
96727966
96727967
96727968
96727969
96727970
96727971
96727972
96727973
96727974
96727975
96727976
96727977
96727978
96727979
96727980
96727981
96727982
96727983
96727984
96727985
96727986
96727987
96727988
96727989
96727990
96727991
96727992
96727993
96727994
96727995
96727996
96727997
96727998
96727999
96728000
96728001
96728002
96728003
96728004
96728005
96728006
96728007
96728008
96728009
96728010
96728011
96728012
96728013
96728014
96728015
96728016
96728017
96728018
96728019
96728020
96728021
96728022
96728023
96728024
96728025
96728026
96728027
96728028
96728029
96728030
96728031
96728032
96728033
96728034
96728035
96728036
96728037
96728038
96728039
96728040
96728041
96728042
96728043
96728044
96728045
96728046
96728047
96728048
96728049
96728050
96728051
96728052
96728053
96728054
96728055
96728056
96728057
96728058
96728059
96728060
96728061
96728062
96728063
96728064
96728065
96728066
96728067
96728068
96728069
96728070
96728071
96728072
96728073
96728074
96728075
96728076
96728077
96728078
96728079
96728080
96728081
96728082
96728083
96728084
96728085
96728086
96728087
96728088
96728089
96728090
96728091
96728092
96728093
96728094
96728095
96728096
96728097
96728098
96728099
96728100
96728101
96728102
96728103
96728104
96728105
96728106
96728107
96728108
96728109
96728110
96728111
96728112
96728113
96728114
96728115
96728116
96728117
96728118
96728119
96728120
96728121
96728122
96728123
96728124
96728125
96728126
96728127
96728128
96728129
96728130
96728131
96728132
96728133
96728134
96728135
96728136
96728137
96728138
96728139
96728140
96728141
96728142
96728143
96728144
96728145
96728146
96728147
96728148
96728149
96728150
96728151
96728152
96728153
96728154
96728155
96728156
96728157
96728158
96728159
96728160
96728161
96728162
96728163
96728164
96728165
96728166
96728167
96728168
96728169
96728170
96728171
96728172
96728173
96728174
96728175
96728176
96728177
96728178
96728179
96728180
96728181
96728182
96728183
96728184
96728185
96728186
96728187
96728188
96728189
96728190
96728191
96728192
96728193
96728194
96728195
96728196
96728197
96728198
96728199
96728200
96728201
96728202
96728203
96728204
96728205
96728206
96728207
96728208
96728209
96728210
96728211
96728212
96728213
96728214
96728215
96728216
96728217
96728218
96728219
96728220
96728221
96728222
96728223
96728224
96728225
96728226
96728227
96728228
96728229
96728230
96728231
96728232
96728233
96728234
96728235
96728236
96728237
96728238
96728239
96728240
96728241
96728242
96728243
96728244
96728245
96728246
96728247
96728248
96728249
96728250
96728251
96728252
96728253
96728254
96728255
96728256
96728257
96728258
96728259
96728260
96728261
96728262
96728263
96728264
96728265
96728266
96728267
96728268
96728269
96728270
96728271
96728272
96728273
96728274
96728275
96728276
96728277
96728278
96728279
96728280
96728281
96728282
96728283
96728284
96728285
96728286
96728287
96728288
96728289
96728290
96728291
96728292
96728293
96728294
96728295
96728296
96728297
96728298
96728299
96728300
96728301
96728302
96728303
96728304
96728305
96728306
96728307
96728308
96728309
96728310
96728311
96728312
96728313
96728314
96728315
96728316
96728317
96728318
96728319
96728320
96728321
96728322
96728323
96728324
96728325
96728326
96728327
96728328
96728329
96728330
96728331
96728332
96728333
96728334
96728335
96728336
96728337
96728338
96728339
96728340
96728341
96728342
96728343
96728344
96728345
96728346
96728347
96728348
96728349
96728350
96728351
96728352
96728353
96728354
96728355
96728356
96728357
96728358
96728359
96728360
96728361
96728362
96728363
96728364
96728365
96728366
96728367
96728368
96728369
96728370
96728371
96728372
96728373
96728374
96728375
96728376
96728377
96728378
96728379
96728380
96728381
96728382
96728383
96728384
96728385
96728386
96728387
96728388
96728389
96728390
96728391
96728392
96728393
96728394
96728395
96728396
96728397
96728398
96728399
96728400
96728401
96728402
96728403
96728404
96728405
96728406
96728407
96728408
96728409
96728410
96728411
96728412
96728413
96728414
96728415
96728416
96728417
96728418
96728419
96728420
96728421
96728422
96728423
96728424
96728425
96728426
96728427
96728428
96728429
96728430
96728431
96728432
96728433
96728434
96728435
96728436
96728437
96728438
96728439
96728440
96728441
96728442
96728443
96728444
96728445
96728446
96728447
96728448
96728449
96728450
96728451
96728452
96728453
96728454
96728455
96728456
96728457
96728458
96728459
96728460
96728461
96728462
96728463
96728464
96728465
96728466
96728467
96728468
96728469
96728470
96728471
96728472
96728473
96728474
96728475
96728476
96728477
96728478
96728479
96728480
96728481
96728482
96728483
96728484
96728485
96728486
96728487
96728488
96728489
96728490
96728491
96728492
96728493
96728494
96728495
96728496
96728497
96728498
96728499
96728500
96728501
96728502
96728503
96728504
96728505
96728506
96728507
96728508
96728509
96728510
96728511
96728512
96728513
96728514
96728515
96728516
96728517
96728518
96728519
96728520
96728521
96728522
96728523
96728524
96728525
96728526
96728527
96728528
96728529
96728530
96728531
96728532
96728533
96728534
96728535
96728536
96728537
96728538
96728539
96728540
96728541
96728542
96728543
96728544
96728545
96728546
96728547
96728548
96728549
96728550
96728551
96728552
96728553
96728554
96728555
96728556
96728557
96728558
96728559
96728560
96728561
96728562
96728563
96728564
96728565
96728566
96728567
96728568
96728569
96728570
96728571
96728572
96728573
96728574
96728575
96728576
96728577
96728578
96728579
96728580
96728581
96728582
96728583
96728584
96728585
96728586
96728587
96728588
96728589
96728590
96728591
96728592
96728593
96728594
96728595
96728596
96728597
96728598
96728599
96728600
96728601
96728602
96728603
96728604
96728605
96728606
96728607
96728608
96728609
96728610
96728611
96728612
96728613
96728614
96728615
96728616
96728617
96728618
96728619
96728620
96728621
96728622
96728623
96728624
96728625
96728626
96728627
96728628
96728629
96728630
96728631
96728632
96728633
96728634
96728635
96728636
96728637
96728638
96728639
96728640
96728641
96728642
96728643
96728644
96728645
96728646
96728647
96728648
96728649
96728650
96728651
96728652
96728653
96728654
96728655
96728656
96728657
96728658
96728659
96728660
96728661
96728662
96728663
96728664
96728665
96728666
96728667
96728668
96728669
96728670
96728671
96728672
96728673
96728674
96728675
96728676
96728677
96728678
96728679
96728680
96728681
96728682
96728683
96728684
96728685
96728686
96728687
96728688
96728689
96728690
96728691
96728692
96728693
96728694
96728695
96728696
96728697
96728698
96728699
96728700
96728701
96728702
96728703
96728704
96728705
96728706
96728707
96728708
96728709
96728710
96728711
96728712
96728713
96728714
96728715
96728716
96728717
96728718
96728719
96728720
96728721
96728722
96728723
96728724
96728725
96728726
96728727
96728728
96728729
96728730
96728731
96728732
96728733
96728734
96728735
96728736
96728737
96728738
96728739
96728740
96728741
96728742
96728743
96728744
96728745
96728746
96728747
96728748
96728749
96728750
96728751
96728752
96728753
96728754
96728755
96728756
96728757
96728758
96728759
96728760
96728761
96728762
96728763
96728764
96728765
96728766
96728767
96728768
96728769
96728770
96728771
96728772
96728773
96728774
96728775
96728776
96728777
96728778
96728779
96728780
96728781
96728782
96728783
96728784
96728785
96728786
96728787
96728788
96728789
96728790
96728791
96728792
96728793
96728794
96728795
96728796
96728797
96728798
96728799
96728800
96728801
96728802
96728803
96728804
96728805
96728806
96728807
96728808
96728809
96728810
96728811
96728812
96728813
96728814
96728815
96728816
96728817
96728818
96728819
96728820
96728821
96728822
96728823
96728824
96728825
96728826
96728827
96728828
96728829
96728830
96728831
96728832
96728833
96728834
96728835
96728836
96728837
96728838
96728839
96728840
96728841
96728842
96728843
96728844
96728845
96728846
96728847
96728848
96728849
96728850
96728851
96728852
96728853
96728854
96728855
96728856
96728857
96728858
96728859
96728860
96728861
96728862
96728863
96728864
96728865
96728866
96728867
96728868
96728869
96728870
96728871
96728872
96728873
96728874
96728875
96728876
96728877
96728878
96728879
96728880
96728881
96728882
96728883
96728884
96728885
96728886
96728887
96728888
96728889
