98838890
98838891
98838892
98838893
98838894
98838895
98838896
98838897
98838898
98838899
98838900
98838901
98838902
98838903
98838904
98838905
98838906
98838907
98838908
98838909
98838910
98838911
98838912
98838913
98838914
98838915
98838916
98838917
98838918
98838919
98838920
98838921
98838922
98838923
98838924
98838925
98838926
98838927
98838928
98838929
98838930
98838931
98838932
98838933
98838934
98838935
98838936
98838937
98838938
98838939
98838940
98838941
98838942
98838943
98838944
98838945
98838946
98838947
98838948
98838949
98838950
98838951
98838952
98838953
98838954
98838955
98838956
98838957
98838958
98838959
98838960
98838961
98838962
98838963
98838964
98838965
98838966
98838967
98838968
98838969
98838970
98838971
98838972
98838973
98838974
98838975
98838976
98838977
98838978
98838979
98838980
98838981
98838982
98838983
98838984
98838985
98838986
98838987
98838988
98838989
98838990
98838991
98838992
98838993
98838994
98838995
98838996
98838997
98838998
98838999
98839000
98839001
98839002
98839003
98839004
98839005
98839006
98839007
98839008
98839009
98839010
98839011
98839012
98839013
98839014
98839015
98839016
98839017
98839018
98839019
98839020
98839021
98839022
98839023
98839024
98839025
98839026
98839027
98839028
98839029
98839030
98839031
98839032
98839033
98839034
98839035
98839036
98839037
98839038
98839039
98839040
98839041
98839042
98839043
98839044
98839045
98839046
98839047
98839048
98839049
98839050
98839051
98839052
98839053
98839054
98839055
98839056
98839057
98839058
98839059
98839060
98839061
98839062
98839063
98839064
98839065
98839066
98839067
98839068
98839069
98839070
98839071
98839072
98839073
98839074
98839075
98839076
98839077
98839078
98839079
98839080
98839081
98839082
98839083
98839084
98839085
98839086
98839087
98839088
98839089
98839090
98839091
98839092
98839093
98839094
98839095
98839096
98839097
98839098
98839099
98839100
98839101
98839102
98839103
98839104
98839105
98839106
98839107
98839108
98839109
98839110
98839111
98839112
98839113
98839114
98839115
98839116
98839117
98839118
98839119
98839120
98839121
98839122
98839123
98839124
98839125
98839126
98839127
98839128
98839129
98839130
98839131
98839132
98839133
98839134
98839135
98839136
98839137
98839138
98839139
98839140
98839141
98839142
98839143
98839144
98839145
98839146
98839147
98839148
98839149
98839150
98839151
98839152
98839153
98839154
98839155
98839156
98839157
98839158
98839159
98839160
98839161
98839162
98839163
98839164
98839165
98839166
98839167
98839168
98839169
98839170
98839171
98839172
98839173
98839174
98839175
98839176
98839177
98839178
98839179
98839180
98839181
98839182
98839183
98839184
98839185
98839186
98839187
98839188
98839189
98839190
98839191
98839192
98839193
98839194
98839195
98839196
98839197
98839198
98839199
98839200
98839201
98839202
98839203
98839204
98839205
98839206
98839207
98839208
98839209
98839210
98839211
98839212
98839213
98839214
98839215
98839216
98839217
98839218
98839219
98839220
98839221
98839222
98839223
98839224
98839225
98839226
98839227
98839228
98839229
98839230
98839231
98839232
98839233
98839234
98839235
98839236
98839237
98839238
98839239
98839240
98839241
98839242
98839243
98839244
98839245
98839246
98839247
98839248
98839249
98839250
98839251
98839252
98839253
98839254
98839255
98839256
98839257
98839258
98839259
98839260
98839261
98839262
98839263
98839264
98839265
98839266
98839267
98839268
98839269
98839270
98839271
98839272
98839273
98839274
98839275
98839276
98839277
98839278
98839279
98839280
98839281
98839282
98839283
98839284
98839285
98839286
98839287
98839288
98839289
98839290
98839291
98839292
98839293
98839294
98839295
98839296
98839297
98839298
98839299
98839300
98839301
98839302
98839303
98839304
98839305
98839306
98839307
98839308
98839309
98839310
98839311
98839312
98839313
98839314
98839315
98839316
98839317
98839318
98839319
98839320
98839321
98839322
98839323
98839324
98839325
98839326
98839327
98839328
98839329
98839330
98839331
98839332
98839333
98839334
98839335
98839336
98839337
98839338
98839339
98839340
98839341
98839342
98839343
98839344
98839345
98839346
98839347
98839348
98839349
98839350
98839351
98839352
98839353
98839354
98839355
98839356
98839357
98839358
98839359
98839360
98839361
98839362
98839363
98839364
98839365
98839366
98839367
98839368
98839369
98839370
98839371
98839372
98839373
98839374
98839375
98839376
98839377
98839378
98839379
98839380
98839381
98839382
98839383
98839384
98839385
98839386
98839387
98839388
98839389
98839390
98839391
98839392
98839393
98839394
98839395
98839396
98839397
98839398
98839399
98839400
98839401
98839402
98839403
98839404
98839405
98839406
98839407
98839408
98839409
98839410
98839411
98839412
98839413
98839414
98839415
98839416
98839417
98839418
98839419
98839420
98839421
98839422
98839423
98839424
98839425
98839426
98839427
98839428
98839429
98839430
98839431
98839432
98839433
98839434
98839435
98839436
98839437
98839438
98839439
98839440
98839441
98839442
98839443
98839444
98839445
98839446
98839447
98839448
98839449
98839450
98839451
98839452
98839453
98839454
98839455
98839456
98839457
98839458
98839459
98839460
98839461
98839462
98839463
98839464
98839465
98839466
98839467
98839468
98839469
98839470
98839471
98839472
98839473
98839474
98839475
98839476
98839477
98839478
98839479
98839480
98839481
98839482
98839483
98839484
98839485
98839486
98839487
98839488
98839489
98839490
98839491
98839492
98839493
98839494
98839495
98839496
98839497
98839498
98839499
98839500
98839501
98839502
98839503
98839504
98839505
98839506
98839507
98839508
98839509
98839510
98839511
98839512
98839513
98839514
98839515
98839516
98839517
98839518
98839519
98839520
98839521
98839522
98839523
98839524
98839525
98839526
98839527
98839528
98839529
98839530
98839531
98839532
98839533
98839534
98839535
98839536
98839537
98839538
98839539
98839540
98839541
98839542
98839543
98839544
98839545
98839546
98839547
98839548
98839549
98839550
98839551
98839552
98839553
98839554
98839555
98839556
98839557
98839558
98839559
98839560
98839561
98839562
98839563
98839564
98839565
98839566
98839567
98839568
98839569
98839570
98839571
98839572
98839573
98839574
98839575
98839576
98839577
98839578
98839579
98839580
98839581
98839582
98839583
98839584
98839585
98839586
98839587
98839588
98839589
98839590
98839591
98839592
98839593
98839594
98839595
98839596
98839597
98839598
98839599
98839600
98839601
98839602
98839603
98839604
98839605
98839606
98839607
98839608
98839609
98839610
98839611
98839612
98839613
98839614
98839615
98839616
98839617
98839618
98839619
98839620
98839621
98839622
98839623
98839624
98839625
98839626
98839627
98839628
98839629
98839630
98839631
98839632
98839633
98839634
98839635
98839636
98839637
98839638
98839639
98839640
98839641
98839642
98839643
98839644
98839645
98839646
98839647
98839648
98839649
98839650
98839651
98839652
98839653
98839654
98839655
98839656
98839657
98839658
98839659
98839660
98839661
98839662
98839663
98839664
98839665
98839666
98839667
98839668
98839669
98839670
98839671
98839672
98839673
98839674
98839675
98839676
98839677
98839678
98839679
98839680
98839681
98839682
98839683
98839684
98839685
98839686
98839687
98839688
98839689
98839690
98839691
98839692
98839693
98839694
98839695
98839696
98839697
98839698
98839699
98839700
98839701
98839702
98839703
98839704
98839705
98839706
98839707
98839708
98839709
98839710
98839711
98839712
98839713
98839714
98839715
98839716
98839717
98839718
98839719
98839720
98839721
98839722
98839723
98839724
98839725
98839726
98839727
98839728
98839729
98839730
98839731
98839732
98839733
98839734
98839735
98839736
98839737
98839738
98839739
98839740
98839741
98839742
98839743
98839744
98839745
98839746
98839747
98839748
98839749
98839750
98839751
98839752
98839753
98839754
98839755
98839756
98839757
98839758
98839759
98839760
98839761
98839762
98839763
98839764
98839765
98839766
98839767
98839768
98839769
98839770
98839771
98839772
98839773
98839774
98839775
98839776
98839777
98839778
98839779
98839780
98839781
98839782
98839783
98839784
98839785
98839786
98839787
98839788
98839789
98839790
98839791
98839792
98839793
98839794
98839795
98839796
98839797
98839798
98839799
98839800
98839801
98839802
98839803
98839804
98839805
98839806
98839807
98839808
98839809
98839810
98839811
98839812
98839813
98839814
98839815
98839816
98839817
98839818
98839819
98839820
98839821
98839822
98839823
98839824
98839825
98839826
98839827
98839828
98839829
98839830
98839831
98839832
98839833
98839834
98839835
98839836
98839837
98839838
98839839
98839840
98839841
98839842
98839843
98839844
98839845
98839846
98839847
98839848
98839849
98839850
98839851
98839852
98839853
98839854
98839855
98839856
98839857
98839858
98839859
98839860
98839861
98839862
98839863
98839864
98839865
98839866
98839867
98839868
98839869
98839870
98839871
98839872
98839873
98839874
98839875
98839876
98839877
98839878
98839879
98839880
98839881
98839882
98839883
98839884
98839885
98839886
98839887
98839888
98839889
98839890
98839891
98839892
98839893
98839894
98839895
98839896
98839897
98839898
98839899
98839900
98839901
98839902
98839903
98839904
98839905
98839906
98839907
98839908
98839909
98839910
98839911
98839912
98839913
98839914
98839915
98839916
98839917
98839918
98839919
98839920
98839921
98839922
98839923
98839924
98839925
98839926
98839927
98839928
98839929
98839930
98839931
98839932
98839933
98839934
98839935
98839936
98839937
98839938
98839939
98839940
98839941
98839942
98839943
98839944
98839945
98839946
98839947
98839948
98839949
98839950
98839951
98839952
98839953
98839954
98839955
98839956
98839957
98839958
98839959
98839960
98839961
98839962
98839963
98839964
98839965
98839966
98839967
98839968
98839969
98839970
98839971
98839972
98839973
98839974
98839975
98839976
98839977
98839978
98839979
98839980
98839981
98839982
98839983
98839984
98839985
98839986
98839987
98839988
98839989
98839990
98839991
98839992
98839993
98839994
98839995
98839996
98839997
98839998
98839999
98840000
98840001
98840002
98840003
98840004
98840005
98840006
98840007
98840008
98840009
98840010
98840011
98840012
98840013
98840014
98840015
98840016
98840017
98840018
98840019
98840020
98840021
98840022
98840023
98840024
98840025
98840026
98840027
98840028
98840029
98840030
98840031
98840032
98840033
98840034
98840035
98840036
98840037
98840038
98840039
98840040
98840041
98840042
98840043
98840044
98840045
98840046
98840047
98840048
98840049
98840050
98840051
98840052
98840053
98840054
98840055
98840056
98840057
98840058
98840059
98840060
98840061
98840062
98840063
98840064
98840065
98840066
98840067
98840068
98840069
98840070
98840071
98840072
98840073
98840074
98840075
98840076
98840077
98840078
98840079
98840080
98840081
98840082
98840083
98840084
98840085
98840086
98840087
98840088
98840089
98840090
98840091
98840092
98840093
98840094
98840095
98840096
98840097
98840098
98840099
98840100
98840101
98840102
98840103
98840104
98840105
98840106
98840107
98840108
98840109
98840110
98840111
98840112
98840113
98840114
98840115
98840116
98840117
98840118
98840119
98840120
98840121
98840122
98840123
98840124
98840125
98840126
98840127
98840128
98840129
98840130
98840131
98840132
98840133
98840134
98840135
98840136
98840137
98840138
98840139
98840140
98840141
98840142
98840143
98840144
98840145
98840146
98840147
98840148
98840149
98840150
98840151
98840152
98840153
98840154
98840155
98840156
98840157
98840158
98840159
98840160
98840161
98840162
98840163
98840164
98840165
98840166
98840167
98840168
98840169
98840170
98840171
98840172
98840173
98840174
98840175
98840176
98840177
98840178
98840179
98840180
98840181
98840182
98840183
98840184
98840185
98840186
98840187
98840188
98840189
98840190
98840191
98840192
98840193
98840194
98840195
98840196
98840197
98840198
98840199
98840200
98840201
98840202
98840203
98840204
98840205
98840206
98840207
98840208
98840209
98840210
98840211
98840212
98840213
98840214
98840215
98840216
98840217
98840218
98840219
98840220
98840221
98840222
98840223
98840224
98840225
98840226
98840227
98840228
98840229
98840230
98840231
98840232
98840233
98840234
98840235
98840236
98840237
98840238
98840239
98840240
98840241
98840242
98840243
98840244
98840245
98840246
98840247
98840248
98840249
98840250
98840251
98840252
98840253
98840254
98840255
98840256
98840257
98840258
98840259
98840260
98840261
98840262
98840263
98840264
98840265
98840266
98840267
98840268
98840269
98840270
98840271
98840272
98840273
98840274
98840275
98840276
98840277
98840278
98840279
98840280
98840281
98840282
98840283
98840284
98840285
98840286
98840287
98840288
98840289
98840290
98840291
98840292
98840293
98840294
98840295
98840296
98840297
98840298
98840299
98840300
98840301
98840302
98840303
98840304
98840305
98840306
98840307
98840308
98840309
98840310
98840311
98840312
98840313
98840314
98840315
98840316
98840317
98840318
98840319
98840320
98840321
98840322
98840323
98840324
98840325
98840326
98840327
98840328
98840329
98840330
98840331
98840332
98840333
98840334
98840335
98840336
98840337
98840338
98840339
98840340
98840341
98840342
98840343
98840344
98840345
98840346
98840347
98840348
98840349
98840350
98840351
98840352
98840353
98840354
98840355
98840356
98840357
98840358
98840359
98840360
98840361
98840362
98840363
98840364
98840365
98840366
98840367
98840368
98840369
98840370
98840371
98840372
98840373
98840374
98840375
98840376
98840377
98840378
98840379
98840380
98840381
98840382
98840383
98840384
98840385
98840386
98840387
98840388
98840389
98840390
98840391
98840392
98840393
98840394
98840395
98840396
98840397
98840398
98840399
98840400
98840401
98840402
98840403
98840404
98840405
98840406
98840407
98840408
98840409
98840410
98840411
98840412
98840413
98840414
98840415
98840416
98840417
98840418
98840419
98840420
98840421
98840422
98840423
98840424
98840425
98840426
98840427
98840428
98840429
98840430
98840431
98840432
98840433
98840434
98840435
98840436
98840437
98840438
98840439
98840440
98840441
98840442
98840443
98840444
98840445
98840446
98840447
98840448
98840449
98840450
98840451
98840452
98840453
98840454
98840455
98840456
98840457
98840458
98840459
98840460
98840461
98840462
98840463
98840464
98840465
98840466
98840467
98840468
98840469
98840470
98840471
98840472
98840473
98840474
98840475
98840476
98840477
98840478
98840479
98840480
98840481
98840482
98840483
98840484
98840485
98840486
98840487
98840488
98840489
98840490
98840491
98840492
98840493
98840494
98840495
98840496
98840497
98840498
98840499
98840500
98840501
98840502
98840503
98840504
98840505
98840506
98840507
98840508
98840509
98840510
98840511
98840512
98840513
98840514
98840515
98840516
98840517
98840518
98840519
98840520
98840521
98840522
98840523
98840524
98840525
98840526
98840527
98840528
98840529
98840530
98840531
98840532
98840533
98840534
98840535
98840536
98840537
98840538
98840539
98840540
98840541
98840542
98840543
98840544
98840545
98840546
98840547
98840548
98840549
98840550
98840551
98840552
98840553
98840554
98840555
98840556
98840557
98840558
98840559
98840560
98840561
98840562
98840563
98840564
98840565
98840566
98840567
98840568
98840569
98840570
98840571
98840572
98840573
98840574
98840575
98840576
98840577
98840578
98840579
98840580
98840581
98840582
98840583
98840584
98840585
98840586
98840587
98840588
98840589
98840590
98840591
98840592
98840593
98840594
98840595
98840596
98840597
98840598
98840599
98840600
98840601
98840602
98840603
98840604
98840605
98840606
98840607
98840608
98840609
98840610
98840611
98840612
98840613
98840614
98840615
98840616
98840617
98840618
98840619
98840620
98840621
98840622
98840623
98840624
98840625
98840626
98840627
98840628
98840629
98840630
98840631
98840632
98840633
98840634
98840635
98840636
98840637
98840638
98840639
98840640
98840641
98840642
98840643
98840644
98840645
98840646
98840647
98840648
98840649
98840650
98840651
98840652
98840653
98840654
98840655
98840656
98840657
98840658
98840659
98840660
98840661
98840662
98840663
98840664
98840665
98840666
98840667
98840668
98840669
98840670
98840671
98840672
98840673
98840674
98840675
98840676
98840677
98840678
98840679
98840680
98840681
98840682
98840683
98840684
98840685
98840686
98840687
98840688
98840689
98840690
98840691
98840692
98840693
98840694
98840695
98840696
98840697
98840698
98840699
98840700
98840701
98840702
98840703
98840704
98840705
98840706
98840707
98840708
98840709
98840710
98840711
98840712
98840713
98840714
98840715
98840716
98840717
98840718
98840719
98840720
98840721
98840722
98840723
98840724
98840725
98840726
98840727
98840728
98840729
98840730
98840731
98840732
98840733
98840734
98840735
98840736
98840737
98840738
98840739
98840740
98840741
98840742
98840743
98840744
98840745
98840746
98840747
98840748
98840749
98840750
98840751
98840752
98840753
98840754
98840755
98840756
98840757
98840758
98840759
98840760
98840761
98840762
98840763
98840764
98840765
98840766
98840767
98840768
98840769
98840770
98840771
98840772
98840773
98840774
98840775
98840776
98840777
98840778
98840779
98840780
98840781
98840782
98840783
98840784
98840785
98840786
98840787
98840788
98840789
98840790
98840791
98840792
98840793
98840794
98840795
98840796
98840797
98840798
98840799
98840800
98840801
98840802
98840803
98840804
98840805
98840806
98840807
98840808
98840809
98840810
98840811
98840812
98840813
98840814
98840815
98840816
98840817
98840818
98840819
98840820
98840821
98840822
98840823
98840824
98840825
98840826
98840827
98840828
98840829
98840830
98840831
98840832
98840833
98840834
98840835
98840836
98840837
98840838
98840839
98840840
98840841
98840842
98840843
98840844
98840845
98840846
98840847
98840848
98840849
98840850
98840851
98840852
98840853
98840854
98840855
98840856
98840857
98840858
98840859
98840860
98840861
98840862
98840863
98840864
98840865
98840866
98840867
98840868
98840869
98840870
98840871
98840872
98840873
98840874
98840875
98840876
98840877
98840878
98840879
98840880
98840881
98840882
98840883
98840884
98840885
98840886
98840887
98840888
98840889
98840890
98840891
98840892
98840893
98840894
98840895
98840896
98840897
98840898
98840899
98840900
98840901
98840902
98840903
98840904
98840905
98840906
98840907
98840908
98840909
98840910
98840911
98840912
98840913
98840914
98840915
98840916
98840917
98840918
98840919
98840920
98840921
98840922
98840923
98840924
98840925
98840926
98840927
98840928
98840929
98840930
98840931
98840932
98840933
98840934
98840935
98840936
98840937
98840938
98840939
98840940
98840941
98840942
98840943
98840944
98840945
98840946
98840947
98840948
98840949
98840950
98840951
98840952
98840953
98840954
98840955
98840956
98840957
98840958
98840959
98840960
98840961
98840962
98840963
98840964
98840965
98840966
98840967
98840968
98840969
98840970
98840971
98840972
98840973
98840974
98840975
98840976
98840977
98840978
98840979
98840980
98840981
98840982
98840983
98840984
98840985
98840986
98840987
98840988
98840989
98840990
98840991
98840992
98840993
98840994
98840995
98840996
98840997
98840998
98840999
98841000
98841001
98841002
98841003
98841004
98841005
98841006
98841007
98841008
98841009
98841010
98841011
98841012
98841013
98841014
98841015
98841016
98841017
98841018
98841019
98841020
98841021
98841022
98841023
98841024
98841025
98841026
98841027
98841028
98841029
98841030
98841031
98841032
98841033
98841034
98841035
98841036
98841037
98841038
98841039
98841040
98841041
98841042
98841043
98841044
98841045
98841046
98841047
98841048
98841049
98841050
98841051
98841052
98841053
98841054
98841055
98841056
98841057
98841058
98841059
98841060
98841061
98841062
98841063
98841064
98841065
98841066
98841067
98841068
98841069
98841070
98841071
98841072
98841073
98841074
98841075
98841076
98841077
98841078
98841079
98841080
98841081
98841082
98841083
98841084
98841085
98841086
98841087
98841088
98841089
98841090
98841091
98841092
98841093
98841094
98841095
98841096
98841097
98841098
98841099
98841100
98841101
98841102
98841103
98841104
98841105
98841106
98841107
98841108
98841109
98841110
98841111
98841112
98841113
98841114
98841115
98841116
98841117
98841118
98841119
98841120
98841121
98841122
98841123
98841124
98841125
98841126
98841127
98841128
98841129
98841130
98841131
98841132
98841133
98841134
98841135
98841136
98841137
98841138
98841139
98841140
98841141
98841142
98841143
98841144
98841145
98841146
98841147
98841148
98841149
98841150
98841151
98841152
98841153
98841154
98841155
98841156
98841157
98841158
98841159
98841160
98841161
98841162
98841163
98841164
98841165
98841166
98841167
98841168
98841169
98841170
98841171
98841172
98841173
98841174
98841175
98841176
98841177
98841178
98841179
98841180
98841181
98841182
98841183
98841184
98841185
98841186
98841187
98841188
98841189
98841190
98841191
98841192
98841193
98841194
98841195
98841196
98841197
98841198
98841199
98841200
98841201
98841202
98841203
98841204
98841205
98841206
98841207
98841208
98841209
98841210
98841211
98841212
98841213
98841214
98841215
98841216
98841217
98841218
98841219
98841220
98841221
98841222
98841223
98841224
98841225
98841226
98841227
98841228
98841229
98841230
98841231
98841232
98841233
98841234
98841235
98841236
98841237
98841238
98841239
98841240
98841241
98841242
98841243
98841244
98841245
98841246
98841247
98841248
98841249
98841250
98841251
98841252
98841253
98841254
98841255
98841256
98841257
98841258
98841259
98841260
98841261
98841262
98841263
98841264
98841265
98841266
98841267
98841268
98841269
98841270
98841271
98841272
98841273
98841274
98841275
98841276
98841277
98841278
98841279
98841280
98841281
98841282
98841283
98841284
98841285
98841286
98841287
98841288
98841289
98841290
98841291
98841292
98841293
98841294
98841295
98841296
98841297
98841298
98841299
98841300
98841301
98841302
98841303
98841304
98841305
98841306
98841307
98841308
98841309
98841310
98841311
98841312
98841313
98841314
98841315
98841316
98841317
98841318
98841319
98841320
98841321
98841322
98841323
98841324
98841325
98841326
98841327
98841328
98841329
98841330
98841331
98841332
98841333
98841334
98841335
98841336
98841337
98841338
98841339
98841340
98841341
98841342
98841343
98841344
98841345
98841346
98841347
98841348
98841349
98841350
98841351
98841352
98841353
98841354
98841355
98841356
98841357
98841358
98841359
98841360
98841361
98841362
98841363
98841364
98841365
98841366
98841367
98841368
98841369
98841370
98841371
98841372
98841373
98841374
98841375
98841376
98841377
98841378
98841379
98841380
98841381
98841382
98841383
98841384
98841385
98841386
98841387
98841388
98841389
98841390
98841391
98841392
98841393
98841394
98841395
98841396
98841397
98841398
98841399
98841400
98841401
98841402
98841403
98841404
98841405
98841406
98841407
98841408
98841409
98841410
98841411
98841412
98841413
98841414
98841415
98841416
98841417
98841418
98841419
98841420
98841421
98841422
98841423
98841424
98841425
98841426
98841427
98841428
98841429
98841430
98841431
98841432
98841433
98841434
98841435
98841436
98841437
98841438
98841439
98841440
98841441
98841442
98841443
98841444
98841445
98841446
98841447
98841448
98841449
98841450
98841451
98841452
98841453
98841454
98841455
98841456
98841457
98841458
98841459
98841460
98841461
98841462
98841463
98841464
98841465
98841466
98841467
98841468
98841469
98841470
98841471
98841472
98841473
98841474
98841475
98841476
98841477
98841478
98841479
98841480
98841481
98841482
98841483
98841484
98841485
98841486
98841487
98841488
98841489
98841490
98841491
98841492
98841493
98841494
98841495
98841496
98841497
98841498
98841499
98841500
98841501
98841502
98841503
98841504
98841505
98841506
98841507
98841508
98841509
98841510
98841511
98841512
98841513
98841514
98841515
98841516
98841517
98841518
98841519
98841520
98841521
98841522
98841523
98841524
98841525
98841526
98841527
98841528
98841529
98841530
98841531
98841532
98841533
98841534
98841535
98841536
98841537
98841538
98841539
98841540
98841541
98841542
98841543
98841544
98841545
98841546
98841547
98841548
98841549
98841550
98841551
98841552
98841553
98841554
98841555
98841556
98841557
98841558
98841559
98841560
98841561
98841562
98841563
98841564
98841565
98841566
98841567
98841568
98841569
98841570
98841571
98841572
98841573
98841574
98841575
98841576
98841577
98841578
98841579
98841580
98841581
98841582
98841583
98841584
98841585
98841586
98841587
98841588
98841589
98841590
98841591
98841592
98841593
98841594
98841595
98841596
98841597
98841598
98841599
98841600
98841601
98841602
98841603
98841604
98841605
98841606
98841607
98841608
98841609
98841610
98841611
98841612
98841613
98841614
98841615
98841616
98841617
98841618
98841619
98841620
98841621
98841622
98841623
98841624
98841625
98841626
98841627
98841628
98841629
98841630
98841631
98841632
98841633
98841634
98841635
98841636
98841637
98841638
98841639
98841640
98841641
98841642
98841643
98841644
98841645
98841646
98841647
98841648
98841649
98841650
98841651
98841652
98841653
98841654
98841655
98841656
98841657
98841658
98841659
98841660
98841661
98841662
98841663
98841664
98841665
98841666
98841667
98841668
98841669
98841670
98841671
98841672
98841673
98841674
98841675
98841676
98841677
98841678
98841679
98841680
98841681
98841682
98841683
98841684
98841685
98841686
98841687
98841688
98841689
98841690
98841691
98841692
98841693
98841694
98841695
98841696
98841697
98841698
98841699
98841700
98841701
98841702
98841703
98841704
98841705
98841706
98841707
98841708
98841709
98841710
98841711
98841712
98841713
98841714
98841715
98841716
98841717
98841718
98841719
98841720
98841721
98841722
98841723
98841724
98841725
98841726
98841727
98841728
98841729
98841730
98841731
98841732
98841733
98841734
98841735
98841736
98841737
98841738
98841739
98841740
98841741
98841742
98841743
98841744
98841745
98841746
98841747
98841748
98841749
98841750
98841751
98841752
98841753
98841754
98841755
98841756
98841757
98841758
98841759
98841760
98841761
98841762
98841763
98841764
98841765
98841766
98841767
98841768
98841769
98841770
98841771
98841772
98841773
98841774
98841775
98841776
98841777
98841778
98841779
98841780
98841781
98841782
98841783
98841784
98841785
98841786
98841787
98841788
98841789
98841790
98841791
98841792
98841793
98841794
98841795
98841796
98841797
98841798
98841799
98841800
98841801
98841802
98841803
98841804
98841805
98841806
98841807
98841808
98841809
98841810
98841811
98841812
98841813
98841814
98841815
98841816
98841817
98841818
98841819
98841820
98841821
98841822
98841823
98841824
98841825
98841826
98841827
98841828
98841829
98841830
98841831
98841832
98841833
98841834
98841835
98841836
98841837
98841838
98841839
98841840
98841841
98841842
98841843
98841844
98841845
98841846
98841847
98841848
98841849
98841850
98841851
98841852
98841853
98841854
98841855
98841856
98841857
98841858
98841859
98841860
98841861
98841862
98841863
98841864
98841865
98841866
98841867
98841868
98841869
98841870
98841871
98841872
98841873
98841874
98841875
98841876
98841877
98841878
98841879
98841880
98841881
98841882
98841883
98841884
98841885
98841886
98841887
98841888
98841889
98841890
98841891
98841892
98841893
98841894
98841895
98841896
98841897
98841898
98841899
98841900
98841901
98841902
98841903
98841904
98841905
98841906
98841907
98841908
98841909
98841910
98841911
98841912
98841913
98841914
98841915
98841916
98841917
98841918
98841919
98841920
98841921
98841922
98841923
98841924
98841925
98841926
98841927
98841928
98841929
98841930
98841931
98841932
98841933
98841934
98841935
98841936
98841937
98841938
98841939
98841940
98841941
98841942
98841943
98841944
98841945
98841946
98841947
98841948
98841949
98841950
98841951
98841952
98841953
98841954
98841955
98841956
98841957
98841958
98841959
98841960
98841961
98841962
98841963
98841964
98841965
98841966
98841967
98841968
98841969
98841970
98841971
98841972
98841973
98841974
98841975
98841976
98841977
98841978
98841979
98841980
98841981
98841982
98841983
98841984
98841985
98841986
98841987
98841988
98841989
98841990
98841991
98841992
98841993
98841994
98841995
98841996
98841997
98841998
98841999
98842000
98842001
98842002
98842003
98842004
98842005
98842006
98842007
98842008
98842009
98842010
98842011
98842012
98842013
98842014
98842015
98842016
98842017
98842018
98842019
98842020
98842021
98842022
98842023
98842024
98842025
98842026
98842027
98842028
98842029
98842030
98842031
98842032
98842033
98842034
98842035
98842036
98842037
98842038
98842039
98842040
98842041
98842042
98842043
98842044
98842045
98842046
98842047
98842048
98842049
98842050
98842051
98842052
98842053
98842054
98842055
98842056
98842057
98842058
98842059
98842060
98842061
98842062
98842063
98842064
98842065
98842066
98842067
98842068
98842069
98842070
98842071
98842072
98842073
98842074
98842075
98842076
98842077
98842078
98842079
98842080
98842081
98842082
98842083
98842084
98842085
98842086
98842087
98842088
98842089
98842090
98842091
98842092
98842093
98842094
98842095
98842096
98842097
98842098
98842099
98842100
98842101
98842102
98842103
98842104
98842105
98842106
98842107
98842108
98842109
98842110
98842111
98842112
98842113
98842114
98842115
98842116
98842117
98842118
98842119
98842120
98842121
98842122
98842123
98842124
98842125
98842126
98842127
98842128
98842129
98842130
98842131
98842132
98842133
98842134
98842135
98842136
98842137
98842138
98842139
98842140
98842141
98842142
98842143
98842144
98842145
98842146
98842147
98842148
98842149
98842150
98842151
98842152
98842153
98842154
98842155
98842156
98842157
98842158
98842159
98842160
98842161
98842162
98842163
98842164
98842165
98842166
98842167
98842168
98842169
98842170
98842171
98842172
98842173
98842174
98842175
98842176
98842177
98842178
98842179
98842180
98842181
98842182
98842183
98842184
98842185
98842186
98842187
98842188
98842189
98842190
98842191
98842192
98842193
98842194
98842195
98842196
98842197
98842198
98842199
98842200
98842201
98842202
98842203
98842204
98842205
98842206
98842207
98842208
98842209
98842210
98842211
98842212
98842213
98842214
98842215
98842216
98842217
98842218
98842219
98842220
98842221
98842222
98842223
98842224
98842225
98842226
98842227
98842228
98842229
98842230
98842231
98842232
98842233
98842234
98842235
98842236
98842237
98842238
98842239
98842240
98842241
98842242
98842243
98842244
98842245
98842246
98842247
98842248
98842249
98842250
98842251
98842252
98842253
98842254
98842255
98842256
98842257
98842258
98842259
98842260
98842261
98842262
98842263
98842264
98842265
98842266
98842267
98842268
98842269
98842270
98842271
98842272
98842273
98842274
98842275
98842276
98842277
98842278
98842279
98842280
98842281
98842282
98842283
98842284
98842285
98842286
98842287
98842288
98842289
98842290
98842291
98842292
98842293
98842294
98842295
98842296
98842297
98842298
98842299
98842300
98842301
98842302
98842303
98842304
98842305
98842306
98842307
98842308
98842309
98842310
98842311
98842312
98842313
98842314
98842315
98842316
98842317
98842318
98842319
98842320
98842321
98842322
98842323
98842324
98842325
98842326
98842327
98842328
98842329
98842330
98842331
98842332
98842333
98842334
98842335
98842336
98842337
98842338
98842339
98842340
98842341
98842342
98842343
98842344
98842345
98842346
98842347
98842348
98842349
98842350
98842351
98842352
98842353
98842354
98842355
98842356
98842357
98842358
98842359
98842360
98842361
98842362
98842363
98842364
98842365
98842366
98842367
98842368
98842369
98842370
98842371
98842372
98842373
98842374
98842375
98842376
98842377
98842378
98842379
98842380
98842381
98842382
98842383
98842384
98842385
98842386
98842387
98842388
98842389
98842390
98842391
98842392
98842393
98842394
98842395
98842396
98842397
98842398
98842399
98842400
98842401
98842402
98842403
98842404
98842405
98842406
98842407
98842408
98842409
98842410
98842411
98842412
98842413
98842414
98842415
98842416
98842417
98842418
98842419
98842420
98842421
98842422
98842423
98842424
98842425
98842426
98842427
98842428
98842429
98842430
98842431
98842432
98842433
98842434
98842435
98842436
98842437
98842438
98842439
98842440
98842441
98842442
98842443
98842444
98842445
98842446
98842447
98842448
98842449
98842450
98842451
98842452
98842453
98842454
98842455
98842456
98842457
98842458
98842459
98842460
98842461
98842462
98842463
98842464
98842465
98842466
98842467
98842468
98842469
98842470
98842471
98842472
98842473
98842474
98842475
98842476
98842477
98842478
98842479
98842480
98842481
98842482
98842483
98842484
98842485
98842486
98842487
98842488
98842489
98842490
98842491
98842492
98842493
98842494
98842495
98842496
98842497
98842498
98842499
98842500
98842501
98842502
98842503
98842504
98842505
98842506
98842507
98842508
98842509
98842510
98842511
98842512
98842513
98842514
98842515
98842516
98842517
98842518
98842519
98842520
98842521
98842522
98842523
98842524
98842525
98842526
98842527
98842528
98842529
98842530
98842531
98842532
98842533
98842534
98842535
98842536
98842537
98842538
98842539
98842540
98842541
98842542
98842543
98842544
98842545
98842546
98842547
98842548
98842549
98842550
98842551
98842552
98842553
98842554
98842555
98842556
98842557
98842558
98842559
98842560
98842561
98842562
98842563
98842564
98842565
98842566
98842567
98842568
98842569
98842570
98842571
98842572
98842573
98842574
98842575
98842576
98842577
98842578
98842579
98842580
98842581
98842582
98842583
98842584
98842585
98842586
98842587
98842588
98842589
98842590
98842591
98842592
98842593
98842594
98842595
98842596
98842597
98842598
98842599
98842600
98842601
98842602
98842603
98842604
98842605
98842606
98842607
98842608
98842609
98842610
98842611
98842612
98842613
98842614
98842615
98842616
98842617
98842618
98842619
98842620
98842621
98842622
98842623
98842624
98842625
98842626
98842627
98842628
98842629
98842630
98842631
98842632
98842633
98842634
98842635
98842636
98842637
98842638
98842639
98842640
98842641
98842642
98842643
98842644
98842645
98842646
98842647
98842648
98842649
98842650
98842651
98842652
98842653
98842654
98842655
98842656
98842657
98842658
98842659
98842660
98842661
98842662
98842663
98842664
98842665
98842666
98842667
98842668
98842669
98842670
98842671
98842672
98842673
98842674
98842675
98842676
98842677
98842678
98842679
98842680
98842681
98842682
98842683
98842684
98842685
98842686
98842687
98842688
98842689
98842690
98842691
98842692
98842693
98842694
98842695
98842696
98842697
98842698
98842699
98842700
98842701
98842702
98842703
98842704
98842705
98842706
98842707
98842708
98842709
98842710
98842711
98842712
98842713
98842714
98842715
98842716
98842717
98842718
98842719
98842720
98842721
98842722
98842723
98842724
98842725
98842726
98842727
98842728
98842729
98842730
98842731
98842732
98842733
98842734
98842735
98842736
98842737
98842738
98842739
98842740
98842741
98842742
98842743
98842744
98842745
98842746
98842747
98842748
98842749
98842750
98842751
98842752
98842753
98842754
98842755
98842756
98842757
98842758
98842759
98842760
98842761
98842762
98842763
98842764
98842765
98842766
98842767
98842768
98842769
98842770
98842771
98842772
98842773
98842774
98842775
98842776
98842777
98842778
98842779
98842780
98842781
98842782
98842783
98842784
98842785
98842786
98842787
98842788
98842789
98842790
98842791
98842792
98842793
98842794
98842795
98842796
98842797
98842798
98842799
98842800
98842801
98842802
98842803
98842804
98842805
98842806
98842807
98842808
98842809
98842810
98842811
98842812
98842813
98842814
98842815
98842816
98842817
98842818
98842819
98842820
98842821
98842822
98842823
98842824
98842825
98842826
98842827
98842828
98842829
98842830
98842831
98842832
98842833
98842834
98842835
98842836
98842837
98842838
98842839
98842840
98842841
98842842
98842843
98842844
98842845
98842846
98842847
98842848
98842849
98842850
98842851
98842852
98842853
98842854
98842855
98842856
98842857
98842858
98842859
98842860
98842861
98842862
98842863
98842864
98842865
98842866
98842867
98842868
98842869
98842870
98842871
98842872
98842873
98842874
98842875
98842876
98842877
98842878
98842879
98842880
98842881
98842882
98842883
98842884
98842885
98842886
98842887
98842888
98842889
98842890
98842891
98842892
98842893
98842894
98842895
98842896
98842897
98842898
98842899
98842900
98842901
98842902
98842903
98842904
98842905
98842906
98842907
98842908
98842909
98842910
98842911
98842912
98842913
98842914
98842915
98842916
98842917
98842918
98842919
98842920
98842921
98842922
98842923
98842924
98842925
98842926
98842927
98842928
98842929
98842930
98842931
98842932
98842933
98842934
98842935
98842936
98842937
98842938
98842939
98842940
98842941
98842942
98842943
98842944
98842945
98842946
98842947
98842948
98842949
98842950
98842951
98842952
98842953
98842954
98842955
98842956
98842957
98842958
98842959
98842960
98842961
98842962
98842963
98842964
98842965
98842966
98842967
98842968
98842969
98842970
98842971
98842972
98842973
98842974
98842975
98842976
98842977
98842978
98842979
98842980
98842981
98842982
98842983
98842984
98842985
98842986
98842987
98842988
98842989
98842990
98842991
98842992
98842993
98842994
98842995
98842996
98842997
98842998
98842999
98843000
98843001
98843002
98843003
98843004
98843005
98843006
98843007
98843008
98843009
98843010
98843011
98843012
98843013
98843014
98843015
98843016
98843017
98843018
98843019
98843020
98843021
98843022
98843023
98843024
98843025
98843026
98843027
98843028
98843029
98843030
98843031
98843032
98843033
98843034
98843035
98843036
98843037
98843038
98843039
98843040
98843041
98843042
98843043
98843044
98843045
98843046
98843047
98843048
98843049
98843050
98843051
98843052
98843053
98843054
98843055
98843056
98843057
98843058
98843059
98843060
98843061
98843062
98843063
98843064
98843065
98843066
98843067
98843068
98843069
98843070
98843071
98843072
98843073
98843074
98843075
98843076
98843077
98843078
98843079
98843080
98843081
98843082
98843083
98843084
98843085
98843086
98843087
98843088
98843089
98843090
98843091
98843092
98843093
98843094
98843095
98843096
98843097
98843098
98843099
98843100
98843101
98843102
98843103
98843104
98843105
98843106
98843107
98843108
98843109
98843110
98843111
98843112
98843113
98843114
98843115
98843116
98843117
98843118
98843119
98843120
98843121
98843122
98843123
98843124
98843125
98843126
98843127
98843128
98843129
98843130
98843131
98843132
98843133
98843134
98843135
98843136
98843137
98843138
98843139
98843140
98843141
98843142
98843143
98843144
98843145
98843146
98843147
98843148
98843149
98843150
98843151
98843152
98843153
98843154
98843155
98843156
98843157
98843158
98843159
98843160
98843161
98843162
98843163
98843164
98843165
98843166
98843167
98843168
98843169
98843170
98843171
98843172
98843173
98843174
98843175
98843176
98843177
98843178
98843179
98843180
98843181
98843182
98843183
98843184
98843185
98843186
98843187
98843188
98843189
98843190
98843191
98843192
98843193
98843194
98843195
98843196
98843197
98843198
98843199
98843200
98843201
98843202
98843203
98843204
98843205
98843206
98843207
98843208
98843209
98843210
98843211
98843212
98843213
98843214
98843215
98843216
98843217
98843218
98843219
98843220
98843221
98843222
98843223
98843224
98843225
98843226
98843227
98843228
98843229
98843230
98843231
98843232
98843233
98843234
98843235
98843236
98843237
98843238
98843239
98843240
98843241
98843242
98843243
98843244
98843245
98843246
98843247
98843248
98843249
98843250
98843251
98843252
98843253
98843254
98843255
98843256
98843257
98843258
98843259
98843260
98843261
98843262
98843263
98843264
98843265
98843266
98843267
98843268
98843269
98843270
98843271
98843272
98843273
98843274
98843275
98843276
98843277
98843278
98843279
98843280
98843281
98843282
98843283
98843284
98843285
98843286
98843287
98843288
98843289
98843290
98843291
98843292
98843293
98843294
98843295
98843296
98843297
98843298
98843299
98843300
98843301
98843302
98843303
98843304
98843305
98843306
98843307
98843308
98843309
98843310
98843311
98843312
98843313
98843314
98843315
98843316
98843317
98843318
98843319
98843320
98843321
98843322
98843323
98843324
98843325
98843326
98843327
98843328
98843329
98843330
98843331
98843332
98843333
98843334
98843335
98843336
98843337
98843338
98843339
98843340
98843341
98843342
98843343
98843344
98843345
98843346
98843347
98843348
98843349
98843350
98843351
98843352
98843353
98843354
98843355
98843356
98843357
98843358
98843359
98843360
98843361
98843362
98843363
98843364
98843365
98843366
98843367
98843368
98843369
98843370
98843371
98843372
98843373
98843374
98843375
98843376
98843377
98843378
98843379
98843380
98843381
98843382
98843383
98843384
98843385
98843386
98843387
98843388
98843389
98843390
98843391
98843392
98843393
98843394
98843395
98843396
98843397
98843398
98843399
98843400
98843401
98843402
98843403
98843404
98843405
98843406
98843407
98843408
98843409
98843410
98843411
98843412
98843413
98843414
98843415
98843416
98843417
98843418
98843419
98843420
98843421
98843422
98843423
98843424
98843425
98843426
98843427
98843428
98843429
98843430
98843431
98843432
98843433
98843434
98843435
98843436
98843437
98843438
98843439
98843440
98843441
98843442
98843443
98843444
98843445
98843446
98843447
98843448
98843449
98843450
98843451
98843452
98843453
98843454
98843455
98843456
98843457
98843458
98843459
98843460
98843461
98843462
98843463
98843464
98843465
98843466
98843467
98843468
98843469
98843470
98843471
98843472
98843473
98843474
98843475
98843476
98843477
98843478
98843479
98843480
98843481
98843482
98843483
98843484
98843485
98843486
98843487
98843488
98843489
98843490
98843491
98843492
98843493
98843494
98843495
98843496
98843497
98843498
98843499
98843500
98843501
98843502
98843503
98843504
98843505
98843506
98843507
98843508
98843509
98843510
98843511
98843512
98843513
98843514
98843515
98843516
98843517
98843518
98843519
98843520
98843521
98843522
98843523
98843524
98843525
98843526
98843527
98843528
98843529
98843530
98843531
98843532
98843533
98843534
98843535
98843536
98843537
98843538
98843539
98843540
98843541
98843542
98843543
98843544
98843545
98843546
98843547
98843548
98843549
98843550
98843551
98843552
98843553
98843554
98843555
98843556
98843557
98843558
98843559
98843560
98843561
98843562
98843563
98843564
98843565
98843566
98843567
98843568
98843569
98843570
98843571
98843572
98843573
98843574
98843575
98843576
98843577
98843578
98843579
98843580
98843581
98843582
98843583
98843584
98843585
98843586
98843587
98843588
98843589
98843590
98843591
98843592
98843593
98843594
98843595
98843596
98843597
98843598
98843599
98843600
98843601
98843602
98843603
98843604
98843605
98843606
98843607
98843608
98843609
98843610
98843611
98843612
98843613
98843614
98843615
98843616
98843617
98843618
98843619
98843620
98843621
98843622
98843623
98843624
98843625
98843626
98843627
98843628
98843629
98843630
98843631
98843632
98843633
98843634
98843635
98843636
98843637
98843638
98843639
98843640
98843641
98843642
98843643
98843644
98843645
98843646
98843647
98843648
98843649
98843650
98843651
98843652
98843653
98843654
98843655
98843656
98843657
98843658
98843659
98843660
98843661
98843662
98843663
98843664
98843665
98843666
98843667
98843668
98843669
98843670
98843671
98843672
98843673
98843674
98843675
98843676
98843677
98843678
98843679
98843680
98843681
98843682
98843683
98843684
98843685
98843686
98843687
98843688
98843689
98843690
98843691
98843692
98843693
98843694
98843695
98843696
98843697
98843698
98843699
98843700
98843701
98843702
98843703
98843704
98843705
98843706
98843707
98843708
98843709
98843710
98843711
98843712
98843713
98843714
98843715
98843716
98843717
98843718
98843719
98843720
98843721
98843722
98843723
98843724
98843725
98843726
98843727
98843728
98843729
98843730
98843731
98843732
98843733
98843734
98843735
98843736
98843737
98843738
98843739
98843740
98843741
98843742
98843743
98843744
98843745
98843746
98843747
98843748
98843749
98843750
98843751
98843752
98843753
98843754
98843755
98843756
98843757
98843758
98843759
98843760
98843761
98843762
98843763
98843764
98843765
98843766
98843767
98843768
98843769
98843770
98843771
98843772
98843773
98843774
98843775
98843776
98843777
98843778
98843779
98843780
98843781
98843782
98843783
98843784
98843785
98843786
98843787
98843788
98843789
98843790
98843791
98843792
98843793
98843794
98843795
98843796
98843797
98843798
98843799
98843800
98843801
98843802
98843803
98843804
98843805
98843806
98843807
98843808
98843809
98843810
98843811
98843812
98843813
98843814
98843815
98843816
98843817
98843818
98843819
98843820
98843821
98843822
98843823
98843824
98843825
98843826
98843827
98843828
98843829
98843830
98843831
98843832
98843833
98843834
98843835
98843836
98843837
98843838
98843839
98843840
98843841
98843842
98843843
98843844
98843845
98843846
98843847
98843848
98843849
98843850
98843851
98843852
98843853
98843854
98843855
98843856
98843857
98843858
98843859
98843860
98843861
98843862
98843863
98843864
98843865
98843866
98843867
98843868
98843869
98843870
98843871
98843872
98843873
98843874
98843875
98843876
98843877
98843878
98843879
98843880
98843881
98843882
98843883
98843884
98843885
98843886
98843887
98843888
98843889
98843890
98843891
98843892
98843893
98843894
98843895
98843896
98843897
98843898
98843899
98843900
98843901
98843902
98843903
98843904
98843905
98843906
98843907
98843908
98843909
98843910
98843911
98843912
98843913
98843914
98843915
98843916
98843917
98843918
98843919
98843920
98843921
98843922
98843923
98843924
98843925
98843926
98843927
98843928
98843929
98843930
98843931
98843932
98843933
98843934
98843935
98843936
98843937
98843938
98843939
98843940
98843941
98843942
98843943
98843944
98843945
98843946
98843947
98843948
98843949
98843950
98843951
98843952
98843953
98843954
98843955
98843956
98843957
98843958
98843959
98843960
98843961
98843962
98843963
98843964
98843965
98843966
98843967
98843968
98843969
98843970
98843971
98843972
98843973
98843974
98843975
98843976
98843977
98843978
98843979
98843980
98843981
98843982
98843983
98843984
98843985
98843986
98843987
98843988
98843989
98843990
98843991
98843992
98843993
98843994
98843995
98843996
98843997
98843998
98843999
98844000
98844001
98844002
98844003
98844004
98844005
98844006
98844007
98844008
98844009
98844010
98844011
98844012
98844013
98844014
98844015
98844016
98844017
98844018
98844019
98844020
98844021
98844022
98844023
98844024
98844025
98844026
98844027
98844028
98844029
98844030
98844031
98844032
98844033
98844034
98844035
98844036
98844037
98844038
98844039
98844040
98844041
98844042
98844043
98844044
98844045
98844046
98844047
98844048
98844049
98844050
98844051
98844052
98844053
98844054
98844055
98844056
98844057
98844058
98844059
98844060
98844061
98844062
98844063
98844064
98844065
98844066
98844067
98844068
98844069
98844070
98844071
98844072
98844073
98844074
98844075
98844076
98844077
98844078
98844079
98844080
98844081
98844082
98844083
98844084
98844085
98844086
98844087
98844088
98844089
98844090
98844091
98844092
98844093
98844094
98844095
98844096
98844097
98844098
98844099
98844100
98844101
98844102
98844103
98844104
98844105
98844106
98844107
98844108
98844109
98844110
98844111
98844112
98844113
98844114
98844115
98844116
98844117
98844118
98844119
98844120
98844121
98844122
98844123
98844124
98844125
98844126
98844127
98844128
98844129
98844130
98844131
98844132
98844133
98844134
98844135
98844136
98844137
98844138
98844139
98844140
98844141
98844142
98844143
98844144
98844145
98844146
98844147
98844148
98844149
98844150
98844151
98844152
98844153
98844154
98844155
98844156
98844157
98844158
98844159
98844160
98844161
98844162
98844163
98844164
98844165
98844166
98844167
98844168
98844169
98844170
98844171
98844172
98844173
98844174
98844175
98844176
98844177
98844178
98844179
98844180
98844181
98844182
98844183
98844184
98844185
98844186
98844187
98844188
98844189
98844190
98844191
98844192
98844193
98844194
98844195
98844196
98844197
98844198
98844199
98844200
98844201
98844202
98844203
98844204
98844205
98844206
98844207
98844208
98844209
98844210
98844211
98844212
98844213
98844214
98844215
98844216
98844217
98844218
98844219
98844220
98844221
98844222
98844223
98844224
98844225
98844226
98844227
98844228
98844229
98844230
98844231
98844232
98844233
98844234
98844235
98844236
98844237
98844238
98844239
98844240
98844241
98844242
98844243
98844244
98844245
98844246
98844247
98844248
98844249
98844250
98844251
98844252
98844253
98844254
98844255
98844256
98844257
98844258
98844259
98844260
98844261
98844262
98844263
98844264
98844265
98844266
98844267
98844268
98844269
98844270
98844271
98844272
98844273
98844274
98844275
98844276
98844277
98844278
98844279
98844280
98844281
98844282
98844283
98844284
98844285
98844286
98844287
98844288
98844289
98844290
98844291
98844292
98844293
98844294
98844295
98844296
98844297
98844298
98844299
98844300
98844301
98844302
98844303
98844304
98844305
98844306
98844307
98844308
98844309
98844310
98844311
98844312
98844313
98844314
98844315
98844316
98844317
98844318
98844319
98844320
98844321
98844322
98844323
98844324
98844325
98844326
98844327
98844328
98844329
98844330
98844331
98844332
98844333
98844334
98844335
98844336
98844337
98844338
98844339
98844340
98844341
98844342
98844343
98844344
98844345
98844346
98844347
98844348
98844349
98844350
98844351
98844352
98844353
98844354
98844355
98844356
98844357
98844358
98844359
98844360
98844361
98844362
98844363
98844364
98844365
98844366
98844367
98844368
98844369
98844370
98844371
98844372
98844373
98844374
98844375
98844376
98844377
98844378
98844379
98844380
98844381
98844382
98844383
98844384
98844385
98844386
98844387
98844388
98844389
98844390
98844391
98844392
98844393
98844394
98844395
98844396
98844397
98844398
98844399
98844400
98844401
98844402
98844403
98844404
98844405
98844406
98844407
98844408
98844409
98844410
98844411
98844412
98844413
98844414
98844415
98844416
98844417
98844418
98844419
98844420
98844421
98844422
98844423
98844424
98844425
98844426
98844427
98844428
98844429
98844430
98844431
98844432
98844433
98844434
98844435
98844436
98844437
98844438
98844439
98844440
98844441
98844442
98844443
98844444
98844445
98844446
98844447
98844448
98844449
98844450
98844451
98844452
98844453
98844454
98844455
98844456
98844457
98844458
98844459
98844460
98844461
98844462
98844463
98844464
98844465
98844466
98844467
98844468
98844469
98844470
98844471
98844472
98844473
98844474
98844475
98844476
98844477
98844478
98844479
98844480
98844481
98844482
98844483
98844484
98844485
98844486
98844487
98844488
98844489
98844490
98844491
98844492
98844493
98844494
98844495
98844496
98844497
98844498
98844499
98844500
98844501
98844502
98844503
98844504
98844505
98844506
98844507
98844508
98844509
98844510
98844511
98844512
98844513
98844514
98844515
98844516
98844517
98844518
98844519
98844520
98844521
98844522
98844523
98844524
98844525
98844526
98844527
98844528
98844529
98844530
98844531
98844532
98844533
98844534
98844535
98844536
98844537
98844538
98844539
98844540
98844541
98844542
98844543
98844544
98844545
98844546
98844547
98844548
98844549
98844550
98844551
98844552
98844553
98844554
98844555
98844556
98844557
98844558
98844559
98844560
98844561
98844562
98844563
98844564
98844565
98844566
98844567
98844568
98844569
98844570
98844571
98844572
98844573
98844574
98844575
98844576
98844577
98844578
98844579
98844580
98844581
98844582
98844583
98844584
98844585
98844586
98844587
98844588
98844589
98844590
98844591
98844592
98844593
98844594
98844595
98844596
98844597
98844598
98844599
98844600
98844601
98844602
98844603
98844604
98844605
98844606
98844607
98844608
98844609
98844610
98844611
98844612
98844613
98844614
98844615
98844616
98844617
98844618
98844619
98844620
98844621
98844622
98844623
98844624
98844625
98844626
98844627
98844628
98844629
98844630
98844631
98844632
98844633
98844634
98844635
98844636
98844637
98844638
98844639
98844640
98844641
98844642
98844643
98844644
98844645
98844646
98844647
98844648
98844649
98844650
98844651
98844652
98844653
98844654
98844655
98844656
98844657
98844658
98844659
98844660
98844661
98844662
98844663
98844664
98844665
98844666
98844667
98844668
98844669
98844670
98844671
98844672
98844673
98844674
98844675
98844676
98844677
98844678
98844679
98844680
98844681
98844682
98844683
98844684
98844685
98844686
98844687
98844688
98844689
98844690
98844691
98844692
98844693
98844694
98844695
98844696
98844697
98844698
98844699
98844700
98844701
98844702
98844703
98844704
98844705
98844706
98844707
98844708
98844709
98844710
98844711
98844712
98844713
98844714
98844715
98844716
98844717
98844718
98844719
98844720
98844721
98844722
98844723
98844724
98844725
98844726
98844727
98844728
98844729
98844730
98844731
98844732
98844733
98844734
98844735
98844736
98844737
98844738
98844739
98844740
98844741
98844742
98844743
98844744
98844745
98844746
98844747
98844748
98844749
98844750
98844751
98844752
98844753
98844754
98844755
98844756
98844757
98844758
98844759
98844760
98844761
98844762
98844763
98844764
98844765
98844766
98844767
98844768
98844769
98844770
98844771
98844772
98844773
98844774
98844775
98844776
98844777
98844778
98844779
98844780
98844781
98844782
98844783
98844784
98844785
98844786
98844787
98844788
98844789
98844790
98844791
98844792
98844793
98844794
98844795
98844796
98844797
98844798
98844799
98844800
98844801
98844802
98844803
98844804
98844805
98844806
98844807
98844808
98844809
98844810
98844811
98844812
98844813
98844814
98844815
98844816
98844817
98844818
98844819
98844820
98844821
98844822
98844823
98844824
98844825
98844826
98844827
98844828
98844829
98844830
98844831
98844832
98844833
98844834
98844835
98844836
98844837
98844838
98844839
98844840
98844841
98844842
98844843
98844844
98844845
98844846
98844847
98844848
98844849
98844850
98844851
98844852
98844853
98844854
98844855
98844856
98844857
98844858
98844859
98844860
98844861
98844862
98844863
98844864
98844865
98844866
98844867
98844868
98844869
98844870
98844871
98844872
98844873
98844874
98844875
98844876
98844877
98844878
98844879
98844880
98844881
98844882
98844883
98844884
98844885
98844886
98844887
98844888
98844889
98844890
98844891
98844892
98844893
98844894
98844895
98844896
98844897
98844898
98844899
98844900
98844901
98844902
98844903
98844904
98844905
98844906
98844907
98844908
98844909
98844910
98844911
98844912
98844913
98844914
98844915
98844916
98844917
98844918
98844919
98844920
98844921
98844922
98844923
98844924
98844925
98844926
98844927
98844928
98844929
98844930
98844931
98844932
98844933
98844934
98844935
98844936
98844937
98844938
98844939
98844940
98844941
98844942
98844943
98844944
98844945
98844946
98844947
98844948
98844949
98844950
98844951
98844952
98844953
98844954
98844955
98844956
98844957
98844958
98844959
98844960
98844961
98844962
98844963
98844964
98844965
98844966
98844967
98844968
98844969
98844970
98844971
98844972
98844973
98844974
98844975
98844976
98844977
98844978
98844979
98844980
98844981
98844982
98844983
98844984
98844985
98844986
98844987
98844988
98844989
98844990
98844991
98844992
98844993
98844994
98844995
98844996
98844997
98844998
98844999
98845000
98845001
98845002
98845003
98845004
98845005
98845006
98845007
98845008
98845009
98845010
98845011
98845012
98845013
98845014
98845015
98845016
98845017
98845018
98845019
98845020
98845021
98845022
98845023
98845024
98845025
98845026
98845027
98845028
98845029
98845030
98845031
98845032
98845033
98845034
98845035
98845036
98845037
98845038
98845039
98845040
98845041
98845042
98845043
98845044
98845045
98845046
98845047
98845048
98845049
98845050
98845051
98845052
98845053
98845054
98845055
98845056
98845057
98845058
98845059
98845060
98845061
98845062
98845063
98845064
98845065
98845066
98845067
98845068
98845069
98845070
98845071
98845072
98845073
98845074
98845075
98845076
98845077
98845078
98845079
98845080
98845081
98845082
98845083
98845084
98845085
98845086
98845087
98845088
98845089
98845090
98845091
98845092
98845093
98845094
98845095
98845096
98845097
98845098
98845099
98845100
98845101
98845102
98845103
98845104
98845105
98845106
98845107
98845108
98845109
98845110
98845111
98845112
98845113
98845114
98845115
98845116
98845117
98845118
98845119
98845120
98845121
98845122
98845123
98845124
98845125
98845126
98845127
98845128
98845129
98845130
98845131
98845132
98845133
98845134
98845135
98845136
98845137
98845138
98845139
98845140
98845141
98845142
98845143
98845144
98845145
98845146
98845147
98845148
98845149
98845150
98845151
98845152
98845153
98845154
98845155
98845156
98845157
98845158
98845159
98845160
98845161
98845162
98845163
98845164
98845165
98845166
98845167
98845168
98845169
98845170
98845171
98845172
98845173
98845174
98845175
98845176
98845177
98845178
98845179
98845180
98845181
98845182
98845183
98845184
98845185
98845186
98845187
98845188
98845189
98845190
98845191
98845192
98845193
98845194
98845195
98845196
98845197
98845198
98845199
98845200
98845201
98845202
98845203
98845204
98845205
98845206
98845207
98845208
98845209
98845210
98845211
98845212
98845213
98845214
98845215
98845216
98845217
98845218
98845219
98845220
98845221
98845222
98845223
98845224
98845225
98845226
98845227
98845228
98845229
98845230
98845231
98845232
98845233
98845234
98845235
98845236
98845237
98845238
98845239
98845240
98845241
98845242
98845243
98845244
98845245
98845246
98845247
98845248
98845249
98845250
98845251
98845252
98845253
98845254
98845255
98845256
98845257
98845258
98845259
98845260
98845261
98845262
98845263
98845264
98845265
98845266
98845267
98845268
98845269
98845270
98845271
98845272
98845273
98845274
98845275
98845276
98845277
98845278
98845279
98845280
98845281
98845282
98845283
98845284
98845285
98845286
98845287
98845288
98845289
98845290
98845291
98845292
98845293
98845294
98845295
98845296
98845297
98845298
98845299
98845300
98845301
98845302
98845303
98845304
98845305
98845306
98845307
98845308
98845309
98845310
98845311
98845312
98845313
98845314
98845315
98845316
98845317
98845318
98845319
98845320
98845321
98845322
98845323
98845324
98845325
98845326
98845327
98845328
98845329
98845330
98845331
98845332
98845333
98845334
98845335
98845336
98845337
98845338
98845339
98845340
98845341
98845342
98845343
98845344
98845345
98845346
98845347
98845348
98845349
98845350
98845351
98845352
98845353
98845354
98845355
98845356
98845357
98845358
98845359
98845360
98845361
98845362
98845363
98845364
98845365
98845366
98845367
98845368
98845369
98845370
98845371
98845372
98845373
98845374
98845375
98845376
98845377
98845378
98845379
98845380
98845381
98845382
98845383
98845384
98845385
98845386
98845387
98845388
98845389
98845390
98845391
98845392
98845393
98845394
98845395
98845396
98845397
98845398
98845399
98845400
98845401
98845402
98845403
98845404
98845405
98845406
98845407
98845408
98845409
98845410
98845411
98845412
98845413
98845414
98845415
98845416
98845417
98845418
98845419
98845420
98845421
98845422
98845423
98845424
98845425
98845426
98845427
98845428
98845429
98845430
98845431
98845432
98845433
98845434
98845435
98845436
98845437
98845438
98845439
98845440
98845441
98845442
98845443
98845444
98845445
98845446
98845447
98845448
98845449
98845450
98845451
98845452
98845453
98845454
98845455
98845456
98845457
98845458
98845459
98845460
98845461
98845462
98845463
98845464
98845465
98845466
98845467
98845468
98845469
98845470
98845471
98845472
98845473
98845474
98845475
98845476
98845477
98845478
98845479
98845480
98845481
98845482
98845483
98845484
98845485
98845486
98845487
98845488
98845489
98845490
98845491
98845492
98845493
98845494
98845495
98845496
98845497
98845498
98845499
98845500
98845501
98845502
98845503
98845504
98845505
98845506
98845507
98845508
98845509
98845510
98845511
98845512
98845513
98845514
98845515
98845516
98845517
98845518
98845519
98845520
98845521
98845522
98845523
98845524
98845525
98845526
98845527
98845528
98845529
98845530
98845531
98845532
98845533
98845534
98845535
98845536
98845537
98845538
98845539
98845540
98845541
98845542
98845543
98845544
98845545
98845546
98845547
98845548
98845549
98845550
98845551
98845552
98845553
98845554
98845555
98845556
98845557
98845558
98845559
98845560
98845561
98845562
98845563
98845564
98845565
98845566
98845567
98845568
98845569
98845570
98845571
98845572
98845573
98845574
98845575
98845576
98845577
98845578
98845579
98845580
98845581
98845582
98845583
98845584
98845585
98845586
98845587
98845588
98845589
98845590
98845591
98845592
98845593
98845594
98845595
98845596
98845597
98845598
98845599
98845600
98845601
98845602
98845603
98845604
98845605
98845606
98845607
98845608
98845609
98845610
98845611
98845612
98845613
98845614
98845615
98845616
98845617
98845618
98845619
98845620
98845621
98845622
98845623
98845624
98845625
98845626
98845627
98845628
98845629
98845630
98845631
98845632
98845633
98845634
98845635
98845636
98845637
98845638
98845639
98845640
98845641
98845642
98845643
98845644
98845645
98845646
98845647
98845648
98845649
98845650
98845651
98845652
98845653
98845654
98845655
98845656
98845657
98845658
98845659
98845660
98845661
98845662
98845663
98845664
98845665
98845666
98845667
98845668
98845669
98845670
98845671
98845672
98845673
98845674
98845675
98845676
98845677
98845678
98845679
98845680
98845681
98845682
98845683
98845684
98845685
98845686
98845687
98845688
98845689
98845690
98845691
98845692
98845693
98845694
98845695
98845696
98845697
98845698
98845699
98845700
98845701
98845702
98845703
98845704
98845705
98845706
98845707
98845708
98845709
98845710
98845711
98845712
98845713
98845714
98845715
98845716
98845717
98845718
98845719
98845720
98845721
98845722
98845723
98845724
98845725
98845726
98845727
98845728
98845729
98845730
98845731
98845732
98845733
98845734
98845735
98845736
98845737
98845738
98845739
98845740
98845741
98845742
98845743
98845744
98845745
98845746
98845747
98845748
98845749
98845750
98845751
98845752
98845753
98845754
98845755
98845756
98845757
98845758
98845759
98845760
98845761
98845762
98845763
98845764
98845765
98845766
98845767
98845768
98845769
98845770
98845771
98845772
98845773
98845774
98845775
98845776
98845777
98845778
98845779
98845780
98845781
98845782
98845783
98845784
98845785
98845786
98845787
98845788
98845789
98845790
98845791
98845792
98845793
98845794
98845795
98845796
98845797
98845798
98845799
98845800
98845801
98845802
98845803
98845804
98845805
98845806
98845807
98845808
98845809
98845810
98845811
98845812
98845813
98845814
98845815
98845816
98845817
98845818
98845819
98845820
98845821
98845822
98845823
98845824
98845825
98845826
98845827
98845828
98845829
98845830
98845831
98845832
98845833
98845834
98845835
98845836
98845837
98845838
98845839
98845840
98845841
98845842
98845843
98845844
98845845
98845846
98845847
98845848
98845849
98845850
98845851
98845852
98845853
98845854
98845855
98845856
98845857
98845858
98845859
98845860
98845861
98845862
98845863
98845864
98845865
98845866
98845867
98845868
98845869
98845870
98845871
98845872
98845873
98845874
98845875
98845876
98845877
98845878
98845879
98845880
98845881
98845882
98845883
98845884
98845885
98845886
98845887
98845888
98845889
98845890
98845891
98845892
98845893
98845894
98845895
98845896
98845897
98845898
98845899
98845900
98845901
98845902
98845903
98845904
98845905
98845906
98845907
98845908
98845909
98845910
98845911
98845912
98845913
98845914
98845915
98845916
98845917
98845918
98845919
98845920
98845921
98845922
98845923
98845924
98845925
98845926
98845927
98845928
98845929
98845930
98845931
98845932
98845933
98845934
98845935
98845936
98845937
98845938
98845939
98845940
98845941
98845942
98845943
98845944
98845945
98845946
98845947
98845948
98845949
98845950
98845951
98845952
98845953
98845954
98845955
98845956
98845957
98845958
98845959
98845960
98845961
98845962
98845963
98845964
98845965
98845966
98845967
98845968
98845969
98845970
98845971
98845972
98845973
98845974
98845975
98845976
98845977
98845978
98845979
98845980
98845981
98845982
98845983
98845984
98845985
98845986
98845987
98845988
98845989
98845990
98845991
98845992
98845993
98845994
98845995
98845996
98845997
98845998
98845999
98846000
98846001
98846002
98846003
98846004
98846005
98846006
98846007
98846008
98846009
98846010
98846011
98846012
98846013
98846014
98846015
98846016
98846017
98846018
98846019
98846020
98846021
98846022
98846023
98846024
98846025
98846026
98846027
98846028
98846029
98846030
98846031
98846032
98846033
98846034
98846035
98846036
98846037
98846038
98846039
98846040
98846041
98846042
98846043
98846044
98846045
98846046
98846047
98846048
98846049
98846050
98846051
98846052
98846053
98846054
98846055
98846056
98846057
98846058
98846059
98846060
98846061
98846062
98846063
98846064
98846065
98846066
98846067
98846068
98846069
98846070
98846071
98846072
98846073
98846074
98846075
98846076
98846077
98846078
98846079
98846080
98846081
98846082
98846083
98846084
98846085
98846086
98846087
98846088
98846089
98846090
98846091
98846092
98846093
98846094
98846095
98846096
98846097
98846098
98846099
98846100
98846101
98846102
98846103
98846104
98846105
98846106
98846107
98846108
98846109
98846110
98846111
98846112
98846113
98846114
98846115
98846116
98846117
98846118
98846119
98846120
98846121
98846122
98846123
98846124
98846125
98846126
98846127
98846128
98846129
98846130
98846131
98846132
98846133
98846134
98846135
98846136
98846137
98846138
98846139
98846140
98846141
98846142
98846143
98846144
98846145
98846146
98846147
98846148
98846149
98846150
98846151
98846152
98846153
98846154
98846155
98846156
98846157
98846158
98846159
98846160
98846161
98846162
98846163
98846164
98846165
98846166
98846167
98846168
98846169
98846170
98846171
98846172
98846173
98846174
98846175
98846176
98846177
98846178
98846179
98846180
98846181
98846182
98846183
98846184
98846185
98846186
98846187
98846188
98846189
98846190
98846191
98846192
98846193
98846194
98846195
98846196
98846197
98846198
98846199
98846200
98846201
98846202
98846203
98846204
98846205
98846206
98846207
98846208
98846209
98846210
98846211
98846212
98846213
98846214
98846215
98846216
98846217
98846218
98846219
98846220
98846221
98846222
98846223
98846224
98846225
98846226
98846227
98846228
98846229
98846230
98846231
98846232
98846233
98846234
98846235
98846236
98846237
98846238
98846239
98846240
98846241
98846242
98846243
98846244
98846245
98846246
98846247
98846248
98846249
98846250
98846251
98846252
98846253
98846254
98846255
98846256
98846257
98846258
98846259
98846260
98846261
98846262
98846263
98846264
98846265
98846266
98846267
98846268
98846269
98846270
98846271
98846272
98846273
98846274
98846275
98846276
98846277
98846278
98846279
98846280
98846281
98846282
98846283
98846284
98846285
98846286
98846287
98846288
98846289
98846290
98846291
98846292
98846293
98846294
98846295
98846296
98846297
98846298
98846299
98846300
98846301
98846302
98846303
98846304
98846305
98846306
98846307
98846308
98846309
98846310
98846311
98846312
98846313
98846314
98846315
98846316
98846317
98846318
98846319
98846320
98846321
98846322
98846323
98846324
98846325
98846326
98846327
98846328
98846329
98846330
98846331
98846332
98846333
98846334
98846335
98846336
98846337
98846338
98846339
98846340
98846341
98846342
98846343
98846344
98846345
98846346
98846347
98846348
98846349
98846350
98846351
98846352
98846353
98846354
98846355
98846356
98846357
98846358
98846359
98846360
98846361
98846362
98846363
98846364
98846365
98846366
98846367
98846368
98846369
98846370
98846371
98846372
98846373
98846374
98846375
98846376
98846377
98846378
98846379
98846380
98846381
98846382
98846383
98846384
98846385
98846386
98846387
98846388
98846389
98846390
98846391
98846392
98846393
98846394
98846395
98846396
98846397
98846398
98846399
98846400
98846401
98846402
98846403
98846404
98846405
98846406
98846407
98846408
98846409
98846410
98846411
98846412
98846413
98846414
98846415
98846416
98846417
98846418
98846419
98846420
98846421
98846422
98846423
98846424
98846425
98846426
98846427
98846428
98846429
98846430
98846431
98846432
98846433
98846434
98846435
98846436
98846437
98846438
98846439
98846440
98846441
98846442
98846443
98846444
98846445
98846446
98846447
98846448
98846449
98846450
98846451
98846452
98846453
98846454
98846455
98846456
98846457
98846458
98846459
98846460
98846461
98846462
98846463
98846464
98846465
98846466
98846467
98846468
98846469
98846470
98846471
98846472
98846473
98846474
98846475
98846476
98846477
98846478
98846479
98846480
98846481
98846482
98846483
98846484
98846485
98846486
98846487
98846488
98846489
98846490
98846491
98846492
98846493
98846494
98846495
98846496
98846497
98846498
98846499
98846500
98846501
98846502
98846503
98846504
98846505
98846506
98846507
98846508
98846509
98846510
98846511
98846512
98846513
98846514
98846515
98846516
98846517
98846518
98846519
98846520
98846521
98846522
98846523
98846524
98846525
98846526
98846527
98846528
98846529
98846530
98846531
98846532
98846533
98846534
98846535
98846536
98846537
98846538
98846539
98846540
98846541
98846542
98846543
98846544
98846545
98846546
98846547
98846548
98846549
98846550
98846551
98846552
98846553
98846554
98846555
98846556
98846557
98846558
98846559
98846560
98846561
98846562
98846563
98846564
98846565
98846566
98846567
98846568
98846569
98846570
98846571
98846572
98846573
98846574
98846575
98846576
98846577
98846578
98846579
98846580
98846581
98846582
98846583
98846584
98846585
98846586
98846587
98846588
98846589
98846590
98846591
98846592
98846593
98846594
98846595
98846596
98846597
98846598
98846599
98846600
98846601
98846602
98846603
98846604
98846605
98846606
98846607
98846608
98846609
98846610
98846611
98846612
98846613
98846614
98846615
98846616
98846617
98846618
98846619
98846620
98846621
98846622
98846623
98846624
98846625
98846626
98846627
98846628
98846629
98846630
98846631
98846632
98846633
98846634
98846635
98846636
98846637
98846638
98846639
98846640
98846641
98846642
98846643
98846644
98846645
98846646
98846647
98846648
98846649
98846650
98846651
98846652
98846653
98846654
98846655
98846656
98846657
98846658
98846659
98846660
98846661
98846662
98846663
98846664
98846665
98846666
98846667
98846668
98846669
98846670
98846671
98846672
98846673
98846674
98846675
98846676
98846677
98846678
98846679
98846680
98846681
98846682
98846683
98846684
98846685
98846686
98846687
98846688
98846689
98846690
98846691
98846692
98846693
98846694
98846695
98846696
98846697
98846698
98846699
98846700
98846701
98846702
98846703
98846704
98846705
98846706
98846707
98846708
98846709
98846710
98846711
98846712
98846713
98846714
98846715
98846716
98846717
98846718
98846719
98846720
98846721
98846722
98846723
98846724
98846725
98846726
98846727
98846728
98846729
98846730
98846731
98846732
98846733
98846734
98846735
98846736
98846737
98846738
98846739
98846740
98846741
98846742
98846743
98846744
98846745
98846746
98846747
98846748
98846749
98846750
98846751
98846752
98846753
98846754
98846755
98846756
98846757
98846758
98846759
98846760
98846761
98846762
98846763
98846764
98846765
98846766
98846767
98846768
98846769
98846770
98846771
98846772
98846773
98846774
98846775
98846776
98846777
98846778
98846779
98846780
98846781
98846782
98846783
98846784
98846785
98846786
98846787
98846788
98846789
98846790
98846791
98846792
98846793
98846794
98846795
98846796
98846797
98846798
98846799
98846800
98846801
98846802
98846803
98846804
98846805
98846806
98846807
98846808
98846809
98846810
98846811
98846812
98846813
98846814
98846815
98846816
98846817
98846818
98846819
98846820
98846821
98846822
98846823
98846824
98846825
98846826
98846827
98846828
98846829
98846830
98846831
98846832
98846833
98846834
98846835
98846836
98846837
98846838
98846839
98846840
98846841
98846842
98846843
98846844
98846845
98846846
98846847
98846848
98846849
98846850
98846851
98846852
98846853
98846854
98846855
98846856
98846857
98846858
98846859
98846860
98846861
98846862
98846863
98846864
98846865
98846866
98846867
98846868
98846869
98846870
98846871
98846872
98846873
98846874
98846875
98846876
98846877
98846878
98846879
98846880
98846881
98846882
98846883
98846884
98846885
98846886
98846887
98846888
98846889
98846890
98846891
98846892
98846893
98846894
98846895
98846896
98846897
98846898
98846899
98846900
98846901
98846902
98846903
98846904
98846905
98846906
98846907
98846908
98846909
98846910
98846911
98846912
98846913
98846914
98846915
98846916
98846917
98846918
98846919
98846920
98846921
98846922
98846923
98846924
98846925
98846926
98846927
98846928
98846929
98846930
98846931
98846932
98846933
98846934
98846935
98846936
98846937
98846938
98846939
98846940
98846941
98846942
98846943
98846944
98846945
98846946
98846947
98846948
98846949
98846950
98846951
98846952
98846953
98846954
98846955
98846956
98846957
98846958
98846959
98846960
98846961
98846962
98846963
98846964
98846965
98846966
98846967
98846968
98846969
98846970
98846971
98846972
98846973
98846974
98846975
98846976
98846977
98846978
98846979
98846980
98846981
98846982
98846983
98846984
98846985
98846986
98846987
98846988
98846989
98846990
98846991
98846992
98846993
98846994
98846995
98846996
98846997
98846998
98846999
98847000
98847001
98847002
98847003
98847004
98847005
98847006
98847007
98847008
98847009
98847010
98847011
98847012
98847013
98847014
98847015
98847016
98847017
98847018
98847019
98847020
98847021
98847022
98847023
98847024
98847025
98847026
98847027
98847028
98847029
98847030
98847031
98847032
98847033
98847034
98847035
98847036
98847037
98847038
98847039
98847040
98847041
98847042
98847043
98847044
98847045
98847046
98847047
98847048
98847049
98847050
98847051
98847052
98847053
98847054
98847055
98847056
98847057
98847058
98847059
98847060
98847061
98847062
98847063
98847064
98847065
98847066
98847067
98847068
98847069
98847070
98847071
98847072
98847073
98847074
98847075
98847076
98847077
98847078
98847079
98847080
98847081
98847082
98847083
98847084
98847085
98847086
98847087
98847088
98847089
98847090
98847091
98847092
98847093
98847094
98847095
98847096
98847097
98847098
98847099
98847100
98847101
98847102
98847103
98847104
98847105
98847106
98847107
98847108
98847109
98847110
98847111
98847112
98847113
98847114
98847115
98847116
98847117
98847118
98847119
98847120
98847121
98847122
98847123
98847124
98847125
98847126
98847127
98847128
98847129
98847130
98847131
98847132
98847133
98847134
98847135
98847136
98847137
98847138
98847139
98847140
98847141
98847142
98847143
98847144
98847145
98847146
98847147
98847148
98847149
98847150
98847151
98847152
98847153
98847154
98847155
98847156
98847157
98847158
98847159
98847160
98847161
98847162
98847163
98847164
98847165
98847166
98847167
98847168
98847169
98847170
98847171
98847172
98847173
98847174
98847175
98847176
98847177
98847178
98847179
98847180
98847181
98847182
98847183
98847184
98847185
98847186
98847187
98847188
98847189
98847190
98847191
98847192
98847193
98847194
98847195
98847196
98847197
98847198
98847199
98847200
98847201
98847202
98847203
98847204
98847205
98847206
98847207
98847208
98847209
98847210
98847211
98847212
98847213
98847214
98847215
98847216
98847217
98847218
98847219
98847220
98847221
98847222
98847223
98847224
98847225
98847226
98847227
98847228
98847229
98847230
98847231
98847232
98847233
98847234
98847235
98847236
98847237
98847238
98847239
98847240
98847241
98847242
98847243
98847244
98847245
98847246
98847247
98847248
98847249
98847250
98847251
98847252
98847253
98847254
98847255
98847256
98847257
98847258
98847259
98847260
98847261
98847262
98847263
98847264
98847265
98847266
98847267
98847268
98847269
98847270
98847271
98847272
98847273
98847274
98847275
98847276
98847277
98847278
98847279
98847280
98847281
98847282
98847283
98847284
98847285
98847286
98847287
98847288
98847289
98847290
98847291
98847292
98847293
98847294
98847295
98847296
98847297
98847298
98847299
98847300
98847301
98847302
98847303
98847304
98847305
98847306
98847307
98847308
98847309
98847310
98847311
98847312
98847313
98847314
98847315
98847316
98847317
98847318
98847319
98847320
98847321
98847322
98847323
98847324
98847325
98847326
98847327
98847328
98847329
98847330
98847331
98847332
98847333
98847334
98847335
98847336
98847337
98847338
98847339
98847340
98847341
98847342
98847343
98847344
98847345
98847346
98847347
98847348
98847349
98847350
98847351
98847352
98847353
98847354
98847355
98847356
98847357
98847358
98847359
98847360
98847361
98847362
98847363
98847364
98847365
98847366
98847367
98847368
98847369
98847370
98847371
98847372
98847373
98847374
98847375
98847376
98847377
98847378
98847379
98847380
98847381
98847382
98847383
98847384
98847385
98847386
98847387
98847388
98847389
98847390
98847391
98847392
98847393
98847394
98847395
98847396
98847397
98847398
98847399
98847400
98847401
98847402
98847403
98847404
98847405
98847406
98847407
98847408
98847409
98847410
98847411
98847412
98847413
98847414
98847415
98847416
98847417
98847418
98847419
98847420
98847421
98847422
98847423
98847424
98847425
98847426
98847427
98847428
98847429
98847430
98847431
98847432
98847433
98847434
98847435
98847436
98847437
98847438
98847439
98847440
98847441
98847442
98847443
98847444
98847445
98847446
98847447
98847448
98847449
98847450
98847451
98847452
98847453
98847454
98847455
98847456
98847457
98847458
98847459
98847460
98847461
98847462
98847463
98847464
98847465
98847466
98847467
98847468
98847469
98847470
98847471
98847472
98847473
98847474
98847475
98847476
98847477
98847478
98847479
98847480
98847481
98847482
98847483
98847484
98847485
98847486
98847487
98847488
98847489
98847490
98847491
98847492
98847493
98847494
98847495
98847496
98847497
98847498
98847499
98847500
98847501
98847502
98847503
98847504
98847505
98847506
98847507
98847508
98847509
98847510
98847511
98847512
98847513
98847514
98847515
98847516
98847517
98847518
98847519
98847520
98847521
98847522
98847523
98847524
98847525
98847526
98847527
98847528
98847529
98847530
98847531
98847532
98847533
98847534
98847535
98847536
98847537
98847538
98847539
98847540
98847541
98847542
98847543
98847544
98847545
98847546
98847547
98847548
98847549
98847550
98847551
98847552
98847553
98847554
98847555
98847556
98847557
98847558
98847559
98847560
98847561
98847562
98847563
98847564
98847565
98847566
98847567
98847568
98847569
98847570
98847571
98847572
98847573
98847574
98847575
98847576
98847577
98847578
98847579
98847580
98847581
98847582
98847583
98847584
98847585
98847586
98847587
98847588
98847589
98847590
98847591
98847592
98847593
98847594
98847595
98847596
98847597
98847598
98847599
98847600
98847601
98847602
98847603
98847604
98847605
98847606
98847607
98847608
98847609
98847610
98847611
98847612
98847613
98847614
98847615
98847616
98847617
98847618
98847619
98847620
98847621
98847622
98847623
98847624
98847625
98847626
98847627
98847628
98847629
98847630
98847631
98847632
98847633
98847634
98847635
98847636
98847637
98847638
98847639
98847640
98847641
98847642
98847643
98847644
98847645
98847646
98847647
98847648
98847649
98847650
98847651
98847652
98847653
98847654
98847655
98847656
98847657
98847658
98847659
98847660
98847661
98847662
98847663
98847664
98847665
98847666
98847667
98847668
98847669
98847670
98847671
98847672
98847673
98847674
98847675
98847676
98847677
98847678
98847679
98847680
98847681
98847682
98847683
98847684
98847685
98847686
98847687
98847688
98847689
98847690
98847691
98847692
98847693
98847694
98847695
98847696
98847697
98847698
98847699
98847700
98847701
98847702
98847703
98847704
98847705
98847706
98847707
98847708
98847709
98847710
98847711
98847712
98847713
98847714
98847715
98847716
98847717
98847718
98847719
98847720
98847721
98847722
98847723
98847724
98847725
98847726
98847727
98847728
98847729
98847730
98847731
98847732
98847733
98847734
98847735
98847736
98847737
98847738
98847739
98847740
98847741
98847742
98847743
98847744
98847745
98847746
98847747
98847748
98847749
98847750
98847751
98847752
98847753
98847754
98847755
98847756
98847757
98847758
98847759
98847760
98847761
98847762
98847763
98847764
98847765
98847766
98847767
98847768
98847769
98847770
98847771
98847772
98847773
98847774
98847775
98847776
98847777
98847778
98847779
98847780
98847781
98847782
98847783
98847784
98847785
98847786
98847787
98847788
98847789
98847790
98847791
98847792
98847793
98847794
98847795
98847796
98847797
98847798
98847799
98847800
98847801
98847802
98847803
98847804
98847805
98847806
98847807
98847808
98847809
98847810
98847811
98847812
98847813
98847814
98847815
98847816
98847817
98847818
98847819
98847820
98847821
98847822
98847823
98847824
98847825
98847826
98847827
98847828
98847829
98847830
98847831
98847832
98847833
98847834
98847835
98847836
98847837
98847838
98847839
98847840
98847841
98847842
98847843
98847844
98847845
98847846
98847847
98847848
98847849
98847850
98847851
98847852
98847853
98847854
98847855
98847856
98847857
98847858
98847859
98847860
98847861
98847862
98847863
98847864
98847865
98847866
98847867
98847868
98847869
98847870
98847871
98847872
98847873
98847874
98847875
98847876
98847877
98847878
98847879
98847880
98847881
98847882
98847883
98847884
98847885
98847886
98847887
98847888
98847889
98847890
98847891
98847892
98847893
98847894
98847895
98847896
98847897
98847898
98847899
98847900
98847901
98847902
98847903
98847904
98847905
98847906
98847907
98847908
98847909
98847910
98847911
98847912
98847913
98847914
98847915
98847916
98847917
98847918
98847919
98847920
98847921
98847922
98847923
98847924
98847925
98847926
98847927
98847928
98847929
98847930
98847931
98847932
98847933
98847934
98847935
98847936
98847937
98847938
98847939
98847940
98847941
98847942
98847943
98847944
98847945
98847946
98847947
98847948
98847949
98847950
98847951
98847952
98847953
98847954
98847955
98847956
98847957
98847958
98847959
98847960
98847961
98847962
98847963
98847964
98847965
98847966
98847967
98847968
98847969
98847970
98847971
98847972
98847973
98847974
98847975
98847976
98847977
98847978
98847979
98847980
98847981
98847982
98847983
98847984
98847985
98847986
98847987
98847988
98847989
98847990
98847991
98847992
98847993
98847994
98847995
98847996
98847997
98847998
98847999
98848000
98848001
98848002
98848003
98848004
98848005
98848006
98848007
98848008
98848009
98848010
98848011
98848012
98848013
98848014
98848015
98848016
98848017
98848018
98848019
98848020
98848021
98848022
98848023
98848024
98848025
98848026
98848027
98848028
98848029
98848030
98848031
98848032
98848033
98848034
98848035
98848036
98848037
98848038
98848039
98848040
98848041
98848042
98848043
98848044
98848045
98848046
98848047
98848048
98848049
98848050
98848051
98848052
98848053
98848054
98848055
98848056
98848057
98848058
98848059
98848060
98848061
98848062
98848063
98848064
98848065
98848066
98848067
98848068
98848069
98848070
98848071
98848072
98848073
98848074
98848075
98848076
98848077
98848078
98848079
98848080
98848081
98848082
98848083
98848084
98848085
98848086
98848087
98848088
98848089
98848090
98848091
98848092
98848093
98848094
98848095
98848096
98848097
98848098
98848099
98848100
98848101
98848102
98848103
98848104
98848105
98848106
98848107
98848108
98848109
98848110
98848111
98848112
98848113
98848114
98848115
98848116
98848117
98848118
98848119
98848120
98848121
98848122
98848123
98848124
98848125
98848126
98848127
98848128
98848129
98848130
98848131
98848132
98848133
98848134
98848135
98848136
98848137
98848138
98848139
98848140
98848141
98848142
98848143
98848144
98848145
98848146
98848147
98848148
98848149
98848150
98848151
98848152
98848153
98848154
98848155
98848156
98848157
98848158
98848159
98848160
98848161
98848162
98848163
98848164
98848165
98848166
98848167
98848168
98848169
98848170
98848171
98848172
98848173
98848174
98848175
98848176
98848177
98848178
98848179
98848180
98848181
98848182
98848183
98848184
98848185
98848186
98848187
98848188
98848189
98848190
98848191
98848192
98848193
98848194
98848195
98848196
98848197
98848198
98848199
98848200
98848201
98848202
98848203
98848204
98848205
98848206
98848207
98848208
98848209
98848210
98848211
98848212
98848213
98848214
98848215
98848216
98848217
98848218
98848219
98848220
98848221
98848222
98848223
98848224
98848225
98848226
98848227
98848228
98848229
98848230
98848231
98848232
98848233
98848234
98848235
98848236
98848237
98848238
98848239
98848240
98848241
98848242
98848243
98848244
98848245
98848246
98848247
98848248
98848249
98848250
98848251
98848252
98848253
98848254
98848255
98848256
98848257
98848258
98848259
98848260
98848261
98848262
98848263
98848264
98848265
98848266
98848267
98848268
98848269
98848270
98848271
98848272
98848273
98848274
98848275
98848276
98848277
98848278
98848279
98848280
98848281
98848282
98848283
98848284
98848285
98848286
98848287
98848288
98848289
98848290
98848291
98848292
98848293
98848294
98848295
98848296
98848297
98848298
98848299
98848300
98848301
98848302
98848303
98848304
98848305
98848306
98848307
98848308
98848309
98848310
98848311
98848312
98848313
98848314
98848315
98848316
98848317
98848318
98848319
98848320
98848321
98848322
98848323
98848324
98848325
98848326
98848327
98848328
98848329
98848330
98848331
98848332
98848333
98848334
98848335
98848336
98848337
98848338
98848339
98848340
98848341
98848342
98848343
98848344
98848345
98848346
98848347
98848348
98848349
98848350
98848351
98848352
98848353
98848354
98848355
98848356
98848357
98848358
98848359
98848360
98848361
98848362
98848363
98848364
98848365
98848366
98848367
98848368
98848369
98848370
98848371
98848372
98848373
98848374
98848375
98848376
98848377
98848378
98848379
98848380
98848381
98848382
98848383
98848384
98848385
98848386
98848387
98848388
98848389
98848390
98848391
98848392
98848393
98848394
98848395
98848396
98848397
98848398
98848399
98848400
98848401
98848402
98848403
98848404
98848405
98848406
98848407
98848408
98848409
98848410
98848411
98848412
98848413
98848414
98848415
98848416
98848417
98848418
98848419
98848420
98848421
98848422
98848423
98848424
98848425
98848426
98848427
98848428
98848429
98848430
98848431
98848432
98848433
98848434
98848435
98848436
98848437
98848438
98848439
98848440
98848441
98848442
98848443
98848444
98848445
98848446
98848447
98848448
98848449
98848450
98848451
98848452
98848453
98848454
98848455
98848456
98848457
98848458
98848459
98848460
98848461
98848462
98848463
98848464
98848465
98848466
98848467
98848468
98848469
98848470
98848471
98848472
98848473
98848474
98848475
98848476
98848477
98848478
98848479
98848480
98848481
98848482
98848483
98848484
98848485
98848486
98848487
98848488
98848489
98848490
98848491
98848492
98848493
98848494
98848495
98848496
98848497
98848498
98848499
98848500
98848501
98848502
98848503
98848504
98848505
98848506
98848507
98848508
98848509
98848510
98848511
98848512
98848513
98848514
98848515
98848516
98848517
98848518
98848519
98848520
98848521
98848522
98848523
98848524
98848525
98848526
98848527
98848528
98848529
98848530
98848531
98848532
98848533
98848534
98848535
98848536
98848537
98848538
98848539
98848540
98848541
98848542
98848543
98848544
98848545
98848546
98848547
98848548
98848549
98848550
98848551
98848552
98848553
98848554
98848555
98848556
98848557
98848558
98848559
98848560
98848561
98848562
98848563
98848564
98848565
98848566
98848567
98848568
98848569
98848570
98848571
98848572
98848573
98848574
98848575
98848576
98848577
98848578
98848579
98848580
98848581
98848582
98848583
98848584
98848585
98848586
98848587
98848588
98848589
98848590
98848591
98848592
98848593
98848594
98848595
98848596
98848597
98848598
98848599
98848600
98848601
98848602
98848603
98848604
98848605
98848606
98848607
98848608
98848609
98848610
98848611
98848612
98848613
98848614
98848615
98848616
98848617
98848618
98848619
98848620
98848621
98848622
98848623
98848624
98848625
98848626
98848627
98848628
98848629
98848630
98848631
98848632
98848633
98848634
98848635
98848636
98848637
98848638
98848639
98848640
98848641
98848642
98848643
98848644
98848645
98848646
98848647
98848648
98848649
98848650
98848651
98848652
98848653
98848654
98848655
98848656
98848657
98848658
98848659
98848660
98848661
98848662
98848663
98848664
98848665
98848666
98848667
98848668
98848669
98848670
98848671
98848672
98848673
98848674
98848675
98848676
98848677
98848678
98848679
98848680
98848681
98848682
98848683
98848684
98848685
98848686
98848687
98848688
98848689
98848690
98848691
98848692
98848693
98848694
98848695
98848696
98848697
98848698
98848699
98848700
98848701
98848702
98848703
98848704
98848705
98848706
98848707
98848708
98848709
98848710
98848711
98848712
98848713
98848714
98848715
98848716
98848717
98848718
98848719
98848720
98848721
98848722
98848723
98848724
98848725
98848726
98848727
98848728
98848729
98848730
98848731
98848732
98848733
98848734
98848735
98848736
98848737
98848738
98848739
98848740
98848741
98848742
98848743
98848744
98848745
98848746
98848747
98848748
98848749
98848750
98848751
98848752
98848753
98848754
98848755
98848756
98848757
98848758
98848759
98848760
98848761
98848762
98848763
98848764
98848765
98848766
98848767
98848768
98848769
98848770
98848771
98848772
98848773
98848774
98848775
98848776
98848777
98848778
98848779
98848780
98848781
98848782
98848783
98848784
98848785
98848786
98848787
98848788
98848789
98848790
98848791
98848792
98848793
98848794
98848795
98848796
98848797
98848798
98848799
98848800
98848801
98848802
98848803
98848804
98848805
98848806
98848807
98848808
98848809
98848810
98848811
98848812
98848813
98848814
98848815
98848816
98848817
98848818
98848819
98848820
98848821
98848822
98848823
98848824
98848825
98848826
98848827
98848828
98848829
98848830
98848831
98848832
98848833
98848834
98848835
98848836
98848837
98848838
98848839
98848840
98848841
98848842
98848843
98848844
98848845
98848846
98848847
98848848
98848849
98848850
98848851
98848852
98848853
98848854
98848855
98848856
98848857
98848858
98848859
98848860
98848861
98848862
98848863
98848864
98848865
98848866
98848867
98848868
98848869
98848870
98848871
98848872
98848873
98848874
98848875
98848876
98848877
98848878
98848879
98848880
98848881
98848882
98848883
98848884
98848885
98848886
98848887
98848888
98848889
