99158890
99158891
99158892
99158893
99158894
99158895
99158896
99158897
99158898
99158899
99158900
99158901
99158902
99158903
99158904
99158905
99158906
99158907
99158908
99158909
99158910
99158911
99158912
99158913
99158914
99158915
99158916
99158917
99158918
99158919
99158920
99158921
99158922
99158923
99158924
99158925
99158926
99158927
99158928
99158929
99158930
99158931
99158932
99158933
99158934
99158935
99158936
99158937
99158938
99158939
99158940
99158941
99158942
99158943
99158944
99158945
99158946
99158947
99158948
99158949
99158950
99158951
99158952
99158953
99158954
99158955
99158956
99158957
99158958
99158959
99158960
99158961
99158962
99158963
99158964
99158965
99158966
99158967
99158968
99158969
99158970
99158971
99158972
99158973
99158974
99158975
99158976
99158977
99158978
99158979
99158980
99158981
99158982
99158983
99158984
99158985
99158986
99158987
99158988
99158989
99158990
99158991
99158992
99158993
99158994
99158995
99158996
99158997
99158998
99158999
99159000
99159001
99159002
99159003
99159004
99159005
99159006
99159007
99159008
99159009
99159010
99159011
99159012
99159013
99159014
99159015
99159016
99159017
99159018
99159019
99159020
99159021
99159022
99159023
99159024
99159025
99159026
99159027
99159028
99159029
99159030
99159031
99159032
99159033
99159034
99159035
99159036
99159037
99159038
99159039
99159040
99159041
99159042
99159043
99159044
99159045
99159046
99159047
99159048
99159049
99159050
99159051
99159052
99159053
99159054
99159055
99159056
99159057
99159058
99159059
99159060
99159061
99159062
99159063
99159064
99159065
99159066
99159067
99159068
99159069
99159070
99159071
99159072
99159073
99159074
99159075
99159076
99159077
99159078
99159079
99159080
99159081
99159082
99159083
99159084
99159085
99159086
99159087
99159088
99159089
99159090
99159091
99159092
99159093
99159094
99159095
99159096
99159097
99159098
99159099
99159100
99159101
99159102
99159103
99159104
99159105
99159106
99159107
99159108
99159109
99159110
99159111
99159112
99159113
99159114
99159115
99159116
99159117
99159118
99159119
99159120
99159121
99159122
99159123
99159124
99159125
99159126
99159127
99159128
99159129
99159130
99159131
99159132
99159133
99159134
99159135
99159136
99159137
99159138
99159139
99159140
99159141
99159142
99159143
99159144
99159145
99159146
99159147
99159148
99159149
99159150
99159151
99159152
99159153
99159154
99159155
99159156
99159157
99159158
99159159
99159160
99159161
99159162
99159163
99159164
99159165
99159166
99159167
99159168
99159169
99159170
99159171
99159172
99159173
99159174
99159175
99159176
99159177
99159178
99159179
99159180
99159181
99159182
99159183
99159184
99159185
99159186
99159187
99159188
99159189
99159190
99159191
99159192
99159193
99159194
99159195
99159196
99159197
99159198
99159199
99159200
99159201
99159202
99159203
99159204
99159205
99159206
99159207
99159208
99159209
99159210
99159211
99159212
99159213
99159214
99159215
99159216
99159217
99159218
99159219
99159220
99159221
99159222
99159223
99159224
99159225
99159226
99159227
99159228
99159229
99159230
99159231
99159232
99159233
99159234
99159235
99159236
99159237
99159238
99159239
99159240
99159241
99159242
99159243
99159244
99159245
99159246
99159247
99159248
99159249
99159250
99159251
99159252
99159253
99159254
99159255
99159256
99159257
99159258
99159259
99159260
99159261
99159262
99159263
99159264
99159265
99159266
99159267
99159268
99159269
99159270
99159271
99159272
99159273
99159274
99159275
99159276
99159277
99159278
99159279
99159280
99159281
99159282
99159283
99159284
99159285
99159286
99159287
99159288
99159289
99159290
99159291
99159292
99159293
99159294
99159295
99159296
99159297
99159298
99159299
99159300
99159301
99159302
99159303
99159304
99159305
99159306
99159307
99159308
99159309
99159310
99159311
99159312
99159313
99159314
99159315
99159316
99159317
99159318
99159319
99159320
99159321
99159322
99159323
99159324
99159325
99159326
99159327
99159328
99159329
99159330
99159331
99159332
99159333
99159334
99159335
99159336
99159337
99159338
99159339
99159340
99159341
99159342
99159343
99159344
99159345
99159346
99159347
99159348
99159349
99159350
99159351
99159352
99159353
99159354
99159355
99159356
99159357
99159358
99159359
99159360
99159361
99159362
99159363
99159364
99159365
99159366
99159367
99159368
99159369
99159370
99159371
99159372
99159373
99159374
99159375
99159376
99159377
99159378
99159379
99159380
99159381
99159382
99159383
99159384
99159385
99159386
99159387
99159388
99159389
99159390
99159391
99159392
99159393
99159394
99159395
99159396
99159397
99159398
99159399
99159400
99159401
99159402
99159403
99159404
99159405
99159406
99159407
99159408
99159409
99159410
99159411
99159412
99159413
99159414
99159415
99159416
99159417
99159418
99159419
99159420
99159421
99159422
99159423
99159424
99159425
99159426
99159427
99159428
99159429
99159430
99159431
99159432
99159433
99159434
99159435
99159436
99159437
99159438
99159439
99159440
99159441
99159442
99159443
99159444
99159445
99159446
99159447
99159448
99159449
99159450
99159451
99159452
99159453
99159454
99159455
99159456
99159457
99159458
99159459
99159460
99159461
99159462
99159463
99159464
99159465
99159466
99159467
99159468
99159469
99159470
99159471
99159472
99159473
99159474
99159475
99159476
99159477
99159478
99159479
99159480
99159481
99159482
99159483
99159484
99159485
99159486
99159487
99159488
99159489
99159490
99159491
99159492
99159493
99159494
99159495
99159496
99159497
99159498
99159499
99159500
99159501
99159502
99159503
99159504
99159505
99159506
99159507
99159508
99159509
99159510
99159511
99159512
99159513
99159514
99159515
99159516
99159517
99159518
99159519
99159520
99159521
99159522
99159523
99159524
99159525
99159526
99159527
99159528
99159529
99159530
99159531
99159532
99159533
99159534
99159535
99159536
99159537
99159538
99159539
99159540
99159541
99159542
99159543
99159544
99159545
99159546
99159547
99159548
99159549
99159550
99159551
99159552
99159553
99159554
99159555
99159556
99159557
99159558
99159559
99159560
99159561
99159562
99159563
99159564
99159565
99159566
99159567
99159568
99159569
99159570
99159571
99159572
99159573
99159574
99159575
99159576
99159577
99159578
99159579
99159580
99159581
99159582
99159583
99159584
99159585
99159586
99159587
99159588
99159589
99159590
99159591
99159592
99159593
99159594
99159595
99159596
99159597
99159598
99159599
99159600
99159601
99159602
99159603
99159604
99159605
99159606
99159607
99159608
99159609
99159610
99159611
99159612
99159613
99159614
99159615
99159616
99159617
99159618
99159619
99159620
99159621
99159622
99159623
99159624
99159625
99159626
99159627
99159628
99159629
99159630
99159631
99159632
99159633
99159634
99159635
99159636
99159637
99159638
99159639
99159640
99159641
99159642
99159643
99159644
99159645
99159646
99159647
99159648
99159649
99159650
99159651
99159652
99159653
99159654
99159655
99159656
99159657
99159658
99159659
99159660
99159661
99159662
99159663
99159664
99159665
99159666
99159667
99159668
99159669
99159670
99159671
99159672
99159673
99159674
99159675
99159676
99159677
99159678
99159679
99159680
99159681
99159682
99159683
99159684
99159685
99159686
99159687
99159688
99159689
99159690
99159691
99159692
99159693
99159694
99159695
99159696
99159697
99159698
99159699
99159700
99159701
99159702
99159703
99159704
99159705
99159706
99159707
99159708
99159709
99159710
99159711
99159712
99159713
99159714
99159715
99159716
99159717
99159718
99159719
99159720
99159721
99159722
99159723
99159724
99159725
99159726
99159727
99159728
99159729
99159730
99159731
99159732
99159733
99159734
99159735
99159736
99159737
99159738
99159739
99159740
99159741
99159742
99159743
99159744
99159745
99159746
99159747
99159748
99159749
99159750
99159751
99159752
99159753
99159754
99159755
99159756
99159757
99159758
99159759
99159760
99159761
99159762
99159763
99159764
99159765
99159766
99159767
99159768
99159769
99159770
99159771
99159772
99159773
99159774
99159775
99159776
99159777
99159778
99159779
99159780
99159781
99159782
99159783
99159784
99159785
99159786
99159787
99159788
99159789
99159790
99159791
99159792
99159793
99159794
99159795
99159796
99159797
99159798
99159799
99159800
99159801
99159802
99159803
99159804
99159805
99159806
99159807
99159808
99159809
99159810
99159811
99159812
99159813
99159814
99159815
99159816
99159817
99159818
99159819
99159820
99159821
99159822
99159823
99159824
99159825
99159826
99159827
99159828
99159829
99159830
99159831
99159832
99159833
99159834
99159835
99159836
99159837
99159838
99159839
99159840
99159841
99159842
99159843
99159844
99159845
99159846
99159847
99159848
99159849
99159850
99159851
99159852
99159853
99159854
99159855
99159856
99159857
99159858
99159859
99159860
99159861
99159862
99159863
99159864
99159865
99159866
99159867
99159868
99159869
99159870
99159871
99159872
99159873
99159874
99159875
99159876
99159877
99159878
99159879
99159880
99159881
99159882
99159883
99159884
99159885
99159886
99159887
99159888
99159889
99159890
99159891
99159892
99159893
99159894
99159895
99159896
99159897
99159898
99159899
99159900
99159901
99159902
99159903
99159904
99159905
99159906
99159907
99159908
99159909
99159910
99159911
99159912
99159913
99159914
99159915
99159916
99159917
99159918
99159919
99159920
99159921
99159922
99159923
99159924
99159925
99159926
99159927
99159928
99159929
99159930
99159931
99159932
99159933
99159934
99159935
99159936
99159937
99159938
99159939
99159940
99159941
99159942
99159943
99159944
99159945
99159946
99159947
99159948
99159949
99159950
99159951
99159952
99159953
99159954
99159955
99159956
99159957
99159958
99159959
99159960
99159961
99159962
99159963
99159964
99159965
99159966
99159967
99159968
99159969
99159970
99159971
99159972
99159973
99159974
99159975
99159976
99159977
99159978
99159979
99159980
99159981
99159982
99159983
99159984
99159985
99159986
99159987
99159988
99159989
99159990
99159991
99159992
99159993
99159994
99159995
99159996
99159997
99159998
99159999
99160000
99160001
99160002
99160003
99160004
99160005
99160006
99160007
99160008
99160009
99160010
99160011
99160012
99160013
99160014
99160015
99160016
99160017
99160018
99160019
99160020
99160021
99160022
99160023
99160024
99160025
99160026
99160027
99160028
99160029
99160030
99160031
99160032
99160033
99160034
99160035
99160036
99160037
99160038
99160039
99160040
99160041
99160042
99160043
99160044
99160045
99160046
99160047
99160048
99160049
99160050
99160051
99160052
99160053
99160054
99160055
99160056
99160057
99160058
99160059
99160060
99160061
99160062
99160063
99160064
99160065
99160066
99160067
99160068
99160069
99160070
99160071
99160072
99160073
99160074
99160075
99160076
99160077
99160078
99160079
99160080
99160081
99160082
99160083
99160084
99160085
99160086
99160087
99160088
99160089
99160090
99160091
99160092
99160093
99160094
99160095
99160096
99160097
99160098
99160099
99160100
99160101
99160102
99160103
99160104
99160105
99160106
99160107
99160108
99160109
99160110
99160111
99160112
99160113
99160114
99160115
99160116
99160117
99160118
99160119
99160120
99160121
99160122
99160123
99160124
99160125
99160126
99160127
99160128
99160129
99160130
99160131
99160132
99160133
99160134
99160135
99160136
99160137
99160138
99160139
99160140
99160141
99160142
99160143
99160144
99160145
99160146
99160147
99160148
99160149
99160150
99160151
99160152
99160153
99160154
99160155
99160156
99160157
99160158
99160159
99160160
99160161
99160162
99160163
99160164
99160165
99160166
99160167
99160168
99160169
99160170
99160171
99160172
99160173
99160174
99160175
99160176
99160177
99160178
99160179
99160180
99160181
99160182
99160183
99160184
99160185
99160186
99160187
99160188
99160189
99160190
99160191
99160192
99160193
99160194
99160195
99160196
99160197
99160198
99160199
99160200
99160201
99160202
99160203
99160204
99160205
99160206
99160207
99160208
99160209
99160210
99160211
99160212
99160213
99160214
99160215
99160216
99160217
99160218
99160219
99160220
99160221
99160222
99160223
99160224
99160225
99160226
99160227
99160228
99160229
99160230
99160231
99160232
99160233
99160234
99160235
99160236
99160237
99160238
99160239
99160240
99160241
99160242
99160243
99160244
99160245
99160246
99160247
99160248
99160249
99160250
99160251
99160252
99160253
99160254
99160255
99160256
99160257
99160258
99160259
99160260
99160261
99160262
99160263
99160264
99160265
99160266
99160267
99160268
99160269
99160270
99160271
99160272
99160273
99160274
99160275
99160276
99160277
99160278
99160279
99160280
99160281
99160282
99160283
99160284
99160285
99160286
99160287
99160288
99160289
99160290
99160291
99160292
99160293
99160294
99160295
99160296
99160297
99160298
99160299
99160300
99160301
99160302
99160303
99160304
99160305
99160306
99160307
99160308
99160309
99160310
99160311
99160312
99160313
99160314
99160315
99160316
99160317
99160318
99160319
99160320
99160321
99160322
99160323
99160324
99160325
99160326
99160327
99160328
99160329
99160330
99160331
99160332
99160333
99160334
99160335
99160336
99160337
99160338
99160339
99160340
99160341
99160342
99160343
99160344
99160345
99160346
99160347
99160348
99160349
99160350
99160351
99160352
99160353
99160354
99160355
99160356
99160357
99160358
99160359
99160360
99160361
99160362
99160363
99160364
99160365
99160366
99160367
99160368
99160369
99160370
99160371
99160372
99160373
99160374
99160375
99160376
99160377
99160378
99160379
99160380
99160381
99160382
99160383
99160384
99160385
99160386
99160387
99160388
99160389
99160390
99160391
99160392
99160393
99160394
99160395
99160396
99160397
99160398
99160399
99160400
99160401
99160402
99160403
99160404
99160405
99160406
99160407
99160408
99160409
99160410
99160411
99160412
99160413
99160414
99160415
99160416
99160417
99160418
99160419
99160420
99160421
99160422
99160423
99160424
99160425
99160426
99160427
99160428
99160429
99160430
99160431
99160432
99160433
99160434
99160435
99160436
99160437
99160438
99160439
99160440
99160441
99160442
99160443
99160444
99160445
99160446
99160447
99160448
99160449
99160450
99160451
99160452
99160453
99160454
99160455
99160456
99160457
99160458
99160459
99160460
99160461
99160462
99160463
99160464
99160465
99160466
99160467
99160468
99160469
99160470
99160471
99160472
99160473
99160474
99160475
99160476
99160477
99160478
99160479
99160480
99160481
99160482
99160483
99160484
99160485
99160486
99160487
99160488
99160489
99160490
99160491
99160492
99160493
99160494
99160495
99160496
99160497
99160498
99160499
99160500
99160501
99160502
99160503
99160504
99160505
99160506
99160507
99160508
99160509
99160510
99160511
99160512
99160513
99160514
99160515
99160516
99160517
99160518
99160519
99160520
99160521
99160522
99160523
99160524
99160525
99160526
99160527
99160528
99160529
99160530
99160531
99160532
99160533
99160534
99160535
99160536
99160537
99160538
99160539
99160540
99160541
99160542
99160543
99160544
99160545
99160546
99160547
99160548
99160549
99160550
99160551
99160552
99160553
99160554
99160555
99160556
99160557
99160558
99160559
99160560
99160561
99160562
99160563
99160564
99160565
99160566
99160567
99160568
99160569
99160570
99160571
99160572
99160573
99160574
99160575
99160576
99160577
99160578
99160579
99160580
99160581
99160582
99160583
99160584
99160585
99160586
99160587
99160588
99160589
99160590
99160591
99160592
99160593
99160594
99160595
99160596
99160597
99160598
99160599
99160600
99160601
99160602
99160603
99160604
99160605
99160606
99160607
99160608
99160609
99160610
99160611
99160612
99160613
99160614
99160615
99160616
99160617
99160618
99160619
99160620
99160621
99160622
99160623
99160624
99160625
99160626
99160627
99160628
99160629
99160630
99160631
99160632
99160633
99160634
99160635
99160636
99160637
99160638
99160639
99160640
99160641
99160642
99160643
99160644
99160645
99160646
99160647
99160648
99160649
99160650
99160651
99160652
99160653
99160654
99160655
99160656
99160657
99160658
99160659
99160660
99160661
99160662
99160663
99160664
99160665
99160666
99160667
99160668
99160669
99160670
99160671
99160672
99160673
99160674
99160675
99160676
99160677
99160678
99160679
99160680
99160681
99160682
99160683
99160684
99160685
99160686
99160687
99160688
99160689
99160690
99160691
99160692
99160693
99160694
99160695
99160696
99160697
99160698
99160699
99160700
99160701
99160702
99160703
99160704
99160705
99160706
99160707
99160708
99160709
99160710
99160711
99160712
99160713
99160714
99160715
99160716
99160717
99160718
99160719
99160720
99160721
99160722
99160723
99160724
99160725
99160726
99160727
99160728
99160729
99160730
99160731
99160732
99160733
99160734
99160735
99160736
99160737
99160738
99160739
99160740
99160741
99160742
99160743
99160744
99160745
99160746
99160747
99160748
99160749
99160750
99160751
99160752
99160753
99160754
99160755
99160756
99160757
99160758
99160759
99160760
99160761
99160762
99160763
99160764
99160765
99160766
99160767
99160768
99160769
99160770
99160771
99160772
99160773
99160774
99160775
99160776
99160777
99160778
99160779
99160780
99160781
99160782
99160783
99160784
99160785
99160786
99160787
99160788
99160789
99160790
99160791
99160792
99160793
99160794
99160795
99160796
99160797
99160798
99160799
99160800
99160801
99160802
99160803
99160804
99160805
99160806
99160807
99160808
99160809
99160810
99160811
99160812
99160813
99160814
99160815
99160816
99160817
99160818
99160819
99160820
99160821
99160822
99160823
99160824
99160825
99160826
99160827
99160828
99160829
99160830
99160831
99160832
99160833
99160834
99160835
99160836
99160837
99160838
99160839
99160840
99160841
99160842
99160843
99160844
99160845
99160846
99160847
99160848
99160849
99160850
99160851
99160852
99160853
99160854
99160855
99160856
99160857
99160858
99160859
99160860
99160861
99160862
99160863
99160864
99160865
99160866
99160867
99160868
99160869
99160870
99160871
99160872
99160873
99160874
99160875
99160876
99160877
99160878
99160879
99160880
99160881
99160882
99160883
99160884
99160885
99160886
99160887
99160888
99160889
99160890
99160891
99160892
99160893
99160894
99160895
99160896
99160897
99160898
99160899
99160900
99160901
99160902
99160903
99160904
99160905
99160906
99160907
99160908
99160909
99160910
99160911
99160912
99160913
99160914
99160915
99160916
99160917
99160918
99160919
99160920
99160921
99160922
99160923
99160924
99160925
99160926
99160927
99160928
99160929
99160930
99160931
99160932
99160933
99160934
99160935
99160936
99160937
99160938
99160939
99160940
99160941
99160942
99160943
99160944
99160945
99160946
99160947
99160948
99160949
99160950
99160951
99160952
99160953
99160954
99160955
99160956
99160957
99160958
99160959
99160960
99160961
99160962
99160963
99160964
99160965
99160966
99160967
99160968
99160969
99160970
99160971
99160972
99160973
99160974
99160975
99160976
99160977
99160978
99160979
99160980
99160981
99160982
99160983
99160984
99160985
99160986
99160987
99160988
99160989
99160990
99160991
99160992
99160993
99160994
99160995
99160996
99160997
99160998
99160999
99161000
99161001
99161002
99161003
99161004
99161005
99161006
99161007
99161008
99161009
99161010
99161011
99161012
99161013
99161014
99161015
99161016
99161017
99161018
99161019
99161020
99161021
99161022
99161023
99161024
99161025
99161026
99161027
99161028
99161029
99161030
99161031
99161032
99161033
99161034
99161035
99161036
99161037
99161038
99161039
99161040
99161041
99161042
99161043
99161044
99161045
99161046
99161047
99161048
99161049
99161050
99161051
99161052
99161053
99161054
99161055
99161056
99161057
99161058
99161059
99161060
99161061
99161062
99161063
99161064
99161065
99161066
99161067
99161068
99161069
99161070
99161071
99161072
99161073
99161074
99161075
99161076
99161077
99161078
99161079
99161080
99161081
99161082
99161083
99161084
99161085
99161086
99161087
99161088
99161089
99161090
99161091
99161092
99161093
99161094
99161095
99161096
99161097
99161098
99161099
99161100
99161101
99161102
99161103
99161104
99161105
99161106
99161107
99161108
99161109
99161110
99161111
99161112
99161113
99161114
99161115
99161116
99161117
99161118
99161119
99161120
99161121
99161122
99161123
99161124
99161125
99161126
99161127
99161128
99161129
99161130
99161131
99161132
99161133
99161134
99161135
99161136
99161137
99161138
99161139
99161140
99161141
99161142
99161143
99161144
99161145
99161146
99161147
99161148
99161149
99161150
99161151
99161152
99161153
99161154
99161155
99161156
99161157
99161158
99161159
99161160
99161161
99161162
99161163
99161164
99161165
99161166
99161167
99161168
99161169
99161170
99161171
99161172
99161173
99161174
99161175
99161176
99161177
99161178
99161179
99161180
99161181
99161182
99161183
99161184
99161185
99161186
99161187
99161188
99161189
99161190
99161191
99161192
99161193
99161194
99161195
99161196
99161197
99161198
99161199
99161200
99161201
99161202
99161203
99161204
99161205
99161206
99161207
99161208
99161209
99161210
99161211
99161212
99161213
99161214
99161215
99161216
99161217
99161218
99161219
99161220
99161221
99161222
99161223
99161224
99161225
99161226
99161227
99161228
99161229
99161230
99161231
99161232
99161233
99161234
99161235
99161236
99161237
99161238
99161239
99161240
99161241
99161242
99161243
99161244
99161245
99161246
99161247
99161248
99161249
99161250
99161251
99161252
99161253
99161254
99161255
99161256
99161257
99161258
99161259
99161260
99161261
99161262
99161263
99161264
99161265
99161266
99161267
99161268
99161269
99161270
99161271
99161272
99161273
99161274
99161275
99161276
99161277
99161278
99161279
99161280
99161281
99161282
99161283
99161284
99161285
99161286
99161287
99161288
99161289
99161290
99161291
99161292
99161293
99161294
99161295
99161296
99161297
99161298
99161299
99161300
99161301
99161302
99161303
99161304
99161305
99161306
99161307
99161308
99161309
99161310
99161311
99161312
99161313
99161314
99161315
99161316
99161317
99161318
99161319
99161320
99161321
99161322
99161323
99161324
99161325
99161326
99161327
99161328
99161329
99161330
99161331
99161332
99161333
99161334
99161335
99161336
99161337
99161338
99161339
99161340
99161341
99161342
99161343
99161344
99161345
99161346
99161347
99161348
99161349
99161350
99161351
99161352
99161353
99161354
99161355
99161356
99161357
99161358
99161359
99161360
99161361
99161362
99161363
99161364
99161365
99161366
99161367
99161368
99161369
99161370
99161371
99161372
99161373
99161374
99161375
99161376
99161377
99161378
99161379
99161380
99161381
99161382
99161383
99161384
99161385
99161386
99161387
99161388
99161389
99161390
99161391
99161392
99161393
99161394
99161395
99161396
99161397
99161398
99161399
99161400
99161401
99161402
99161403
99161404
99161405
99161406
99161407
99161408
99161409
99161410
99161411
99161412
99161413
99161414
99161415
99161416
99161417
99161418
99161419
99161420
99161421
99161422
99161423
99161424
99161425
99161426
99161427
99161428
99161429
99161430
99161431
99161432
99161433
99161434
99161435
99161436
99161437
99161438
99161439
99161440
99161441
99161442
99161443
99161444
99161445
99161446
99161447
99161448
99161449
99161450
99161451
99161452
99161453
99161454
99161455
99161456
99161457
99161458
99161459
99161460
99161461
99161462
99161463
99161464
99161465
99161466
99161467
99161468
99161469
99161470
99161471
99161472
99161473
99161474
99161475
99161476
99161477
99161478
99161479
99161480
99161481
99161482
99161483
99161484
99161485
99161486
99161487
99161488
99161489
99161490
99161491
99161492
99161493
99161494
99161495
99161496
99161497
99161498
99161499
99161500
99161501
99161502
99161503
99161504
99161505
99161506
99161507
99161508
99161509
99161510
99161511
99161512
99161513
99161514
99161515
99161516
99161517
99161518
99161519
99161520
99161521
99161522
99161523
99161524
99161525
99161526
99161527
99161528
99161529
99161530
99161531
99161532
99161533
99161534
99161535
99161536
99161537
99161538
99161539
99161540
99161541
99161542
99161543
99161544
99161545
99161546
99161547
99161548
99161549
99161550
99161551
99161552
99161553
99161554
99161555
99161556
99161557
99161558
99161559
99161560
99161561
99161562
99161563
99161564
99161565
99161566
99161567
99161568
99161569
99161570
99161571
99161572
99161573
99161574
99161575
99161576
99161577
99161578
99161579
99161580
99161581
99161582
99161583
99161584
99161585
99161586
99161587
99161588
99161589
99161590
99161591
99161592
99161593
99161594
99161595
99161596
99161597
99161598
99161599
99161600
99161601
99161602
99161603
99161604
99161605
99161606
99161607
99161608
99161609
99161610
99161611
99161612
99161613
99161614
99161615
99161616
99161617
99161618
99161619
99161620
99161621
99161622
99161623
99161624
99161625
99161626
99161627
99161628
99161629
99161630
99161631
99161632
99161633
99161634
99161635
99161636
99161637
99161638
99161639
99161640
99161641
99161642
99161643
99161644
99161645
99161646
99161647
99161648
99161649
99161650
99161651
99161652
99161653
99161654
99161655
99161656
99161657
99161658
99161659
99161660
99161661
99161662
99161663
99161664
99161665
99161666
99161667
99161668
99161669
99161670
99161671
99161672
99161673
99161674
99161675
99161676
99161677
99161678
99161679
99161680
99161681
99161682
99161683
99161684
99161685
99161686
99161687
99161688
99161689
99161690
99161691
99161692
99161693
99161694
99161695
99161696
99161697
99161698
99161699
99161700
99161701
99161702
99161703
99161704
99161705
99161706
99161707
99161708
99161709
99161710
99161711
99161712
99161713
99161714
99161715
99161716
99161717
99161718
99161719
99161720
99161721
99161722
99161723
99161724
99161725
99161726
99161727
99161728
99161729
99161730
99161731
99161732
99161733
99161734
99161735
99161736
99161737
99161738
99161739
99161740
99161741
99161742
99161743
99161744
99161745
99161746
99161747
99161748
99161749
99161750
99161751
99161752
99161753
99161754
99161755
99161756
99161757
99161758
99161759
99161760
99161761
99161762
99161763
99161764
99161765
99161766
99161767
99161768
99161769
99161770
99161771
99161772
99161773
99161774
99161775
99161776
99161777
99161778
99161779
99161780
99161781
99161782
99161783
99161784
99161785
99161786
99161787
99161788
99161789
99161790
99161791
99161792
99161793
99161794
99161795
99161796
99161797
99161798
99161799
99161800
99161801
99161802
99161803
99161804
99161805
99161806
99161807
99161808
99161809
99161810
99161811
99161812
99161813
99161814
99161815
99161816
99161817
99161818
99161819
99161820
99161821
99161822
99161823
99161824
99161825
99161826
99161827
99161828
99161829
99161830
99161831
99161832
99161833
99161834
99161835
99161836
99161837
99161838
99161839
99161840
99161841
99161842
99161843
99161844
99161845
99161846
99161847
99161848
99161849
99161850
99161851
99161852
99161853
99161854
99161855
99161856
99161857
99161858
99161859
99161860
99161861
99161862
99161863
99161864
99161865
99161866
99161867
99161868
99161869
99161870
99161871
99161872
99161873
99161874
99161875
99161876
99161877
99161878
99161879
99161880
99161881
99161882
99161883
99161884
99161885
99161886
99161887
99161888
99161889
99161890
99161891
99161892
99161893
99161894
99161895
99161896
99161897
99161898
99161899
99161900
99161901
99161902
99161903
99161904
99161905
99161906
99161907
99161908
99161909
99161910
99161911
99161912
99161913
99161914
99161915
99161916
99161917
99161918
99161919
99161920
99161921
99161922
99161923
99161924
99161925
99161926
99161927
99161928
99161929
99161930
99161931
99161932
99161933
99161934
99161935
99161936
99161937
99161938
99161939
99161940
99161941
99161942
99161943
99161944
99161945
99161946
99161947
99161948
99161949
99161950
99161951
99161952
99161953
99161954
99161955
99161956
99161957
99161958
99161959
99161960
99161961
99161962
99161963
99161964
99161965
99161966
99161967
99161968
99161969
99161970
99161971
99161972
99161973
99161974
99161975
99161976
99161977
99161978
99161979
99161980
99161981
99161982
99161983
99161984
99161985
99161986
99161987
99161988
99161989
99161990
99161991
99161992
99161993
99161994
99161995
99161996
99161997
99161998
99161999
99162000
99162001
99162002
99162003
99162004
99162005
99162006
99162007
99162008
99162009
99162010
99162011
99162012
99162013
99162014
99162015
99162016
99162017
99162018
99162019
99162020
99162021
99162022
99162023
99162024
99162025
99162026
99162027
99162028
99162029
99162030
99162031
99162032
99162033
99162034
99162035
99162036
99162037
99162038
99162039
99162040
99162041
99162042
99162043
99162044
99162045
99162046
99162047
99162048
99162049
99162050
99162051
99162052
99162053
99162054
99162055
99162056
99162057
99162058
99162059
99162060
99162061
99162062
99162063
99162064
99162065
99162066
99162067
99162068
99162069
99162070
99162071
99162072
99162073
99162074
99162075
99162076
99162077
99162078
99162079
99162080
99162081
99162082
99162083
99162084
99162085
99162086
99162087
99162088
99162089
99162090
99162091
99162092
99162093
99162094
99162095
99162096
99162097
99162098
99162099
99162100
99162101
99162102
99162103
99162104
99162105
99162106
99162107
99162108
99162109
99162110
99162111
99162112
99162113
99162114
99162115
99162116
99162117
99162118
99162119
99162120
99162121
99162122
99162123
99162124
99162125
99162126
99162127
99162128
99162129
99162130
99162131
99162132
99162133
99162134
99162135
99162136
99162137
99162138
99162139
99162140
99162141
99162142
99162143
99162144
99162145
99162146
99162147
99162148
99162149
99162150
99162151
99162152
99162153
99162154
99162155
99162156
99162157
99162158
99162159
99162160
99162161
99162162
99162163
99162164
99162165
99162166
99162167
99162168
99162169
99162170
99162171
99162172
99162173
99162174
99162175
99162176
99162177
99162178
99162179
99162180
99162181
99162182
99162183
99162184
99162185
99162186
99162187
99162188
99162189
99162190
99162191
99162192
99162193
99162194
99162195
99162196
99162197
99162198
99162199
99162200
99162201
99162202
99162203
99162204
99162205
99162206
99162207
99162208
99162209
99162210
99162211
99162212
99162213
99162214
99162215
99162216
99162217
99162218
99162219
99162220
99162221
99162222
99162223
99162224
99162225
99162226
99162227
99162228
99162229
99162230
99162231
99162232
99162233
99162234
99162235
99162236
99162237
99162238
99162239
99162240
99162241
99162242
99162243
99162244
99162245
99162246
99162247
99162248
99162249
99162250
99162251
99162252
99162253
99162254
99162255
99162256
99162257
99162258
99162259
99162260
99162261
99162262
99162263
99162264
99162265
99162266
99162267
99162268
99162269
99162270
99162271
99162272
99162273
99162274
99162275
99162276
99162277
99162278
99162279
99162280
99162281
99162282
99162283
99162284
99162285
99162286
99162287
99162288
99162289
99162290
99162291
99162292
99162293
99162294
99162295
99162296
99162297
99162298
99162299
99162300
99162301
99162302
99162303
99162304
99162305
99162306
99162307
99162308
99162309
99162310
99162311
99162312
99162313
99162314
99162315
99162316
99162317
99162318
99162319
99162320
99162321
99162322
99162323
99162324
99162325
99162326
99162327
99162328
99162329
99162330
99162331
99162332
99162333
99162334
99162335
99162336
99162337
99162338
99162339
99162340
99162341
99162342
99162343
99162344
99162345
99162346
99162347
99162348
99162349
99162350
99162351
99162352
99162353
99162354
99162355
99162356
99162357
99162358
99162359
99162360
99162361
99162362
99162363
99162364
99162365
99162366
99162367
99162368
99162369
99162370
99162371
99162372
99162373
99162374
99162375
99162376
99162377
99162378
99162379
99162380
99162381
99162382
99162383
99162384
99162385
99162386
99162387
99162388
99162389
99162390
99162391
99162392
99162393
99162394
99162395
99162396
99162397
99162398
99162399
99162400
99162401
99162402
99162403
99162404
99162405
99162406
99162407
99162408
99162409
99162410
99162411
99162412
99162413
99162414
99162415
99162416
99162417
99162418
99162419
99162420
99162421
99162422
99162423
99162424
99162425
99162426
99162427
99162428
99162429
99162430
99162431
99162432
99162433
99162434
99162435
99162436
99162437
99162438
99162439
99162440
99162441
99162442
99162443
99162444
99162445
99162446
99162447
99162448
99162449
99162450
99162451
99162452
99162453
99162454
99162455
99162456
99162457
99162458
99162459
99162460
99162461
99162462
99162463
99162464
99162465
99162466
99162467
99162468
99162469
99162470
99162471
99162472
99162473
99162474
99162475
99162476
99162477
99162478
99162479
99162480
99162481
99162482
99162483
99162484
99162485
99162486
99162487
99162488
99162489
99162490
99162491
99162492
99162493
99162494
99162495
99162496
99162497
99162498
99162499
99162500
99162501
99162502
99162503
99162504
99162505
99162506
99162507
99162508
99162509
99162510
99162511
99162512
99162513
99162514
99162515
99162516
99162517
99162518
99162519
99162520
99162521
99162522
99162523
99162524
99162525
99162526
99162527
99162528
99162529
99162530
99162531
99162532
99162533
99162534
99162535
99162536
99162537
99162538
99162539
99162540
99162541
99162542
99162543
99162544
99162545
99162546
99162547
99162548
99162549
99162550
99162551
99162552
99162553
99162554
99162555
99162556
99162557
99162558
99162559
99162560
99162561
99162562
99162563
99162564
99162565
99162566
99162567
99162568
99162569
99162570
99162571
99162572
99162573
99162574
99162575
99162576
99162577
99162578
99162579
99162580
99162581
99162582
99162583
99162584
99162585
99162586
99162587
99162588
99162589
99162590
99162591
99162592
99162593
99162594
99162595
99162596
99162597
99162598
99162599
99162600
99162601
99162602
99162603
99162604
99162605
99162606
99162607
99162608
99162609
99162610
99162611
99162612
99162613
99162614
99162615
99162616
99162617
99162618
99162619
99162620
99162621
99162622
99162623
99162624
99162625
99162626
99162627
99162628
99162629
99162630
99162631
99162632
99162633
99162634
99162635
99162636
99162637
99162638
99162639
99162640
99162641
99162642
99162643
99162644
99162645
99162646
99162647
99162648
99162649
99162650
99162651
99162652
99162653
99162654
99162655
99162656
99162657
99162658
99162659
99162660
99162661
99162662
99162663
99162664
99162665
99162666
99162667
99162668
99162669
99162670
99162671
99162672
99162673
99162674
99162675
99162676
99162677
99162678
99162679
99162680
99162681
99162682
99162683
99162684
99162685
99162686
99162687
99162688
99162689
99162690
99162691
99162692
99162693
99162694
99162695
99162696
99162697
99162698
99162699
99162700
99162701
99162702
99162703
99162704
99162705
99162706
99162707
99162708
99162709
99162710
99162711
99162712
99162713
99162714
99162715
99162716
99162717
99162718
99162719
99162720
99162721
99162722
99162723
99162724
99162725
99162726
99162727
99162728
99162729
99162730
99162731
99162732
99162733
99162734
99162735
99162736
99162737
99162738
99162739
99162740
99162741
99162742
99162743
99162744
99162745
99162746
99162747
99162748
99162749
99162750
99162751
99162752
99162753
99162754
99162755
99162756
99162757
99162758
99162759
99162760
99162761
99162762
99162763
99162764
99162765
99162766
99162767
99162768
99162769
99162770
99162771
99162772
99162773
99162774
99162775
99162776
99162777
99162778
99162779
99162780
99162781
99162782
99162783
99162784
99162785
99162786
99162787
99162788
99162789
99162790
99162791
99162792
99162793
99162794
99162795
99162796
99162797
99162798
99162799
99162800
99162801
99162802
99162803
99162804
99162805
99162806
99162807
99162808
99162809
99162810
99162811
99162812
99162813
99162814
99162815
99162816
99162817
99162818
99162819
99162820
99162821
99162822
99162823
99162824
99162825
99162826
99162827
99162828
99162829
99162830
99162831
99162832
99162833
99162834
99162835
99162836
99162837
99162838
99162839
99162840
99162841
99162842
99162843
99162844
99162845
99162846
99162847
99162848
99162849
99162850
99162851
99162852
99162853
99162854
99162855
99162856
99162857
99162858
99162859
99162860
99162861
99162862
99162863
99162864
99162865
99162866
99162867
99162868
99162869
99162870
99162871
99162872
99162873
99162874
99162875
99162876
99162877
99162878
99162879
99162880
99162881
99162882
99162883
99162884
99162885
99162886
99162887
99162888
99162889
99162890
99162891
99162892
99162893
99162894
99162895
99162896
99162897
99162898
99162899
99162900
99162901
99162902
99162903
99162904
99162905
99162906
99162907
99162908
99162909
99162910
99162911
99162912
99162913
99162914
99162915
99162916
99162917
99162918
99162919
99162920
99162921
99162922
99162923
99162924
99162925
99162926
99162927
99162928
99162929
99162930
99162931
99162932
99162933
99162934
99162935
99162936
99162937
99162938
99162939
99162940
99162941
99162942
99162943
99162944
99162945
99162946
99162947
99162948
99162949
99162950
99162951
99162952
99162953
99162954
99162955
99162956
99162957
99162958
99162959
99162960
99162961
99162962
99162963
99162964
99162965
99162966
99162967
99162968
99162969
99162970
99162971
99162972
99162973
99162974
99162975
99162976
99162977
99162978
99162979
99162980
99162981
99162982
99162983
99162984
99162985
99162986
99162987
99162988
99162989
99162990
99162991
99162992
99162993
99162994
99162995
99162996
99162997
99162998
99162999
99163000
99163001
99163002
99163003
99163004
99163005
99163006
99163007
99163008
99163009
99163010
99163011
99163012
99163013
99163014
99163015
99163016
99163017
99163018
99163019
99163020
99163021
99163022
99163023
99163024
99163025
99163026
99163027
99163028
99163029
99163030
99163031
99163032
99163033
99163034
99163035
99163036
99163037
99163038
99163039
99163040
99163041
99163042
99163043
99163044
99163045
99163046
99163047
99163048
99163049
99163050
99163051
99163052
99163053
99163054
99163055
99163056
99163057
99163058
99163059
99163060
99163061
99163062
99163063
99163064
99163065
99163066
99163067
99163068
99163069
99163070
99163071
99163072
99163073
99163074
99163075
99163076
99163077
99163078
99163079
99163080
99163081
99163082
99163083
99163084
99163085
99163086
99163087
99163088
99163089
99163090
99163091
99163092
99163093
99163094
99163095
99163096
99163097
99163098
99163099
99163100
99163101
99163102
99163103
99163104
99163105
99163106
99163107
99163108
99163109
99163110
99163111
99163112
99163113
99163114
99163115
99163116
99163117
99163118
99163119
99163120
99163121
99163122
99163123
99163124
99163125
99163126
99163127
99163128
99163129
99163130
99163131
99163132
99163133
99163134
99163135
99163136
99163137
99163138
99163139
99163140
99163141
99163142
99163143
99163144
99163145
99163146
99163147
99163148
99163149
99163150
99163151
99163152
99163153
99163154
99163155
99163156
99163157
99163158
99163159
99163160
99163161
99163162
99163163
99163164
99163165
99163166
99163167
99163168
99163169
99163170
99163171
99163172
99163173
99163174
99163175
99163176
99163177
99163178
99163179
99163180
99163181
99163182
99163183
99163184
99163185
99163186
99163187
99163188
99163189
99163190
99163191
99163192
99163193
99163194
99163195
99163196
99163197
99163198
99163199
99163200
99163201
99163202
99163203
99163204
99163205
99163206
99163207
99163208
99163209
99163210
99163211
99163212
99163213
99163214
99163215
99163216
99163217
99163218
99163219
99163220
99163221
99163222
99163223
99163224
99163225
99163226
99163227
99163228
99163229
99163230
99163231
99163232
99163233
99163234
99163235
99163236
99163237
99163238
99163239
99163240
99163241
99163242
99163243
99163244
99163245
99163246
99163247
99163248
99163249
99163250
99163251
99163252
99163253
99163254
99163255
99163256
99163257
99163258
99163259
99163260
99163261
99163262
99163263
99163264
99163265
99163266
99163267
99163268
99163269
99163270
99163271
99163272
99163273
99163274
99163275
99163276
99163277
99163278
99163279
99163280
99163281
99163282
99163283
99163284
99163285
99163286
99163287
99163288
99163289
99163290
99163291
99163292
99163293
99163294
99163295
99163296
99163297
99163298
99163299
99163300
99163301
99163302
99163303
99163304
99163305
99163306
99163307
99163308
99163309
99163310
99163311
99163312
99163313
99163314
99163315
99163316
99163317
99163318
99163319
99163320
99163321
99163322
99163323
99163324
99163325
99163326
99163327
99163328
99163329
99163330
99163331
99163332
99163333
99163334
99163335
99163336
99163337
99163338
99163339
99163340
99163341
99163342
99163343
99163344
99163345
99163346
99163347
99163348
99163349
99163350
99163351
99163352
99163353
99163354
99163355
99163356
99163357
99163358
99163359
99163360
99163361
99163362
99163363
99163364
99163365
99163366
99163367
99163368
99163369
99163370
99163371
99163372
99163373
99163374
99163375
99163376
99163377
99163378
99163379
99163380
99163381
99163382
99163383
99163384
99163385
99163386
99163387
99163388
99163389
99163390
99163391
99163392
99163393
99163394
99163395
99163396
99163397
99163398
99163399
99163400
99163401
99163402
99163403
99163404
99163405
99163406
99163407
99163408
99163409
99163410
99163411
99163412
99163413
99163414
99163415
99163416
99163417
99163418
99163419
99163420
99163421
99163422
99163423
99163424
99163425
99163426
99163427
99163428
99163429
99163430
99163431
99163432
99163433
99163434
99163435
99163436
99163437
99163438
99163439
99163440
99163441
99163442
99163443
99163444
99163445
99163446
99163447
99163448
99163449
99163450
99163451
99163452
99163453
99163454
99163455
99163456
99163457
99163458
99163459
99163460
99163461
99163462
99163463
99163464
99163465
99163466
99163467
99163468
99163469
99163470
99163471
99163472
99163473
99163474
99163475
99163476
99163477
99163478
99163479
99163480
99163481
99163482
99163483
99163484
99163485
99163486
99163487
99163488
99163489
99163490
99163491
99163492
99163493
99163494
99163495
99163496
99163497
99163498
99163499
99163500
99163501
99163502
99163503
99163504
99163505
99163506
99163507
99163508
99163509
99163510
99163511
99163512
99163513
99163514
99163515
99163516
99163517
99163518
99163519
99163520
99163521
99163522
99163523
99163524
99163525
99163526
99163527
99163528
99163529
99163530
99163531
99163532
99163533
99163534
99163535
99163536
99163537
99163538
99163539
99163540
99163541
99163542
99163543
99163544
99163545
99163546
99163547
99163548
99163549
99163550
99163551
99163552
99163553
99163554
99163555
99163556
99163557
99163558
99163559
99163560
99163561
99163562
99163563
99163564
99163565
99163566
99163567
99163568
99163569
99163570
99163571
99163572
99163573
99163574
99163575
99163576
99163577
99163578
99163579
99163580
99163581
99163582
99163583
99163584
99163585
99163586
99163587
99163588
99163589
99163590
99163591
99163592
99163593
99163594
99163595
99163596
99163597
99163598
99163599
99163600
99163601
99163602
99163603
99163604
99163605
99163606
99163607
99163608
99163609
99163610
99163611
99163612
99163613
99163614
99163615
99163616
99163617
99163618
99163619
99163620
99163621
99163622
99163623
99163624
99163625
99163626
99163627
99163628
99163629
99163630
99163631
99163632
99163633
99163634
99163635
99163636
99163637
99163638
99163639
99163640
99163641
99163642
99163643
99163644
99163645
99163646
99163647
99163648
99163649
99163650
99163651
99163652
99163653
99163654
99163655
99163656
99163657
99163658
99163659
99163660
99163661
99163662
99163663
99163664
99163665
99163666
99163667
99163668
99163669
99163670
99163671
99163672
99163673
99163674
99163675
99163676
99163677
99163678
99163679
99163680
99163681
99163682
99163683
99163684
99163685
99163686
99163687
99163688
99163689
99163690
99163691
99163692
99163693
99163694
99163695
99163696
99163697
99163698
99163699
99163700
99163701
99163702
99163703
99163704
99163705
99163706
99163707
99163708
99163709
99163710
99163711
99163712
99163713
99163714
99163715
99163716
99163717
99163718
99163719
99163720
99163721
99163722
99163723
99163724
99163725
99163726
99163727
99163728
99163729
99163730
99163731
99163732
99163733
99163734
99163735
99163736
99163737
99163738
99163739
99163740
99163741
99163742
99163743
99163744
99163745
99163746
99163747
99163748
99163749
99163750
99163751
99163752
99163753
99163754
99163755
99163756
99163757
99163758
99163759
99163760
99163761
99163762
99163763
99163764
99163765
99163766
99163767
99163768
99163769
99163770
99163771
99163772
99163773
99163774
99163775
99163776
99163777
99163778
99163779
99163780
99163781
99163782
99163783
99163784
99163785
99163786
99163787
99163788
99163789
99163790
99163791
99163792
99163793
99163794
99163795
99163796
99163797
99163798
99163799
99163800
99163801
99163802
99163803
99163804
99163805
99163806
99163807
99163808
99163809
99163810
99163811
99163812
99163813
99163814
99163815
99163816
99163817
99163818
99163819
99163820
99163821
99163822
99163823
99163824
99163825
99163826
99163827
99163828
99163829
99163830
99163831
99163832
99163833
99163834
99163835
99163836
99163837
99163838
99163839
99163840
99163841
99163842
99163843
99163844
99163845
99163846
99163847
99163848
99163849
99163850
99163851
99163852
99163853
99163854
99163855
99163856
99163857
99163858
99163859
99163860
99163861
99163862
99163863
99163864
99163865
99163866
99163867
99163868
99163869
99163870
99163871
99163872
99163873
99163874
99163875
99163876
99163877
99163878
99163879
99163880
99163881
99163882
99163883
99163884
99163885
99163886
99163887
99163888
99163889
99163890
99163891
99163892
99163893
99163894
99163895
99163896
99163897
99163898
99163899
99163900
99163901
99163902
99163903
99163904
99163905
99163906
99163907
99163908
99163909
99163910
99163911
99163912
99163913
99163914
99163915
99163916
99163917
99163918
99163919
99163920
99163921
99163922
99163923
99163924
99163925
99163926
99163927
99163928
99163929
99163930
99163931
99163932
99163933
99163934
99163935
99163936
99163937
99163938
99163939
99163940
99163941
99163942
99163943
99163944
99163945
99163946
99163947
99163948
99163949
99163950
99163951
99163952
99163953
99163954
99163955
99163956
99163957
99163958
99163959
99163960
99163961
99163962
99163963
99163964
99163965
99163966
99163967
99163968
99163969
99163970
99163971
99163972
99163973
99163974
99163975
99163976
99163977
99163978
99163979
99163980
99163981
99163982
99163983
99163984
99163985
99163986
99163987
99163988
99163989
99163990
99163991
99163992
99163993
99163994
99163995
99163996
99163997
99163998
99163999
99164000
99164001
99164002
99164003
99164004
99164005
99164006
99164007
99164008
99164009
99164010
99164011
99164012
99164013
99164014
99164015
99164016
99164017
99164018
99164019
99164020
99164021
99164022
99164023
99164024
99164025
99164026
99164027
99164028
99164029
99164030
99164031
99164032
99164033
99164034
99164035
99164036
99164037
99164038
99164039
99164040
99164041
99164042
99164043
99164044
99164045
99164046
99164047
99164048
99164049
99164050
99164051
99164052
99164053
99164054
99164055
99164056
99164057
99164058
99164059
99164060
99164061
99164062
99164063
99164064
99164065
99164066
99164067
99164068
99164069
99164070
99164071
99164072
99164073
99164074
99164075
99164076
99164077
99164078
99164079
99164080
99164081
99164082
99164083
99164084
99164085
99164086
99164087
99164088
99164089
99164090
99164091
99164092
99164093
99164094
99164095
99164096
99164097
99164098
99164099
99164100
99164101
99164102
99164103
99164104
99164105
99164106
99164107
99164108
99164109
99164110
99164111
99164112
99164113
99164114
99164115
99164116
99164117
99164118
99164119
99164120
99164121
99164122
99164123
99164124
99164125
99164126
99164127
99164128
99164129
99164130
99164131
99164132
99164133
99164134
99164135
99164136
99164137
99164138
99164139
99164140
99164141
99164142
99164143
99164144
99164145
99164146
99164147
99164148
99164149
99164150
99164151
99164152
99164153
99164154
99164155
99164156
99164157
99164158
99164159
99164160
99164161
99164162
99164163
99164164
99164165
99164166
99164167
99164168
99164169
99164170
99164171
99164172
99164173
99164174
99164175
99164176
99164177
99164178
99164179
99164180
99164181
99164182
99164183
99164184
99164185
99164186
99164187
99164188
99164189
99164190
99164191
99164192
99164193
99164194
99164195
99164196
99164197
99164198
99164199
99164200
99164201
99164202
99164203
99164204
99164205
99164206
99164207
99164208
99164209
99164210
99164211
99164212
99164213
99164214
99164215
99164216
99164217
99164218
99164219
99164220
99164221
99164222
99164223
99164224
99164225
99164226
99164227
99164228
99164229
99164230
99164231
99164232
99164233
99164234
99164235
99164236
99164237
99164238
99164239
99164240
99164241
99164242
99164243
99164244
99164245
99164246
99164247
99164248
99164249
99164250
99164251
99164252
99164253
99164254
99164255
99164256
99164257
99164258
99164259
99164260
99164261
99164262
99164263
99164264
99164265
99164266
99164267
99164268
99164269
99164270
99164271
99164272
99164273
99164274
99164275
99164276
99164277
99164278
99164279
99164280
99164281
99164282
99164283
99164284
99164285
99164286
99164287
99164288
99164289
99164290
99164291
99164292
99164293
99164294
99164295
99164296
99164297
99164298
99164299
99164300
99164301
99164302
99164303
99164304
99164305
99164306
99164307
99164308
99164309
99164310
99164311
99164312
99164313
99164314
99164315
99164316
99164317
99164318
99164319
99164320
99164321
99164322
99164323
99164324
99164325
99164326
99164327
99164328
99164329
99164330
99164331
99164332
99164333
99164334
99164335
99164336
99164337
99164338
99164339
99164340
99164341
99164342
99164343
99164344
99164345
99164346
99164347
99164348
99164349
99164350
99164351
99164352
99164353
99164354
99164355
99164356
99164357
99164358
99164359
99164360
99164361
99164362
99164363
99164364
99164365
99164366
99164367
99164368
99164369
99164370
99164371
99164372
99164373
99164374
99164375
99164376
99164377
99164378
99164379
99164380
99164381
99164382
99164383
99164384
99164385
99164386
99164387
99164388
99164389
99164390
99164391
99164392
99164393
99164394
99164395
99164396
99164397
99164398
99164399
99164400
99164401
99164402
99164403
99164404
99164405
99164406
99164407
99164408
99164409
99164410
99164411
99164412
99164413
99164414
99164415
99164416
99164417
99164418
99164419
99164420
99164421
99164422
99164423
99164424
99164425
99164426
99164427
99164428
99164429
99164430
99164431
99164432
99164433
99164434
99164435
99164436
99164437
99164438
99164439
99164440
99164441
99164442
99164443
99164444
99164445
99164446
99164447
99164448
99164449
99164450
99164451
99164452
99164453
99164454
99164455
99164456
99164457
99164458
99164459
99164460
99164461
99164462
99164463
99164464
99164465
99164466
99164467
99164468
99164469
99164470
99164471
99164472
99164473
99164474
99164475
99164476
99164477
99164478
99164479
99164480
99164481
99164482
99164483
99164484
99164485
99164486
99164487
99164488
99164489
99164490
99164491
99164492
99164493
99164494
99164495
99164496
99164497
99164498
99164499
99164500
99164501
99164502
99164503
99164504
99164505
99164506
99164507
99164508
99164509
99164510
99164511
99164512
99164513
99164514
99164515
99164516
99164517
99164518
99164519
99164520
99164521
99164522
99164523
99164524
99164525
99164526
99164527
99164528
99164529
99164530
99164531
99164532
99164533
99164534
99164535
99164536
99164537
99164538
99164539
99164540
99164541
99164542
99164543
99164544
99164545
99164546
99164547
99164548
99164549
99164550
99164551
99164552
99164553
99164554
99164555
99164556
99164557
99164558
99164559
99164560
99164561
99164562
99164563
99164564
99164565
99164566
99164567
99164568
99164569
99164570
99164571
99164572
99164573
99164574
99164575
99164576
99164577
99164578
99164579
99164580
99164581
99164582
99164583
99164584
99164585
99164586
99164587
99164588
99164589
99164590
99164591
99164592
99164593
99164594
99164595
99164596
99164597
99164598
99164599
99164600
99164601
99164602
99164603
99164604
99164605
99164606
99164607
99164608
99164609
99164610
99164611
99164612
99164613
99164614
99164615
99164616
99164617
99164618
99164619
99164620
99164621
99164622
99164623
99164624
99164625
99164626
99164627
99164628
99164629
99164630
99164631
99164632
99164633
99164634
99164635
99164636
99164637
99164638
99164639
99164640
99164641
99164642
99164643
99164644
99164645
99164646
99164647
99164648
99164649
99164650
99164651
99164652
99164653
99164654
99164655
99164656
99164657
99164658
99164659
99164660
99164661
99164662
99164663
99164664
99164665
99164666
99164667
99164668
99164669
99164670
99164671
99164672
99164673
99164674
99164675
99164676
99164677
99164678
99164679
99164680
99164681
99164682
99164683
99164684
99164685
99164686
99164687
99164688
99164689
99164690
99164691
99164692
99164693
99164694
99164695
99164696
99164697
99164698
99164699
99164700
99164701
99164702
99164703
99164704
99164705
99164706
99164707
99164708
99164709
99164710
99164711
99164712
99164713
99164714
99164715
99164716
99164717
99164718
99164719
99164720
99164721
99164722
99164723
99164724
99164725
99164726
99164727
99164728
99164729
99164730
99164731
99164732
99164733
99164734
99164735
99164736
99164737
99164738
99164739
99164740
99164741
99164742
99164743
99164744
99164745
99164746
99164747
99164748
99164749
99164750
99164751
99164752
99164753
99164754
99164755
99164756
99164757
99164758
99164759
99164760
99164761
99164762
99164763
99164764
99164765
99164766
99164767
99164768
99164769
99164770
99164771
99164772
99164773
99164774
99164775
99164776
99164777
99164778
99164779
99164780
99164781
99164782
99164783
99164784
99164785
99164786
99164787
99164788
99164789
99164790
99164791
99164792
99164793
99164794
99164795
99164796
99164797
99164798
99164799
99164800
99164801
99164802
99164803
99164804
99164805
99164806
99164807
99164808
99164809
99164810
99164811
99164812
99164813
99164814
99164815
99164816
99164817
99164818
99164819
99164820
99164821
99164822
99164823
99164824
99164825
99164826
99164827
99164828
99164829
99164830
99164831
99164832
99164833
99164834
99164835
99164836
99164837
99164838
99164839
99164840
99164841
99164842
99164843
99164844
99164845
99164846
99164847
99164848
99164849
99164850
99164851
99164852
99164853
99164854
99164855
99164856
99164857
99164858
99164859
99164860
99164861
99164862
99164863
99164864
99164865
99164866
99164867
99164868
99164869
99164870
99164871
99164872
99164873
99164874
99164875
99164876
99164877
99164878
99164879
99164880
99164881
99164882
99164883
99164884
99164885
99164886
99164887
99164888
99164889
99164890
99164891
99164892
99164893
99164894
99164895
99164896
99164897
99164898
99164899
99164900
99164901
99164902
99164903
99164904
99164905
99164906
99164907
99164908
99164909
99164910
99164911
99164912
99164913
99164914
99164915
99164916
99164917
99164918
99164919
99164920
99164921
99164922
99164923
99164924
99164925
99164926
99164927
99164928
99164929
99164930
99164931
99164932
99164933
99164934
99164935
99164936
99164937
99164938
99164939
99164940
99164941
99164942
99164943
99164944
99164945
99164946
99164947
99164948
99164949
99164950
99164951
99164952
99164953
99164954
99164955
99164956
99164957
99164958
99164959
99164960
99164961
99164962
99164963
99164964
99164965
99164966
99164967
99164968
99164969
99164970
99164971
99164972
99164973
99164974
99164975
99164976
99164977
99164978
99164979
99164980
99164981
99164982
99164983
99164984
99164985
99164986
99164987
99164988
99164989
99164990
99164991
99164992
99164993
99164994
99164995
99164996
99164997
99164998
99164999
99165000
99165001
99165002
99165003
99165004
99165005
99165006
99165007
99165008
99165009
99165010
99165011
99165012
99165013
99165014
99165015
99165016
99165017
99165018
99165019
99165020
99165021
99165022
99165023
99165024
99165025
99165026
99165027
99165028
99165029
99165030
99165031
99165032
99165033
99165034
99165035
99165036
99165037
99165038
99165039
99165040
99165041
99165042
99165043
99165044
99165045
99165046
99165047
99165048
99165049
99165050
99165051
99165052
99165053
99165054
99165055
99165056
99165057
99165058
99165059
99165060
99165061
99165062
99165063
99165064
99165065
99165066
99165067
99165068
99165069
99165070
99165071
99165072
99165073
99165074
99165075
99165076
99165077
99165078
99165079
99165080
99165081
99165082
99165083
99165084
99165085
99165086
99165087
99165088
99165089
99165090
99165091
99165092
99165093
99165094
99165095
99165096
99165097
99165098
99165099
99165100
99165101
99165102
99165103
99165104
99165105
99165106
99165107
99165108
99165109
99165110
99165111
99165112
99165113
99165114
99165115
99165116
99165117
99165118
99165119
99165120
99165121
99165122
99165123
99165124
99165125
99165126
99165127
99165128
99165129
99165130
99165131
99165132
99165133
99165134
99165135
99165136
99165137
99165138
99165139
99165140
99165141
99165142
99165143
99165144
99165145
99165146
99165147
99165148
99165149
99165150
99165151
99165152
99165153
99165154
99165155
99165156
99165157
99165158
99165159
99165160
99165161
99165162
99165163
99165164
99165165
99165166
99165167
99165168
99165169
99165170
99165171
99165172
99165173
99165174
99165175
99165176
99165177
99165178
99165179
99165180
99165181
99165182
99165183
99165184
99165185
99165186
99165187
99165188
99165189
99165190
99165191
99165192
99165193
99165194
99165195
99165196
99165197
99165198
99165199
99165200
99165201
99165202
99165203
99165204
99165205
99165206
99165207
99165208
99165209
99165210
99165211
99165212
99165213
99165214
99165215
99165216
99165217
99165218
99165219
99165220
99165221
99165222
99165223
99165224
99165225
99165226
99165227
99165228
99165229
99165230
99165231
99165232
99165233
99165234
99165235
99165236
99165237
99165238
99165239
99165240
99165241
99165242
99165243
99165244
99165245
99165246
99165247
99165248
99165249
99165250
99165251
99165252
99165253
99165254
99165255
99165256
99165257
99165258
99165259
99165260
99165261
99165262
99165263
99165264
99165265
99165266
99165267
99165268
99165269
99165270
99165271
99165272
99165273
99165274
99165275
99165276
99165277
99165278
99165279
99165280
99165281
99165282
99165283
99165284
99165285
99165286
99165287
99165288
99165289
99165290
99165291
99165292
99165293
99165294
99165295
99165296
99165297
99165298
99165299
99165300
99165301
99165302
99165303
99165304
99165305
99165306
99165307
99165308
99165309
99165310
99165311
99165312
99165313
99165314
99165315
99165316
99165317
99165318
99165319
99165320
99165321
99165322
99165323
99165324
99165325
99165326
99165327
99165328
99165329
99165330
99165331
99165332
99165333
99165334
99165335
99165336
99165337
99165338
99165339
99165340
99165341
99165342
99165343
99165344
99165345
99165346
99165347
99165348
99165349
99165350
99165351
99165352
99165353
99165354
99165355
99165356
99165357
99165358
99165359
99165360
99165361
99165362
99165363
99165364
99165365
99165366
99165367
99165368
99165369
99165370
99165371
99165372
99165373
99165374
99165375
99165376
99165377
99165378
99165379
99165380
99165381
99165382
99165383
99165384
99165385
99165386
99165387
99165388
99165389
99165390
99165391
99165392
99165393
99165394
99165395
99165396
99165397
99165398
99165399
99165400
99165401
99165402
99165403
99165404
99165405
99165406
99165407
99165408
99165409
99165410
99165411
99165412
99165413
99165414
99165415
99165416
99165417
99165418
99165419
99165420
99165421
99165422
99165423
99165424
99165425
99165426
99165427
99165428
99165429
99165430
99165431
99165432
99165433
99165434
99165435
99165436
99165437
99165438
99165439
99165440
99165441
99165442
99165443
99165444
99165445
99165446
99165447
99165448
99165449
99165450
99165451
99165452
99165453
99165454
99165455
99165456
99165457
99165458
99165459
99165460
99165461
99165462
99165463
99165464
99165465
99165466
99165467
99165468
99165469
99165470
99165471
99165472
99165473
99165474
99165475
99165476
99165477
99165478
99165479
99165480
99165481
99165482
99165483
99165484
99165485
99165486
99165487
99165488
99165489
99165490
99165491
99165492
99165493
99165494
99165495
99165496
99165497
99165498
99165499
99165500
99165501
99165502
99165503
99165504
99165505
99165506
99165507
99165508
99165509
99165510
99165511
99165512
99165513
99165514
99165515
99165516
99165517
99165518
99165519
99165520
99165521
99165522
99165523
99165524
99165525
99165526
99165527
99165528
99165529
99165530
99165531
99165532
99165533
99165534
99165535
99165536
99165537
99165538
99165539
99165540
99165541
99165542
99165543
99165544
99165545
99165546
99165547
99165548
99165549
99165550
99165551
99165552
99165553
99165554
99165555
99165556
99165557
99165558
99165559
99165560
99165561
99165562
99165563
99165564
99165565
99165566
99165567
99165568
99165569
99165570
99165571
99165572
99165573
99165574
99165575
99165576
99165577
99165578
99165579
99165580
99165581
99165582
99165583
99165584
99165585
99165586
99165587
99165588
99165589
99165590
99165591
99165592
99165593
99165594
99165595
99165596
99165597
99165598
99165599
99165600
99165601
99165602
99165603
99165604
99165605
99165606
99165607
99165608
99165609
99165610
99165611
99165612
99165613
99165614
99165615
99165616
99165617
99165618
99165619
99165620
99165621
99165622
99165623
99165624
99165625
99165626
99165627
99165628
99165629
99165630
99165631
99165632
99165633
99165634
99165635
99165636
99165637
99165638
99165639
99165640
99165641
99165642
99165643
99165644
99165645
99165646
99165647
99165648
99165649
99165650
99165651
99165652
99165653
99165654
99165655
99165656
99165657
99165658
99165659
99165660
99165661
99165662
99165663
99165664
99165665
99165666
99165667
99165668
99165669
99165670
99165671
99165672
99165673
99165674
99165675
99165676
99165677
99165678
99165679
99165680
99165681
99165682
99165683
99165684
99165685
99165686
99165687
99165688
99165689
99165690
99165691
99165692
99165693
99165694
99165695
99165696
99165697
99165698
99165699
99165700
99165701
99165702
99165703
99165704
99165705
99165706
99165707
99165708
99165709
99165710
99165711
99165712
99165713
99165714
99165715
99165716
99165717
99165718
99165719
99165720
99165721
99165722
99165723
99165724
99165725
99165726
99165727
99165728
99165729
99165730
99165731
99165732
99165733
99165734
99165735
99165736
99165737
99165738
99165739
99165740
99165741
99165742
99165743
99165744
99165745
99165746
99165747
99165748
99165749
99165750
99165751
99165752
99165753
99165754
99165755
99165756
99165757
99165758
99165759
99165760
99165761
99165762
99165763
99165764
99165765
99165766
99165767
99165768
99165769
99165770
99165771
99165772
99165773
99165774
99165775
99165776
99165777
99165778
99165779
99165780
99165781
99165782
99165783
99165784
99165785
99165786
99165787
99165788
99165789
99165790
99165791
99165792
99165793
99165794
99165795
99165796
99165797
99165798
99165799
99165800
99165801
99165802
99165803
99165804
99165805
99165806
99165807
99165808
99165809
99165810
99165811
99165812
99165813
99165814
99165815
99165816
99165817
99165818
99165819
99165820
99165821
99165822
99165823
99165824
99165825
99165826
99165827
99165828
99165829
99165830
99165831
99165832
99165833
99165834
99165835
99165836
99165837
99165838
99165839
99165840
99165841
99165842
99165843
99165844
99165845
99165846
99165847
99165848
99165849
99165850
99165851
99165852
99165853
99165854
99165855
99165856
99165857
99165858
99165859
99165860
99165861
99165862
99165863
99165864
99165865
99165866
99165867
99165868
99165869
99165870
99165871
99165872
99165873
99165874
99165875
99165876
99165877
99165878
99165879
99165880
99165881
99165882
99165883
99165884
99165885
99165886
99165887
99165888
99165889
99165890
99165891
99165892
99165893
99165894
99165895
99165896
99165897
99165898
99165899
99165900
99165901
99165902
99165903
99165904
99165905
99165906
99165907
99165908
99165909
99165910
99165911
99165912
99165913
99165914
99165915
99165916
99165917
99165918
99165919
99165920
99165921
99165922
99165923
99165924
99165925
99165926
99165927
99165928
99165929
99165930
99165931
99165932
99165933
99165934
99165935
99165936
99165937
99165938
99165939
99165940
99165941
99165942
99165943
99165944
99165945
99165946
99165947
99165948
99165949
99165950
99165951
99165952
99165953
99165954
99165955
99165956
99165957
99165958
99165959
99165960
99165961
99165962
99165963
99165964
99165965
99165966
99165967
99165968
99165969
99165970
99165971
99165972
99165973
99165974
99165975
99165976
99165977
99165978
99165979
99165980
99165981
99165982
99165983
99165984
99165985
99165986
99165987
99165988
99165989
99165990
99165991
99165992
99165993
99165994
99165995
99165996
99165997
99165998
99165999
99166000
99166001
99166002
99166003
99166004
99166005
99166006
99166007
99166008
99166009
99166010
99166011
99166012
99166013
99166014
99166015
99166016
99166017
99166018
99166019
99166020
99166021
99166022
99166023
99166024
99166025
99166026
99166027
99166028
99166029
99166030
99166031
99166032
99166033
99166034
99166035
99166036
99166037
99166038
99166039
99166040
99166041
99166042
99166043
99166044
99166045
99166046
99166047
99166048
99166049
99166050
99166051
99166052
99166053
99166054
99166055
99166056
99166057
99166058
99166059
99166060
99166061
99166062
99166063
99166064
99166065
99166066
99166067
99166068
99166069
99166070
99166071
99166072
99166073
99166074
99166075
99166076
99166077
99166078
99166079
99166080
99166081
99166082
99166083
99166084
99166085
99166086
99166087
99166088
99166089
99166090
99166091
99166092
99166093
99166094
99166095
99166096
99166097
99166098
99166099
99166100
99166101
99166102
99166103
99166104
99166105
99166106
99166107
99166108
99166109
99166110
99166111
99166112
99166113
99166114
99166115
99166116
99166117
99166118
99166119
99166120
99166121
99166122
99166123
99166124
99166125
99166126
99166127
99166128
99166129
99166130
99166131
99166132
99166133
99166134
99166135
99166136
99166137
99166138
99166139
99166140
99166141
99166142
99166143
99166144
99166145
99166146
99166147
99166148
99166149
99166150
99166151
99166152
99166153
99166154
99166155
99166156
99166157
99166158
99166159
99166160
99166161
99166162
99166163
99166164
99166165
99166166
99166167
99166168
99166169
99166170
99166171
99166172
99166173
99166174
99166175
99166176
99166177
99166178
99166179
99166180
99166181
99166182
99166183
99166184
99166185
99166186
99166187
99166188
99166189
99166190
99166191
99166192
99166193
99166194
99166195
99166196
99166197
99166198
99166199
99166200
99166201
99166202
99166203
99166204
99166205
99166206
99166207
99166208
99166209
99166210
99166211
99166212
99166213
99166214
99166215
99166216
99166217
99166218
99166219
99166220
99166221
99166222
99166223
99166224
99166225
99166226
99166227
99166228
99166229
99166230
99166231
99166232
99166233
99166234
99166235
99166236
99166237
99166238
99166239
99166240
99166241
99166242
99166243
99166244
99166245
99166246
99166247
99166248
99166249
99166250
99166251
99166252
99166253
99166254
99166255
99166256
99166257
99166258
99166259
99166260
99166261
99166262
99166263
99166264
99166265
99166266
99166267
99166268
99166269
99166270
99166271
99166272
99166273
99166274
99166275
99166276
99166277
99166278
99166279
99166280
99166281
99166282
99166283
99166284
99166285
99166286
99166287
99166288
99166289
99166290
99166291
99166292
99166293
99166294
99166295
99166296
99166297
99166298
99166299
99166300
99166301
99166302
99166303
99166304
99166305
99166306
99166307
99166308
99166309
99166310
99166311
99166312
99166313
99166314
99166315
99166316
99166317
99166318
99166319
99166320
99166321
99166322
99166323
99166324
99166325
99166326
99166327
99166328
99166329
99166330
99166331
99166332
99166333
99166334
99166335
99166336
99166337
99166338
99166339
99166340
99166341
99166342
99166343
99166344
99166345
99166346
99166347
99166348
99166349
99166350
99166351
99166352
99166353
99166354
99166355
99166356
99166357
99166358
99166359
99166360
99166361
99166362
99166363
99166364
99166365
99166366
99166367
99166368
99166369
99166370
99166371
99166372
99166373
99166374
99166375
99166376
99166377
99166378
99166379
99166380
99166381
99166382
99166383
99166384
99166385
99166386
99166387
99166388
99166389
99166390
99166391
99166392
99166393
99166394
99166395
99166396
99166397
99166398
99166399
99166400
99166401
99166402
99166403
99166404
99166405
99166406
99166407
99166408
99166409
99166410
99166411
99166412
99166413
99166414
99166415
99166416
99166417
99166418
99166419
99166420
99166421
99166422
99166423
99166424
99166425
99166426
99166427
99166428
99166429
99166430
99166431
99166432
99166433
99166434
99166435
99166436
99166437
99166438
99166439
99166440
99166441
99166442
99166443
99166444
99166445
99166446
99166447
99166448
99166449
99166450
99166451
99166452
99166453
99166454
99166455
99166456
99166457
99166458
99166459
99166460
99166461
99166462
99166463
99166464
99166465
99166466
99166467
99166468
99166469
99166470
99166471
99166472
99166473
99166474
99166475
99166476
99166477
99166478
99166479
99166480
99166481
99166482
99166483
99166484
99166485
99166486
99166487
99166488
99166489
99166490
99166491
99166492
99166493
99166494
99166495
99166496
99166497
99166498
99166499
99166500
99166501
99166502
99166503
99166504
99166505
99166506
99166507
99166508
99166509
99166510
99166511
99166512
99166513
99166514
99166515
99166516
99166517
99166518
99166519
99166520
99166521
99166522
99166523
99166524
99166525
99166526
99166527
99166528
99166529
99166530
99166531
99166532
99166533
99166534
99166535
99166536
99166537
99166538
99166539
99166540
99166541
99166542
99166543
99166544
99166545
99166546
99166547
99166548
99166549
99166550
99166551
99166552
99166553
99166554
99166555
99166556
99166557
99166558
99166559
99166560
99166561
99166562
99166563
99166564
99166565
99166566
99166567
99166568
99166569
99166570
99166571
99166572
99166573
99166574
99166575
99166576
99166577
99166578
99166579
99166580
99166581
99166582
99166583
99166584
99166585
99166586
99166587
99166588
99166589
99166590
99166591
99166592
99166593
99166594
99166595
99166596
99166597
99166598
99166599
99166600
99166601
99166602
99166603
99166604
99166605
99166606
99166607
99166608
99166609
99166610
99166611
99166612
99166613
99166614
99166615
99166616
99166617
99166618
99166619
99166620
99166621
99166622
99166623
99166624
99166625
99166626
99166627
99166628
99166629
99166630
99166631
99166632
99166633
99166634
99166635
99166636
99166637
99166638
99166639
99166640
99166641
99166642
99166643
99166644
99166645
99166646
99166647
99166648
99166649
99166650
99166651
99166652
99166653
99166654
99166655
99166656
99166657
99166658
99166659
99166660
99166661
99166662
99166663
99166664
99166665
99166666
99166667
99166668
99166669
99166670
99166671
99166672
99166673
99166674
99166675
99166676
99166677
99166678
99166679
99166680
99166681
99166682
99166683
99166684
99166685
99166686
99166687
99166688
99166689
99166690
99166691
99166692
99166693
99166694
99166695
99166696
99166697
99166698
99166699
99166700
99166701
99166702
99166703
99166704
99166705
99166706
99166707
99166708
99166709
99166710
99166711
99166712
99166713
99166714
99166715
99166716
99166717
99166718
99166719
99166720
99166721
99166722
99166723
99166724
99166725
99166726
99166727
99166728
99166729
99166730
99166731
99166732
99166733
99166734
99166735
99166736
99166737
99166738
99166739
99166740
99166741
99166742
99166743
99166744
99166745
99166746
99166747
99166748
99166749
99166750
99166751
99166752
99166753
99166754
99166755
99166756
99166757
99166758
99166759
99166760
99166761
99166762
99166763
99166764
99166765
99166766
99166767
99166768
99166769
99166770
99166771
99166772
99166773
99166774
99166775
99166776
99166777
99166778
99166779
99166780
99166781
99166782
99166783
99166784
99166785
99166786
99166787
99166788
99166789
99166790
99166791
99166792
99166793
99166794
99166795
99166796
99166797
99166798
99166799
99166800
99166801
99166802
99166803
99166804
99166805
99166806
99166807
99166808
99166809
99166810
99166811
99166812
99166813
99166814
99166815
99166816
99166817
99166818
99166819
99166820
99166821
99166822
99166823
99166824
99166825
99166826
99166827
99166828
99166829
99166830
99166831
99166832
99166833
99166834
99166835
99166836
99166837
99166838
99166839
99166840
99166841
99166842
99166843
99166844
99166845
99166846
99166847
99166848
99166849
99166850
99166851
99166852
99166853
99166854
99166855
99166856
99166857
99166858
99166859
99166860
99166861
99166862
99166863
99166864
99166865
99166866
99166867
99166868
99166869
99166870
99166871
99166872
99166873
99166874
99166875
99166876
99166877
99166878
99166879
99166880
99166881
99166882
99166883
99166884
99166885
99166886
99166887
99166888
99166889
99166890
99166891
99166892
99166893
99166894
99166895
99166896
99166897
99166898
99166899
99166900
99166901
99166902
99166903
99166904
99166905
99166906
99166907
99166908
99166909
99166910
99166911
99166912
99166913
99166914
99166915
99166916
99166917
99166918
99166919
99166920
99166921
99166922
99166923
99166924
99166925
99166926
99166927
99166928
99166929
99166930
99166931
99166932
99166933
99166934
99166935
99166936
99166937
99166938
99166939
99166940
99166941
99166942
99166943
99166944
99166945
99166946
99166947
99166948
99166949
99166950
99166951
99166952
99166953
99166954
99166955
99166956
99166957
99166958
99166959
99166960
99166961
99166962
99166963
99166964
99166965
99166966
99166967
99166968
99166969
99166970
99166971
99166972
99166973
99166974
99166975
99166976
99166977
99166978
99166979
99166980
99166981
99166982
99166983
99166984
99166985
99166986
99166987
99166988
99166989
99166990
99166991
99166992
99166993
99166994
99166995
99166996
99166997
99166998
99166999
99167000
99167001
99167002
99167003
99167004
99167005
99167006
99167007
99167008
99167009
99167010
99167011
99167012
99167013
99167014
99167015
99167016
99167017
99167018
99167019
99167020
99167021
99167022
99167023
99167024
99167025
99167026
99167027
99167028
99167029
99167030
99167031
99167032
99167033
99167034
99167035
99167036
99167037
99167038
99167039
99167040
99167041
99167042
99167043
99167044
99167045
99167046
99167047
99167048
99167049
99167050
99167051
99167052
99167053
99167054
99167055
99167056
99167057
99167058
99167059
99167060
99167061
99167062
99167063
99167064
99167065
99167066
99167067
99167068
99167069
99167070
99167071
99167072
99167073
99167074
99167075
99167076
99167077
99167078
99167079
99167080
99167081
99167082
99167083
99167084
99167085
99167086
99167087
99167088
99167089
99167090
99167091
99167092
99167093
99167094
99167095
99167096
99167097
99167098
99167099
99167100
99167101
99167102
99167103
99167104
99167105
99167106
99167107
99167108
99167109
99167110
99167111
99167112
99167113
99167114
99167115
99167116
99167117
99167118
99167119
99167120
99167121
99167122
99167123
99167124
99167125
99167126
99167127
99167128
99167129
99167130
99167131
99167132
99167133
99167134
99167135
99167136
99167137
99167138
99167139
99167140
99167141
99167142
99167143
99167144
99167145
99167146
99167147
99167148
99167149
99167150
99167151
99167152
99167153
99167154
99167155
99167156
99167157
99167158
99167159
99167160
99167161
99167162
99167163
99167164
99167165
99167166
99167167
99167168
99167169
99167170
99167171
99167172
99167173
99167174
99167175
99167176
99167177
99167178
99167179
99167180
99167181
99167182
99167183
99167184
99167185
99167186
99167187
99167188
99167189
99167190
99167191
99167192
99167193
99167194
99167195
99167196
99167197
99167198
99167199
99167200
99167201
99167202
99167203
99167204
99167205
99167206
99167207
99167208
99167209
99167210
99167211
99167212
99167213
99167214
99167215
99167216
99167217
99167218
99167219
99167220
99167221
99167222
99167223
99167224
99167225
99167226
99167227
99167228
99167229
99167230
99167231
99167232
99167233
99167234
99167235
99167236
99167237
99167238
99167239
99167240
99167241
99167242
99167243
99167244
99167245
99167246
99167247
99167248
99167249
99167250
99167251
99167252
99167253
99167254
99167255
99167256
99167257
99167258
99167259
99167260
99167261
99167262
99167263
99167264
99167265
99167266
99167267
99167268
99167269
99167270
99167271
99167272
99167273
99167274
99167275
99167276
99167277
99167278
99167279
99167280
99167281
99167282
99167283
99167284
99167285
99167286
99167287
99167288
99167289
99167290
99167291
99167292
99167293
99167294
99167295
99167296
99167297
99167298
99167299
99167300
99167301
99167302
99167303
99167304
99167305
99167306
99167307
99167308
99167309
99167310
99167311
99167312
99167313
99167314
99167315
99167316
99167317
99167318
99167319
99167320
99167321
99167322
99167323
99167324
99167325
99167326
99167327
99167328
99167329
99167330
99167331
99167332
99167333
99167334
99167335
99167336
99167337
99167338
99167339
99167340
99167341
99167342
99167343
99167344
99167345
99167346
99167347
99167348
99167349
99167350
99167351
99167352
99167353
99167354
99167355
99167356
99167357
99167358
99167359
99167360
99167361
99167362
99167363
99167364
99167365
99167366
99167367
99167368
99167369
99167370
99167371
99167372
99167373
99167374
99167375
99167376
99167377
99167378
99167379
99167380
99167381
99167382
99167383
99167384
99167385
99167386
99167387
99167388
99167389
99167390
99167391
99167392
99167393
99167394
99167395
99167396
99167397
99167398
99167399
99167400
99167401
99167402
99167403
99167404
99167405
99167406
99167407
99167408
99167409
99167410
99167411
99167412
99167413
99167414
99167415
99167416
99167417
99167418
99167419
99167420
99167421
99167422
99167423
99167424
99167425
99167426
99167427
99167428
99167429
99167430
99167431
99167432
99167433
99167434
99167435
99167436
99167437
99167438
99167439
99167440
99167441
99167442
99167443
99167444
99167445
99167446
99167447
99167448
99167449
99167450
99167451
99167452
99167453
99167454
99167455
99167456
99167457
99167458
99167459
99167460
99167461
99167462
99167463
99167464
99167465
99167466
99167467
99167468
99167469
99167470
99167471
99167472
99167473
99167474
99167475
99167476
99167477
99167478
99167479
99167480
99167481
99167482
99167483
99167484
99167485
99167486
99167487
99167488
99167489
99167490
99167491
99167492
99167493
99167494
99167495
99167496
99167497
99167498
99167499
99167500
99167501
99167502
99167503
99167504
99167505
99167506
99167507
99167508
99167509
99167510
99167511
99167512
99167513
99167514
99167515
99167516
99167517
99167518
99167519
99167520
99167521
99167522
99167523
99167524
99167525
99167526
99167527
99167528
99167529
99167530
99167531
99167532
99167533
99167534
99167535
99167536
99167537
99167538
99167539
99167540
99167541
99167542
99167543
99167544
99167545
99167546
99167547
99167548
99167549
99167550
99167551
99167552
99167553
99167554
99167555
99167556
99167557
99167558
99167559
99167560
99167561
99167562
99167563
99167564
99167565
99167566
99167567
99167568
99167569
99167570
99167571
99167572
99167573
99167574
99167575
99167576
99167577
99167578
99167579
99167580
99167581
99167582
99167583
99167584
99167585
99167586
99167587
99167588
99167589
99167590
99167591
99167592
99167593
99167594
99167595
99167596
99167597
99167598
99167599
99167600
99167601
99167602
99167603
99167604
99167605
99167606
99167607
99167608
99167609
99167610
99167611
99167612
99167613
99167614
99167615
99167616
99167617
99167618
99167619
99167620
99167621
99167622
99167623
99167624
99167625
99167626
99167627
99167628
99167629
99167630
99167631
99167632
99167633
99167634
99167635
99167636
99167637
99167638
99167639
99167640
99167641
99167642
99167643
99167644
99167645
99167646
99167647
99167648
99167649
99167650
99167651
99167652
99167653
99167654
99167655
99167656
99167657
99167658
99167659
99167660
99167661
99167662
99167663
99167664
99167665
99167666
99167667
99167668
99167669
99167670
99167671
99167672
99167673
99167674
99167675
99167676
99167677
99167678
99167679
99167680
99167681
99167682
99167683
99167684
99167685
99167686
99167687
99167688
99167689
99167690
99167691
99167692
99167693
99167694
99167695
99167696
99167697
99167698
99167699
99167700
99167701
99167702
99167703
99167704
99167705
99167706
99167707
99167708
99167709
99167710
99167711
99167712
99167713
99167714
99167715
99167716
99167717
99167718
99167719
99167720
99167721
99167722
99167723
99167724
99167725
99167726
99167727
99167728
99167729
99167730
99167731
99167732
99167733
99167734
99167735
99167736
99167737
99167738
99167739
99167740
99167741
99167742
99167743
99167744
99167745
99167746
99167747
99167748
99167749
99167750
99167751
99167752
99167753
99167754
99167755
99167756
99167757
99167758
99167759
99167760
99167761
99167762
99167763
99167764
99167765
99167766
99167767
99167768
99167769
99167770
99167771
99167772
99167773
99167774
99167775
99167776
99167777
99167778
99167779
99167780
99167781
99167782
99167783
99167784
99167785
99167786
99167787
99167788
99167789
99167790
99167791
99167792
99167793
99167794
99167795
99167796
99167797
99167798
99167799
99167800
99167801
99167802
99167803
99167804
99167805
99167806
99167807
99167808
99167809
99167810
99167811
99167812
99167813
99167814
99167815
99167816
99167817
99167818
99167819
99167820
99167821
99167822
99167823
99167824
99167825
99167826
99167827
99167828
99167829
99167830
99167831
99167832
99167833
99167834
99167835
99167836
99167837
99167838
99167839
99167840
99167841
99167842
99167843
99167844
99167845
99167846
99167847
99167848
99167849
99167850
99167851
99167852
99167853
99167854
99167855
99167856
99167857
99167858
99167859
99167860
99167861
99167862
99167863
99167864
99167865
99167866
99167867
99167868
99167869
99167870
99167871
99167872
99167873
99167874
99167875
99167876
99167877
99167878
99167879
99167880
99167881
99167882
99167883
99167884
99167885
99167886
99167887
99167888
99167889
99167890
99167891
99167892
99167893
99167894
99167895
99167896
99167897
99167898
99167899
99167900
99167901
99167902
99167903
99167904
99167905
99167906
99167907
99167908
99167909
99167910
99167911
99167912
99167913
99167914
99167915
99167916
99167917
99167918
99167919
99167920
99167921
99167922
99167923
99167924
99167925
99167926
99167927
99167928
99167929
99167930
99167931
99167932
99167933
99167934
99167935
99167936
99167937
99167938
99167939
99167940
99167941
99167942
99167943
99167944
99167945
99167946
99167947
99167948
99167949
99167950
99167951
99167952
99167953
99167954
99167955
99167956
99167957
99167958
99167959
99167960
99167961
99167962
99167963
99167964
99167965
99167966
99167967
99167968
99167969
99167970
99167971
99167972
99167973
99167974
99167975
99167976
99167977
99167978
99167979
99167980
99167981
99167982
99167983
99167984
99167985
99167986
99167987
99167988
99167989
99167990
99167991
99167992
99167993
99167994
99167995
99167996
99167997
99167998
99167999
99168000
99168001
99168002
99168003
99168004
99168005
99168006
99168007
99168008
99168009
99168010
99168011
99168012
99168013
99168014
99168015
99168016
99168017
99168018
99168019
99168020
99168021
99168022
99168023
99168024
99168025
99168026
99168027
99168028
99168029
99168030
99168031
99168032
99168033
99168034
99168035
99168036
99168037
99168038
99168039
99168040
99168041
99168042
99168043
99168044
99168045
99168046
99168047
99168048
99168049
99168050
99168051
99168052
99168053
99168054
99168055
99168056
99168057
99168058
99168059
99168060
99168061
99168062
99168063
99168064
99168065
99168066
99168067
99168068
99168069
99168070
99168071
99168072
99168073
99168074
99168075
99168076
99168077
99168078
99168079
99168080
99168081
99168082
99168083
99168084
99168085
99168086
99168087
99168088
99168089
99168090
99168091
99168092
99168093
99168094
99168095
99168096
99168097
99168098
99168099
99168100
99168101
99168102
99168103
99168104
99168105
99168106
99168107
99168108
99168109
99168110
99168111
99168112
99168113
99168114
99168115
99168116
99168117
99168118
99168119
99168120
99168121
99168122
99168123
99168124
99168125
99168126
99168127
99168128
99168129
99168130
99168131
99168132
99168133
99168134
99168135
99168136
99168137
99168138
99168139
99168140
99168141
99168142
99168143
99168144
99168145
99168146
99168147
99168148
99168149
99168150
99168151
99168152
99168153
99168154
99168155
99168156
99168157
99168158
99168159
99168160
99168161
99168162
99168163
99168164
99168165
99168166
99168167
99168168
99168169
99168170
99168171
99168172
99168173
99168174
99168175
99168176
99168177
99168178
99168179
99168180
99168181
99168182
99168183
99168184
99168185
99168186
99168187
99168188
99168189
99168190
99168191
99168192
99168193
99168194
99168195
99168196
99168197
99168198
99168199
99168200
99168201
99168202
99168203
99168204
99168205
99168206
99168207
99168208
99168209
99168210
99168211
99168212
99168213
99168214
99168215
99168216
99168217
99168218
99168219
99168220
99168221
99168222
99168223
99168224
99168225
99168226
99168227
99168228
99168229
99168230
99168231
99168232
99168233
99168234
99168235
99168236
99168237
99168238
99168239
99168240
99168241
99168242
99168243
99168244
99168245
99168246
99168247
99168248
99168249
99168250
99168251
99168252
99168253
99168254
99168255
99168256
99168257
99168258
99168259
99168260
99168261
99168262
99168263
99168264
99168265
99168266
99168267
99168268
99168269
99168270
99168271
99168272
99168273
99168274
99168275
99168276
99168277
99168278
99168279
99168280
99168281
99168282
99168283
99168284
99168285
99168286
99168287
99168288
99168289
99168290
99168291
99168292
99168293
99168294
99168295
99168296
99168297
99168298
99168299
99168300
99168301
99168302
99168303
99168304
99168305
99168306
99168307
99168308
99168309
99168310
99168311
99168312
99168313
99168314
99168315
99168316
99168317
99168318
99168319
99168320
99168321
99168322
99168323
99168324
99168325
99168326
99168327
99168328
99168329
99168330
99168331
99168332
99168333
99168334
99168335
99168336
99168337
99168338
99168339
99168340
99168341
99168342
99168343
99168344
99168345
99168346
99168347
99168348
99168349
99168350
99168351
99168352
99168353
99168354
99168355
99168356
99168357
99168358
99168359
99168360
99168361
99168362
99168363
99168364
99168365
99168366
99168367
99168368
99168369
99168370
99168371
99168372
99168373
99168374
99168375
99168376
99168377
99168378
99168379
99168380
99168381
99168382
99168383
99168384
99168385
99168386
99168387
99168388
99168389
99168390
99168391
99168392
99168393
99168394
99168395
99168396
99168397
99168398
99168399
99168400
99168401
99168402
99168403
99168404
99168405
99168406
99168407
99168408
99168409
99168410
99168411
99168412
99168413
99168414
99168415
99168416
99168417
99168418
99168419
99168420
99168421
99168422
99168423
99168424
99168425
99168426
99168427
99168428
99168429
99168430
99168431
99168432
99168433
99168434
99168435
99168436
99168437
99168438
99168439
99168440
99168441
99168442
99168443
99168444
99168445
99168446
99168447
99168448
99168449
99168450
99168451
99168452
99168453
99168454
99168455
99168456
99168457
99168458
99168459
99168460
99168461
99168462
99168463
99168464
99168465
99168466
99168467
99168468
99168469
99168470
99168471
99168472
99168473
99168474
99168475
99168476
99168477
99168478
99168479
99168480
99168481
99168482
99168483
99168484
99168485
99168486
99168487
99168488
99168489
99168490
99168491
99168492
99168493
99168494
99168495
99168496
99168497
99168498
99168499
99168500
99168501
99168502
99168503
99168504
99168505
99168506
99168507
99168508
99168509
99168510
99168511
99168512
99168513
99168514
99168515
99168516
99168517
99168518
99168519
99168520
99168521
99168522
99168523
99168524
99168525
99168526
99168527
99168528
99168529
99168530
99168531
99168532
99168533
99168534
99168535
99168536
99168537
99168538
99168539
99168540
99168541
99168542
99168543
99168544
99168545
99168546
99168547
99168548
99168549
99168550
99168551
99168552
99168553
99168554
99168555
99168556
99168557
99168558
99168559
99168560
99168561
99168562
99168563
99168564
99168565
99168566
99168567
99168568
99168569
99168570
99168571
99168572
99168573
99168574
99168575
99168576
99168577
99168578
99168579
99168580
99168581
99168582
99168583
99168584
99168585
99168586
99168587
99168588
99168589
99168590
99168591
99168592
99168593
99168594
99168595
99168596
99168597
99168598
99168599
99168600
99168601
99168602
99168603
99168604
99168605
99168606
99168607
99168608
99168609
99168610
99168611
99168612
99168613
99168614
99168615
99168616
99168617
99168618
99168619
99168620
99168621
99168622
99168623
99168624
99168625
99168626
99168627
99168628
99168629
99168630
99168631
99168632
99168633
99168634
99168635
99168636
99168637
99168638
99168639
99168640
99168641
99168642
99168643
99168644
99168645
99168646
99168647
99168648
99168649
99168650
99168651
99168652
99168653
99168654
99168655
99168656
99168657
99168658
99168659
99168660
99168661
99168662
99168663
99168664
99168665
99168666
99168667
99168668
99168669
99168670
99168671
99168672
99168673
99168674
99168675
99168676
99168677
99168678
99168679
99168680
99168681
99168682
99168683
99168684
99168685
99168686
99168687
99168688
99168689
99168690
99168691
99168692
99168693
99168694
99168695
99168696
99168697
99168698
99168699
99168700
99168701
99168702
99168703
99168704
99168705
99168706
99168707
99168708
99168709
99168710
99168711
99168712
99168713
99168714
99168715
99168716
99168717
99168718
99168719
99168720
99168721
99168722
99168723
99168724
99168725
99168726
99168727
99168728
99168729
99168730
99168731
99168732
99168733
99168734
99168735
99168736
99168737
99168738
99168739
99168740
99168741
99168742
99168743
99168744
99168745
99168746
99168747
99168748
99168749
99168750
99168751
99168752
99168753
99168754
99168755
99168756
99168757
99168758
99168759
99168760
99168761
99168762
99168763
99168764
99168765
99168766
99168767
99168768
99168769
99168770
99168771
99168772
99168773
99168774
99168775
99168776
99168777
99168778
99168779
99168780
99168781
99168782
99168783
99168784
99168785
99168786
99168787
99168788
99168789
99168790
99168791
99168792
99168793
99168794
99168795
99168796
99168797
99168798
99168799
99168800
99168801
99168802
99168803
99168804
99168805
99168806
99168807
99168808
99168809
99168810
99168811
99168812
99168813
99168814
99168815
99168816
99168817
99168818
99168819
99168820
99168821
99168822
99168823
99168824
99168825
99168826
99168827
99168828
99168829
99168830
99168831
99168832
99168833
99168834
99168835
99168836
99168837
99168838
99168839
99168840
99168841
99168842
99168843
99168844
99168845
99168846
99168847
99168848
99168849
99168850
99168851
99168852
99168853
99168854
99168855
99168856
99168857
99168858
99168859
99168860
99168861
99168862
99168863
99168864
99168865
99168866
99168867
99168868
99168869
99168870
99168871
99168872
99168873
99168874
99168875
99168876
99168877
99168878
99168879
99168880
99168881
99168882
99168883
99168884
99168885
99168886
99168887
99168888
99168889
