01878890
01878891
01878892
01878893
01878894
01878895
01878896
01878897
01878898
01878899
01878900
01878901
01878902
01878903
01878904
01878905
01878906
01878907
01878908
01878909
01878910
01878911
01878912
01878913
01878914
01878915
01878916
01878917
01878918
01878919
01878920
01878921
01878922
01878923
01878924
01878925
01878926
01878927
01878928
01878929
01878930
01878931
01878932
01878933
01878934
01878935
01878936
01878937
01878938
01878939
01878940
01878941
01878942
01878943
01878944
01878945
01878946
01878947
01878948
01878949
01878950
01878951
01878952
01878953
01878954
01878955
01878956
01878957
01878958
01878959
01878960
01878961
01878962
01878963
01878964
01878965
01878966
01878967
01878968
01878969
01878970
01878971
01878972
01878973
01878974
01878975
01878976
01878977
01878978
01878979
01878980
01878981
01878982
01878983
01878984
01878985
01878986
01878987
01878988
01878989
01878990
01878991
01878992
01878993
01878994
01878995
01878996
01878997
01878998
01878999
01879000
01879001
01879002
01879003
01879004
01879005
01879006
01879007
01879008
01879009
01879010
01879011
01879012
01879013
01879014
01879015
01879016
01879017
01879018
01879019
01879020
01879021
01879022
01879023
01879024
01879025
01879026
01879027
01879028
01879029
01879030
01879031
01879032
01879033
01879034
01879035
01879036
01879037
01879038
01879039
01879040
01879041
01879042
01879043
01879044
01879045
01879046
01879047
01879048
01879049
01879050
01879051
01879052
01879053
01879054
01879055
01879056
01879057
01879058
01879059
01879060
01879061
01879062
01879063
01879064
01879065
01879066
01879067
01879068
01879069
01879070
01879071
01879072
01879073
01879074
01879075
01879076
01879077
01879078
01879079
01879080
01879081
01879082
01879083
01879084
01879085
01879086
01879087
01879088
01879089
01879090
01879091
01879092
01879093
01879094
01879095
01879096
01879097
01879098
01879099
01879100
01879101
01879102
01879103
01879104
01879105
01879106
01879107
01879108
01879109
01879110
01879111
01879112
01879113
01879114
01879115
01879116
01879117
01879118
01879119
01879120
01879121
01879122
01879123
01879124
01879125
01879126
01879127
01879128
01879129
01879130
01879131
01879132
01879133
01879134
01879135
01879136
01879137
01879138
01879139
01879140
01879141
01879142
01879143
01879144
01879145
01879146
01879147
01879148
01879149
01879150
01879151
01879152
01879153
01879154
01879155
01879156
01879157
01879158
01879159
01879160
01879161
01879162
01879163
01879164
01879165
01879166
01879167
01879168
01879169
01879170
01879171
01879172
01879173
01879174
01879175
01879176
01879177
01879178
01879179
01879180
01879181
01879182
01879183
01879184
01879185
01879186
01879187
01879188
01879189
01879190
01879191
01879192
01879193
01879194
01879195
01879196
01879197
01879198
01879199
01879200
01879201
01879202
01879203
01879204
01879205
01879206
01879207
01879208
01879209
01879210
01879211
01879212
01879213
01879214
01879215
01879216
01879217
01879218
01879219
01879220
01879221
01879222
01879223
01879224
01879225
01879226
01879227
01879228
01879229
01879230
01879231
01879232
01879233
01879234
01879235
01879236
01879237
01879238
01879239
01879240
01879241
01879242
01879243
01879244
01879245
01879246
01879247
01879248
01879249
01879250
01879251
01879252
01879253
01879254
01879255
01879256
01879257
01879258
01879259
01879260
01879261
01879262
01879263
01879264
01879265
01879266
01879267
01879268
01879269
01879270
01879271
01879272
01879273
01879274
01879275
01879276
01879277
01879278
01879279
01879280
01879281
01879282
01879283
01879284
01879285
01879286
01879287
01879288
01879289
01879290
01879291
01879292
01879293
01879294
01879295
01879296
01879297
01879298
01879299
01879300
01879301
01879302
01879303
01879304
01879305
01879306
01879307
01879308
01879309
01879310
01879311
01879312
01879313
01879314
01879315
01879316
01879317
01879318
01879319
01879320
01879321
01879322
01879323
01879324
01879325
01879326
01879327
01879328
01879329
01879330
01879331
01879332
01879333
01879334
01879335
01879336
01879337
01879338
01879339
01879340
01879341
01879342
01879343
01879344
01879345
01879346
01879347
01879348
01879349
01879350
01879351
01879352
01879353
01879354
01879355
01879356
01879357
01879358
01879359
01879360
01879361
01879362
01879363
01879364
01879365
01879366
01879367
01879368
01879369
01879370
01879371
01879372
01879373
01879374
01879375
01879376
01879377
01879378
01879379
01879380
01879381
01879382
01879383
01879384
01879385
01879386
01879387
01879388
01879389
01879390
01879391
01879392
01879393
01879394
01879395
01879396
01879397
01879398
01879399
01879400
01879401
01879402
01879403
01879404
01879405
01879406
01879407
01879408
01879409
01879410
01879411
01879412
01879413
01879414
01879415
01879416
01879417
01879418
01879419
01879420
01879421
01879422
01879423
01879424
01879425
01879426
01879427
01879428
01879429
01879430
01879431
01879432
01879433
01879434
01879435
01879436
01879437
01879438
01879439
01879440
01879441
01879442
01879443
01879444
01879445
01879446
01879447
01879448
01879449
01879450
01879451
01879452
01879453
01879454
01879455
01879456
01879457
01879458
01879459
01879460
01879461
01879462
01879463
01879464
01879465
01879466
01879467
01879468
01879469
01879470
01879471
01879472
01879473
01879474
01879475
01879476
01879477
01879478
01879479
01879480
01879481
01879482
01879483
01879484
01879485
01879486
01879487
01879488
01879489
01879490
01879491
01879492
01879493
01879494
01879495
01879496
01879497
01879498
01879499
01879500
01879501
01879502
01879503
01879504
01879505
01879506
01879507
01879508
01879509
01879510
01879511
01879512
01879513
01879514
01879515
01879516
01879517
01879518
01879519
01879520
01879521
01879522
01879523
01879524
01879525
01879526
01879527
01879528
01879529
01879530
01879531
01879532
01879533
01879534
01879535
01879536
01879537
01879538
01879539
01879540
01879541
01879542
01879543
01879544
01879545
01879546
01879547
01879548
01879549
01879550
01879551
01879552
01879553
01879554
01879555
01879556
01879557
01879558
01879559
01879560
01879561
01879562
01879563
01879564
01879565
01879566
01879567
01879568
01879569
01879570
01879571
01879572
01879573
01879574
01879575
01879576
01879577
01879578
01879579
01879580
01879581
01879582
01879583
01879584
01879585
01879586
01879587
01879588
01879589
01879590
01879591
01879592
01879593
01879594
01879595
01879596
01879597
01879598
01879599
01879600
01879601
01879602
01879603
01879604
01879605
01879606
01879607
01879608
01879609
01879610
01879611
01879612
01879613
01879614
01879615
01879616
01879617
01879618
01879619
01879620
01879621
01879622
01879623
01879624
01879625
01879626
01879627
01879628
01879629
01879630
01879631
01879632
01879633
01879634
01879635
01879636
01879637
01879638
01879639
01879640
01879641
01879642
01879643
01879644
01879645
01879646
01879647
01879648
01879649
01879650
01879651
01879652
01879653
01879654
01879655
01879656
01879657
01879658
01879659
01879660
01879661
01879662
01879663
01879664
01879665
01879666
01879667
01879668
01879669
01879670
01879671
01879672
01879673
01879674
01879675
01879676
01879677
01879678
01879679
01879680
01879681
01879682
01879683
01879684
01879685
01879686
01879687
01879688
01879689
01879690
01879691
01879692
01879693
01879694
01879695
01879696
01879697
01879698
01879699
01879700
01879701
01879702
01879703
01879704
01879705
01879706
01879707
01879708
01879709
01879710
01879711
01879712
01879713
01879714
01879715
01879716
01879717
01879718
01879719
01879720
01879721
01879722
01879723
01879724
01879725
01879726
01879727
01879728
01879729
01879730
01879731
01879732
01879733
01879734
01879735
01879736
01879737
01879738
01879739
01879740
01879741
01879742
01879743
01879744
01879745
01879746
01879747
01879748
01879749
01879750
01879751
01879752
01879753
01879754
01879755
01879756
01879757
01879758
01879759
01879760
01879761
01879762
01879763
01879764
01879765
01879766
01879767
01879768
01879769
01879770
01879771
01879772
01879773
01879774
01879775
01879776
01879777
01879778
01879779
01879780
01879781
01879782
01879783
01879784
01879785
01879786
01879787
01879788
01879789
01879790
01879791
01879792
01879793
01879794
01879795
01879796
01879797
01879798
01879799
01879800
01879801
01879802
01879803
01879804
01879805
01879806
01879807
01879808
01879809
01879810
01879811
01879812
01879813
01879814
01879815
01879816
01879817
01879818
01879819
01879820
01879821
01879822
01879823
01879824
01879825
01879826
01879827
01879828
01879829
01879830
01879831
01879832
01879833
01879834
01879835
01879836
01879837
01879838
01879839
01879840
01879841
01879842
01879843
01879844
01879845
01879846
01879847
01879848
01879849
01879850
01879851
01879852
01879853
01879854
01879855
01879856
01879857
01879858
01879859
01879860
01879861
01879862
01879863
01879864
01879865
01879866
01879867
01879868
01879869
01879870
01879871
01879872
01879873
01879874
01879875
01879876
01879877
01879878
01879879
01879880
01879881
01879882
01879883
01879884
01879885
01879886
01879887
01879888
01879889
01879890
01879891
01879892
01879893
01879894
01879895
01879896
01879897
01879898
01879899
01879900
01879901
01879902
01879903
01879904
01879905
01879906
01879907
01879908
01879909
01879910
01879911
01879912
01879913
01879914
01879915
01879916
01879917
01879918
01879919
01879920
01879921
01879922
01879923
01879924
01879925
01879926
01879927
01879928
01879929
01879930
01879931
01879932
01879933
01879934
01879935
01879936
01879937
01879938
01879939
01879940
01879941
01879942
01879943
01879944
01879945
01879946
01879947
01879948
01879949
01879950
01879951
01879952
01879953
01879954
01879955
01879956
01879957
01879958
01879959
01879960
01879961
01879962
01879963
01879964
01879965
01879966
01879967
01879968
01879969
01879970
01879971
01879972
01879973
01879974
01879975
01879976
01879977
01879978
01879979
01879980
01879981
01879982
01879983
01879984
01879985
01879986
01879987
01879988
01879989
01879990
01879991
01879992
01879993
01879994
01879995
01879996
01879997
01879998
01879999
01880000
01880001
01880002
01880003
01880004
01880005
01880006
01880007
01880008
01880009
01880010
01880011
01880012
01880013
01880014
01880015
01880016
01880017
01880018
01880019
01880020
01880021
01880022
01880023
01880024
01880025
01880026
01880027
01880028
01880029
01880030
01880031
01880032
01880033
01880034
01880035
01880036
01880037
01880038
01880039
01880040
01880041
01880042
01880043
01880044
01880045
01880046
01880047
01880048
01880049
01880050
01880051
01880052
01880053
01880054
01880055
01880056
01880057
01880058
01880059
01880060
01880061
01880062
01880063
01880064
01880065
01880066
01880067
01880068
01880069
01880070
01880071
01880072
01880073
01880074
01880075
01880076
01880077
01880078
01880079
01880080
01880081
01880082
01880083
01880084
01880085
01880086
01880087
01880088
01880089
01880090
01880091
01880092
01880093
01880094
01880095
01880096
01880097
01880098
01880099
01880100
01880101
01880102
01880103
01880104
01880105
01880106
01880107
01880108
01880109
01880110
01880111
01880112
01880113
01880114
01880115
01880116
01880117
01880118
01880119
01880120
01880121
01880122
01880123
01880124
01880125
01880126
01880127
01880128
01880129
01880130
01880131
01880132
01880133
01880134
01880135
01880136
01880137
01880138
01880139
01880140
01880141
01880142
01880143
01880144
01880145
01880146
01880147
01880148
01880149
01880150
01880151
01880152
01880153
01880154
01880155
01880156
01880157
01880158
01880159
01880160
01880161
01880162
01880163
01880164
01880165
01880166
01880167
01880168
01880169
01880170
01880171
01880172
01880173
01880174
01880175
01880176
01880177
01880178
01880179
01880180
01880181
01880182
01880183
01880184
01880185
01880186
01880187
01880188
01880189
01880190
01880191
01880192
01880193
01880194
01880195
01880196
01880197
01880198
01880199
01880200
01880201
01880202
01880203
01880204
01880205
01880206
01880207
01880208
01880209
01880210
01880211
01880212
01880213
01880214
01880215
01880216
01880217
01880218
01880219
01880220
01880221
01880222
01880223
01880224
01880225
01880226
01880227
01880228
01880229
01880230
01880231
01880232
01880233
01880234
01880235
01880236
01880237
01880238
01880239
01880240
01880241
01880242
01880243
01880244
01880245
01880246
01880247
01880248
01880249
01880250
01880251
01880252
01880253
01880254
01880255
01880256
01880257
01880258
01880259
01880260
01880261
01880262
01880263
01880264
01880265
01880266
01880267
01880268
01880269
01880270
01880271
01880272
01880273
01880274
01880275
01880276
01880277
01880278
01880279
01880280
01880281
01880282
01880283
01880284
01880285
01880286
01880287
01880288
01880289
01880290
01880291
01880292
01880293
01880294
01880295
01880296
01880297
01880298
01880299
01880300
01880301
01880302
01880303
01880304
01880305
01880306
01880307
01880308
01880309
01880310
01880311
01880312
01880313
01880314
01880315
01880316
01880317
01880318
01880319
01880320
01880321
01880322
01880323
01880324
01880325
01880326
01880327
01880328
01880329
01880330
01880331
01880332
01880333
01880334
01880335
01880336
01880337
01880338
01880339
01880340
01880341
01880342
01880343
01880344
01880345
01880346
01880347
01880348
01880349
01880350
01880351
01880352
01880353
01880354
01880355
01880356
01880357
01880358
01880359
01880360
01880361
01880362
01880363
01880364
01880365
01880366
01880367
01880368
01880369
01880370
01880371
01880372
01880373
01880374
01880375
01880376
01880377
01880378
01880379
01880380
01880381
01880382
01880383
01880384
01880385
01880386
01880387
01880388
01880389
01880390
01880391
01880392
01880393
01880394
01880395
01880396
01880397
01880398
01880399
01880400
01880401
01880402
01880403
01880404
01880405
01880406
01880407
01880408
01880409
01880410
01880411
01880412
01880413
01880414
01880415
01880416
01880417
01880418
01880419
01880420
01880421
01880422
01880423
01880424
01880425
01880426
01880427
01880428
01880429
01880430
01880431
01880432
01880433
01880434
01880435
01880436
01880437
01880438
01880439
01880440
01880441
01880442
01880443
01880444
01880445
01880446
01880447
01880448
01880449
01880450
01880451
01880452
01880453
01880454
01880455
01880456
01880457
01880458
01880459
01880460
01880461
01880462
01880463
01880464
01880465
01880466
01880467
01880468
01880469
01880470
01880471
01880472
01880473
01880474
01880475
01880476
01880477
01880478
01880479
01880480
01880481
01880482
01880483
01880484
01880485
01880486
01880487
01880488
01880489
01880490
01880491
01880492
01880493
01880494
01880495
01880496
01880497
01880498
01880499
01880500
01880501
01880502
01880503
01880504
01880505
01880506
01880507
01880508
01880509
01880510
01880511
01880512
01880513
01880514
01880515
01880516
01880517
01880518
01880519
01880520
01880521
01880522
01880523
01880524
01880525
01880526
01880527
01880528
01880529
01880530
01880531
01880532
01880533
01880534
01880535
01880536
01880537
01880538
01880539
01880540
01880541
01880542
01880543
01880544
01880545
01880546
01880547
01880548
01880549
01880550
01880551
01880552
01880553
01880554
01880555
01880556
01880557
01880558
01880559
01880560
01880561
01880562
01880563
01880564
01880565
01880566
01880567
01880568
01880569
01880570
01880571
01880572
01880573
01880574
01880575
01880576
01880577
01880578
01880579
01880580
01880581
01880582
01880583
01880584
01880585
01880586
01880587
01880588
01880589
01880590
01880591
01880592
01880593
01880594
01880595
01880596
01880597
01880598
01880599
01880600
01880601
01880602
01880603
01880604
01880605
01880606
01880607
01880608
01880609
01880610
01880611
01880612
01880613
01880614
01880615
01880616
01880617
01880618
01880619
01880620
01880621
01880622
01880623
01880624
01880625
01880626
01880627
01880628
01880629
01880630
01880631
01880632
01880633
01880634
01880635
01880636
01880637
01880638
01880639
01880640
01880641
01880642
01880643
01880644
01880645
01880646
01880647
01880648
01880649
01880650
01880651
01880652
01880653
01880654
01880655
01880656
01880657
01880658
01880659
01880660
01880661
01880662
01880663
01880664
01880665
01880666
01880667
01880668
01880669
01880670
01880671
01880672
01880673
01880674
01880675
01880676
01880677
01880678
01880679
01880680
01880681
01880682
01880683
01880684
01880685
01880686
01880687
01880688
01880689
01880690
01880691
01880692
01880693
01880694
01880695
01880696
01880697
01880698
01880699
01880700
01880701
01880702
01880703
01880704
01880705
01880706
01880707
01880708
01880709
01880710
01880711
01880712
01880713
01880714
01880715
01880716
01880717
01880718
01880719
01880720
01880721
01880722
01880723
01880724
01880725
01880726
01880727
01880728
01880729
01880730
01880731
01880732
01880733
01880734
01880735
01880736
01880737
01880738
01880739
01880740
01880741
01880742
01880743
01880744
01880745
01880746
01880747
01880748
01880749
01880750
01880751
01880752
01880753
01880754
01880755
01880756
01880757
01880758
01880759
01880760
01880761
01880762
01880763
01880764
01880765
01880766
01880767
01880768
01880769
01880770
01880771
01880772
01880773
01880774
01880775
01880776
01880777
01880778
01880779
01880780
01880781
01880782
01880783
01880784
01880785
01880786
01880787
01880788
01880789
01880790
01880791
01880792
01880793
01880794
01880795
01880796
01880797
01880798
01880799
01880800
01880801
01880802
01880803
01880804
01880805
01880806
01880807
01880808
01880809
01880810
01880811
01880812
01880813
01880814
01880815
01880816
01880817
01880818
01880819
01880820
01880821
01880822
01880823
01880824
01880825
01880826
01880827
01880828
01880829
01880830
01880831
01880832
01880833
01880834
01880835
01880836
01880837
01880838
01880839
01880840
01880841
01880842
01880843
01880844
01880845
01880846
01880847
01880848
01880849
01880850
01880851
01880852
01880853
01880854
01880855
01880856
01880857
01880858
01880859
01880860
01880861
01880862
01880863
01880864
01880865
01880866
01880867
01880868
01880869
01880870
01880871
01880872
01880873
01880874
01880875
01880876
01880877
01880878
01880879
01880880
01880881
01880882
01880883
01880884
01880885
01880886
01880887
01880888
01880889
01880890
01880891
01880892
01880893
01880894
01880895
01880896
01880897
01880898
01880899
01880900
01880901
01880902
01880903
01880904
01880905
01880906
01880907
01880908
01880909
01880910
01880911
01880912
01880913
01880914
01880915
01880916
01880917
01880918
01880919
01880920
01880921
01880922
01880923
01880924
01880925
01880926
01880927
01880928
01880929
01880930
01880931
01880932
01880933
01880934
01880935
01880936
01880937
01880938
01880939
01880940
01880941
01880942
01880943
01880944
01880945
01880946
01880947
01880948
01880949
01880950
01880951
01880952
01880953
01880954
01880955
01880956
01880957
01880958
01880959
01880960
01880961
01880962
01880963
01880964
01880965
01880966
01880967
01880968
01880969
01880970
01880971
01880972
01880973
01880974
01880975
01880976
01880977
01880978
01880979
01880980
01880981
01880982
01880983
01880984
01880985
01880986
01880987
01880988
01880989
01880990
01880991
01880992
01880993
01880994
01880995
01880996
01880997
01880998
01880999
01881000
01881001
01881002
01881003
01881004
01881005
01881006
01881007
01881008
01881009
01881010
01881011
01881012
01881013
01881014
01881015
01881016
01881017
01881018
01881019
01881020
01881021
01881022
01881023
01881024
01881025
01881026
01881027
01881028
01881029
01881030
01881031
01881032
01881033
01881034
01881035
01881036
01881037
01881038
01881039
01881040
01881041
01881042
01881043
01881044
01881045
01881046
01881047
01881048
01881049
01881050
01881051
01881052
01881053
01881054
01881055
01881056
01881057
01881058
01881059
01881060
01881061
01881062
01881063
01881064
01881065
01881066
01881067
01881068
01881069
01881070
01881071
01881072
01881073
01881074
01881075
01881076
01881077
01881078
01881079
01881080
01881081
01881082
01881083
01881084
01881085
01881086
01881087
01881088
01881089
01881090
01881091
01881092
01881093
01881094
01881095
01881096
01881097
01881098
01881099
01881100
01881101
01881102
01881103
01881104
01881105
01881106
01881107
01881108
01881109
01881110
01881111
01881112
01881113
01881114
01881115
01881116
01881117
01881118
01881119
01881120
01881121
01881122
01881123
01881124
01881125
01881126
01881127
01881128
01881129
01881130
01881131
01881132
01881133
01881134
01881135
01881136
01881137
01881138
01881139
01881140
01881141
01881142
01881143
01881144
01881145
01881146
01881147
01881148
01881149
01881150
01881151
01881152
01881153
01881154
01881155
01881156
01881157
01881158
01881159
01881160
01881161
01881162
01881163
01881164
01881165
01881166
01881167
01881168
01881169
01881170
01881171
01881172
01881173
01881174
01881175
01881176
01881177
01881178
01881179
01881180
01881181
01881182
01881183
01881184
01881185
01881186
01881187
01881188
01881189
01881190
01881191
01881192
01881193
01881194
01881195
01881196
01881197
01881198
01881199
01881200
01881201
01881202
01881203
01881204
01881205
01881206
01881207
01881208
01881209
01881210
01881211
01881212
01881213
01881214
01881215
01881216
01881217
01881218
01881219
01881220
01881221
01881222
01881223
01881224
01881225
01881226
01881227
01881228
01881229
01881230
01881231
01881232
01881233
01881234
01881235
01881236
01881237
01881238
01881239
01881240
01881241
01881242
01881243
01881244
01881245
01881246
01881247
01881248
01881249
01881250
01881251
01881252
01881253
01881254
01881255
01881256
01881257
01881258
01881259
01881260
01881261
01881262
01881263
01881264
01881265
01881266
01881267
01881268
01881269
01881270
01881271
01881272
01881273
01881274
01881275
01881276
01881277
01881278
01881279
01881280
01881281
01881282
01881283
01881284
01881285
01881286
01881287
01881288
01881289
01881290
01881291
01881292
01881293
01881294
01881295
01881296
01881297
01881298
01881299
01881300
01881301
01881302
01881303
01881304
01881305
01881306
01881307
01881308
01881309
01881310
01881311
01881312
01881313
01881314
01881315
01881316
01881317
01881318
01881319
01881320
01881321
01881322
01881323
01881324
01881325
01881326
01881327
01881328
01881329
01881330
01881331
01881332
01881333
01881334
01881335
01881336
01881337
01881338
01881339
01881340
01881341
01881342
01881343
01881344
01881345
01881346
01881347
01881348
01881349
01881350
01881351
01881352
01881353
01881354
01881355
01881356
01881357
01881358
01881359
01881360
01881361
01881362
01881363
01881364
01881365
01881366
01881367
01881368
01881369
01881370
01881371
01881372
01881373
01881374
01881375
01881376
01881377
01881378
01881379
01881380
01881381
01881382
01881383
01881384
01881385
01881386
01881387
01881388
01881389
01881390
01881391
01881392
01881393
01881394
01881395
01881396
01881397
01881398
01881399
01881400
01881401
01881402
01881403
01881404
01881405
01881406
01881407
01881408
01881409
01881410
01881411
01881412
01881413
01881414
01881415
01881416
01881417
01881418
01881419
01881420
01881421
01881422
01881423
01881424
01881425
01881426
01881427
01881428
01881429
01881430
01881431
01881432
01881433
01881434
01881435
01881436
01881437
01881438
01881439
01881440
01881441
01881442
01881443
01881444
01881445
01881446
01881447
01881448
01881449
01881450
01881451
01881452
01881453
01881454
01881455
01881456
01881457
01881458
01881459
01881460
01881461
01881462
01881463
01881464
01881465
01881466
01881467
01881468
01881469
01881470
01881471
01881472
01881473
01881474
01881475
01881476
01881477
01881478
01881479
01881480
01881481
01881482
01881483
01881484
01881485
01881486
01881487
01881488
01881489
01881490
01881491
01881492
01881493
01881494
01881495
01881496
01881497
01881498
01881499
01881500
01881501
01881502
01881503
01881504
01881505
01881506
01881507
01881508
01881509
01881510
01881511
01881512
01881513
01881514
01881515
01881516
01881517
01881518
01881519
01881520
01881521
01881522
01881523
01881524
01881525
01881526
01881527
01881528
01881529
01881530
01881531
01881532
01881533
01881534
01881535
01881536
01881537
01881538
01881539
01881540
01881541
01881542
01881543
01881544
01881545
01881546
01881547
01881548
01881549
01881550
01881551
01881552
01881553
01881554
01881555
01881556
01881557
01881558
01881559
01881560
01881561
01881562
01881563
01881564
01881565
01881566
01881567
01881568
01881569
01881570
01881571
01881572
01881573
01881574
01881575
01881576
01881577
01881578
01881579
01881580
01881581
01881582
01881583
01881584
01881585
01881586
01881587
01881588
01881589
01881590
01881591
01881592
01881593
01881594
01881595
01881596
01881597
01881598
01881599
01881600
01881601
01881602
01881603
01881604
01881605
01881606
01881607
01881608
01881609
01881610
01881611
01881612
01881613
01881614
01881615
01881616
01881617
01881618
01881619
01881620
01881621
01881622
01881623
01881624
01881625
01881626
01881627
01881628
01881629
01881630
01881631
01881632
01881633
01881634
01881635
01881636
01881637
01881638
01881639
01881640
01881641
01881642
01881643
01881644
01881645
01881646
01881647
01881648
01881649
01881650
01881651
01881652
01881653
01881654
01881655
01881656
01881657
01881658
01881659
01881660
01881661
01881662
01881663
01881664
01881665
01881666
01881667
01881668
01881669
01881670
01881671
01881672
01881673
01881674
01881675
01881676
01881677
01881678
01881679
01881680
01881681
01881682
01881683
01881684
01881685
01881686
01881687
01881688
01881689
01881690
01881691
01881692
01881693
01881694
01881695
01881696
01881697
01881698
01881699
01881700
01881701
01881702
01881703
01881704
01881705
01881706
01881707
01881708
01881709
01881710
01881711
01881712
01881713
01881714
01881715
01881716
01881717
01881718
01881719
01881720
01881721
01881722
01881723
01881724
01881725
01881726
01881727
01881728
01881729
01881730
01881731
01881732
01881733
01881734
01881735
01881736
01881737
01881738
01881739
01881740
01881741
01881742
01881743
01881744
01881745
01881746
01881747
01881748
01881749
01881750
01881751
01881752
01881753
01881754
01881755
01881756
01881757
01881758
01881759
01881760
01881761
01881762
01881763
01881764
01881765
01881766
01881767
01881768
01881769
01881770
01881771
01881772
01881773
01881774
01881775
01881776
01881777
01881778
01881779
01881780
01881781
01881782
01881783
01881784
01881785
01881786
01881787
01881788
01881789
01881790
01881791
01881792
01881793
01881794
01881795
01881796
01881797
01881798
01881799
01881800
01881801
01881802
01881803
01881804
01881805
01881806
01881807
01881808
01881809
01881810
01881811
01881812
01881813
01881814
01881815
01881816
01881817
01881818
01881819
01881820
01881821
01881822
01881823
01881824
01881825
01881826
01881827
01881828
01881829
01881830
01881831
01881832
01881833
01881834
01881835
01881836
01881837
01881838
01881839
01881840
01881841
01881842
01881843
01881844
01881845
01881846
01881847
01881848
01881849
01881850
01881851
01881852
01881853
01881854
01881855
01881856
01881857
01881858
01881859
01881860
01881861
01881862
01881863
01881864
01881865
01881866
01881867
01881868
01881869
01881870
01881871
01881872
01881873
01881874
01881875
01881876
01881877
01881878
01881879
01881880
01881881
01881882
01881883
01881884
01881885
01881886
01881887
01881888
01881889
01881890
01881891
01881892
01881893
01881894
01881895
01881896
01881897
01881898
01881899
01881900
01881901
01881902
01881903
01881904
01881905
01881906
01881907
01881908
01881909
01881910
01881911
01881912
01881913
01881914
01881915
01881916
01881917
01881918
01881919
01881920
01881921
01881922
01881923
01881924
01881925
01881926
01881927
01881928
01881929
01881930
01881931
01881932
01881933
01881934
01881935
01881936
01881937
01881938
01881939
01881940
01881941
01881942
01881943
01881944
01881945
01881946
01881947
01881948
01881949
01881950
01881951
01881952
01881953
01881954
01881955
01881956
01881957
01881958
01881959
01881960
01881961
01881962
01881963
01881964
01881965
01881966
01881967
01881968
01881969
01881970
01881971
01881972
01881973
01881974
01881975
01881976
01881977
01881978
01881979
01881980
01881981
01881982
01881983
01881984
01881985
01881986
01881987
01881988
01881989
01881990
01881991
01881992
01881993
01881994
01881995
01881996
01881997
01881998
01881999
01882000
01882001
01882002
01882003
01882004
01882005
01882006
01882007
01882008
01882009
01882010
01882011
01882012
01882013
01882014
01882015
01882016
01882017
01882018
01882019
01882020
01882021
01882022
01882023
01882024
01882025
01882026
01882027
01882028
01882029
01882030
01882031
01882032
01882033
01882034
01882035
01882036
01882037
01882038
01882039
01882040
01882041
01882042
01882043
01882044
01882045
01882046
01882047
01882048
01882049
01882050
01882051
01882052
01882053
01882054
01882055
01882056
01882057
01882058
01882059
01882060
01882061
01882062
01882063
01882064
01882065
01882066
01882067
01882068
01882069
01882070
01882071
01882072
01882073
01882074
01882075
01882076
01882077
01882078
01882079
01882080
01882081
01882082
01882083
01882084
01882085
01882086
01882087
01882088
01882089
01882090
01882091
01882092
01882093
01882094
01882095
01882096
01882097
01882098
01882099
01882100
01882101
01882102
01882103
01882104
01882105
01882106
01882107
01882108
01882109
01882110
01882111
01882112
01882113
01882114
01882115
01882116
01882117
01882118
01882119
01882120
01882121
01882122
01882123
01882124
01882125
01882126
01882127
01882128
01882129
01882130
01882131
01882132
01882133
01882134
01882135
01882136
01882137
01882138
01882139
01882140
01882141
01882142
01882143
01882144
01882145
01882146
01882147
01882148
01882149
01882150
01882151
01882152
01882153
01882154
01882155
01882156
01882157
01882158
01882159
01882160
01882161
01882162
01882163
01882164
01882165
01882166
01882167
01882168
01882169
01882170
01882171
01882172
01882173
01882174
01882175
01882176
01882177
01882178
01882179
01882180
01882181
01882182
01882183
01882184
01882185
01882186
01882187
01882188
01882189
01882190
01882191
01882192
01882193
01882194
01882195
01882196
01882197
01882198
01882199
01882200
01882201
01882202
01882203
01882204
01882205
01882206
01882207
01882208
01882209
01882210
01882211
01882212
01882213
01882214
01882215
01882216
01882217
01882218
01882219
01882220
01882221
01882222
01882223
01882224
01882225
01882226
01882227
01882228
01882229
01882230
01882231
01882232
01882233
01882234
01882235
01882236
01882237
01882238
01882239
01882240
01882241
01882242
01882243
01882244
01882245
01882246
01882247
01882248
01882249
01882250
01882251
01882252
01882253
01882254
01882255
01882256
01882257
01882258
01882259
01882260
01882261
01882262
01882263
01882264
01882265
01882266
01882267
01882268
01882269
01882270
01882271
01882272
01882273
01882274
01882275
01882276
01882277
01882278
01882279
01882280
01882281
01882282
01882283
01882284
01882285
01882286
01882287
01882288
01882289
01882290
01882291
01882292
01882293
01882294
01882295
01882296
01882297
01882298
01882299
01882300
01882301
01882302
01882303
01882304
01882305
01882306
01882307
01882308
01882309
01882310
01882311
01882312
01882313
01882314
01882315
01882316
01882317
01882318
01882319
01882320
01882321
01882322
01882323
01882324
01882325
01882326
01882327
01882328
01882329
01882330
01882331
01882332
01882333
01882334
01882335
01882336
01882337
01882338
01882339
01882340
01882341
01882342
01882343
01882344
01882345
01882346
01882347
01882348
01882349
01882350
01882351
01882352
01882353
01882354
01882355
01882356
01882357
01882358
01882359
01882360
01882361
01882362
01882363
01882364
01882365
01882366
01882367
01882368
01882369
01882370
01882371
01882372
01882373
01882374
01882375
01882376
01882377
01882378
01882379
01882380
01882381
01882382
01882383
01882384
01882385
01882386
01882387
01882388
01882389
01882390
01882391
01882392
01882393
01882394
01882395
01882396
01882397
01882398
01882399
01882400
01882401
01882402
01882403
01882404
01882405
01882406
01882407
01882408
01882409
01882410
01882411
01882412
01882413
01882414
01882415
01882416
01882417
01882418
01882419
01882420
01882421
01882422
01882423
01882424
01882425
01882426
01882427
01882428
01882429
01882430
01882431
01882432
01882433
01882434
01882435
01882436
01882437
01882438
01882439
01882440
01882441
01882442
01882443
01882444
01882445
01882446
01882447
01882448
01882449
01882450
01882451
01882452
01882453
01882454
01882455
01882456
01882457
01882458
01882459
01882460
01882461
01882462
01882463
01882464
01882465
01882466
01882467
01882468
01882469
01882470
01882471
01882472
01882473
01882474
01882475
01882476
01882477
01882478
01882479
01882480
01882481
01882482
01882483
01882484
01882485
01882486
01882487
01882488
01882489
01882490
01882491
01882492
01882493
01882494
01882495
01882496
01882497
01882498
01882499
01882500
01882501
01882502
01882503
01882504
01882505
01882506
01882507
01882508
01882509
01882510
01882511
01882512
01882513
01882514
01882515
01882516
01882517
01882518
01882519
01882520
01882521
01882522
01882523
01882524
01882525
01882526
01882527
01882528
01882529
01882530
01882531
01882532
01882533
01882534
01882535
01882536
01882537
01882538
01882539
01882540
01882541
01882542
01882543
01882544
01882545
01882546
01882547
01882548
01882549
01882550
01882551
01882552
01882553
01882554
01882555
01882556
01882557
01882558
01882559
01882560
01882561
01882562
01882563
01882564
01882565
01882566
01882567
01882568
01882569
01882570
01882571
01882572
01882573
01882574
01882575
01882576
01882577
01882578
01882579
01882580
01882581
01882582
01882583
01882584
01882585
01882586
01882587
01882588
01882589
01882590
01882591
01882592
01882593
01882594
01882595
01882596
01882597
01882598
01882599
01882600
01882601
01882602
01882603
01882604
01882605
01882606
01882607
01882608
01882609
01882610
01882611
01882612
01882613
01882614
01882615
01882616
01882617
01882618
01882619
01882620
01882621
01882622
01882623
01882624
01882625
01882626
01882627
01882628
01882629
01882630
01882631
01882632
01882633
01882634
01882635
01882636
01882637
01882638
01882639
01882640
01882641
01882642
01882643
01882644
01882645
01882646
01882647
01882648
01882649
01882650
01882651
01882652
01882653
01882654
01882655
01882656
01882657
01882658
01882659
01882660
01882661
01882662
01882663
01882664
01882665
01882666
01882667
01882668
01882669
01882670
01882671
01882672
01882673
01882674
01882675
01882676
01882677
01882678
01882679
01882680
01882681
01882682
01882683
01882684
01882685
01882686
01882687
01882688
01882689
01882690
01882691
01882692
01882693
01882694
01882695
01882696
01882697
01882698
01882699
01882700
01882701
01882702
01882703
01882704
01882705
01882706
01882707
01882708
01882709
01882710
01882711
01882712
01882713
01882714
01882715
01882716
01882717
01882718
01882719
01882720
01882721
01882722
01882723
01882724
01882725
01882726
01882727
01882728
01882729
01882730
01882731
01882732
01882733
01882734
01882735
01882736
01882737
01882738
01882739
01882740
01882741
01882742
01882743
01882744
01882745
01882746
01882747
01882748
01882749
01882750
01882751
01882752
01882753
01882754
01882755
01882756
01882757
01882758
01882759
01882760
01882761
01882762
01882763
01882764
01882765
01882766
01882767
01882768
01882769
01882770
01882771
01882772
01882773
01882774
01882775
01882776
01882777
01882778
01882779
01882780
01882781
01882782
01882783
01882784
01882785
01882786
01882787
01882788
01882789
01882790
01882791
01882792
01882793
01882794
01882795
01882796
01882797
01882798
01882799
01882800
01882801
01882802
01882803
01882804
01882805
01882806
01882807
01882808
01882809
01882810
01882811
01882812
01882813
01882814
01882815
01882816
01882817
01882818
01882819
01882820
01882821
01882822
01882823
01882824
01882825
01882826
01882827
01882828
01882829
01882830
01882831
01882832
01882833
01882834
01882835
01882836
01882837
01882838
01882839
01882840
01882841
01882842
01882843
01882844
01882845
01882846
01882847
01882848
01882849
01882850
01882851
01882852
01882853
01882854
01882855
01882856
01882857
01882858
01882859
01882860
01882861
01882862
01882863
01882864
01882865
01882866
01882867
01882868
01882869
01882870
01882871
01882872
01882873
01882874
01882875
01882876
01882877
01882878
01882879
01882880
01882881
01882882
01882883
01882884
01882885
01882886
01882887
01882888
01882889
01882890
01882891
01882892
01882893
01882894
01882895
01882896
01882897
01882898
01882899
01882900
01882901
01882902
01882903
01882904
01882905
01882906
01882907
01882908
01882909
01882910
01882911
01882912
01882913
01882914
01882915
01882916
01882917
01882918
01882919
01882920
01882921
01882922
01882923
01882924
01882925
01882926
01882927
01882928
01882929
01882930
01882931
01882932
01882933
01882934
01882935
01882936
01882937
01882938
01882939
01882940
01882941
01882942
01882943
01882944
01882945
01882946
01882947
01882948
01882949
01882950
01882951
01882952
01882953
01882954
01882955
01882956
01882957
01882958
01882959
01882960
01882961
01882962
01882963
01882964
01882965
01882966
01882967
01882968
01882969
01882970
01882971
01882972
01882973
01882974
01882975
01882976
01882977
01882978
01882979
01882980
01882981
01882982
01882983
01882984
01882985
01882986
01882987
01882988
01882989
01882990
01882991
01882992
01882993
01882994
01882995
01882996
01882997
01882998
01882999
01883000
01883001
01883002
01883003
01883004
01883005
01883006
01883007
01883008
01883009
01883010
01883011
01883012
01883013
01883014
01883015
01883016
01883017
01883018
01883019
01883020
01883021
01883022
01883023
01883024
01883025
01883026
01883027
01883028
01883029
01883030
01883031
01883032
01883033
01883034
01883035
01883036
01883037
01883038
01883039
01883040
01883041
01883042
01883043
01883044
01883045
01883046
01883047
01883048
01883049
01883050
01883051
01883052
01883053
01883054
01883055
01883056
01883057
01883058
01883059
01883060
01883061
01883062
01883063
01883064
01883065
01883066
01883067
01883068
01883069
01883070
01883071
01883072
01883073
01883074
01883075
01883076
01883077
01883078
01883079
01883080
01883081
01883082
01883083
01883084
01883085
01883086
01883087
01883088
01883089
01883090
01883091
01883092
01883093
01883094
01883095
01883096
01883097
01883098
01883099
01883100
01883101
01883102
01883103
01883104
01883105
01883106
01883107
01883108
01883109
01883110
01883111
01883112
01883113
01883114
01883115
01883116
01883117
01883118
01883119
01883120
01883121
01883122
01883123
01883124
01883125
01883126
01883127
01883128
01883129
01883130
01883131
01883132
01883133
01883134
01883135
01883136
01883137
01883138
01883139
01883140
01883141
01883142
01883143
01883144
01883145
01883146
01883147
01883148
01883149
01883150
01883151
01883152
01883153
01883154
01883155
01883156
01883157
01883158
01883159
01883160
01883161
01883162
01883163
01883164
01883165
01883166
01883167
01883168
01883169
01883170
01883171
01883172
01883173
01883174
01883175
01883176
01883177
01883178
01883179
01883180
01883181
01883182
01883183
01883184
01883185
01883186
01883187
01883188
01883189
01883190
01883191
01883192
01883193
01883194
01883195
01883196
01883197
01883198
01883199
01883200
01883201
01883202
01883203
01883204
01883205
01883206
01883207
01883208
01883209
01883210
01883211
01883212
01883213
01883214
01883215
01883216
01883217
01883218
01883219
01883220
01883221
01883222
01883223
01883224
01883225
01883226
01883227
01883228
01883229
01883230
01883231
01883232
01883233
01883234
01883235
01883236
01883237
01883238
01883239
01883240
01883241
01883242
01883243
01883244
01883245
01883246
01883247
01883248
01883249
01883250
01883251
01883252
01883253
01883254
01883255
01883256
01883257
01883258
01883259
01883260
01883261
01883262
01883263
01883264
01883265
01883266
01883267
01883268
01883269
01883270
01883271
01883272
01883273
01883274
01883275
01883276
01883277
01883278
01883279
01883280
01883281
01883282
01883283
01883284
01883285
01883286
01883287
01883288
01883289
01883290
01883291
01883292
01883293
01883294
01883295
01883296
01883297
01883298
01883299
01883300
01883301
01883302
01883303
01883304
01883305
01883306
01883307
01883308
01883309
01883310
01883311
01883312
01883313
01883314
01883315
01883316
01883317
01883318
01883319
01883320
01883321
01883322
01883323
01883324
01883325
01883326
01883327
01883328
01883329
01883330
01883331
01883332
01883333
01883334
01883335
01883336
01883337
01883338
01883339
01883340
01883341
01883342
01883343
01883344
01883345
01883346
01883347
01883348
01883349
01883350
01883351
01883352
01883353
01883354
01883355
01883356
01883357
01883358
01883359
01883360
01883361
01883362
01883363
01883364
01883365
01883366
01883367
01883368
01883369
01883370
01883371
01883372
01883373
01883374
01883375
01883376
01883377
01883378
01883379
01883380
01883381
01883382
01883383
01883384
01883385
01883386
01883387
01883388
01883389
01883390
01883391
01883392
01883393
01883394
01883395
01883396
01883397
01883398
01883399
01883400
01883401
01883402
01883403
01883404
01883405
01883406
01883407
01883408
01883409
01883410
01883411
01883412
01883413
01883414
01883415
01883416
01883417
01883418
01883419
01883420
01883421
01883422
01883423
01883424
01883425
01883426
01883427
01883428
01883429
01883430
01883431
01883432
01883433
01883434
01883435
01883436
01883437
01883438
01883439
01883440
01883441
01883442
01883443
01883444
01883445
01883446
01883447
01883448
01883449
01883450
01883451
01883452
01883453
01883454
01883455
01883456
01883457
01883458
01883459
01883460
01883461
01883462
01883463
01883464
01883465
01883466
01883467
01883468
01883469
01883470
01883471
01883472
01883473
01883474
01883475
01883476
01883477
01883478
01883479
01883480
01883481
01883482
01883483
01883484
01883485
01883486
01883487
01883488
01883489
01883490
01883491
01883492
01883493
01883494
01883495
01883496
01883497
01883498
01883499
01883500
01883501
01883502
01883503
01883504
01883505
01883506
01883507
01883508
01883509
01883510
01883511
01883512
01883513
01883514
01883515
01883516
01883517
01883518
01883519
01883520
01883521
01883522
01883523
01883524
01883525
01883526
01883527
01883528
01883529
01883530
01883531
01883532
01883533
01883534
01883535
01883536
01883537
01883538
01883539
01883540
01883541
01883542
01883543
01883544
01883545
01883546
01883547
01883548
01883549
01883550
01883551
01883552
01883553
01883554
01883555
01883556
01883557
01883558
01883559
01883560
01883561
01883562
01883563
01883564
01883565
01883566
01883567
01883568
01883569
01883570
01883571
01883572
01883573
01883574
01883575
01883576
01883577
01883578
01883579
01883580
01883581
01883582
01883583
01883584
01883585
01883586
01883587
01883588
01883589
01883590
01883591
01883592
01883593
01883594
01883595
01883596
01883597
01883598
01883599
01883600
01883601
01883602
01883603
01883604
01883605
01883606
01883607
01883608
01883609
01883610
01883611
01883612
01883613
01883614
01883615
01883616
01883617
01883618
01883619
01883620
01883621
01883622
01883623
01883624
01883625
01883626
01883627
01883628
01883629
01883630
01883631
01883632
01883633
01883634
01883635
01883636
01883637
01883638
01883639
01883640
01883641
01883642
01883643
01883644
01883645
01883646
01883647
01883648
01883649
01883650
01883651
01883652
01883653
01883654
01883655
01883656
01883657
01883658
01883659
01883660
01883661
01883662
01883663
01883664
01883665
01883666
01883667
01883668
01883669
01883670
01883671
01883672
01883673
01883674
01883675
01883676
01883677
01883678
01883679
01883680
01883681
01883682
01883683
01883684
01883685
01883686
01883687
01883688
01883689
01883690
01883691
01883692
01883693
01883694
01883695
01883696
01883697
01883698
01883699
01883700
01883701
01883702
01883703
01883704
01883705
01883706
01883707
01883708
01883709
01883710
01883711
01883712
01883713
01883714
01883715
01883716
01883717
01883718
01883719
01883720
01883721
01883722
01883723
01883724
01883725
01883726
01883727
01883728
01883729
01883730
01883731
01883732
01883733
01883734
01883735
01883736
01883737
01883738
01883739
01883740
01883741
01883742
01883743
01883744
01883745
01883746
01883747
01883748
01883749
01883750
01883751
01883752
01883753
01883754
01883755
01883756
01883757
01883758
01883759
01883760
01883761
01883762
01883763
01883764
01883765
01883766
01883767
01883768
01883769
01883770
01883771
01883772
01883773
01883774
01883775
01883776
01883777
01883778
01883779
01883780
01883781
01883782
01883783
01883784
01883785
01883786
01883787
01883788
01883789
01883790
01883791
01883792
01883793
01883794
01883795
01883796
01883797
01883798
01883799
01883800
01883801
01883802
01883803
01883804
01883805
01883806
01883807
01883808
01883809
01883810
01883811
01883812
01883813
01883814
01883815
01883816
01883817
01883818
01883819
01883820
01883821
01883822
01883823
01883824
01883825
01883826
01883827
01883828
01883829
01883830
01883831
01883832
01883833
01883834
01883835
01883836
01883837
01883838
01883839
01883840
01883841
01883842
01883843
01883844
01883845
01883846
01883847
01883848
01883849
01883850
01883851
01883852
01883853
01883854
01883855
01883856
01883857
01883858
01883859
01883860
01883861
01883862
01883863
01883864
01883865
01883866
01883867
01883868
01883869
01883870
01883871
01883872
01883873
01883874
01883875
01883876
01883877
01883878
01883879
01883880
01883881
01883882
01883883
01883884
01883885
01883886
01883887
01883888
01883889
01883890
01883891
01883892
01883893
01883894
01883895
01883896
01883897
01883898
01883899
01883900
01883901
01883902
01883903
01883904
01883905
01883906
01883907
01883908
01883909
01883910
01883911
01883912
01883913
01883914
01883915
01883916
01883917
01883918
01883919
01883920
01883921
01883922
01883923
01883924
01883925
01883926
01883927
01883928
01883929
01883930
01883931
01883932
01883933
01883934
01883935
01883936
01883937
01883938
01883939
01883940
01883941
01883942
01883943
01883944
01883945
01883946
01883947
01883948
01883949
01883950
01883951
01883952
01883953
01883954
01883955
01883956
01883957
01883958
01883959
01883960
01883961
01883962
01883963
01883964
01883965
01883966
01883967
01883968
01883969
01883970
01883971
01883972
01883973
01883974
01883975
01883976
01883977
01883978
01883979
01883980
01883981
01883982
01883983
01883984
01883985
01883986
01883987
01883988
01883989
01883990
01883991
01883992
01883993
01883994
01883995
01883996
01883997
01883998
01883999
01884000
01884001
01884002
01884003
01884004
01884005
01884006
01884007
01884008
01884009
01884010
01884011
01884012
01884013
01884014
01884015
01884016
01884017
01884018
01884019
01884020
01884021
01884022
01884023
01884024
01884025
01884026
01884027
01884028
01884029
01884030
01884031
01884032
01884033
01884034
01884035
01884036
01884037
01884038
01884039
01884040
01884041
01884042
01884043
01884044
01884045
01884046
01884047
01884048
01884049
01884050
01884051
01884052
01884053
01884054
01884055
01884056
01884057
01884058
01884059
01884060
01884061
01884062
01884063
01884064
01884065
01884066
01884067
01884068
01884069
01884070
01884071
01884072
01884073
01884074
01884075
01884076
01884077
01884078
01884079
01884080
01884081
01884082
01884083
01884084
01884085
01884086
01884087
01884088
01884089
01884090
01884091
01884092
01884093
01884094
01884095
01884096
01884097
01884098
01884099
01884100
01884101
01884102
01884103
01884104
01884105
01884106
01884107
01884108
01884109
01884110
01884111
01884112
01884113
01884114
01884115
01884116
01884117
01884118
01884119
01884120
01884121
01884122
01884123
01884124
01884125
01884126
01884127
01884128
01884129
01884130
01884131
01884132
01884133
01884134
01884135
01884136
01884137
01884138
01884139
01884140
01884141
01884142
01884143
01884144
01884145
01884146
01884147
01884148
01884149
01884150
01884151
01884152
01884153
01884154
01884155
01884156
01884157
01884158
01884159
01884160
01884161
01884162
01884163
01884164
01884165
01884166
01884167
01884168
01884169
01884170
01884171
01884172
01884173
01884174
01884175
01884176
01884177
01884178
01884179
01884180
01884181
01884182
01884183
01884184
01884185
01884186
01884187
01884188
01884189
01884190
01884191
01884192
01884193
01884194
01884195
01884196
01884197
01884198
01884199
01884200
01884201
01884202
01884203
01884204
01884205
01884206
01884207
01884208
01884209
01884210
01884211
01884212
01884213
01884214
01884215
01884216
01884217
01884218
01884219
01884220
01884221
01884222
01884223
01884224
01884225
01884226
01884227
01884228
01884229
01884230
01884231
01884232
01884233
01884234
01884235
01884236
01884237
01884238
01884239
01884240
01884241
01884242
01884243
01884244
01884245
01884246
01884247
01884248
01884249
01884250
01884251
01884252
01884253
01884254
01884255
01884256
01884257
01884258
01884259
01884260
01884261
01884262
01884263
01884264
01884265
01884266
01884267
01884268
01884269
01884270
01884271
01884272
01884273
01884274
01884275
01884276
01884277
01884278
01884279
01884280
01884281
01884282
01884283
01884284
01884285
01884286
01884287
01884288
01884289
01884290
01884291
01884292
01884293
01884294
01884295
01884296
01884297
01884298
01884299
01884300
01884301
01884302
01884303
01884304
01884305
01884306
01884307
01884308
01884309
01884310
01884311
01884312
01884313
01884314
01884315
01884316
01884317
01884318
01884319
01884320
01884321
01884322
01884323
01884324
01884325
01884326
01884327
01884328
01884329
01884330
01884331
01884332
01884333
01884334
01884335
01884336
01884337
01884338
01884339
01884340
01884341
01884342
01884343
01884344
01884345
01884346
01884347
01884348
01884349
01884350
01884351
01884352
01884353
01884354
01884355
01884356
01884357
01884358
01884359
01884360
01884361
01884362
01884363
01884364
01884365
01884366
01884367
01884368
01884369
01884370
01884371
01884372
01884373
01884374
01884375
01884376
01884377
01884378
01884379
01884380
01884381
01884382
01884383
01884384
01884385
01884386
01884387
01884388
01884389
01884390
01884391
01884392
01884393
01884394
01884395
01884396
01884397
01884398
01884399
01884400
01884401
01884402
01884403
01884404
01884405
01884406
01884407
01884408
01884409
01884410
01884411
01884412
01884413
01884414
01884415
01884416
01884417
01884418
01884419
01884420
01884421
01884422
01884423
01884424
01884425
01884426
01884427
01884428
01884429
01884430
01884431
01884432
01884433
01884434
01884435
01884436
01884437
01884438
01884439
01884440
01884441
01884442
01884443
01884444
01884445
01884446
01884447
01884448
01884449
01884450
01884451
01884452
01884453
01884454
01884455
01884456
01884457
01884458
01884459
01884460
01884461
01884462
01884463
01884464
01884465
01884466
01884467
01884468
01884469
01884470
01884471
01884472
01884473
01884474
01884475
01884476
01884477
01884478
01884479
01884480
01884481
01884482
01884483
01884484
01884485
01884486
01884487
01884488
01884489
01884490
01884491
01884492
01884493
01884494
01884495
01884496
01884497
01884498
01884499
01884500
01884501
01884502
01884503
01884504
01884505
01884506
01884507
01884508
01884509
01884510
01884511
01884512
01884513
01884514
01884515
01884516
01884517
01884518
01884519
01884520
01884521
01884522
01884523
01884524
01884525
01884526
01884527
01884528
01884529
01884530
01884531
01884532
01884533
01884534
01884535
01884536
01884537
01884538
01884539
01884540
01884541
01884542
01884543
01884544
01884545
01884546
01884547
01884548
01884549
01884550
01884551
01884552
01884553
01884554
01884555
01884556
01884557
01884558
01884559
01884560
01884561
01884562
01884563
01884564
01884565
01884566
01884567
01884568
01884569
01884570
01884571
01884572
01884573
01884574
01884575
01884576
01884577
01884578
01884579
01884580
01884581
01884582
01884583
01884584
01884585
01884586
01884587
01884588
01884589
01884590
01884591
01884592
01884593
01884594
01884595
01884596
01884597
01884598
01884599
01884600
01884601
01884602
01884603
01884604
01884605
01884606
01884607
01884608
01884609
01884610
01884611
01884612
01884613
01884614
01884615
01884616
01884617
01884618
01884619
01884620
01884621
01884622
01884623
01884624
01884625
01884626
01884627
01884628
01884629
01884630
01884631
01884632
01884633
01884634
01884635
01884636
01884637
01884638
01884639
01884640
01884641
01884642
01884643
01884644
01884645
01884646
01884647
01884648
01884649
01884650
01884651
01884652
01884653
01884654
01884655
01884656
01884657
01884658
01884659
01884660
01884661
01884662
01884663
01884664
01884665
01884666
01884667
01884668
01884669
01884670
01884671
01884672
01884673
01884674
01884675
01884676
01884677
01884678
01884679
01884680
01884681
01884682
01884683
01884684
01884685
01884686
01884687
01884688
01884689
01884690
01884691
01884692
01884693
01884694
01884695
01884696
01884697
01884698
01884699
01884700
01884701
01884702
01884703
01884704
01884705
01884706
01884707
01884708
01884709
01884710
01884711
01884712
01884713
01884714
01884715
01884716
01884717
01884718
01884719
01884720
01884721
01884722
01884723
01884724
01884725
01884726
01884727
01884728
01884729
01884730
01884731
01884732
01884733
01884734
01884735
01884736
01884737
01884738
01884739
01884740
01884741
01884742
01884743
01884744
01884745
01884746
01884747
01884748
01884749
01884750
01884751
01884752
01884753
01884754
01884755
01884756
01884757
01884758
01884759
01884760
01884761
01884762
01884763
01884764
01884765
01884766
01884767
01884768
01884769
01884770
01884771
01884772
01884773
01884774
01884775
01884776
01884777
01884778
01884779
01884780
01884781
01884782
01884783
01884784
01884785
01884786
01884787
01884788
01884789
01884790
01884791
01884792
01884793
01884794
01884795
01884796
01884797
01884798
01884799
01884800
01884801
01884802
01884803
01884804
01884805
01884806
01884807
01884808
01884809
01884810
01884811
01884812
01884813
01884814
01884815
01884816
01884817
01884818
01884819
01884820
01884821
01884822
01884823
01884824
01884825
01884826
01884827
01884828
01884829
01884830
01884831
01884832
01884833
01884834
01884835
01884836
01884837
01884838
01884839
01884840
01884841
01884842
01884843
01884844
01884845
01884846
01884847
01884848
01884849
01884850
01884851
01884852
01884853
01884854
01884855
01884856
01884857
01884858
01884859
01884860
01884861
01884862
01884863
01884864
01884865
01884866
01884867
01884868
01884869
01884870
01884871
01884872
01884873
01884874
01884875
01884876
01884877
01884878
01884879
01884880
01884881
01884882
01884883
01884884
01884885
01884886
01884887
01884888
01884889
01884890
01884891
01884892
01884893
01884894
01884895
01884896
01884897
01884898
01884899
01884900
01884901
01884902
01884903
01884904
01884905
01884906
01884907
01884908
01884909
01884910
01884911
01884912
01884913
01884914
01884915
01884916
01884917
01884918
01884919
01884920
01884921
01884922
01884923
01884924
01884925
01884926
01884927
01884928
01884929
01884930
01884931
01884932
01884933
01884934
01884935
01884936
01884937
01884938
01884939
01884940
01884941
01884942
01884943
01884944
01884945
01884946
01884947
01884948
01884949
01884950
01884951
01884952
01884953
01884954
01884955
01884956
01884957
01884958
01884959
01884960
01884961
01884962
01884963
01884964
01884965
01884966
01884967
01884968
01884969
01884970
01884971
01884972
01884973
01884974
01884975
01884976
01884977
01884978
01884979
01884980
01884981
01884982
01884983
01884984
01884985
01884986
01884987
01884988
01884989
01884990
01884991
01884992
01884993
01884994
01884995
01884996
01884997
01884998
01884999
01885000
01885001
01885002
01885003
01885004
01885005
01885006
01885007
01885008
01885009
01885010
01885011
01885012
01885013
01885014
01885015
01885016
01885017
01885018
01885019
01885020
01885021
01885022
01885023
01885024
01885025
01885026
01885027
01885028
01885029
01885030
01885031
01885032
01885033
01885034
01885035
01885036
01885037
01885038
01885039
01885040
01885041
01885042
01885043
01885044
01885045
01885046
01885047
01885048
01885049
01885050
01885051
01885052
01885053
01885054
01885055
01885056
01885057
01885058
01885059
01885060
01885061
01885062
01885063
01885064
01885065
01885066
01885067
01885068
01885069
01885070
01885071
01885072
01885073
01885074
01885075
01885076
01885077
01885078
01885079
01885080
01885081
01885082
01885083
01885084
01885085
01885086
01885087
01885088
01885089
01885090
01885091
01885092
01885093
01885094
01885095
01885096
01885097
01885098
01885099
01885100
01885101
01885102
01885103
01885104
01885105
01885106
01885107
01885108
01885109
01885110
01885111
01885112
01885113
01885114
01885115
01885116
01885117
01885118
01885119
01885120
01885121
01885122
01885123
01885124
01885125
01885126
01885127
01885128
01885129
01885130
01885131
01885132
01885133
01885134
01885135
01885136
01885137
01885138
01885139
01885140
01885141
01885142
01885143
01885144
01885145
01885146
01885147
01885148
01885149
01885150
01885151
01885152
01885153
01885154
01885155
01885156
01885157
01885158
01885159
01885160
01885161
01885162
01885163
01885164
01885165
01885166
01885167
01885168
01885169
01885170
01885171
01885172
01885173
01885174
01885175
01885176
01885177
01885178
01885179
01885180
01885181
01885182
01885183
01885184
01885185
01885186
01885187
01885188
01885189
01885190
01885191
01885192
01885193
01885194
01885195
01885196
01885197
01885198
01885199
01885200
01885201
01885202
01885203
01885204
01885205
01885206
01885207
01885208
01885209
01885210
01885211
01885212
01885213
01885214
01885215
01885216
01885217
01885218
01885219
01885220
01885221
01885222
01885223
01885224
01885225
01885226
01885227
01885228
01885229
01885230
01885231
01885232
01885233
01885234
01885235
01885236
01885237
01885238
01885239
01885240
01885241
01885242
01885243
01885244
01885245
01885246
01885247
01885248
01885249
01885250
01885251
01885252
01885253
01885254
01885255
01885256
01885257
01885258
01885259
01885260
01885261
01885262
01885263
01885264
01885265
01885266
01885267
01885268
01885269
01885270
01885271
01885272
01885273
01885274
01885275
01885276
01885277
01885278
01885279
01885280
01885281
01885282
01885283
01885284
01885285
01885286
01885287
01885288
01885289
01885290
01885291
01885292
01885293
01885294
01885295
01885296
01885297
01885298
01885299
01885300
01885301
01885302
01885303
01885304
01885305
01885306
01885307
01885308
01885309
01885310
01885311
01885312
01885313
01885314
01885315
01885316
01885317
01885318
01885319
01885320
01885321
01885322
01885323
01885324
01885325
01885326
01885327
01885328
01885329
01885330
01885331
01885332
01885333
01885334
01885335
01885336
01885337
01885338
01885339
01885340
01885341
01885342
01885343
01885344
01885345
01885346
01885347
01885348
01885349
01885350
01885351
01885352
01885353
01885354
01885355
01885356
01885357
01885358
01885359
01885360
01885361
01885362
01885363
01885364
01885365
01885366
01885367
01885368
01885369
01885370
01885371
01885372
01885373
01885374
01885375
01885376
01885377
01885378
01885379
01885380
01885381
01885382
01885383
01885384
01885385
01885386
01885387
01885388
01885389
01885390
01885391
01885392
01885393
01885394
01885395
01885396
01885397
01885398
01885399
01885400
01885401
01885402
01885403
01885404
01885405
01885406
01885407
01885408
01885409
01885410
01885411
01885412
01885413
01885414
01885415
01885416
01885417
01885418
01885419
01885420
01885421
01885422
01885423
01885424
01885425
01885426
01885427
01885428
01885429
01885430
01885431
01885432
01885433
01885434
01885435
01885436
01885437
01885438
01885439
01885440
01885441
01885442
01885443
01885444
01885445
01885446
01885447
01885448
01885449
01885450
01885451
01885452
01885453
01885454
01885455
01885456
01885457
01885458
01885459
01885460
01885461
01885462
01885463
01885464
01885465
01885466
01885467
01885468
01885469
01885470
01885471
01885472
01885473
01885474
01885475
01885476
01885477
01885478
01885479
01885480
01885481
01885482
01885483
01885484
01885485
01885486
01885487
01885488
01885489
01885490
01885491
01885492
01885493
01885494
01885495
01885496
01885497
01885498
01885499
01885500
01885501
01885502
01885503
01885504
01885505
01885506
01885507
01885508
01885509
01885510
01885511
01885512
01885513
01885514
01885515
01885516
01885517
01885518
01885519
01885520
01885521
01885522
01885523
01885524
01885525
01885526
01885527
01885528
01885529
01885530
01885531
01885532
01885533
01885534
01885535
01885536
01885537
01885538
01885539
01885540
01885541
01885542
01885543
01885544
01885545
01885546
01885547
01885548
01885549
01885550
01885551
01885552
01885553
01885554
01885555
01885556
01885557
01885558
01885559
01885560
01885561
01885562
01885563
01885564
01885565
01885566
01885567
01885568
01885569
01885570
01885571
01885572
01885573
01885574
01885575
01885576
01885577
01885578
01885579
01885580
01885581
01885582
01885583
01885584
01885585
01885586
01885587
01885588
01885589
01885590
01885591
01885592
01885593
01885594
01885595
01885596
01885597
01885598
01885599
01885600
01885601
01885602
01885603
01885604
01885605
01885606
01885607
01885608
01885609
01885610
01885611
01885612
01885613
01885614
01885615
01885616
01885617
01885618
01885619
01885620
01885621
01885622
01885623
01885624
01885625
01885626
01885627
01885628
01885629
01885630
01885631
01885632
01885633
01885634
01885635
01885636
01885637
01885638
01885639
01885640
01885641
01885642
01885643
01885644
01885645
01885646
01885647
01885648
01885649
01885650
01885651
01885652
01885653
01885654
01885655
01885656
01885657
01885658
01885659
01885660
01885661
01885662
01885663
01885664
01885665
01885666
01885667
01885668
01885669
01885670
01885671
01885672
01885673
01885674
01885675
01885676
01885677
01885678
01885679
01885680
01885681
01885682
01885683
01885684
01885685
01885686
01885687
01885688
01885689
01885690
01885691
01885692
01885693
01885694
01885695
01885696
01885697
01885698
01885699
01885700
01885701
01885702
01885703
01885704
01885705
01885706
01885707
01885708
01885709
01885710
01885711
01885712
01885713
01885714
01885715
01885716
01885717
01885718
01885719
01885720
01885721
01885722
01885723
01885724
01885725
01885726
01885727
01885728
01885729
01885730
01885731
01885732
01885733
01885734
01885735
01885736
01885737
01885738
01885739
01885740
01885741
01885742
01885743
01885744
01885745
01885746
01885747
01885748
01885749
01885750
01885751
01885752
01885753
01885754
01885755
01885756
01885757
01885758
01885759
01885760
01885761
01885762
01885763
01885764
01885765
01885766
01885767
01885768
01885769
01885770
01885771
01885772
01885773
01885774
01885775
01885776
01885777
01885778
01885779
01885780
01885781
01885782
01885783
01885784
01885785
01885786
01885787
01885788
01885789
01885790
01885791
01885792
01885793
01885794
01885795
01885796
01885797
01885798
01885799
01885800
01885801
01885802
01885803
01885804
01885805
01885806
01885807
01885808
01885809
01885810
01885811
01885812
01885813
01885814
01885815
01885816
01885817
01885818
01885819
01885820
01885821
01885822
01885823
01885824
01885825
01885826
01885827
01885828
01885829
01885830
01885831
01885832
01885833
01885834
01885835
01885836
01885837
01885838
01885839
01885840
01885841
01885842
01885843
01885844
01885845
01885846
01885847
01885848
01885849
01885850
01885851
01885852
01885853
01885854
01885855
01885856
01885857
01885858
01885859
01885860
01885861
01885862
01885863
01885864
01885865
01885866
01885867
01885868
01885869
01885870
01885871
01885872
01885873
01885874
01885875
01885876
01885877
01885878
01885879
01885880
01885881
01885882
01885883
01885884
01885885
01885886
01885887
01885888
01885889
01885890
01885891
01885892
01885893
01885894
01885895
01885896
01885897
01885898
01885899
01885900
01885901
01885902
01885903
01885904
01885905
01885906
01885907
01885908
01885909
01885910
01885911
01885912
01885913
01885914
01885915
01885916
01885917
01885918
01885919
01885920
01885921
01885922
01885923
01885924
01885925
01885926
01885927
01885928
01885929
01885930
01885931
01885932
01885933
01885934
01885935
01885936
01885937
01885938
01885939
01885940
01885941
01885942
01885943
01885944
01885945
01885946
01885947
01885948
01885949
01885950
01885951
01885952
01885953
01885954
01885955
01885956
01885957
01885958
01885959
01885960
01885961
01885962
01885963
01885964
01885965
01885966
01885967
01885968
01885969
01885970
01885971
01885972
01885973
01885974
01885975
01885976
01885977
01885978
01885979
01885980
01885981
01885982
01885983
01885984
01885985
01885986
01885987
01885988
01885989
01885990
01885991
01885992
01885993
01885994
01885995
01885996
01885997
01885998
01885999
01886000
01886001
01886002
01886003
01886004
01886005
01886006
01886007
01886008
01886009
01886010
01886011
01886012
01886013
01886014
01886015
01886016
01886017
01886018
01886019
01886020
01886021
01886022
01886023
01886024
01886025
01886026
01886027
01886028
01886029
01886030
01886031
01886032
01886033
01886034
01886035
01886036
01886037
01886038
01886039
01886040
01886041
01886042
01886043
01886044
01886045
01886046
01886047
01886048
01886049
01886050
01886051
01886052
01886053
01886054
01886055
01886056
01886057
01886058
01886059
01886060
01886061
01886062
01886063
01886064
01886065
01886066
01886067
01886068
01886069
01886070
01886071
01886072
01886073
01886074
01886075
01886076
01886077
01886078
01886079
01886080
01886081
01886082
01886083
01886084
01886085
01886086
01886087
01886088
01886089
01886090
01886091
01886092
01886093
01886094
01886095
01886096
01886097
01886098
01886099
01886100
01886101
01886102
01886103
01886104
01886105
01886106
01886107
01886108
01886109
01886110
01886111
01886112
01886113
01886114
01886115
01886116
01886117
01886118
01886119
01886120
01886121
01886122
01886123
01886124
01886125
01886126
01886127
01886128
01886129
01886130
01886131
01886132
01886133
01886134
01886135
01886136
01886137
01886138
01886139
01886140
01886141
01886142
01886143
01886144
01886145
01886146
01886147
01886148
01886149
01886150
01886151
01886152
01886153
01886154
01886155
01886156
01886157
01886158
01886159
01886160
01886161
01886162
01886163
01886164
01886165
01886166
01886167
01886168
01886169
01886170
01886171
01886172
01886173
01886174
01886175
01886176
01886177
01886178
01886179
01886180
01886181
01886182
01886183
01886184
01886185
01886186
01886187
01886188
01886189
01886190
01886191
01886192
01886193
01886194
01886195
01886196
01886197
01886198
01886199
01886200
01886201
01886202
01886203
01886204
01886205
01886206
01886207
01886208
01886209
01886210
01886211
01886212
01886213
01886214
01886215
01886216
01886217
01886218
01886219
01886220
01886221
01886222
01886223
01886224
01886225
01886226
01886227
01886228
01886229
01886230
01886231
01886232
01886233
01886234
01886235
01886236
01886237
01886238
01886239
01886240
01886241
01886242
01886243
01886244
01886245
01886246
01886247
01886248
01886249
01886250
01886251
01886252
01886253
01886254
01886255
01886256
01886257
01886258
01886259
01886260
01886261
01886262
01886263
01886264
01886265
01886266
01886267
01886268
01886269
01886270
01886271
01886272
01886273
01886274
01886275
01886276
01886277
01886278
01886279
01886280
01886281
01886282
01886283
01886284
01886285
01886286
01886287
01886288
01886289
01886290
01886291
01886292
01886293
01886294
01886295
01886296
01886297
01886298
01886299
01886300
01886301
01886302
01886303
01886304
01886305
01886306
01886307
01886308
01886309
01886310
01886311
01886312
01886313
01886314
01886315
01886316
01886317
01886318
01886319
01886320
01886321
01886322
01886323
01886324
01886325
01886326
01886327
01886328
01886329
01886330
01886331
01886332
01886333
01886334
01886335
01886336
01886337
01886338
01886339
01886340
01886341
01886342
01886343
01886344
01886345
01886346
01886347
01886348
01886349
01886350
01886351
01886352
01886353
01886354
01886355
01886356
01886357
01886358
01886359
01886360
01886361
01886362
01886363
01886364
01886365
01886366
01886367
01886368
01886369
01886370
01886371
01886372
01886373
01886374
01886375
01886376
01886377
01886378
01886379
01886380
01886381
01886382
01886383
01886384
01886385
01886386
01886387
01886388
01886389
01886390
01886391
01886392
01886393
01886394
01886395
01886396
01886397
01886398
01886399
01886400
01886401
01886402
01886403
01886404
01886405
01886406
01886407
01886408
01886409
01886410
01886411
01886412
01886413
01886414
01886415
01886416
01886417
01886418
01886419
01886420
01886421
01886422
01886423
01886424
01886425
01886426
01886427
01886428
01886429
01886430
01886431
01886432
01886433
01886434
01886435
01886436
01886437
01886438
01886439
01886440
01886441
01886442
01886443
01886444
01886445
01886446
01886447
01886448
01886449
01886450
01886451
01886452
01886453
01886454
01886455
01886456
01886457
01886458
01886459
01886460
01886461
01886462
01886463
01886464
01886465
01886466
01886467
01886468
01886469
01886470
01886471
01886472
01886473
01886474
01886475
01886476
01886477
01886478
01886479
01886480
01886481
01886482
01886483
01886484
01886485
01886486
01886487
01886488
01886489
01886490
01886491
01886492
01886493
01886494
01886495
01886496
01886497
01886498
01886499
01886500
01886501
01886502
01886503
01886504
01886505
01886506
01886507
01886508
01886509
01886510
01886511
01886512
01886513
01886514
01886515
01886516
01886517
01886518
01886519
01886520
01886521
01886522
01886523
01886524
01886525
01886526
01886527
01886528
01886529
01886530
01886531
01886532
01886533
01886534
01886535
01886536
01886537
01886538
01886539
01886540
01886541
01886542
01886543
01886544
01886545
01886546
01886547
01886548
01886549
01886550
01886551
01886552
01886553
01886554
01886555
01886556
01886557
01886558
01886559
01886560
01886561
01886562
01886563
01886564
01886565
01886566
01886567
01886568
01886569
01886570
01886571
01886572
01886573
01886574
01886575
01886576
01886577
01886578
01886579
01886580
01886581
01886582
01886583
01886584
01886585
01886586
01886587
01886588
01886589
01886590
01886591
01886592
01886593
01886594
01886595
01886596
01886597
01886598
01886599
01886600
01886601
01886602
01886603
01886604
01886605
01886606
01886607
01886608
01886609
01886610
01886611
01886612
01886613
01886614
01886615
01886616
01886617
01886618
01886619
01886620
01886621
01886622
01886623
01886624
01886625
01886626
01886627
01886628
01886629
01886630
01886631
01886632
01886633
01886634
01886635
01886636
01886637
01886638
01886639
01886640
01886641
01886642
01886643
01886644
01886645
01886646
01886647
01886648
01886649
01886650
01886651
01886652
01886653
01886654
01886655
01886656
01886657
01886658
01886659
01886660
01886661
01886662
01886663
01886664
01886665
01886666
01886667
01886668
01886669
01886670
01886671
01886672
01886673
01886674
01886675
01886676
01886677
01886678
01886679
01886680
01886681
01886682
01886683
01886684
01886685
01886686
01886687
01886688
01886689
01886690
01886691
01886692
01886693
01886694
01886695
01886696
01886697
01886698
01886699
01886700
01886701
01886702
01886703
01886704
01886705
01886706
01886707
01886708
01886709
01886710
01886711
01886712
01886713
01886714
01886715
01886716
01886717
01886718
01886719
01886720
01886721
01886722
01886723
01886724
01886725
01886726
01886727
01886728
01886729
01886730
01886731
01886732
01886733
01886734
01886735
01886736
01886737
01886738
01886739
01886740
01886741
01886742
01886743
01886744
01886745
01886746
01886747
01886748
01886749
01886750
01886751
01886752
01886753
01886754
01886755
01886756
01886757
01886758
01886759
01886760
01886761
01886762
01886763
01886764
01886765
01886766
01886767
01886768
01886769
01886770
01886771
01886772
01886773
01886774
01886775
01886776
01886777
01886778
01886779
01886780
01886781
01886782
01886783
01886784
01886785
01886786
01886787
01886788
01886789
01886790
01886791
01886792
01886793
01886794
01886795
01886796
01886797
01886798
01886799
01886800
01886801
01886802
01886803
01886804
01886805
01886806
01886807
01886808
01886809
01886810
01886811
01886812
01886813
01886814
01886815
01886816
01886817
01886818
01886819
01886820
01886821
01886822
01886823
01886824
01886825
01886826
01886827
01886828
01886829
01886830
01886831
01886832
01886833
01886834
01886835
01886836
01886837
01886838
01886839
01886840
01886841
01886842
01886843
01886844
01886845
01886846
01886847
01886848
01886849
01886850
01886851
01886852
01886853
01886854
01886855
01886856
01886857
01886858
01886859
01886860
01886861
01886862
01886863
01886864
01886865
01886866
01886867
01886868
01886869
01886870
01886871
01886872
01886873
01886874
01886875
01886876
01886877
01886878
01886879
01886880
01886881
01886882
01886883
01886884
01886885
01886886
01886887
01886888
01886889
01886890
01886891
01886892
01886893
01886894
01886895
01886896
01886897
01886898
01886899
01886900
01886901
01886902
01886903
01886904
01886905
01886906
01886907
01886908
01886909
01886910
01886911
01886912
01886913
01886914
01886915
01886916
01886917
01886918
01886919
01886920
01886921
01886922
01886923
01886924
01886925
01886926
01886927
01886928
01886929
01886930
01886931
01886932
01886933
01886934
01886935
01886936
01886937
01886938
01886939
01886940
01886941
01886942
01886943
01886944
01886945
01886946
01886947
01886948
01886949
01886950
01886951
01886952
01886953
01886954
01886955
01886956
01886957
01886958
01886959
01886960
01886961
01886962
01886963
01886964
01886965
01886966
01886967
01886968
01886969
01886970
01886971
01886972
01886973
01886974
01886975
01886976
01886977
01886978
01886979
01886980
01886981
01886982
01886983
01886984
01886985
01886986
01886987
01886988
01886989
01886990
01886991
01886992
01886993
01886994
01886995
01886996
01886997
01886998
01886999
01887000
01887001
01887002
01887003
01887004
01887005
01887006
01887007
01887008
01887009
01887010
01887011
01887012
01887013
01887014
01887015
01887016
01887017
01887018
01887019
01887020
01887021
01887022
01887023
01887024
01887025
01887026
01887027
01887028
01887029
01887030
01887031
01887032
01887033
01887034
01887035
01887036
01887037
01887038
01887039
01887040
01887041
01887042
01887043
01887044
01887045
01887046
01887047
01887048
01887049
01887050
01887051
01887052
01887053
01887054
01887055
01887056
01887057
01887058
01887059
01887060
01887061
01887062
01887063
01887064
01887065
01887066
01887067
01887068
01887069
01887070
01887071
01887072
01887073
01887074
01887075
01887076
01887077
01887078
01887079
01887080
01887081
01887082
01887083
01887084
01887085
01887086
01887087
01887088
01887089
01887090
01887091
01887092
01887093
01887094
01887095
01887096
01887097
01887098
01887099
01887100
01887101
01887102
01887103
01887104
01887105
01887106
01887107
01887108
01887109
01887110
01887111
01887112
01887113
01887114
01887115
01887116
01887117
01887118
01887119
01887120
01887121
01887122
01887123
01887124
01887125
01887126
01887127
01887128
01887129
01887130
01887131
01887132
01887133
01887134
01887135
01887136
01887137
01887138
01887139
01887140
01887141
01887142
01887143
01887144
01887145
01887146
01887147
01887148
01887149
01887150
01887151
01887152
01887153
01887154
01887155
01887156
01887157
01887158
01887159
01887160
01887161
01887162
01887163
01887164
01887165
01887166
01887167
01887168
01887169
01887170
01887171
01887172
01887173
01887174
01887175
01887176
01887177
01887178
01887179
01887180
01887181
01887182
01887183
01887184
01887185
01887186
01887187
01887188
01887189
01887190
01887191
01887192
01887193
01887194
01887195
01887196
01887197
01887198
01887199
01887200
01887201
01887202
01887203
01887204
01887205
01887206
01887207
01887208
01887209
01887210
01887211
01887212
01887213
01887214
01887215
01887216
01887217
01887218
01887219
01887220
01887221
01887222
01887223
01887224
01887225
01887226
01887227
01887228
01887229
01887230
01887231
01887232
01887233
01887234
01887235
01887236
01887237
01887238
01887239
01887240
01887241
01887242
01887243
01887244
01887245
01887246
01887247
01887248
01887249
01887250
01887251
01887252
01887253
01887254
01887255
01887256
01887257
01887258
01887259
01887260
01887261
01887262
01887263
01887264
01887265
01887266
01887267
01887268
01887269
01887270
01887271
01887272
01887273
01887274
01887275
01887276
01887277
01887278
01887279
01887280
01887281
01887282
01887283
01887284
01887285
01887286
01887287
01887288
01887289
01887290
01887291
01887292
01887293
01887294
01887295
01887296
01887297
01887298
01887299
01887300
01887301
01887302
01887303
01887304
01887305
01887306
01887307
01887308
01887309
01887310
01887311
01887312
01887313
01887314
01887315
01887316
01887317
01887318
01887319
01887320
01887321
01887322
01887323
01887324
01887325
01887326
01887327
01887328
01887329
01887330
01887331
01887332
01887333
01887334
01887335
01887336
01887337
01887338
01887339
01887340
01887341
01887342
01887343
01887344
01887345
01887346
01887347
01887348
01887349
01887350
01887351
01887352
01887353
01887354
01887355
01887356
01887357
01887358
01887359
01887360
01887361
01887362
01887363
01887364
01887365
01887366
01887367
01887368
01887369
01887370
01887371
01887372
01887373
01887374
01887375
01887376
01887377
01887378
01887379
01887380
01887381
01887382
01887383
01887384
01887385
01887386
01887387
01887388
01887389
01887390
01887391
01887392
01887393
01887394
01887395
01887396
01887397
01887398
01887399
01887400
01887401
01887402
01887403
01887404
01887405
01887406
01887407
01887408
01887409
01887410
01887411
01887412
01887413
01887414
01887415
01887416
01887417
01887418
01887419
01887420
01887421
01887422
01887423
01887424
01887425
01887426
01887427
01887428
01887429
01887430
01887431
01887432
01887433
01887434
01887435
01887436
01887437
01887438
01887439
01887440
01887441
01887442
01887443
01887444
01887445
01887446
01887447
01887448
01887449
01887450
01887451
01887452
01887453
01887454
01887455
01887456
01887457
01887458
01887459
01887460
01887461
01887462
01887463
01887464
01887465
01887466
01887467
01887468
01887469
01887470
01887471
01887472
01887473
01887474
01887475
01887476
01887477
01887478
01887479
01887480
01887481
01887482
01887483
01887484
01887485
01887486
01887487
01887488
01887489
01887490
01887491
01887492
01887493
01887494
01887495
01887496
01887497
01887498
01887499
01887500
01887501
01887502
01887503
01887504
01887505
01887506
01887507
01887508
01887509
01887510
01887511
01887512
01887513
01887514
01887515
01887516
01887517
01887518
01887519
01887520
01887521
01887522
01887523
01887524
01887525
01887526
01887527
01887528
01887529
01887530
01887531
01887532
01887533
01887534
01887535
01887536
01887537
01887538
01887539
01887540
01887541
01887542
01887543
01887544
01887545
01887546
01887547
01887548
01887549
01887550
01887551
01887552
01887553
01887554
01887555
01887556
01887557
01887558
01887559
01887560
01887561
01887562
01887563
01887564
01887565
01887566
01887567
01887568
01887569
01887570
01887571
01887572
01887573
01887574
01887575
01887576
01887577
01887578
01887579
01887580
01887581
01887582
01887583
01887584
01887585
01887586
01887587
01887588
01887589
01887590
01887591
01887592
01887593
01887594
01887595
01887596
01887597
01887598
01887599
01887600
01887601
01887602
01887603
01887604
01887605
01887606
01887607
01887608
01887609
01887610
01887611
01887612
01887613
01887614
01887615
01887616
01887617
01887618
01887619
01887620
01887621
01887622
01887623
01887624
01887625
01887626
01887627
01887628
01887629
01887630
01887631
01887632
01887633
01887634
01887635
01887636
01887637
01887638
01887639
01887640
01887641
01887642
01887643
01887644
01887645
01887646
01887647
01887648
01887649
01887650
01887651
01887652
01887653
01887654
01887655
01887656
01887657
01887658
01887659
01887660
01887661
01887662
01887663
01887664
01887665
01887666
01887667
01887668
01887669
01887670
01887671
01887672
01887673
01887674
01887675
01887676
01887677
01887678
01887679
01887680
01887681
01887682
01887683
01887684
01887685
01887686
01887687
01887688
01887689
01887690
01887691
01887692
01887693
01887694
01887695
01887696
01887697
01887698
01887699
01887700
01887701
01887702
01887703
01887704
01887705
01887706
01887707
01887708
01887709
01887710
01887711
01887712
01887713
01887714
01887715
01887716
01887717
01887718
01887719
01887720
01887721
01887722
01887723
01887724
01887725
01887726
01887727
01887728
01887729
01887730
01887731
01887732
01887733
01887734
01887735
01887736
01887737
01887738
01887739
01887740
01887741
01887742
01887743
01887744
01887745
01887746
01887747
01887748
01887749
01887750
01887751
01887752
01887753
01887754
01887755
01887756
01887757
01887758
01887759
01887760
01887761
01887762
01887763
01887764
01887765
01887766
01887767
01887768
01887769
01887770
01887771
01887772
01887773
01887774
01887775
01887776
01887777
01887778
01887779
01887780
01887781
01887782
01887783
01887784
01887785
01887786
01887787
01887788
01887789
01887790
01887791
01887792
01887793
01887794
01887795
01887796
01887797
01887798
01887799
01887800
01887801
01887802
01887803
01887804
01887805
01887806
01887807
01887808
01887809
01887810
01887811
01887812
01887813
01887814
01887815
01887816
01887817
01887818
01887819
01887820
01887821
01887822
01887823
01887824
01887825
01887826
01887827
01887828
01887829
01887830
01887831
01887832
01887833
01887834
01887835
01887836
01887837
01887838
01887839
01887840
01887841
01887842
01887843
01887844
01887845
01887846
01887847
01887848
01887849
01887850
01887851
01887852
01887853
01887854
01887855
01887856
01887857
01887858
01887859
01887860
01887861
01887862
01887863
01887864
01887865
01887866
01887867
01887868
01887869
01887870
01887871
01887872
01887873
01887874
01887875
01887876
01887877
01887878
01887879
01887880
01887881
01887882
01887883
01887884
01887885
01887886
01887887
01887888
01887889
01887890
01887891
01887892
01887893
01887894
01887895
01887896
01887897
01887898
01887899
01887900
01887901
01887902
01887903
01887904
01887905
01887906
01887907
01887908
01887909
01887910
01887911
01887912
01887913
01887914
01887915
01887916
01887917
01887918
01887919
01887920
01887921
01887922
01887923
01887924
01887925
01887926
01887927
01887928
01887929
01887930
01887931
01887932
01887933
01887934
01887935
01887936
01887937
01887938
01887939
01887940
01887941
01887942
01887943
01887944
01887945
01887946
01887947
01887948
01887949
01887950
01887951
01887952
01887953
01887954
01887955
01887956
01887957
01887958
01887959
01887960
01887961
01887962
01887963
01887964
01887965
01887966
01887967
01887968
01887969
01887970
01887971
01887972
01887973
01887974
01887975
01887976
01887977
01887978
01887979
01887980
01887981
01887982
01887983
01887984
01887985
01887986
01887987
01887988
01887989
01887990
01887991
01887992
01887993
01887994
01887995
01887996
01887997
01887998
01887999
01888000
01888001
01888002
01888003
01888004
01888005
01888006
01888007
01888008
01888009
01888010
01888011
01888012
01888013
01888014
01888015
01888016
01888017
01888018
01888019
01888020
01888021
01888022
01888023
01888024
01888025
01888026
01888027
01888028
01888029
01888030
01888031
01888032
01888033
01888034
01888035
01888036
01888037
01888038
01888039
01888040
01888041
01888042
01888043
01888044
01888045
01888046
01888047
01888048
01888049
01888050
01888051
01888052
01888053
01888054
01888055
01888056
01888057
01888058
01888059
01888060
01888061
01888062
01888063
01888064
01888065
01888066
01888067
01888068
01888069
01888070
01888071
01888072
01888073
01888074
01888075
01888076
01888077
01888078
01888079
01888080
01888081
01888082
01888083
01888084
01888085
01888086
01888087
01888088
01888089
01888090
01888091
01888092
01888093
01888094
01888095
01888096
01888097
01888098
01888099
01888100
01888101
01888102
01888103
01888104
01888105
01888106
01888107
01888108
01888109
01888110
01888111
01888112
01888113
01888114
01888115
01888116
01888117
01888118
01888119
01888120
01888121
01888122
01888123
01888124
01888125
01888126
01888127
01888128
01888129
01888130
01888131
01888132
01888133
01888134
01888135
01888136
01888137
01888138
01888139
01888140
01888141
01888142
01888143
01888144
01888145
01888146
01888147
01888148
01888149
01888150
01888151
01888152
01888153
01888154
01888155
01888156
01888157
01888158
01888159
01888160
01888161
01888162
01888163
01888164
01888165
01888166
01888167
01888168
01888169
01888170
01888171
01888172
01888173
01888174
01888175
01888176
01888177
01888178
01888179
01888180
01888181
01888182
01888183
01888184
01888185
01888186
01888187
01888188
01888189
01888190
01888191
01888192
01888193
01888194
01888195
01888196
01888197
01888198
01888199
01888200
01888201
01888202
01888203
01888204
01888205
01888206
01888207
01888208
01888209
01888210
01888211
01888212
01888213
01888214
01888215
01888216
01888217
01888218
01888219
01888220
01888221
01888222
01888223
01888224
01888225
01888226
01888227
01888228
01888229
01888230
01888231
01888232
01888233
01888234
01888235
01888236
01888237
01888238
01888239
01888240
01888241
01888242
01888243
01888244
01888245
01888246
01888247
01888248
01888249
01888250
01888251
01888252
01888253
01888254
01888255
01888256
01888257
01888258
01888259
01888260
01888261
01888262
01888263
01888264
01888265
01888266
01888267
01888268
01888269
01888270
01888271
01888272
01888273
01888274
01888275
01888276
01888277
01888278
01888279
01888280
01888281
01888282
01888283
01888284
01888285
01888286
01888287
01888288
01888289
01888290
01888291
01888292
01888293
01888294
01888295
01888296
01888297
01888298
01888299
01888300
01888301
01888302
01888303
01888304
01888305
01888306
01888307
01888308
01888309
01888310
01888311
01888312
01888313
01888314
01888315
01888316
01888317
01888318
01888319
01888320
01888321
01888322
01888323
01888324
01888325
01888326
01888327
01888328
01888329
01888330
01888331
01888332
01888333
01888334
01888335
01888336
01888337
01888338
01888339
01888340
01888341
01888342
01888343
01888344
01888345
01888346
01888347
01888348
01888349
01888350
01888351
01888352
01888353
01888354
01888355
01888356
01888357
01888358
01888359
01888360
01888361
01888362
01888363
01888364
01888365
01888366
01888367
01888368
01888369
01888370
01888371
01888372
01888373
01888374
01888375
01888376
01888377
01888378
01888379
01888380
01888381
01888382
01888383
01888384
01888385
01888386
01888387
01888388
01888389
01888390
01888391
01888392
01888393
01888394
01888395
01888396
01888397
01888398
01888399
01888400
01888401
01888402
01888403
01888404
01888405
01888406
01888407
01888408
01888409
01888410
01888411
01888412
01888413
01888414
01888415
01888416
01888417
01888418
01888419
01888420
01888421
01888422
01888423
01888424
01888425
01888426
01888427
01888428
01888429
01888430
01888431
01888432
01888433
01888434
01888435
01888436
01888437
01888438
01888439
01888440
01888441
01888442
01888443
01888444
01888445
01888446
01888447
01888448
01888449
01888450
01888451
01888452
01888453
01888454
01888455
01888456
01888457
01888458
01888459
01888460
01888461
01888462
01888463
01888464
01888465
01888466
01888467
01888468
01888469
01888470
01888471
01888472
01888473
01888474
01888475
01888476
01888477
01888478
01888479
01888480
01888481
01888482
01888483
01888484
01888485
01888486
01888487
01888488
01888489
01888490
01888491
01888492
01888493
01888494
01888495
01888496
01888497
01888498
01888499
01888500
01888501
01888502
01888503
01888504
01888505
01888506
01888507
01888508
01888509
01888510
01888511
01888512
01888513
01888514
01888515
01888516
01888517
01888518
01888519
01888520
01888521
01888522
01888523
01888524
01888525
01888526
01888527
01888528
01888529
01888530
01888531
01888532
01888533
01888534
01888535
01888536
01888537
01888538
01888539
01888540
01888541
01888542
01888543
01888544
01888545
01888546
01888547
01888548
01888549
01888550
01888551
01888552
01888553
01888554
01888555
01888556
01888557
01888558
01888559
01888560
01888561
01888562
01888563
01888564
01888565
01888566
01888567
01888568
01888569
01888570
01888571
01888572
01888573
01888574
01888575
01888576
01888577
01888578
01888579
01888580
01888581
01888582
01888583
01888584
01888585
01888586
01888587
01888588
01888589
01888590
01888591
01888592
01888593
01888594
01888595
01888596
01888597
01888598
01888599
01888600
01888601
01888602
01888603
01888604
01888605
01888606
01888607
01888608
01888609
01888610
01888611
01888612
01888613
01888614
01888615
01888616
01888617
01888618
01888619
01888620
01888621
01888622
01888623
01888624
01888625
01888626
01888627
01888628
01888629
01888630
01888631
01888632
01888633
01888634
01888635
01888636
01888637
01888638
01888639
01888640
01888641
01888642
01888643
01888644
01888645
01888646
01888647
01888648
01888649
01888650
01888651
01888652
01888653
01888654
01888655
01888656
01888657
01888658
01888659
01888660
01888661
01888662
01888663
01888664
01888665
01888666
01888667
01888668
01888669
01888670
01888671
01888672
01888673
01888674
01888675
01888676
01888677
01888678
01888679
01888680
01888681
01888682
01888683
01888684
01888685
01888686
01888687
01888688
01888689
01888690
01888691
01888692
01888693
01888694
01888695
01888696
01888697
01888698
01888699
01888700
01888701
01888702
01888703
01888704
01888705
01888706
01888707
01888708
01888709
01888710
01888711
01888712
01888713
01888714
01888715
01888716
01888717
01888718
01888719
01888720
01888721
01888722
01888723
01888724
01888725
01888726
01888727
01888728
01888729
01888730
01888731
01888732
01888733
01888734
01888735
01888736
01888737
01888738
01888739
01888740
01888741
01888742
01888743
01888744
01888745
01888746
01888747
01888748
01888749
01888750
01888751
01888752
01888753
01888754
01888755
01888756
01888757
01888758
01888759
01888760
01888761
01888762
01888763
01888764
01888765
01888766
01888767
01888768
01888769
01888770
01888771
01888772
01888773
01888774
01888775
01888776
01888777
01888778
01888779
01888780
01888781
01888782
01888783
01888784
01888785
01888786
01888787
01888788
01888789
01888790
01888791
01888792
01888793
01888794
01888795
01888796
01888797
01888798
01888799
01888800
01888801
01888802
01888803
01888804
01888805
01888806
01888807
01888808
01888809
01888810
01888811
01888812
01888813
01888814
01888815
01888816
01888817
01888818
01888819
01888820
01888821
01888822
01888823
01888824
01888825
01888826
01888827
01888828
01888829
01888830
01888831
01888832
01888833
01888834
01888835
01888836
01888837
01888838
01888839
01888840
01888841
01888842
01888843
01888844
01888845
01888846
01888847
01888848
01888849
01888850
01888851
01888852
01888853
01888854
01888855
01888856
01888857
01888858
01888859
01888860
01888861
01888862
01888863
01888864
01888865
01888866
01888867
01888868
01888869
01888870
01888871
01888872
01888873
01888874
01888875
01888876
01888877
01888878
01888879
01888880
01888881
01888882
01888883
01888884
01888885
01888886
01888887
01888888
01888889
