04448890
04448891
04448892
04448893
04448894
04448895
04448896
04448897
04448898
04448899
04448900
04448901
04448902
04448903
04448904
04448905
04448906
04448907
04448908
04448909
04448910
04448911
04448912
04448913
04448914
04448915
04448916
04448917
04448918
04448919
04448920
04448921
04448922
04448923
04448924
04448925
04448926
04448927
04448928
04448929
04448930
04448931
04448932
04448933
04448934
04448935
04448936
04448937
04448938
04448939
04448940
04448941
04448942
04448943
04448944
04448945
04448946
04448947
04448948
04448949
04448950
04448951
04448952
04448953
04448954
04448955
04448956
04448957
04448958
04448959
04448960
04448961
04448962
04448963
04448964
04448965
04448966
04448967
04448968
04448969
04448970
04448971
04448972
04448973
04448974
04448975
04448976
04448977
04448978
04448979
04448980
04448981
04448982
04448983
04448984
04448985
04448986
04448987
04448988
04448989
04448990
04448991
04448992
04448993
04448994
04448995
04448996
04448997
04448998
04448999
04449000
04449001
04449002
04449003
04449004
04449005
04449006
04449007
04449008
04449009
04449010
04449011
04449012
04449013
04449014
04449015
04449016
04449017
04449018
04449019
04449020
04449021
04449022
04449023
04449024
04449025
04449026
04449027
04449028
04449029
04449030
04449031
04449032
04449033
04449034
04449035
04449036
04449037
04449038
04449039
04449040
04449041
04449042
04449043
04449044
04449045
04449046
04449047
04449048
04449049
04449050
04449051
04449052
04449053
04449054
04449055
04449056
04449057
04449058
04449059
04449060
04449061
04449062
04449063
04449064
04449065
04449066
04449067
04449068
04449069
04449070
04449071
04449072
04449073
04449074
04449075
04449076
04449077
04449078
04449079
04449080
04449081
04449082
04449083
04449084
04449085
04449086
04449087
04449088
04449089
04449090
04449091
04449092
04449093
04449094
04449095
04449096
04449097
04449098
04449099
04449100
04449101
04449102
04449103
04449104
04449105
04449106
04449107
04449108
04449109
04449110
04449111
04449112
04449113
04449114
04449115
04449116
04449117
04449118
04449119
04449120
04449121
04449122
04449123
04449124
04449125
04449126
04449127
04449128
04449129
04449130
04449131
04449132
04449133
04449134
04449135
04449136
04449137
04449138
04449139
04449140
04449141
04449142
04449143
04449144
04449145
04449146
04449147
04449148
04449149
04449150
04449151
04449152
04449153
04449154
04449155
04449156
04449157
04449158
04449159
04449160
04449161
04449162
04449163
04449164
04449165
04449166
04449167
04449168
04449169
04449170
04449171
04449172
04449173
04449174
04449175
04449176
04449177
04449178
04449179
04449180
04449181
04449182
04449183
04449184
04449185
04449186
04449187
04449188
04449189
04449190
04449191
04449192
04449193
04449194
04449195
04449196
04449197
04449198
04449199
04449200
04449201
04449202
04449203
04449204
04449205
04449206
04449207
04449208
04449209
04449210
04449211
04449212
04449213
04449214
04449215
04449216
04449217
04449218
04449219
04449220
04449221
04449222
04449223
04449224
04449225
04449226
04449227
04449228
04449229
04449230
04449231
04449232
04449233
04449234
04449235
04449236
04449237
04449238
04449239
04449240
04449241
04449242
04449243
04449244
04449245
04449246
04449247
04449248
04449249
04449250
04449251
04449252
04449253
04449254
04449255
04449256
04449257
04449258
04449259
04449260
04449261
04449262
04449263
04449264
04449265
04449266
04449267
04449268
04449269
04449270
04449271
04449272
04449273
04449274
04449275
04449276
04449277
04449278
04449279
04449280
04449281
04449282
04449283
04449284
04449285
04449286
04449287
04449288
04449289
04449290
04449291
04449292
04449293
04449294
04449295
04449296
04449297
04449298
04449299
04449300
04449301
04449302
04449303
04449304
04449305
04449306
04449307
04449308
04449309
04449310
04449311
04449312
04449313
04449314
04449315
04449316
04449317
04449318
04449319
04449320
04449321
04449322
04449323
04449324
04449325
04449326
04449327
04449328
04449329
04449330
04449331
04449332
04449333
04449334
04449335
04449336
04449337
04449338
04449339
04449340
04449341
04449342
04449343
04449344
04449345
04449346
04449347
04449348
04449349
04449350
04449351
04449352
04449353
04449354
04449355
04449356
04449357
04449358
04449359
04449360
04449361
04449362
04449363
04449364
04449365
04449366
04449367
04449368
04449369
04449370
04449371
04449372
04449373
04449374
04449375
04449376
04449377
04449378
04449379
04449380
04449381
04449382
04449383
04449384
04449385
04449386
04449387
04449388
04449389
04449390
04449391
04449392
04449393
04449394
04449395
04449396
04449397
04449398
04449399
04449400
04449401
04449402
04449403
04449404
04449405
04449406
04449407
04449408
04449409
04449410
04449411
04449412
04449413
04449414
04449415
04449416
04449417
04449418
04449419
04449420
04449421
04449422
04449423
04449424
04449425
04449426
04449427
04449428
04449429
04449430
04449431
04449432
04449433
04449434
04449435
04449436
04449437
04449438
04449439
04449440
04449441
04449442
04449443
04449444
04449445
04449446
04449447
04449448
04449449
04449450
04449451
04449452
04449453
04449454
04449455
04449456
04449457
04449458
04449459
04449460
04449461
04449462
04449463
04449464
04449465
04449466
04449467
04449468
04449469
04449470
04449471
04449472
04449473
04449474
04449475
04449476
04449477
04449478
04449479
04449480
04449481
04449482
04449483
04449484
04449485
04449486
04449487
04449488
04449489
04449490
04449491
04449492
04449493
04449494
04449495
04449496
04449497
04449498
04449499
04449500
04449501
04449502
04449503
04449504
04449505
04449506
04449507
04449508
04449509
04449510
04449511
04449512
04449513
04449514
04449515
04449516
04449517
04449518
04449519
04449520
04449521
04449522
04449523
04449524
04449525
04449526
04449527
04449528
04449529
04449530
04449531
04449532
04449533
04449534
04449535
04449536
04449537
04449538
04449539
04449540
04449541
04449542
04449543
04449544
04449545
04449546
04449547
04449548
04449549
04449550
04449551
04449552
04449553
04449554
04449555
04449556
04449557
04449558
04449559
04449560
04449561
04449562
04449563
04449564
04449565
04449566
04449567
04449568
04449569
04449570
04449571
04449572
04449573
04449574
04449575
04449576
04449577
04449578
04449579
04449580
04449581
04449582
04449583
04449584
04449585
04449586
04449587
04449588
04449589
04449590
04449591
04449592
04449593
04449594
04449595
04449596
04449597
04449598
04449599
04449600
04449601
04449602
04449603
04449604
04449605
04449606
04449607
04449608
04449609
04449610
04449611
04449612
04449613
04449614
04449615
04449616
04449617
04449618
04449619
04449620
04449621
04449622
04449623
04449624
04449625
04449626
04449627
04449628
04449629
04449630
04449631
04449632
04449633
04449634
04449635
04449636
04449637
04449638
04449639
04449640
04449641
04449642
04449643
04449644
04449645
04449646
04449647
04449648
04449649
04449650
04449651
04449652
04449653
04449654
04449655
04449656
04449657
04449658
04449659
04449660
04449661
04449662
04449663
04449664
04449665
04449666
04449667
04449668
04449669
04449670
04449671
04449672
04449673
04449674
04449675
04449676
04449677
04449678
04449679
04449680
04449681
04449682
04449683
04449684
04449685
04449686
04449687
04449688
04449689
04449690
04449691
04449692
04449693
04449694
04449695
04449696
04449697
04449698
04449699
04449700
04449701
04449702
04449703
04449704
04449705
04449706
04449707
04449708
04449709
04449710
04449711
04449712
04449713
04449714
04449715
04449716
04449717
04449718
04449719
04449720
04449721
04449722
04449723
04449724
04449725
04449726
04449727
04449728
04449729
04449730
04449731
04449732
04449733
04449734
04449735
04449736
04449737
04449738
04449739
04449740
04449741
04449742
04449743
04449744
04449745
04449746
04449747
04449748
04449749
04449750
04449751
04449752
04449753
04449754
04449755
04449756
04449757
04449758
04449759
04449760
04449761
04449762
04449763
04449764
04449765
04449766
04449767
04449768
04449769
04449770
04449771
04449772
04449773
04449774
04449775
04449776
04449777
04449778
04449779
04449780
04449781
04449782
04449783
04449784
04449785
04449786
04449787
04449788
04449789
04449790
04449791
04449792
04449793
04449794
04449795
04449796
04449797
04449798
04449799
04449800
04449801
04449802
04449803
04449804
04449805
04449806
04449807
04449808
04449809
04449810
04449811
04449812
04449813
04449814
04449815
04449816
04449817
04449818
04449819
04449820
04449821
04449822
04449823
04449824
04449825
04449826
04449827
04449828
04449829
04449830
04449831
04449832
04449833
04449834
04449835
04449836
04449837
04449838
04449839
04449840
04449841
04449842
04449843
04449844
04449845
04449846
04449847
04449848
04449849
04449850
04449851
04449852
04449853
04449854
04449855
04449856
04449857
04449858
04449859
04449860
04449861
04449862
04449863
04449864
04449865
04449866
04449867
04449868
04449869
04449870
04449871
04449872
04449873
04449874
04449875
04449876
04449877
04449878
04449879
04449880
04449881
04449882
04449883
04449884
04449885
04449886
04449887
04449888
04449889
04449890
04449891
04449892
04449893
04449894
04449895
04449896
04449897
04449898
04449899
04449900
04449901
04449902
04449903
04449904
04449905
04449906
04449907
04449908
04449909
04449910
04449911
04449912
04449913
04449914
04449915
04449916
04449917
04449918
04449919
04449920
04449921
04449922
04449923
04449924
04449925
04449926
04449927
04449928
04449929
04449930
04449931
04449932
04449933
04449934
04449935
04449936
04449937
04449938
04449939
04449940
04449941
04449942
04449943
04449944
04449945
04449946
04449947
04449948
04449949
04449950
04449951
04449952
04449953
04449954
04449955
04449956
04449957
04449958
04449959
04449960
04449961
04449962
04449963
04449964
04449965
04449966
04449967
04449968
04449969
04449970
04449971
04449972
04449973
04449974
04449975
04449976
04449977
04449978
04449979
04449980
04449981
04449982
04449983
04449984
04449985
04449986
04449987
04449988
04449989
04449990
04449991
04449992
04449993
04449994
04449995
04449996
04449997
04449998
04449999
04450000
04450001
04450002
04450003
04450004
04450005
04450006
04450007
04450008
04450009
04450010
04450011
04450012
04450013
04450014
04450015
04450016
04450017
04450018
04450019
04450020
04450021
04450022
04450023
04450024
04450025
04450026
04450027
04450028
04450029
04450030
04450031
04450032
04450033
04450034
04450035
04450036
04450037
04450038
04450039
04450040
04450041
04450042
04450043
04450044
04450045
04450046
04450047
04450048
04450049
04450050
04450051
04450052
04450053
04450054
04450055
04450056
04450057
04450058
04450059
04450060
04450061
04450062
04450063
04450064
04450065
04450066
04450067
04450068
04450069
04450070
04450071
04450072
04450073
04450074
04450075
04450076
04450077
04450078
04450079
04450080
04450081
04450082
04450083
04450084
04450085
04450086
04450087
04450088
04450089
04450090
04450091
04450092
04450093
04450094
04450095
04450096
04450097
04450098
04450099
04450100
04450101
04450102
04450103
04450104
04450105
04450106
04450107
04450108
04450109
04450110
04450111
04450112
04450113
04450114
04450115
04450116
04450117
04450118
04450119
04450120
04450121
04450122
04450123
04450124
04450125
04450126
04450127
04450128
04450129
04450130
04450131
04450132
04450133
04450134
04450135
04450136
04450137
04450138
04450139
04450140
04450141
04450142
04450143
04450144
04450145
04450146
04450147
04450148
04450149
04450150
04450151
04450152
04450153
04450154
04450155
04450156
04450157
04450158
04450159
04450160
04450161
04450162
04450163
04450164
04450165
04450166
04450167
04450168
04450169
04450170
04450171
04450172
04450173
04450174
04450175
04450176
04450177
04450178
04450179
04450180
04450181
04450182
04450183
04450184
04450185
04450186
04450187
04450188
04450189
04450190
04450191
04450192
04450193
04450194
04450195
04450196
04450197
04450198
04450199
04450200
04450201
04450202
04450203
04450204
04450205
04450206
04450207
04450208
04450209
04450210
04450211
04450212
04450213
04450214
04450215
04450216
04450217
04450218
04450219
04450220
04450221
04450222
04450223
04450224
04450225
04450226
04450227
04450228
04450229
04450230
04450231
04450232
04450233
04450234
04450235
04450236
04450237
04450238
04450239
04450240
04450241
04450242
04450243
04450244
04450245
04450246
04450247
04450248
04450249
04450250
04450251
04450252
04450253
04450254
04450255
04450256
04450257
04450258
04450259
04450260
04450261
04450262
04450263
04450264
04450265
04450266
04450267
04450268
04450269
04450270
04450271
04450272
04450273
04450274
04450275
04450276
04450277
04450278
04450279
04450280
04450281
04450282
04450283
04450284
04450285
04450286
04450287
04450288
04450289
04450290
04450291
04450292
04450293
04450294
04450295
04450296
04450297
04450298
04450299
04450300
04450301
04450302
04450303
04450304
04450305
04450306
04450307
04450308
04450309
04450310
04450311
04450312
04450313
04450314
04450315
04450316
04450317
04450318
04450319
04450320
04450321
04450322
04450323
04450324
04450325
04450326
04450327
04450328
04450329
04450330
04450331
04450332
04450333
04450334
04450335
04450336
04450337
04450338
04450339
04450340
04450341
04450342
04450343
04450344
04450345
04450346
04450347
04450348
04450349
04450350
04450351
04450352
04450353
04450354
04450355
04450356
04450357
04450358
04450359
04450360
04450361
04450362
04450363
04450364
04450365
04450366
04450367
04450368
04450369
04450370
04450371
04450372
04450373
04450374
04450375
04450376
04450377
04450378
04450379
04450380
04450381
04450382
04450383
04450384
04450385
04450386
04450387
04450388
04450389
04450390
04450391
04450392
04450393
04450394
04450395
04450396
04450397
04450398
04450399
04450400
04450401
04450402
04450403
04450404
04450405
04450406
04450407
04450408
04450409
04450410
04450411
04450412
04450413
04450414
04450415
04450416
04450417
04450418
04450419
04450420
04450421
04450422
04450423
04450424
04450425
04450426
04450427
04450428
04450429
04450430
04450431
04450432
04450433
04450434
04450435
04450436
04450437
04450438
04450439
04450440
04450441
04450442
04450443
04450444
04450445
04450446
04450447
04450448
04450449
04450450
04450451
04450452
04450453
04450454
04450455
04450456
04450457
04450458
04450459
04450460
04450461
04450462
04450463
04450464
04450465
04450466
04450467
04450468
04450469
04450470
04450471
04450472
04450473
04450474
04450475
04450476
04450477
04450478
04450479
04450480
04450481
04450482
04450483
04450484
04450485
04450486
04450487
04450488
04450489
04450490
04450491
04450492
04450493
04450494
04450495
04450496
04450497
04450498
04450499
04450500
04450501
04450502
04450503
04450504
04450505
04450506
04450507
04450508
04450509
04450510
04450511
04450512
04450513
04450514
04450515
04450516
04450517
04450518
04450519
04450520
04450521
04450522
04450523
04450524
04450525
04450526
04450527
04450528
04450529
04450530
04450531
04450532
04450533
04450534
04450535
04450536
04450537
04450538
04450539
04450540
04450541
04450542
04450543
04450544
04450545
04450546
04450547
04450548
04450549
04450550
04450551
04450552
04450553
04450554
04450555
04450556
04450557
04450558
04450559
04450560
04450561
04450562
04450563
04450564
04450565
04450566
04450567
04450568
04450569
04450570
04450571
04450572
04450573
04450574
04450575
04450576
04450577
04450578
04450579
04450580
04450581
04450582
04450583
04450584
04450585
04450586
04450587
04450588
04450589
04450590
04450591
04450592
04450593
04450594
04450595
04450596
04450597
04450598
04450599
04450600
04450601
04450602
04450603
04450604
04450605
04450606
04450607
04450608
04450609
04450610
04450611
04450612
04450613
04450614
04450615
04450616
04450617
04450618
04450619
04450620
04450621
04450622
04450623
04450624
04450625
04450626
04450627
04450628
04450629
04450630
04450631
04450632
04450633
04450634
04450635
04450636
04450637
04450638
04450639
04450640
04450641
04450642
04450643
04450644
04450645
04450646
04450647
04450648
04450649
04450650
04450651
04450652
04450653
04450654
04450655
04450656
04450657
04450658
04450659
04450660
04450661
04450662
04450663
04450664
04450665
04450666
04450667
04450668
04450669
04450670
04450671
04450672
04450673
04450674
04450675
04450676
04450677
04450678
04450679
04450680
04450681
04450682
04450683
04450684
04450685
04450686
04450687
04450688
04450689
04450690
04450691
04450692
04450693
04450694
04450695
04450696
04450697
04450698
04450699
04450700
04450701
04450702
04450703
04450704
04450705
04450706
04450707
04450708
04450709
04450710
04450711
04450712
04450713
04450714
04450715
04450716
04450717
04450718
04450719
04450720
04450721
04450722
04450723
04450724
04450725
04450726
04450727
04450728
04450729
04450730
04450731
04450732
04450733
04450734
04450735
04450736
04450737
04450738
04450739
04450740
04450741
04450742
04450743
04450744
04450745
04450746
04450747
04450748
04450749
04450750
04450751
04450752
04450753
04450754
04450755
04450756
04450757
04450758
04450759
04450760
04450761
04450762
04450763
04450764
04450765
04450766
04450767
04450768
04450769
04450770
04450771
04450772
04450773
04450774
04450775
04450776
04450777
04450778
04450779
04450780
04450781
04450782
04450783
04450784
04450785
04450786
04450787
04450788
04450789
04450790
04450791
04450792
04450793
04450794
04450795
04450796
04450797
04450798
04450799
04450800
04450801
04450802
04450803
04450804
04450805
04450806
04450807
04450808
04450809
04450810
04450811
04450812
04450813
04450814
04450815
04450816
04450817
04450818
04450819
04450820
04450821
04450822
04450823
04450824
04450825
04450826
04450827
04450828
04450829
04450830
04450831
04450832
04450833
04450834
04450835
04450836
04450837
04450838
04450839
04450840
04450841
04450842
04450843
04450844
04450845
04450846
04450847
04450848
04450849
04450850
04450851
04450852
04450853
04450854
04450855
04450856
04450857
04450858
04450859
04450860
04450861
04450862
04450863
04450864
04450865
04450866
04450867
04450868
04450869
04450870
04450871
04450872
04450873
04450874
04450875
04450876
04450877
04450878
04450879
04450880
04450881
04450882
04450883
04450884
04450885
04450886
04450887
04450888
04450889
04450890
04450891
04450892
04450893
04450894
04450895
04450896
04450897
04450898
04450899
04450900
04450901
04450902
04450903
04450904
04450905
04450906
04450907
04450908
04450909
04450910
04450911
04450912
04450913
04450914
04450915
04450916
04450917
04450918
04450919
04450920
04450921
04450922
04450923
04450924
04450925
04450926
04450927
04450928
04450929
04450930
04450931
04450932
04450933
04450934
04450935
04450936
04450937
04450938
04450939
04450940
04450941
04450942
04450943
04450944
04450945
04450946
04450947
04450948
04450949
04450950
04450951
04450952
04450953
04450954
04450955
04450956
04450957
04450958
04450959
04450960
04450961
04450962
04450963
04450964
04450965
04450966
04450967
04450968
04450969
04450970
04450971
04450972
04450973
04450974
04450975
04450976
04450977
04450978
04450979
04450980
04450981
04450982
04450983
04450984
04450985
04450986
04450987
04450988
04450989
04450990
04450991
04450992
04450993
04450994
04450995
04450996
04450997
04450998
04450999
04451000
04451001
04451002
04451003
04451004
04451005
04451006
04451007
04451008
04451009
04451010
04451011
04451012
04451013
04451014
04451015
04451016
04451017
04451018
04451019
04451020
04451021
04451022
04451023
04451024
04451025
04451026
04451027
04451028
04451029
04451030
04451031
04451032
04451033
04451034
04451035
04451036
04451037
04451038
04451039
04451040
04451041
04451042
04451043
04451044
04451045
04451046
04451047
04451048
04451049
04451050
04451051
04451052
04451053
04451054
04451055
04451056
04451057
04451058
04451059
04451060
04451061
04451062
04451063
04451064
04451065
04451066
04451067
04451068
04451069
04451070
04451071
04451072
04451073
04451074
04451075
04451076
04451077
04451078
04451079
04451080
04451081
04451082
04451083
04451084
04451085
04451086
04451087
04451088
04451089
04451090
04451091
04451092
04451093
04451094
04451095
04451096
04451097
04451098
04451099
04451100
04451101
04451102
04451103
04451104
04451105
04451106
04451107
04451108
04451109
04451110
04451111
04451112
04451113
04451114
04451115
04451116
04451117
04451118
04451119
04451120
04451121
04451122
04451123
04451124
04451125
04451126
04451127
04451128
04451129
04451130
04451131
04451132
04451133
04451134
04451135
04451136
04451137
04451138
04451139
04451140
04451141
04451142
04451143
04451144
04451145
04451146
04451147
04451148
04451149
04451150
04451151
04451152
04451153
04451154
04451155
04451156
04451157
04451158
04451159
04451160
04451161
04451162
04451163
04451164
04451165
04451166
04451167
04451168
04451169
04451170
04451171
04451172
04451173
04451174
04451175
04451176
04451177
04451178
04451179
04451180
04451181
04451182
04451183
04451184
04451185
04451186
04451187
04451188
04451189
04451190
04451191
04451192
04451193
04451194
04451195
04451196
04451197
04451198
04451199
04451200
04451201
04451202
04451203
04451204
04451205
04451206
04451207
04451208
04451209
04451210
04451211
04451212
04451213
04451214
04451215
04451216
04451217
04451218
04451219
04451220
04451221
04451222
04451223
04451224
04451225
04451226
04451227
04451228
04451229
04451230
04451231
04451232
04451233
04451234
04451235
04451236
04451237
04451238
04451239
04451240
04451241
04451242
04451243
04451244
04451245
04451246
04451247
04451248
04451249
04451250
04451251
04451252
04451253
04451254
04451255
04451256
04451257
04451258
04451259
04451260
04451261
04451262
04451263
04451264
04451265
04451266
04451267
04451268
04451269
04451270
04451271
04451272
04451273
04451274
04451275
04451276
04451277
04451278
04451279
04451280
04451281
04451282
04451283
04451284
04451285
04451286
04451287
04451288
04451289
04451290
04451291
04451292
04451293
04451294
04451295
04451296
04451297
04451298
04451299
04451300
04451301
04451302
04451303
04451304
04451305
04451306
04451307
04451308
04451309
04451310
04451311
04451312
04451313
04451314
04451315
04451316
04451317
04451318
04451319
04451320
04451321
04451322
04451323
04451324
04451325
04451326
04451327
04451328
04451329
04451330
04451331
04451332
04451333
04451334
04451335
04451336
04451337
04451338
04451339
04451340
04451341
04451342
04451343
04451344
04451345
04451346
04451347
04451348
04451349
04451350
04451351
04451352
04451353
04451354
04451355
04451356
04451357
04451358
04451359
04451360
04451361
04451362
04451363
04451364
04451365
04451366
04451367
04451368
04451369
04451370
04451371
04451372
04451373
04451374
04451375
04451376
04451377
04451378
04451379
04451380
04451381
04451382
04451383
04451384
04451385
04451386
04451387
04451388
04451389
04451390
04451391
04451392
04451393
04451394
04451395
04451396
04451397
04451398
04451399
04451400
04451401
04451402
04451403
04451404
04451405
04451406
04451407
04451408
04451409
04451410
04451411
04451412
04451413
04451414
04451415
04451416
04451417
04451418
04451419
04451420
04451421
04451422
04451423
04451424
04451425
04451426
04451427
04451428
04451429
04451430
04451431
04451432
04451433
04451434
04451435
04451436
04451437
04451438
04451439
04451440
04451441
04451442
04451443
04451444
04451445
04451446
04451447
04451448
04451449
04451450
04451451
04451452
04451453
04451454
04451455
04451456
04451457
04451458
04451459
04451460
04451461
04451462
04451463
04451464
04451465
04451466
04451467
04451468
04451469
04451470
04451471
04451472
04451473
04451474
04451475
04451476
04451477
04451478
04451479
04451480
04451481
04451482
04451483
04451484
04451485
04451486
04451487
04451488
04451489
04451490
04451491
04451492
04451493
04451494
04451495
04451496
04451497
04451498
04451499
04451500
04451501
04451502
04451503
04451504
04451505
04451506
04451507
04451508
04451509
04451510
04451511
04451512
04451513
04451514
04451515
04451516
04451517
04451518
04451519
04451520
04451521
04451522
04451523
04451524
04451525
04451526
04451527
04451528
04451529
04451530
04451531
04451532
04451533
04451534
04451535
04451536
04451537
04451538
04451539
04451540
04451541
04451542
04451543
04451544
04451545
04451546
04451547
04451548
04451549
04451550
04451551
04451552
04451553
04451554
04451555
04451556
04451557
04451558
04451559
04451560
04451561
04451562
04451563
04451564
04451565
04451566
04451567
04451568
04451569
04451570
04451571
04451572
04451573
04451574
04451575
04451576
04451577
04451578
04451579
04451580
04451581
04451582
04451583
04451584
04451585
04451586
04451587
04451588
04451589
04451590
04451591
04451592
04451593
04451594
04451595
04451596
04451597
04451598
04451599
04451600
04451601
04451602
04451603
04451604
04451605
04451606
04451607
04451608
04451609
04451610
04451611
04451612
04451613
04451614
04451615
04451616
04451617
04451618
04451619
04451620
04451621
04451622
04451623
04451624
04451625
04451626
04451627
04451628
04451629
04451630
04451631
04451632
04451633
04451634
04451635
04451636
04451637
04451638
04451639
04451640
04451641
04451642
04451643
04451644
04451645
04451646
04451647
04451648
04451649
04451650
04451651
04451652
04451653
04451654
04451655
04451656
04451657
04451658
04451659
04451660
04451661
04451662
04451663
04451664
04451665
04451666
04451667
04451668
04451669
04451670
04451671
04451672
04451673
04451674
04451675
04451676
04451677
04451678
04451679
04451680
04451681
04451682
04451683
04451684
04451685
04451686
04451687
04451688
04451689
04451690
04451691
04451692
04451693
04451694
04451695
04451696
04451697
04451698
04451699
04451700
04451701
04451702
04451703
04451704
04451705
04451706
04451707
04451708
04451709
04451710
04451711
04451712
04451713
04451714
04451715
04451716
04451717
04451718
04451719
04451720
04451721
04451722
04451723
04451724
04451725
04451726
04451727
04451728
04451729
04451730
04451731
04451732
04451733
04451734
04451735
04451736
04451737
04451738
04451739
04451740
04451741
04451742
04451743
04451744
04451745
04451746
04451747
04451748
04451749
04451750
04451751
04451752
04451753
04451754
04451755
04451756
04451757
04451758
04451759
04451760
04451761
04451762
04451763
04451764
04451765
04451766
04451767
04451768
04451769
04451770
04451771
04451772
04451773
04451774
04451775
04451776
04451777
04451778
04451779
04451780
04451781
04451782
04451783
04451784
04451785
04451786
04451787
04451788
04451789
04451790
04451791
04451792
04451793
04451794
04451795
04451796
04451797
04451798
04451799
04451800
04451801
04451802
04451803
04451804
04451805
04451806
04451807
04451808
04451809
04451810
04451811
04451812
04451813
04451814
04451815
04451816
04451817
04451818
04451819
04451820
04451821
04451822
04451823
04451824
04451825
04451826
04451827
04451828
04451829
04451830
04451831
04451832
04451833
04451834
04451835
04451836
04451837
04451838
04451839
04451840
04451841
04451842
04451843
04451844
04451845
04451846
04451847
04451848
04451849
04451850
04451851
04451852
04451853
04451854
04451855
04451856
04451857
04451858
04451859
04451860
04451861
04451862
04451863
04451864
04451865
04451866
04451867
04451868
04451869
04451870
04451871
04451872
04451873
04451874
04451875
04451876
04451877
04451878
04451879
04451880
04451881
04451882
04451883
04451884
04451885
04451886
04451887
04451888
04451889
04451890
04451891
04451892
04451893
04451894
04451895
04451896
04451897
04451898
04451899
04451900
04451901
04451902
04451903
04451904
04451905
04451906
04451907
04451908
04451909
04451910
04451911
04451912
04451913
04451914
04451915
04451916
04451917
04451918
04451919
04451920
04451921
04451922
04451923
04451924
04451925
04451926
04451927
04451928
04451929
04451930
04451931
04451932
04451933
04451934
04451935
04451936
04451937
04451938
04451939
04451940
04451941
04451942
04451943
04451944
04451945
04451946
04451947
04451948
04451949
04451950
04451951
04451952
04451953
04451954
04451955
04451956
04451957
04451958
04451959
04451960
04451961
04451962
04451963
04451964
04451965
04451966
04451967
04451968
04451969
04451970
04451971
04451972
04451973
04451974
04451975
04451976
04451977
04451978
04451979
04451980
04451981
04451982
04451983
04451984
04451985
04451986
04451987
04451988
04451989
04451990
04451991
04451992
04451993
04451994
04451995
04451996
04451997
04451998
04451999
04452000
04452001
04452002
04452003
04452004
04452005
04452006
04452007
04452008
04452009
04452010
04452011
04452012
04452013
04452014
04452015
04452016
04452017
04452018
04452019
04452020
04452021
04452022
04452023
04452024
04452025
04452026
04452027
04452028
04452029
04452030
04452031
04452032
04452033
04452034
04452035
04452036
04452037
04452038
04452039
04452040
04452041
04452042
04452043
04452044
04452045
04452046
04452047
04452048
04452049
04452050
04452051
04452052
04452053
04452054
04452055
04452056
04452057
04452058
04452059
04452060
04452061
04452062
04452063
04452064
04452065
04452066
04452067
04452068
04452069
04452070
04452071
04452072
04452073
04452074
04452075
04452076
04452077
04452078
04452079
04452080
04452081
04452082
04452083
04452084
04452085
04452086
04452087
04452088
04452089
04452090
04452091
04452092
04452093
04452094
04452095
04452096
04452097
04452098
04452099
04452100
04452101
04452102
04452103
04452104
04452105
04452106
04452107
04452108
04452109
04452110
04452111
04452112
04452113
04452114
04452115
04452116
04452117
04452118
04452119
04452120
04452121
04452122
04452123
04452124
04452125
04452126
04452127
04452128
04452129
04452130
04452131
04452132
04452133
04452134
04452135
04452136
04452137
04452138
04452139
04452140
04452141
04452142
04452143
04452144
04452145
04452146
04452147
04452148
04452149
04452150
04452151
04452152
04452153
04452154
04452155
04452156
04452157
04452158
04452159
04452160
04452161
04452162
04452163
04452164
04452165
04452166
04452167
04452168
04452169
04452170
04452171
04452172
04452173
04452174
04452175
04452176
04452177
04452178
04452179
04452180
04452181
04452182
04452183
04452184
04452185
04452186
04452187
04452188
04452189
04452190
04452191
04452192
04452193
04452194
04452195
04452196
04452197
04452198
04452199
04452200
04452201
04452202
04452203
04452204
04452205
04452206
04452207
04452208
04452209
04452210
04452211
04452212
04452213
04452214
04452215
04452216
04452217
04452218
04452219
04452220
04452221
04452222
04452223
04452224
04452225
04452226
04452227
04452228
04452229
04452230
04452231
04452232
04452233
04452234
04452235
04452236
04452237
04452238
04452239
04452240
04452241
04452242
04452243
04452244
04452245
04452246
04452247
04452248
04452249
04452250
04452251
04452252
04452253
04452254
04452255
04452256
04452257
04452258
04452259
04452260
04452261
04452262
04452263
04452264
04452265
04452266
04452267
04452268
04452269
04452270
04452271
04452272
04452273
04452274
04452275
04452276
04452277
04452278
04452279
04452280
04452281
04452282
04452283
04452284
04452285
04452286
04452287
04452288
04452289
04452290
04452291
04452292
04452293
04452294
04452295
04452296
04452297
04452298
04452299
04452300
04452301
04452302
04452303
04452304
04452305
04452306
04452307
04452308
04452309
04452310
04452311
04452312
04452313
04452314
04452315
04452316
04452317
04452318
04452319
04452320
04452321
04452322
04452323
04452324
04452325
04452326
04452327
04452328
04452329
04452330
04452331
04452332
04452333
04452334
04452335
04452336
04452337
04452338
04452339
04452340
04452341
04452342
04452343
04452344
04452345
04452346
04452347
04452348
04452349
04452350
04452351
04452352
04452353
04452354
04452355
04452356
04452357
04452358
04452359
04452360
04452361
04452362
04452363
04452364
04452365
04452366
04452367
04452368
04452369
04452370
04452371
04452372
04452373
04452374
04452375
04452376
04452377
04452378
04452379
04452380
04452381
04452382
04452383
04452384
04452385
04452386
04452387
04452388
04452389
04452390
04452391
04452392
04452393
04452394
04452395
04452396
04452397
04452398
04452399
04452400
04452401
04452402
04452403
04452404
04452405
04452406
04452407
04452408
04452409
04452410
04452411
04452412
04452413
04452414
04452415
04452416
04452417
04452418
04452419
04452420
04452421
04452422
04452423
04452424
04452425
04452426
04452427
04452428
04452429
04452430
04452431
04452432
04452433
04452434
04452435
04452436
04452437
04452438
04452439
04452440
04452441
04452442
04452443
04452444
04452445
04452446
04452447
04452448
04452449
04452450
04452451
04452452
04452453
04452454
04452455
04452456
04452457
04452458
04452459
04452460
04452461
04452462
04452463
04452464
04452465
04452466
04452467
04452468
04452469
04452470
04452471
04452472
04452473
04452474
04452475
04452476
04452477
04452478
04452479
04452480
04452481
04452482
04452483
04452484
04452485
04452486
04452487
04452488
04452489
04452490
04452491
04452492
04452493
04452494
04452495
04452496
04452497
04452498
04452499
04452500
04452501
04452502
04452503
04452504
04452505
04452506
04452507
04452508
04452509
04452510
04452511
04452512
04452513
04452514
04452515
04452516
04452517
04452518
04452519
04452520
04452521
04452522
04452523
04452524
04452525
04452526
04452527
04452528
04452529
04452530
04452531
04452532
04452533
04452534
04452535
04452536
04452537
04452538
04452539
04452540
04452541
04452542
04452543
04452544
04452545
04452546
04452547
04452548
04452549
04452550
04452551
04452552
04452553
04452554
04452555
04452556
04452557
04452558
04452559
04452560
04452561
04452562
04452563
04452564
04452565
04452566
04452567
04452568
04452569
04452570
04452571
04452572
04452573
04452574
04452575
04452576
04452577
04452578
04452579
04452580
04452581
04452582
04452583
04452584
04452585
04452586
04452587
04452588
04452589
04452590
04452591
04452592
04452593
04452594
04452595
04452596
04452597
04452598
04452599
04452600
04452601
04452602
04452603
04452604
04452605
04452606
04452607
04452608
04452609
04452610
04452611
04452612
04452613
04452614
04452615
04452616
04452617
04452618
04452619
04452620
04452621
04452622
04452623
04452624
04452625
04452626
04452627
04452628
04452629
04452630
04452631
04452632
04452633
04452634
04452635
04452636
04452637
04452638
04452639
04452640
04452641
04452642
04452643
04452644
04452645
04452646
04452647
04452648
04452649
04452650
04452651
04452652
04452653
04452654
04452655
04452656
04452657
04452658
04452659
04452660
04452661
04452662
04452663
04452664
04452665
04452666
04452667
04452668
04452669
04452670
04452671
04452672
04452673
04452674
04452675
04452676
04452677
04452678
04452679
04452680
04452681
04452682
04452683
04452684
04452685
04452686
04452687
04452688
04452689
04452690
04452691
04452692
04452693
04452694
04452695
04452696
04452697
04452698
04452699
04452700
04452701
04452702
04452703
04452704
04452705
04452706
04452707
04452708
04452709
04452710
04452711
04452712
04452713
04452714
04452715
04452716
04452717
04452718
04452719
04452720
04452721
04452722
04452723
04452724
04452725
04452726
04452727
04452728
04452729
04452730
04452731
04452732
04452733
04452734
04452735
04452736
04452737
04452738
04452739
04452740
04452741
04452742
04452743
04452744
04452745
04452746
04452747
04452748
04452749
04452750
04452751
04452752
04452753
04452754
04452755
04452756
04452757
04452758
04452759
04452760
04452761
04452762
04452763
04452764
04452765
04452766
04452767
04452768
04452769
04452770
04452771
04452772
04452773
04452774
04452775
04452776
04452777
04452778
04452779
04452780
04452781
04452782
04452783
04452784
04452785
04452786
04452787
04452788
04452789
04452790
04452791
04452792
04452793
04452794
04452795
04452796
04452797
04452798
04452799
04452800
04452801
04452802
04452803
04452804
04452805
04452806
04452807
04452808
04452809
04452810
04452811
04452812
04452813
04452814
04452815
04452816
04452817
04452818
04452819
04452820
04452821
04452822
04452823
04452824
04452825
04452826
04452827
04452828
04452829
04452830
04452831
04452832
04452833
04452834
04452835
04452836
04452837
04452838
04452839
04452840
04452841
04452842
04452843
04452844
04452845
04452846
04452847
04452848
04452849
04452850
04452851
04452852
04452853
04452854
04452855
04452856
04452857
04452858
04452859
04452860
04452861
04452862
04452863
04452864
04452865
04452866
04452867
04452868
04452869
04452870
04452871
04452872
04452873
04452874
04452875
04452876
04452877
04452878
04452879
04452880
04452881
04452882
04452883
04452884
04452885
04452886
04452887
04452888
04452889
04452890
04452891
04452892
04452893
04452894
04452895
04452896
04452897
04452898
04452899
04452900
04452901
04452902
04452903
04452904
04452905
04452906
04452907
04452908
04452909
04452910
04452911
04452912
04452913
04452914
04452915
04452916
04452917
04452918
04452919
04452920
04452921
04452922
04452923
04452924
04452925
04452926
04452927
04452928
04452929
04452930
04452931
04452932
04452933
04452934
04452935
04452936
04452937
04452938
04452939
04452940
04452941
04452942
04452943
04452944
04452945
04452946
04452947
04452948
04452949
04452950
04452951
04452952
04452953
04452954
04452955
04452956
04452957
04452958
04452959
04452960
04452961
04452962
04452963
04452964
04452965
04452966
04452967
04452968
04452969
04452970
04452971
04452972
04452973
04452974
04452975
04452976
04452977
04452978
04452979
04452980
04452981
04452982
04452983
04452984
04452985
04452986
04452987
04452988
04452989
04452990
04452991
04452992
04452993
04452994
04452995
04452996
04452997
04452998
04452999
04453000
04453001
04453002
04453003
04453004
04453005
04453006
04453007
04453008
04453009
04453010
04453011
04453012
04453013
04453014
04453015
04453016
04453017
04453018
04453019
04453020
04453021
04453022
04453023
04453024
04453025
04453026
04453027
04453028
04453029
04453030
04453031
04453032
04453033
04453034
04453035
04453036
04453037
04453038
04453039
04453040
04453041
04453042
04453043
04453044
04453045
04453046
04453047
04453048
04453049
04453050
04453051
04453052
04453053
04453054
04453055
04453056
04453057
04453058
04453059
04453060
04453061
04453062
04453063
04453064
04453065
04453066
04453067
04453068
04453069
04453070
04453071
04453072
04453073
04453074
04453075
04453076
04453077
04453078
04453079
04453080
04453081
04453082
04453083
04453084
04453085
04453086
04453087
04453088
04453089
04453090
04453091
04453092
04453093
04453094
04453095
04453096
04453097
04453098
04453099
04453100
04453101
04453102
04453103
04453104
04453105
04453106
04453107
04453108
04453109
04453110
04453111
04453112
04453113
04453114
04453115
04453116
04453117
04453118
04453119
04453120
04453121
04453122
04453123
04453124
04453125
04453126
04453127
04453128
04453129
04453130
04453131
04453132
04453133
04453134
04453135
04453136
04453137
04453138
04453139
04453140
04453141
04453142
04453143
04453144
04453145
04453146
04453147
04453148
04453149
04453150
04453151
04453152
04453153
04453154
04453155
04453156
04453157
04453158
04453159
04453160
04453161
04453162
04453163
04453164
04453165
04453166
04453167
04453168
04453169
04453170
04453171
04453172
04453173
04453174
04453175
04453176
04453177
04453178
04453179
04453180
04453181
04453182
04453183
04453184
04453185
04453186
04453187
04453188
04453189
04453190
04453191
04453192
04453193
04453194
04453195
04453196
04453197
04453198
04453199
04453200
04453201
04453202
04453203
04453204
04453205
04453206
04453207
04453208
04453209
04453210
04453211
04453212
04453213
04453214
04453215
04453216
04453217
04453218
04453219
04453220
04453221
04453222
04453223
04453224
04453225
04453226
04453227
04453228
04453229
04453230
04453231
04453232
04453233
04453234
04453235
04453236
04453237
04453238
04453239
04453240
04453241
04453242
04453243
04453244
04453245
04453246
04453247
04453248
04453249
04453250
04453251
04453252
04453253
04453254
04453255
04453256
04453257
04453258
04453259
04453260
04453261
04453262
04453263
04453264
04453265
04453266
04453267
04453268
04453269
04453270
04453271
04453272
04453273
04453274
04453275
04453276
04453277
04453278
04453279
04453280
04453281
04453282
04453283
04453284
04453285
04453286
04453287
04453288
04453289
04453290
04453291
04453292
04453293
04453294
04453295
04453296
04453297
04453298
04453299
04453300
04453301
04453302
04453303
04453304
04453305
04453306
04453307
04453308
04453309
04453310
04453311
04453312
04453313
04453314
04453315
04453316
04453317
04453318
04453319
04453320
04453321
04453322
04453323
04453324
04453325
04453326
04453327
04453328
04453329
04453330
04453331
04453332
04453333
04453334
04453335
04453336
04453337
04453338
04453339
04453340
04453341
04453342
04453343
04453344
04453345
04453346
04453347
04453348
04453349
04453350
04453351
04453352
04453353
04453354
04453355
04453356
04453357
04453358
04453359
04453360
04453361
04453362
04453363
04453364
04453365
04453366
04453367
04453368
04453369
04453370
04453371
04453372
04453373
04453374
04453375
04453376
04453377
04453378
04453379
04453380
04453381
04453382
04453383
04453384
04453385
04453386
04453387
04453388
04453389
04453390
04453391
04453392
04453393
04453394
04453395
04453396
04453397
04453398
04453399
04453400
04453401
04453402
04453403
04453404
04453405
04453406
04453407
04453408
04453409
04453410
04453411
04453412
04453413
04453414
04453415
04453416
04453417
04453418
04453419
04453420
04453421
04453422
04453423
04453424
04453425
04453426
04453427
04453428
04453429
04453430
04453431
04453432
04453433
04453434
04453435
04453436
04453437
04453438
04453439
04453440
04453441
04453442
04453443
04453444
04453445
04453446
04453447
04453448
04453449
04453450
04453451
04453452
04453453
04453454
04453455
04453456
04453457
04453458
04453459
04453460
04453461
04453462
04453463
04453464
04453465
04453466
04453467
04453468
04453469
04453470
04453471
04453472
04453473
04453474
04453475
04453476
04453477
04453478
04453479
04453480
04453481
04453482
04453483
04453484
04453485
04453486
04453487
04453488
04453489
04453490
04453491
04453492
04453493
04453494
04453495
04453496
04453497
04453498
04453499
04453500
04453501
04453502
04453503
04453504
04453505
04453506
04453507
04453508
04453509
04453510
04453511
04453512
04453513
04453514
04453515
04453516
04453517
04453518
04453519
04453520
04453521
04453522
04453523
04453524
04453525
04453526
04453527
04453528
04453529
04453530
04453531
04453532
04453533
04453534
04453535
04453536
04453537
04453538
04453539
04453540
04453541
04453542
04453543
04453544
04453545
04453546
04453547
04453548
04453549
04453550
04453551
04453552
04453553
04453554
04453555
04453556
04453557
04453558
04453559
04453560
04453561
04453562
04453563
04453564
04453565
04453566
04453567
04453568
04453569
04453570
04453571
04453572
04453573
04453574
04453575
04453576
04453577
04453578
04453579
04453580
04453581
04453582
04453583
04453584
04453585
04453586
04453587
04453588
04453589
04453590
04453591
04453592
04453593
04453594
04453595
04453596
04453597
04453598
04453599
04453600
04453601
04453602
04453603
04453604
04453605
04453606
04453607
04453608
04453609
04453610
04453611
04453612
04453613
04453614
04453615
04453616
04453617
04453618
04453619
04453620
04453621
04453622
04453623
04453624
04453625
04453626
04453627
04453628
04453629
04453630
04453631
04453632
04453633
04453634
04453635
04453636
04453637
04453638
04453639
04453640
04453641
04453642
04453643
04453644
04453645
04453646
04453647
04453648
04453649
04453650
04453651
04453652
04453653
04453654
04453655
04453656
04453657
04453658
04453659
04453660
04453661
04453662
04453663
04453664
04453665
04453666
04453667
04453668
04453669
04453670
04453671
04453672
04453673
04453674
04453675
04453676
04453677
04453678
04453679
04453680
04453681
04453682
04453683
04453684
04453685
04453686
04453687
04453688
04453689
04453690
04453691
04453692
04453693
04453694
04453695
04453696
04453697
04453698
04453699
04453700
04453701
04453702
04453703
04453704
04453705
04453706
04453707
04453708
04453709
04453710
04453711
04453712
04453713
04453714
04453715
04453716
04453717
04453718
04453719
04453720
04453721
04453722
04453723
04453724
04453725
04453726
04453727
04453728
04453729
04453730
04453731
04453732
04453733
04453734
04453735
04453736
04453737
04453738
04453739
04453740
04453741
04453742
04453743
04453744
04453745
04453746
04453747
04453748
04453749
04453750
04453751
04453752
04453753
04453754
04453755
04453756
04453757
04453758
04453759
04453760
04453761
04453762
04453763
04453764
04453765
04453766
04453767
04453768
04453769
04453770
04453771
04453772
04453773
04453774
04453775
04453776
04453777
04453778
04453779
04453780
04453781
04453782
04453783
04453784
04453785
04453786
04453787
04453788
04453789
04453790
04453791
04453792
04453793
04453794
04453795
04453796
04453797
04453798
04453799
04453800
04453801
04453802
04453803
04453804
04453805
04453806
04453807
04453808
04453809
04453810
04453811
04453812
04453813
04453814
04453815
04453816
04453817
04453818
04453819
04453820
04453821
04453822
04453823
04453824
04453825
04453826
04453827
04453828
04453829
04453830
04453831
04453832
04453833
04453834
04453835
04453836
04453837
04453838
04453839
04453840
04453841
04453842
04453843
04453844
04453845
04453846
04453847
04453848
04453849
04453850
04453851
04453852
04453853
04453854
04453855
04453856
04453857
04453858
04453859
04453860
04453861
04453862
04453863
04453864
04453865
04453866
04453867
04453868
04453869
04453870
04453871
04453872
04453873
04453874
04453875
04453876
04453877
04453878
04453879
04453880
04453881
04453882
04453883
04453884
04453885
04453886
04453887
04453888
04453889
04453890
04453891
04453892
04453893
04453894
04453895
04453896
04453897
04453898
04453899
04453900
04453901
04453902
04453903
04453904
04453905
04453906
04453907
04453908
04453909
04453910
04453911
04453912
04453913
04453914
04453915
04453916
04453917
04453918
04453919
04453920
04453921
04453922
04453923
04453924
04453925
04453926
04453927
04453928
04453929
04453930
04453931
04453932
04453933
04453934
04453935
04453936
04453937
04453938
04453939
04453940
04453941
04453942
04453943
04453944
04453945
04453946
04453947
04453948
04453949
04453950
04453951
04453952
04453953
04453954
04453955
04453956
04453957
04453958
04453959
04453960
04453961
04453962
04453963
04453964
04453965
04453966
04453967
04453968
04453969
04453970
04453971
04453972
04453973
04453974
04453975
04453976
04453977
04453978
04453979
04453980
04453981
04453982
04453983
04453984
04453985
04453986
04453987
04453988
04453989
04453990
04453991
04453992
04453993
04453994
04453995
04453996
04453997
04453998
04453999
04454000
04454001
04454002
04454003
04454004
04454005
04454006
04454007
04454008
04454009
04454010
04454011
04454012
04454013
04454014
04454015
04454016
04454017
04454018
04454019
04454020
04454021
04454022
04454023
04454024
04454025
04454026
04454027
04454028
04454029
04454030
04454031
04454032
04454033
04454034
04454035
04454036
04454037
04454038
04454039
04454040
04454041
04454042
04454043
04454044
04454045
04454046
04454047
04454048
04454049
04454050
04454051
04454052
04454053
04454054
04454055
04454056
04454057
04454058
04454059
04454060
04454061
04454062
04454063
04454064
04454065
04454066
04454067
04454068
04454069
04454070
04454071
04454072
04454073
04454074
04454075
04454076
04454077
04454078
04454079
04454080
04454081
04454082
04454083
04454084
04454085
04454086
04454087
04454088
04454089
04454090
04454091
04454092
04454093
04454094
04454095
04454096
04454097
04454098
04454099
04454100
04454101
04454102
04454103
04454104
04454105
04454106
04454107
04454108
04454109
04454110
04454111
04454112
04454113
04454114
04454115
04454116
04454117
04454118
04454119
04454120
04454121
04454122
04454123
04454124
04454125
04454126
04454127
04454128
04454129
04454130
04454131
04454132
04454133
04454134
04454135
04454136
04454137
04454138
04454139
04454140
04454141
04454142
04454143
04454144
04454145
04454146
04454147
04454148
04454149
04454150
04454151
04454152
04454153
04454154
04454155
04454156
04454157
04454158
04454159
04454160
04454161
04454162
04454163
04454164
04454165
04454166
04454167
04454168
04454169
04454170
04454171
04454172
04454173
04454174
04454175
04454176
04454177
04454178
04454179
04454180
04454181
04454182
04454183
04454184
04454185
04454186
04454187
04454188
04454189
04454190
04454191
04454192
04454193
04454194
04454195
04454196
04454197
04454198
04454199
04454200
04454201
04454202
04454203
04454204
04454205
04454206
04454207
04454208
04454209
04454210
04454211
04454212
04454213
04454214
04454215
04454216
04454217
04454218
04454219
04454220
04454221
04454222
04454223
04454224
04454225
04454226
04454227
04454228
04454229
04454230
04454231
04454232
04454233
04454234
04454235
04454236
04454237
04454238
04454239
04454240
04454241
04454242
04454243
04454244
04454245
04454246
04454247
04454248
04454249
04454250
04454251
04454252
04454253
04454254
04454255
04454256
04454257
04454258
04454259
04454260
04454261
04454262
04454263
04454264
04454265
04454266
04454267
04454268
04454269
04454270
04454271
04454272
04454273
04454274
04454275
04454276
04454277
04454278
04454279
04454280
04454281
04454282
04454283
04454284
04454285
04454286
04454287
04454288
04454289
04454290
04454291
04454292
04454293
04454294
04454295
04454296
04454297
04454298
04454299
04454300
04454301
04454302
04454303
04454304
04454305
04454306
04454307
04454308
04454309
04454310
04454311
04454312
04454313
04454314
04454315
04454316
04454317
04454318
04454319
04454320
04454321
04454322
04454323
04454324
04454325
04454326
04454327
04454328
04454329
04454330
04454331
04454332
04454333
04454334
04454335
04454336
04454337
04454338
04454339
04454340
04454341
04454342
04454343
04454344
04454345
04454346
04454347
04454348
04454349
04454350
04454351
04454352
04454353
04454354
04454355
04454356
04454357
04454358
04454359
04454360
04454361
04454362
04454363
04454364
04454365
04454366
04454367
04454368
04454369
04454370
04454371
04454372
04454373
04454374
04454375
04454376
04454377
04454378
04454379
04454380
04454381
04454382
04454383
04454384
04454385
04454386
04454387
04454388
04454389
04454390
04454391
04454392
04454393
04454394
04454395
04454396
04454397
04454398
04454399
04454400
04454401
04454402
04454403
04454404
04454405
04454406
04454407
04454408
04454409
04454410
04454411
04454412
04454413
04454414
04454415
04454416
04454417
04454418
04454419
04454420
04454421
04454422
04454423
04454424
04454425
04454426
04454427
04454428
04454429
04454430
04454431
04454432
04454433
04454434
04454435
04454436
04454437
04454438
04454439
04454440
04454441
04454442
04454443
04454444
04454445
04454446
04454447
04454448
04454449
04454450
04454451
04454452
04454453
04454454
04454455
04454456
04454457
04454458
04454459
04454460
04454461
04454462
04454463
04454464
04454465
04454466
04454467
04454468
04454469
04454470
04454471
04454472
04454473
04454474
04454475
04454476
04454477
04454478
04454479
04454480
04454481
04454482
04454483
04454484
04454485
04454486
04454487
04454488
04454489
04454490
04454491
04454492
04454493
04454494
04454495
04454496
04454497
04454498
04454499
04454500
04454501
04454502
04454503
04454504
04454505
04454506
04454507
04454508
04454509
04454510
04454511
04454512
04454513
04454514
04454515
04454516
04454517
04454518
04454519
04454520
04454521
04454522
04454523
04454524
04454525
04454526
04454527
04454528
04454529
04454530
04454531
04454532
04454533
04454534
04454535
04454536
04454537
04454538
04454539
04454540
04454541
04454542
04454543
04454544
04454545
04454546
04454547
04454548
04454549
04454550
04454551
04454552
04454553
04454554
04454555
04454556
04454557
04454558
04454559
04454560
04454561
04454562
04454563
04454564
04454565
04454566
04454567
04454568
04454569
04454570
04454571
04454572
04454573
04454574
04454575
04454576
04454577
04454578
04454579
04454580
04454581
04454582
04454583
04454584
04454585
04454586
04454587
04454588
04454589
04454590
04454591
04454592
04454593
04454594
04454595
04454596
04454597
04454598
04454599
04454600
04454601
04454602
04454603
04454604
04454605
04454606
04454607
04454608
04454609
04454610
04454611
04454612
04454613
04454614
04454615
04454616
04454617
04454618
04454619
04454620
04454621
04454622
04454623
04454624
04454625
04454626
04454627
04454628
04454629
04454630
04454631
04454632
04454633
04454634
04454635
04454636
04454637
04454638
04454639
04454640
04454641
04454642
04454643
04454644
04454645
04454646
04454647
04454648
04454649
04454650
04454651
04454652
04454653
04454654
04454655
04454656
04454657
04454658
04454659
04454660
04454661
04454662
04454663
04454664
04454665
04454666
04454667
04454668
04454669
04454670
04454671
04454672
04454673
04454674
04454675
04454676
04454677
04454678
04454679
04454680
04454681
04454682
04454683
04454684
04454685
04454686
04454687
04454688
04454689
04454690
04454691
04454692
04454693
04454694
04454695
04454696
04454697
04454698
04454699
04454700
04454701
04454702
04454703
04454704
04454705
04454706
04454707
04454708
04454709
04454710
04454711
04454712
04454713
04454714
04454715
04454716
04454717
04454718
04454719
04454720
04454721
04454722
04454723
04454724
04454725
04454726
04454727
04454728
04454729
04454730
04454731
04454732
04454733
04454734
04454735
04454736
04454737
04454738
04454739
04454740
04454741
04454742
04454743
04454744
04454745
04454746
04454747
04454748
04454749
04454750
04454751
04454752
04454753
04454754
04454755
04454756
04454757
04454758
04454759
04454760
04454761
04454762
04454763
04454764
04454765
04454766
04454767
04454768
04454769
04454770
04454771
04454772
04454773
04454774
04454775
04454776
04454777
04454778
04454779
04454780
04454781
04454782
04454783
04454784
04454785
04454786
04454787
04454788
04454789
04454790
04454791
04454792
04454793
04454794
04454795
04454796
04454797
04454798
04454799
04454800
04454801
04454802
04454803
04454804
04454805
04454806
04454807
04454808
04454809
04454810
04454811
04454812
04454813
04454814
04454815
04454816
04454817
04454818
04454819
04454820
04454821
04454822
04454823
04454824
04454825
04454826
04454827
04454828
04454829
04454830
04454831
04454832
04454833
04454834
04454835
04454836
04454837
04454838
04454839
04454840
04454841
04454842
04454843
04454844
04454845
04454846
04454847
04454848
04454849
04454850
04454851
04454852
04454853
04454854
04454855
04454856
04454857
04454858
04454859
04454860
04454861
04454862
04454863
04454864
04454865
04454866
04454867
04454868
04454869
04454870
04454871
04454872
04454873
04454874
04454875
04454876
04454877
04454878
04454879
04454880
04454881
04454882
04454883
04454884
04454885
04454886
04454887
04454888
04454889
04454890
04454891
04454892
04454893
04454894
04454895
04454896
04454897
04454898
04454899
04454900
04454901
04454902
04454903
04454904
04454905
04454906
04454907
04454908
04454909
04454910
04454911
04454912
04454913
04454914
04454915
04454916
04454917
04454918
04454919
04454920
04454921
04454922
04454923
04454924
04454925
04454926
04454927
04454928
04454929
04454930
04454931
04454932
04454933
04454934
04454935
04454936
04454937
04454938
04454939
04454940
04454941
04454942
04454943
04454944
04454945
04454946
04454947
04454948
04454949
04454950
04454951
04454952
04454953
04454954
04454955
04454956
04454957
04454958
04454959
04454960
04454961
04454962
04454963
04454964
04454965
04454966
04454967
04454968
04454969
04454970
04454971
04454972
04454973
04454974
04454975
04454976
04454977
04454978
04454979
04454980
04454981
04454982
04454983
04454984
04454985
04454986
04454987
04454988
04454989
04454990
04454991
04454992
04454993
04454994
04454995
04454996
04454997
04454998
04454999
04455000
04455001
04455002
04455003
04455004
04455005
04455006
04455007
04455008
04455009
04455010
04455011
04455012
04455013
04455014
04455015
04455016
04455017
04455018
04455019
04455020
04455021
04455022
04455023
04455024
04455025
04455026
04455027
04455028
04455029
04455030
04455031
04455032
04455033
04455034
04455035
04455036
04455037
04455038
04455039
04455040
04455041
04455042
04455043
04455044
04455045
04455046
04455047
04455048
04455049
04455050
04455051
04455052
04455053
04455054
04455055
04455056
04455057
04455058
04455059
04455060
04455061
04455062
04455063
04455064
04455065
04455066
04455067
04455068
04455069
04455070
04455071
04455072
04455073
04455074
04455075
04455076
04455077
04455078
04455079
04455080
04455081
04455082
04455083
04455084
04455085
04455086
04455087
04455088
04455089
04455090
04455091
04455092
04455093
04455094
04455095
04455096
04455097
04455098
04455099
04455100
04455101
04455102
04455103
04455104
04455105
04455106
04455107
04455108
04455109
04455110
04455111
04455112
04455113
04455114
04455115
04455116
04455117
04455118
04455119
04455120
04455121
04455122
04455123
04455124
04455125
04455126
04455127
04455128
04455129
04455130
04455131
04455132
04455133
04455134
04455135
04455136
04455137
04455138
04455139
04455140
04455141
04455142
04455143
04455144
04455145
04455146
04455147
04455148
04455149
04455150
04455151
04455152
04455153
04455154
04455155
04455156
04455157
04455158
04455159
04455160
04455161
04455162
04455163
04455164
04455165
04455166
04455167
04455168
04455169
04455170
04455171
04455172
04455173
04455174
04455175
04455176
04455177
04455178
04455179
04455180
04455181
04455182
04455183
04455184
04455185
04455186
04455187
04455188
04455189
04455190
04455191
04455192
04455193
04455194
04455195
04455196
04455197
04455198
04455199
04455200
04455201
04455202
04455203
04455204
04455205
04455206
04455207
04455208
04455209
04455210
04455211
04455212
04455213
04455214
04455215
04455216
04455217
04455218
04455219
04455220
04455221
04455222
04455223
04455224
04455225
04455226
04455227
04455228
04455229
04455230
04455231
04455232
04455233
04455234
04455235
04455236
04455237
04455238
04455239
04455240
04455241
04455242
04455243
04455244
04455245
04455246
04455247
04455248
04455249
04455250
04455251
04455252
04455253
04455254
04455255
04455256
04455257
04455258
04455259
04455260
04455261
04455262
04455263
04455264
04455265
04455266
04455267
04455268
04455269
04455270
04455271
04455272
04455273
04455274
04455275
04455276
04455277
04455278
04455279
04455280
04455281
04455282
04455283
04455284
04455285
04455286
04455287
04455288
04455289
04455290
04455291
04455292
04455293
04455294
04455295
04455296
04455297
04455298
04455299
04455300
04455301
04455302
04455303
04455304
04455305
04455306
04455307
04455308
04455309
04455310
04455311
04455312
04455313
04455314
04455315
04455316
04455317
04455318
04455319
04455320
04455321
04455322
04455323
04455324
04455325
04455326
04455327
04455328
04455329
04455330
04455331
04455332
04455333
04455334
04455335
04455336
04455337
04455338
04455339
04455340
04455341
04455342
04455343
04455344
04455345
04455346
04455347
04455348
04455349
04455350
04455351
04455352
04455353
04455354
04455355
04455356
04455357
04455358
04455359
04455360
04455361
04455362
04455363
04455364
04455365
04455366
04455367
04455368
04455369
04455370
04455371
04455372
04455373
04455374
04455375
04455376
04455377
04455378
04455379
04455380
04455381
04455382
04455383
04455384
04455385
04455386
04455387
04455388
04455389
04455390
04455391
04455392
04455393
04455394
04455395
04455396
04455397
04455398
04455399
04455400
04455401
04455402
04455403
04455404
04455405
04455406
04455407
04455408
04455409
04455410
04455411
04455412
04455413
04455414
04455415
04455416
04455417
04455418
04455419
04455420
04455421
04455422
04455423
04455424
04455425
04455426
04455427
04455428
04455429
04455430
04455431
04455432
04455433
04455434
04455435
04455436
04455437
04455438
04455439
04455440
04455441
04455442
04455443
04455444
04455445
04455446
04455447
04455448
04455449
04455450
04455451
04455452
04455453
04455454
04455455
04455456
04455457
04455458
04455459
04455460
04455461
04455462
04455463
04455464
04455465
04455466
04455467
04455468
04455469
04455470
04455471
04455472
04455473
04455474
04455475
04455476
04455477
04455478
04455479
04455480
04455481
04455482
04455483
04455484
04455485
04455486
04455487
04455488
04455489
04455490
04455491
04455492
04455493
04455494
04455495
04455496
04455497
04455498
04455499
04455500
04455501
04455502
04455503
04455504
04455505
04455506
04455507
04455508
04455509
04455510
04455511
04455512
04455513
04455514
04455515
04455516
04455517
04455518
04455519
04455520
04455521
04455522
04455523
04455524
04455525
04455526
04455527
04455528
04455529
04455530
04455531
04455532
04455533
04455534
04455535
04455536
04455537
04455538
04455539
04455540
04455541
04455542
04455543
04455544
04455545
04455546
04455547
04455548
04455549
04455550
04455551
04455552
04455553
04455554
04455555
04455556
04455557
04455558
04455559
04455560
04455561
04455562
04455563
04455564
04455565
04455566
04455567
04455568
04455569
04455570
04455571
04455572
04455573
04455574
04455575
04455576
04455577
04455578
04455579
04455580
04455581
04455582
04455583
04455584
04455585
04455586
04455587
04455588
04455589
04455590
04455591
04455592
04455593
04455594
04455595
04455596
04455597
04455598
04455599
04455600
04455601
04455602
04455603
04455604
04455605
04455606
04455607
04455608
04455609
04455610
04455611
04455612
04455613
04455614
04455615
04455616
04455617
04455618
04455619
04455620
04455621
04455622
04455623
04455624
04455625
04455626
04455627
04455628
04455629
04455630
04455631
04455632
04455633
04455634
04455635
04455636
04455637
04455638
04455639
04455640
04455641
04455642
04455643
04455644
04455645
04455646
04455647
04455648
04455649
04455650
04455651
04455652
04455653
04455654
04455655
04455656
04455657
04455658
04455659
04455660
04455661
04455662
04455663
04455664
04455665
04455666
04455667
04455668
04455669
04455670
04455671
04455672
04455673
04455674
04455675
04455676
04455677
04455678
04455679
04455680
04455681
04455682
04455683
04455684
04455685
04455686
04455687
04455688
04455689
04455690
04455691
04455692
04455693
04455694
04455695
04455696
04455697
04455698
04455699
04455700
04455701
04455702
04455703
04455704
04455705
04455706
04455707
04455708
04455709
04455710
04455711
04455712
04455713
04455714
04455715
04455716
04455717
04455718
04455719
04455720
04455721
04455722
04455723
04455724
04455725
04455726
04455727
04455728
04455729
04455730
04455731
04455732
04455733
04455734
04455735
04455736
04455737
04455738
04455739
04455740
04455741
04455742
04455743
04455744
04455745
04455746
04455747
04455748
04455749
04455750
04455751
04455752
04455753
04455754
04455755
04455756
04455757
04455758
04455759
04455760
04455761
04455762
04455763
04455764
04455765
04455766
04455767
04455768
04455769
04455770
04455771
04455772
04455773
04455774
04455775
04455776
04455777
04455778
04455779
04455780
04455781
04455782
04455783
04455784
04455785
04455786
04455787
04455788
04455789
04455790
04455791
04455792
04455793
04455794
04455795
04455796
04455797
04455798
04455799
04455800
04455801
04455802
04455803
04455804
04455805
04455806
04455807
04455808
04455809
04455810
04455811
04455812
04455813
04455814
04455815
04455816
04455817
04455818
04455819
04455820
04455821
04455822
04455823
04455824
04455825
04455826
04455827
04455828
04455829
04455830
04455831
04455832
04455833
04455834
04455835
04455836
04455837
04455838
04455839
04455840
04455841
04455842
04455843
04455844
04455845
04455846
04455847
04455848
04455849
04455850
04455851
04455852
04455853
04455854
04455855
04455856
04455857
04455858
04455859
04455860
04455861
04455862
04455863
04455864
04455865
04455866
04455867
04455868
04455869
04455870
04455871
04455872
04455873
04455874
04455875
04455876
04455877
04455878
04455879
04455880
04455881
04455882
04455883
04455884
04455885
04455886
04455887
04455888
04455889
04455890
04455891
04455892
04455893
04455894
04455895
04455896
04455897
04455898
04455899
04455900
04455901
04455902
04455903
04455904
04455905
04455906
04455907
04455908
04455909
04455910
04455911
04455912
04455913
04455914
04455915
04455916
04455917
04455918
04455919
04455920
04455921
04455922
04455923
04455924
04455925
04455926
04455927
04455928
04455929
04455930
04455931
04455932
04455933
04455934
04455935
04455936
04455937
04455938
04455939
04455940
04455941
04455942
04455943
04455944
04455945
04455946
04455947
04455948
04455949
04455950
04455951
04455952
04455953
04455954
04455955
04455956
04455957
04455958
04455959
04455960
04455961
04455962
04455963
04455964
04455965
04455966
04455967
04455968
04455969
04455970
04455971
04455972
04455973
04455974
04455975
04455976
04455977
04455978
04455979
04455980
04455981
04455982
04455983
04455984
04455985
04455986
04455987
04455988
04455989
04455990
04455991
04455992
04455993
04455994
04455995
04455996
04455997
04455998
04455999
04456000
04456001
04456002
04456003
04456004
04456005
04456006
04456007
04456008
04456009
04456010
04456011
04456012
04456013
04456014
04456015
04456016
04456017
04456018
04456019
04456020
04456021
04456022
04456023
04456024
04456025
04456026
04456027
04456028
04456029
04456030
04456031
04456032
04456033
04456034
04456035
04456036
04456037
04456038
04456039
04456040
04456041
04456042
04456043
04456044
04456045
04456046
04456047
04456048
04456049
04456050
04456051
04456052
04456053
04456054
04456055
04456056
04456057
04456058
04456059
04456060
04456061
04456062
04456063
04456064
04456065
04456066
04456067
04456068
04456069
04456070
04456071
04456072
04456073
04456074
04456075
04456076
04456077
04456078
04456079
04456080
04456081
04456082
04456083
04456084
04456085
04456086
04456087
04456088
04456089
04456090
04456091
04456092
04456093
04456094
04456095
04456096
04456097
04456098
04456099
04456100
04456101
04456102
04456103
04456104
04456105
04456106
04456107
04456108
04456109
04456110
04456111
04456112
04456113
04456114
04456115
04456116
04456117
04456118
04456119
04456120
04456121
04456122
04456123
04456124
04456125
04456126
04456127
04456128
04456129
04456130
04456131
04456132
04456133
04456134
04456135
04456136
04456137
04456138
04456139
04456140
04456141
04456142
04456143
04456144
04456145
04456146
04456147
04456148
04456149
04456150
04456151
04456152
04456153
04456154
04456155
04456156
04456157
04456158
04456159
04456160
04456161
04456162
04456163
04456164
04456165
04456166
04456167
04456168
04456169
04456170
04456171
04456172
04456173
04456174
04456175
04456176
04456177
04456178
04456179
04456180
04456181
04456182
04456183
04456184
04456185
04456186
04456187
04456188
04456189
04456190
04456191
04456192
04456193
04456194
04456195
04456196
04456197
04456198
04456199
04456200
04456201
04456202
04456203
04456204
04456205
04456206
04456207
04456208
04456209
04456210
04456211
04456212
04456213
04456214
04456215
04456216
04456217
04456218
04456219
04456220
04456221
04456222
04456223
04456224
04456225
04456226
04456227
04456228
04456229
04456230
04456231
04456232
04456233
04456234
04456235
04456236
04456237
04456238
04456239
04456240
04456241
04456242
04456243
04456244
04456245
04456246
04456247
04456248
04456249
04456250
04456251
04456252
04456253
04456254
04456255
04456256
04456257
04456258
04456259
04456260
04456261
04456262
04456263
04456264
04456265
04456266
04456267
04456268
04456269
04456270
04456271
04456272
04456273
04456274
04456275
04456276
04456277
04456278
04456279
04456280
04456281
04456282
04456283
04456284
04456285
04456286
04456287
04456288
04456289
04456290
04456291
04456292
04456293
04456294
04456295
04456296
04456297
04456298
04456299
04456300
04456301
04456302
04456303
04456304
04456305
04456306
04456307
04456308
04456309
04456310
04456311
04456312
04456313
04456314
04456315
04456316
04456317
04456318
04456319
04456320
04456321
04456322
04456323
04456324
04456325
04456326
04456327
04456328
04456329
04456330
04456331
04456332
04456333
04456334
04456335
04456336
04456337
04456338
04456339
04456340
04456341
04456342
04456343
04456344
04456345
04456346
04456347
04456348
04456349
04456350
04456351
04456352
04456353
04456354
04456355
04456356
04456357
04456358
04456359
04456360
04456361
04456362
04456363
04456364
04456365
04456366
04456367
04456368
04456369
04456370
04456371
04456372
04456373
04456374
04456375
04456376
04456377
04456378
04456379
04456380
04456381
04456382
04456383
04456384
04456385
04456386
04456387
04456388
04456389
04456390
04456391
04456392
04456393
04456394
04456395
04456396
04456397
04456398
04456399
04456400
04456401
04456402
04456403
04456404
04456405
04456406
04456407
04456408
04456409
04456410
04456411
04456412
04456413
04456414
04456415
04456416
04456417
04456418
04456419
04456420
04456421
04456422
04456423
04456424
04456425
04456426
04456427
04456428
04456429
04456430
04456431
04456432
04456433
04456434
04456435
04456436
04456437
04456438
04456439
04456440
04456441
04456442
04456443
04456444
04456445
04456446
04456447
04456448
04456449
04456450
04456451
04456452
04456453
04456454
04456455
04456456
04456457
04456458
04456459
04456460
04456461
04456462
04456463
04456464
04456465
04456466
04456467
04456468
04456469
04456470
04456471
04456472
04456473
04456474
04456475
04456476
04456477
04456478
04456479
04456480
04456481
04456482
04456483
04456484
04456485
04456486
04456487
04456488
04456489
04456490
04456491
04456492
04456493
04456494
04456495
04456496
04456497
04456498
04456499
04456500
04456501
04456502
04456503
04456504
04456505
04456506
04456507
04456508
04456509
04456510
04456511
04456512
04456513
04456514
04456515
04456516
04456517
04456518
04456519
04456520
04456521
04456522
04456523
04456524
04456525
04456526
04456527
04456528
04456529
04456530
04456531
04456532
04456533
04456534
04456535
04456536
04456537
04456538
04456539
04456540
04456541
04456542
04456543
04456544
04456545
04456546
04456547
04456548
04456549
04456550
04456551
04456552
04456553
04456554
04456555
04456556
04456557
04456558
04456559
04456560
04456561
04456562
04456563
04456564
04456565
04456566
04456567
04456568
04456569
04456570
04456571
04456572
04456573
04456574
04456575
04456576
04456577
04456578
04456579
04456580
04456581
04456582
04456583
04456584
04456585
04456586
04456587
04456588
04456589
04456590
04456591
04456592
04456593
04456594
04456595
04456596
04456597
04456598
04456599
04456600
04456601
04456602
04456603
04456604
04456605
04456606
04456607
04456608
04456609
04456610
04456611
04456612
04456613
04456614
04456615
04456616
04456617
04456618
04456619
04456620
04456621
04456622
04456623
04456624
04456625
04456626
04456627
04456628
04456629
04456630
04456631
04456632
04456633
04456634
04456635
04456636
04456637
04456638
04456639
04456640
04456641
04456642
04456643
04456644
04456645
04456646
04456647
04456648
04456649
04456650
04456651
04456652
04456653
04456654
04456655
04456656
04456657
04456658
04456659
04456660
04456661
04456662
04456663
04456664
04456665
04456666
04456667
04456668
04456669
04456670
04456671
04456672
04456673
04456674
04456675
04456676
04456677
04456678
04456679
04456680
04456681
04456682
04456683
04456684
04456685
04456686
04456687
04456688
04456689
04456690
04456691
04456692
04456693
04456694
04456695
04456696
04456697
04456698
04456699
04456700
04456701
04456702
04456703
04456704
04456705
04456706
04456707
04456708
04456709
04456710
04456711
04456712
04456713
04456714
04456715
04456716
04456717
04456718
04456719
04456720
04456721
04456722
04456723
04456724
04456725
04456726
04456727
04456728
04456729
04456730
04456731
04456732
04456733
04456734
04456735
04456736
04456737
04456738
04456739
04456740
04456741
04456742
04456743
04456744
04456745
04456746
04456747
04456748
04456749
04456750
04456751
04456752
04456753
04456754
04456755
04456756
04456757
04456758
04456759
04456760
04456761
04456762
04456763
04456764
04456765
04456766
04456767
04456768
04456769
04456770
04456771
04456772
04456773
04456774
04456775
04456776
04456777
04456778
04456779
04456780
04456781
04456782
04456783
04456784
04456785
04456786
04456787
04456788
04456789
04456790
04456791
04456792
04456793
04456794
04456795
04456796
04456797
04456798
04456799
04456800
04456801
04456802
04456803
04456804
04456805
04456806
04456807
04456808
04456809
04456810
04456811
04456812
04456813
04456814
04456815
04456816
04456817
04456818
04456819
04456820
04456821
04456822
04456823
04456824
04456825
04456826
04456827
04456828
04456829
04456830
04456831
04456832
04456833
04456834
04456835
04456836
04456837
04456838
04456839
04456840
04456841
04456842
04456843
04456844
04456845
04456846
04456847
04456848
04456849
04456850
04456851
04456852
04456853
04456854
04456855
04456856
04456857
04456858
04456859
04456860
04456861
04456862
04456863
04456864
04456865
04456866
04456867
04456868
04456869
04456870
04456871
04456872
04456873
04456874
04456875
04456876
04456877
04456878
04456879
04456880
04456881
04456882
04456883
04456884
04456885
04456886
04456887
04456888
04456889
04456890
04456891
04456892
04456893
04456894
04456895
04456896
04456897
04456898
04456899
04456900
04456901
04456902
04456903
04456904
04456905
04456906
04456907
04456908
04456909
04456910
04456911
04456912
04456913
04456914
04456915
04456916
04456917
04456918
04456919
04456920
04456921
04456922
04456923
04456924
04456925
04456926
04456927
04456928
04456929
04456930
04456931
04456932
04456933
04456934
04456935
04456936
04456937
04456938
04456939
04456940
04456941
04456942
04456943
04456944
04456945
04456946
04456947
04456948
04456949
04456950
04456951
04456952
04456953
04456954
04456955
04456956
04456957
04456958
04456959
04456960
04456961
04456962
04456963
04456964
04456965
04456966
04456967
04456968
04456969
04456970
04456971
04456972
04456973
04456974
04456975
04456976
04456977
04456978
04456979
04456980
04456981
04456982
04456983
04456984
04456985
04456986
04456987
04456988
04456989
04456990
04456991
04456992
04456993
04456994
04456995
04456996
04456997
04456998
04456999
04457000
04457001
04457002
04457003
04457004
04457005
04457006
04457007
04457008
04457009
04457010
04457011
04457012
04457013
04457014
04457015
04457016
04457017
04457018
04457019
04457020
04457021
04457022
04457023
04457024
04457025
04457026
04457027
04457028
04457029
04457030
04457031
04457032
04457033
04457034
04457035
04457036
04457037
04457038
04457039
04457040
04457041
04457042
04457043
04457044
04457045
04457046
04457047
04457048
04457049
04457050
04457051
04457052
04457053
04457054
04457055
04457056
04457057
04457058
04457059
04457060
04457061
04457062
04457063
04457064
04457065
04457066
04457067
04457068
04457069
04457070
04457071
04457072
04457073
04457074
04457075
04457076
04457077
04457078
04457079
04457080
04457081
04457082
04457083
04457084
04457085
04457086
04457087
04457088
04457089
04457090
04457091
04457092
04457093
04457094
04457095
04457096
04457097
04457098
04457099
04457100
04457101
04457102
04457103
04457104
04457105
04457106
04457107
04457108
04457109
04457110
04457111
04457112
04457113
04457114
04457115
04457116
04457117
04457118
04457119
04457120
04457121
04457122
04457123
04457124
04457125
04457126
04457127
04457128
04457129
04457130
04457131
04457132
04457133
04457134
04457135
04457136
04457137
04457138
04457139
04457140
04457141
04457142
04457143
04457144
04457145
04457146
04457147
04457148
04457149
04457150
04457151
04457152
04457153
04457154
04457155
04457156
04457157
04457158
04457159
04457160
04457161
04457162
04457163
04457164
04457165
04457166
04457167
04457168
04457169
04457170
04457171
04457172
04457173
04457174
04457175
04457176
04457177
04457178
04457179
04457180
04457181
04457182
04457183
04457184
04457185
04457186
04457187
04457188
04457189
04457190
04457191
04457192
04457193
04457194
04457195
04457196
04457197
04457198
04457199
04457200
04457201
04457202
04457203
04457204
04457205
04457206
04457207
04457208
04457209
04457210
04457211
04457212
04457213
04457214
04457215
04457216
04457217
04457218
04457219
04457220
04457221
04457222
04457223
04457224
04457225
04457226
04457227
04457228
04457229
04457230
04457231
04457232
04457233
04457234
04457235
04457236
04457237
04457238
04457239
04457240
04457241
04457242
04457243
04457244
04457245
04457246
04457247
04457248
04457249
04457250
04457251
04457252
04457253
04457254
04457255
04457256
04457257
04457258
04457259
04457260
04457261
04457262
04457263
04457264
04457265
04457266
04457267
04457268
04457269
04457270
04457271
04457272
04457273
04457274
04457275
04457276
04457277
04457278
04457279
04457280
04457281
04457282
04457283
04457284
04457285
04457286
04457287
04457288
04457289
04457290
04457291
04457292
04457293
04457294
04457295
04457296
04457297
04457298
04457299
04457300
04457301
04457302
04457303
04457304
04457305
04457306
04457307
04457308
04457309
04457310
04457311
04457312
04457313
04457314
04457315
04457316
04457317
04457318
04457319
04457320
04457321
04457322
04457323
04457324
04457325
04457326
04457327
04457328
04457329
04457330
04457331
04457332
04457333
04457334
04457335
04457336
04457337
04457338
04457339
04457340
04457341
04457342
04457343
04457344
04457345
04457346
04457347
04457348
04457349
04457350
04457351
04457352
04457353
04457354
04457355
04457356
04457357
04457358
04457359
04457360
04457361
04457362
04457363
04457364
04457365
04457366
04457367
04457368
04457369
04457370
04457371
04457372
04457373
04457374
04457375
04457376
04457377
04457378
04457379
04457380
04457381
04457382
04457383
04457384
04457385
04457386
04457387
04457388
04457389
04457390
04457391
04457392
04457393
04457394
04457395
04457396
04457397
04457398
04457399
04457400
04457401
04457402
04457403
04457404
04457405
04457406
04457407
04457408
04457409
04457410
04457411
04457412
04457413
04457414
04457415
04457416
04457417
04457418
04457419
04457420
04457421
04457422
04457423
04457424
04457425
04457426
04457427
04457428
04457429
04457430
04457431
04457432
04457433
04457434
04457435
04457436
04457437
04457438
04457439
04457440
04457441
04457442
04457443
04457444
04457445
04457446
04457447
04457448
04457449
04457450
04457451
04457452
04457453
04457454
04457455
04457456
04457457
04457458
04457459
04457460
04457461
04457462
04457463
04457464
04457465
04457466
04457467
04457468
04457469
04457470
04457471
04457472
04457473
04457474
04457475
04457476
04457477
04457478
04457479
04457480
04457481
04457482
04457483
04457484
04457485
04457486
04457487
04457488
04457489
04457490
04457491
04457492
04457493
04457494
04457495
04457496
04457497
04457498
04457499
04457500
04457501
04457502
04457503
04457504
04457505
04457506
04457507
04457508
04457509
04457510
04457511
04457512
04457513
04457514
04457515
04457516
04457517
04457518
04457519
04457520
04457521
04457522
04457523
04457524
04457525
04457526
04457527
04457528
04457529
04457530
04457531
04457532
04457533
04457534
04457535
04457536
04457537
04457538
04457539
04457540
04457541
04457542
04457543
04457544
04457545
04457546
04457547
04457548
04457549
04457550
04457551
04457552
04457553
04457554
04457555
04457556
04457557
04457558
04457559
04457560
04457561
04457562
04457563
04457564
04457565
04457566
04457567
04457568
04457569
04457570
04457571
04457572
04457573
04457574
04457575
04457576
04457577
04457578
04457579
04457580
04457581
04457582
04457583
04457584
04457585
04457586
04457587
04457588
04457589
04457590
04457591
04457592
04457593
04457594
04457595
04457596
04457597
04457598
04457599
04457600
04457601
04457602
04457603
04457604
04457605
04457606
04457607
04457608
04457609
04457610
04457611
04457612
04457613
04457614
04457615
04457616
04457617
04457618
04457619
04457620
04457621
04457622
04457623
04457624
04457625
04457626
04457627
04457628
04457629
04457630
04457631
04457632
04457633
04457634
04457635
04457636
04457637
04457638
04457639
04457640
04457641
04457642
04457643
04457644
04457645
04457646
04457647
04457648
04457649
04457650
04457651
04457652
04457653
04457654
04457655
04457656
04457657
04457658
04457659
04457660
04457661
04457662
04457663
04457664
04457665
04457666
04457667
04457668
04457669
04457670
04457671
04457672
04457673
04457674
04457675
04457676
04457677
04457678
04457679
04457680
04457681
04457682
04457683
04457684
04457685
04457686
04457687
04457688
04457689
04457690
04457691
04457692
04457693
04457694
04457695
04457696
04457697
04457698
04457699
04457700
04457701
04457702
04457703
04457704
04457705
04457706
04457707
04457708
04457709
04457710
04457711
04457712
04457713
04457714
04457715
04457716
04457717
04457718
04457719
04457720
04457721
04457722
04457723
04457724
04457725
04457726
04457727
04457728
04457729
04457730
04457731
04457732
04457733
04457734
04457735
04457736
04457737
04457738
04457739
04457740
04457741
04457742
04457743
04457744
04457745
04457746
04457747
04457748
04457749
04457750
04457751
04457752
04457753
04457754
04457755
04457756
04457757
04457758
04457759
04457760
04457761
04457762
04457763
04457764
04457765
04457766
04457767
04457768
04457769
04457770
04457771
04457772
04457773
04457774
04457775
04457776
04457777
04457778
04457779
04457780
04457781
04457782
04457783
04457784
04457785
04457786
04457787
04457788
04457789
04457790
04457791
04457792
04457793
04457794
04457795
04457796
04457797
04457798
04457799
04457800
04457801
04457802
04457803
04457804
04457805
04457806
04457807
04457808
04457809
04457810
04457811
04457812
04457813
04457814
04457815
04457816
04457817
04457818
04457819
04457820
04457821
04457822
04457823
04457824
04457825
04457826
04457827
04457828
04457829
04457830
04457831
04457832
04457833
04457834
04457835
04457836
04457837
04457838
04457839
04457840
04457841
04457842
04457843
04457844
04457845
04457846
04457847
04457848
04457849
04457850
04457851
04457852
04457853
04457854
04457855
04457856
04457857
04457858
04457859
04457860
04457861
04457862
04457863
04457864
04457865
04457866
04457867
04457868
04457869
04457870
04457871
04457872
04457873
04457874
04457875
04457876
04457877
04457878
04457879
04457880
04457881
04457882
04457883
04457884
04457885
04457886
04457887
04457888
04457889
04457890
04457891
04457892
04457893
04457894
04457895
04457896
04457897
04457898
04457899
04457900
04457901
04457902
04457903
04457904
04457905
04457906
04457907
04457908
04457909
04457910
04457911
04457912
04457913
04457914
04457915
04457916
04457917
04457918
04457919
04457920
04457921
04457922
04457923
04457924
04457925
04457926
04457927
04457928
04457929
04457930
04457931
04457932
04457933
04457934
04457935
04457936
04457937
04457938
04457939
04457940
04457941
04457942
04457943
04457944
04457945
04457946
04457947
04457948
04457949
04457950
04457951
04457952
04457953
04457954
04457955
04457956
04457957
04457958
04457959
04457960
04457961
04457962
04457963
04457964
04457965
04457966
04457967
04457968
04457969
04457970
04457971
04457972
04457973
04457974
04457975
04457976
04457977
04457978
04457979
04457980
04457981
04457982
04457983
04457984
04457985
04457986
04457987
04457988
04457989
04457990
04457991
04457992
04457993
04457994
04457995
04457996
04457997
04457998
04457999
04458000
04458001
04458002
04458003
04458004
04458005
04458006
04458007
04458008
04458009
04458010
04458011
04458012
04458013
04458014
04458015
04458016
04458017
04458018
04458019
04458020
04458021
04458022
04458023
04458024
04458025
04458026
04458027
04458028
04458029
04458030
04458031
04458032
04458033
04458034
04458035
04458036
04458037
04458038
04458039
04458040
04458041
04458042
04458043
04458044
04458045
04458046
04458047
04458048
04458049
04458050
04458051
04458052
04458053
04458054
04458055
04458056
04458057
04458058
04458059
04458060
04458061
04458062
04458063
04458064
04458065
04458066
04458067
04458068
04458069
04458070
04458071
04458072
04458073
04458074
04458075
04458076
04458077
04458078
04458079
04458080
04458081
04458082
04458083
04458084
04458085
04458086
04458087
04458088
04458089
04458090
04458091
04458092
04458093
04458094
04458095
04458096
04458097
04458098
04458099
04458100
04458101
04458102
04458103
04458104
04458105
04458106
04458107
04458108
04458109
04458110
04458111
04458112
04458113
04458114
04458115
04458116
04458117
04458118
04458119
04458120
04458121
04458122
04458123
04458124
04458125
04458126
04458127
04458128
04458129
04458130
04458131
04458132
04458133
04458134
04458135
04458136
04458137
04458138
04458139
04458140
04458141
04458142
04458143
04458144
04458145
04458146
04458147
04458148
04458149
04458150
04458151
04458152
04458153
04458154
04458155
04458156
04458157
04458158
04458159
04458160
04458161
04458162
04458163
04458164
04458165
04458166
04458167
04458168
04458169
04458170
04458171
04458172
04458173
04458174
04458175
04458176
04458177
04458178
04458179
04458180
04458181
04458182
04458183
04458184
04458185
04458186
04458187
04458188
04458189
04458190
04458191
04458192
04458193
04458194
04458195
04458196
04458197
04458198
04458199
04458200
04458201
04458202
04458203
04458204
04458205
04458206
04458207
04458208
04458209
04458210
04458211
04458212
04458213
04458214
04458215
04458216
04458217
04458218
04458219
04458220
04458221
04458222
04458223
04458224
04458225
04458226
04458227
04458228
04458229
04458230
04458231
04458232
04458233
04458234
04458235
04458236
04458237
04458238
04458239
04458240
04458241
04458242
04458243
04458244
04458245
04458246
04458247
04458248
04458249
04458250
04458251
04458252
04458253
04458254
04458255
04458256
04458257
04458258
04458259
04458260
04458261
04458262
04458263
04458264
04458265
04458266
04458267
04458268
04458269
04458270
04458271
04458272
04458273
04458274
04458275
04458276
04458277
04458278
04458279
04458280
04458281
04458282
04458283
04458284
04458285
04458286
04458287
04458288
04458289
04458290
04458291
04458292
04458293
04458294
04458295
04458296
04458297
04458298
04458299
04458300
04458301
04458302
04458303
04458304
04458305
04458306
04458307
04458308
04458309
04458310
04458311
04458312
04458313
04458314
04458315
04458316
04458317
04458318
04458319
04458320
04458321
04458322
04458323
04458324
04458325
04458326
04458327
04458328
04458329
04458330
04458331
04458332
04458333
04458334
04458335
04458336
04458337
04458338
04458339
04458340
04458341
04458342
04458343
04458344
04458345
04458346
04458347
04458348
04458349
04458350
04458351
04458352
04458353
04458354
04458355
04458356
04458357
04458358
04458359
04458360
04458361
04458362
04458363
04458364
04458365
04458366
04458367
04458368
04458369
04458370
04458371
04458372
04458373
04458374
04458375
04458376
04458377
04458378
04458379
04458380
04458381
04458382
04458383
04458384
04458385
04458386
04458387
04458388
04458389
04458390
04458391
04458392
04458393
04458394
04458395
04458396
04458397
04458398
04458399
04458400
04458401
04458402
04458403
04458404
04458405
04458406
04458407
04458408
04458409
04458410
04458411
04458412
04458413
04458414
04458415
04458416
04458417
04458418
04458419
04458420
04458421
04458422
04458423
04458424
04458425
04458426
04458427
04458428
04458429
04458430
04458431
04458432
04458433
04458434
04458435
04458436
04458437
04458438
04458439
04458440
04458441
04458442
04458443
04458444
04458445
04458446
04458447
04458448
04458449
04458450
04458451
04458452
04458453
04458454
04458455
04458456
04458457
04458458
04458459
04458460
04458461
04458462
04458463
04458464
04458465
04458466
04458467
04458468
04458469
04458470
04458471
04458472
04458473
04458474
04458475
04458476
04458477
04458478
04458479
04458480
04458481
04458482
04458483
04458484
04458485
04458486
04458487
04458488
04458489
04458490
04458491
04458492
04458493
04458494
04458495
04458496
04458497
04458498
04458499
04458500
04458501
04458502
04458503
04458504
04458505
04458506
04458507
04458508
04458509
04458510
04458511
04458512
04458513
04458514
04458515
04458516
04458517
04458518
04458519
04458520
04458521
04458522
04458523
04458524
04458525
04458526
04458527
04458528
04458529
04458530
04458531
04458532
04458533
04458534
04458535
04458536
04458537
04458538
04458539
04458540
04458541
04458542
04458543
04458544
04458545
04458546
04458547
04458548
04458549
04458550
04458551
04458552
04458553
04458554
04458555
04458556
04458557
04458558
04458559
04458560
04458561
04458562
04458563
04458564
04458565
04458566
04458567
04458568
04458569
04458570
04458571
04458572
04458573
04458574
04458575
04458576
04458577
04458578
04458579
04458580
04458581
04458582
04458583
04458584
04458585
04458586
04458587
04458588
04458589
04458590
04458591
04458592
04458593
04458594
04458595
04458596
04458597
04458598
04458599
04458600
04458601
04458602
04458603
04458604
04458605
04458606
04458607
04458608
04458609
04458610
04458611
04458612
04458613
04458614
04458615
04458616
04458617
04458618
04458619
04458620
04458621
04458622
04458623
04458624
04458625
04458626
04458627
04458628
04458629
04458630
04458631
04458632
04458633
04458634
04458635
04458636
04458637
04458638
04458639
04458640
04458641
04458642
04458643
04458644
04458645
04458646
04458647
04458648
04458649
04458650
04458651
04458652
04458653
04458654
04458655
04458656
04458657
04458658
04458659
04458660
04458661
04458662
04458663
04458664
04458665
04458666
04458667
04458668
04458669
04458670
04458671
04458672
04458673
04458674
04458675
04458676
04458677
04458678
04458679
04458680
04458681
04458682
04458683
04458684
04458685
04458686
04458687
04458688
04458689
04458690
04458691
04458692
04458693
04458694
04458695
04458696
04458697
04458698
04458699
04458700
04458701
04458702
04458703
04458704
04458705
04458706
04458707
04458708
04458709
04458710
04458711
04458712
04458713
04458714
04458715
04458716
04458717
04458718
04458719
04458720
04458721
04458722
04458723
04458724
04458725
04458726
04458727
04458728
04458729
04458730
04458731
04458732
04458733
04458734
04458735
04458736
04458737
04458738
04458739
04458740
04458741
04458742
04458743
04458744
04458745
04458746
04458747
04458748
04458749
04458750
04458751
04458752
04458753
04458754
04458755
04458756
04458757
04458758
04458759
04458760
04458761
04458762
04458763
04458764
04458765
04458766
04458767
04458768
04458769
04458770
04458771
04458772
04458773
04458774
04458775
04458776
04458777
04458778
04458779
04458780
04458781
04458782
04458783
04458784
04458785
04458786
04458787
04458788
04458789
04458790
04458791
04458792
04458793
04458794
04458795
04458796
04458797
04458798
04458799
04458800
04458801
04458802
04458803
04458804
04458805
04458806
04458807
04458808
04458809
04458810
04458811
04458812
04458813
04458814
04458815
04458816
04458817
04458818
04458819
04458820
04458821
04458822
04458823
04458824
04458825
04458826
04458827
04458828
04458829
04458830
04458831
04458832
04458833
04458834
04458835
04458836
04458837
04458838
04458839
04458840
04458841
04458842
04458843
04458844
04458845
04458846
04458847
04458848
04458849
04458850
04458851
04458852
04458853
04458854
04458855
04458856
04458857
04458858
04458859
04458860
04458861
04458862
04458863
04458864
04458865
04458866
04458867
04458868
04458869
04458870
04458871
04458872
04458873
04458874
04458875
04458876
04458877
04458878
04458879
04458880
04458881
04458882
04458883
04458884
04458885
04458886
04458887
04458888
04458889
