08508890
08508891
08508892
08508893
08508894
08508895
08508896
08508897
08508898
08508899
08508900
08508901
08508902
08508903
08508904
08508905
08508906
08508907
08508908
08508909
08508910
08508911
08508912
08508913
08508914
08508915
08508916
08508917
08508918
08508919
08508920
08508921
08508922
08508923
08508924
08508925
08508926
08508927
08508928
08508929
08508930
08508931
08508932
08508933
08508934
08508935
08508936
08508937
08508938
08508939
08508940
08508941
08508942
08508943
08508944
08508945
08508946
08508947
08508948
08508949
08508950
08508951
08508952
08508953
08508954
08508955
08508956
08508957
08508958
08508959
08508960
08508961
08508962
08508963
08508964
08508965
08508966
08508967
08508968
08508969
08508970
08508971
08508972
08508973
08508974
08508975
08508976
08508977
08508978
08508979
08508980
08508981
08508982
08508983
08508984
08508985
08508986
08508987
08508988
08508989
08508990
08508991
08508992
08508993
08508994
08508995
08508996
08508997
08508998
08508999
08509000
08509001
08509002
08509003
08509004
08509005
08509006
08509007
08509008
08509009
08509010
08509011
08509012
08509013
08509014
08509015
08509016
08509017
08509018
08509019
08509020
08509021
08509022
08509023
08509024
08509025
08509026
08509027
08509028
08509029
08509030
08509031
08509032
08509033
08509034
08509035
08509036
08509037
08509038
08509039
08509040
08509041
08509042
08509043
08509044
08509045
08509046
08509047
08509048
08509049
08509050
08509051
08509052
08509053
08509054
08509055
08509056
08509057
08509058
08509059
08509060
08509061
08509062
08509063
08509064
08509065
08509066
08509067
08509068
08509069
08509070
08509071
08509072
08509073
08509074
08509075
08509076
08509077
08509078
08509079
08509080
08509081
08509082
08509083
08509084
08509085
08509086
08509087
08509088
08509089
08509090
08509091
08509092
08509093
08509094
08509095
08509096
08509097
08509098
08509099
08509100
08509101
08509102
08509103
08509104
08509105
08509106
08509107
08509108
08509109
08509110
08509111
08509112
08509113
08509114
08509115
08509116
08509117
08509118
08509119
08509120
08509121
08509122
08509123
08509124
08509125
08509126
08509127
08509128
08509129
08509130
08509131
08509132
08509133
08509134
08509135
08509136
08509137
08509138
08509139
08509140
08509141
08509142
08509143
08509144
08509145
08509146
08509147
08509148
08509149
08509150
08509151
08509152
08509153
08509154
08509155
08509156
08509157
08509158
08509159
08509160
08509161
08509162
08509163
08509164
08509165
08509166
08509167
08509168
08509169
08509170
08509171
08509172
08509173
08509174
08509175
08509176
08509177
08509178
08509179
08509180
08509181
08509182
08509183
08509184
08509185
08509186
08509187
08509188
08509189
08509190
08509191
08509192
08509193
08509194
08509195
08509196
08509197
08509198
08509199
08509200
08509201
08509202
08509203
08509204
08509205
08509206
08509207
08509208
08509209
08509210
08509211
08509212
08509213
08509214
08509215
08509216
08509217
08509218
08509219
08509220
08509221
08509222
08509223
08509224
08509225
08509226
08509227
08509228
08509229
08509230
08509231
08509232
08509233
08509234
08509235
08509236
08509237
08509238
08509239
08509240
08509241
08509242
08509243
08509244
08509245
08509246
08509247
08509248
08509249
08509250
08509251
08509252
08509253
08509254
08509255
08509256
08509257
08509258
08509259
08509260
08509261
08509262
08509263
08509264
08509265
08509266
08509267
08509268
08509269
08509270
08509271
08509272
08509273
08509274
08509275
08509276
08509277
08509278
08509279
08509280
08509281
08509282
08509283
08509284
08509285
08509286
08509287
08509288
08509289
08509290
08509291
08509292
08509293
08509294
08509295
08509296
08509297
08509298
08509299
08509300
08509301
08509302
08509303
08509304
08509305
08509306
08509307
08509308
08509309
08509310
08509311
08509312
08509313
08509314
08509315
08509316
08509317
08509318
08509319
08509320
08509321
08509322
08509323
08509324
08509325
08509326
08509327
08509328
08509329
08509330
08509331
08509332
08509333
08509334
08509335
08509336
08509337
08509338
08509339
08509340
08509341
08509342
08509343
08509344
08509345
08509346
08509347
08509348
08509349
08509350
08509351
08509352
08509353
08509354
08509355
08509356
08509357
08509358
08509359
08509360
08509361
08509362
08509363
08509364
08509365
08509366
08509367
08509368
08509369
08509370
08509371
08509372
08509373
08509374
08509375
08509376
08509377
08509378
08509379
08509380
08509381
08509382
08509383
08509384
08509385
08509386
08509387
08509388
08509389
08509390
08509391
08509392
08509393
08509394
08509395
08509396
08509397
08509398
08509399
08509400
08509401
08509402
08509403
08509404
08509405
08509406
08509407
08509408
08509409
08509410
08509411
08509412
08509413
08509414
08509415
08509416
08509417
08509418
08509419
08509420
08509421
08509422
08509423
08509424
08509425
08509426
08509427
08509428
08509429
08509430
08509431
08509432
08509433
08509434
08509435
08509436
08509437
08509438
08509439
08509440
08509441
08509442
08509443
08509444
08509445
08509446
08509447
08509448
08509449
08509450
08509451
08509452
08509453
08509454
08509455
08509456
08509457
08509458
08509459
08509460
08509461
08509462
08509463
08509464
08509465
08509466
08509467
08509468
08509469
08509470
08509471
08509472
08509473
08509474
08509475
08509476
08509477
08509478
08509479
08509480
08509481
08509482
08509483
08509484
08509485
08509486
08509487
08509488
08509489
08509490
08509491
08509492
08509493
08509494
08509495
08509496
08509497
08509498
08509499
08509500
08509501
08509502
08509503
08509504
08509505
08509506
08509507
08509508
08509509
08509510
08509511
08509512
08509513
08509514
08509515
08509516
08509517
08509518
08509519
08509520
08509521
08509522
08509523
08509524
08509525
08509526
08509527
08509528
08509529
08509530
08509531
08509532
08509533
08509534
08509535
08509536
08509537
08509538
08509539
08509540
08509541
08509542
08509543
08509544
08509545
08509546
08509547
08509548
08509549
08509550
08509551
08509552
08509553
08509554
08509555
08509556
08509557
08509558
08509559
08509560
08509561
08509562
08509563
08509564
08509565
08509566
08509567
08509568
08509569
08509570
08509571
08509572
08509573
08509574
08509575
08509576
08509577
08509578
08509579
08509580
08509581
08509582
08509583
08509584
08509585
08509586
08509587
08509588
08509589
08509590
08509591
08509592
08509593
08509594
08509595
08509596
08509597
08509598
08509599
08509600
08509601
08509602
08509603
08509604
08509605
08509606
08509607
08509608
08509609
08509610
08509611
08509612
08509613
08509614
08509615
08509616
08509617
08509618
08509619
08509620
08509621
08509622
08509623
08509624
08509625
08509626
08509627
08509628
08509629
08509630
08509631
08509632
08509633
08509634
08509635
08509636
08509637
08509638
08509639
08509640
08509641
08509642
08509643
08509644
08509645
08509646
08509647
08509648
08509649
08509650
08509651
08509652
08509653
08509654
08509655
08509656
08509657
08509658
08509659
08509660
08509661
08509662
08509663
08509664
08509665
08509666
08509667
08509668
08509669
08509670
08509671
08509672
08509673
08509674
08509675
08509676
08509677
08509678
08509679
08509680
08509681
08509682
08509683
08509684
08509685
08509686
08509687
08509688
08509689
08509690
08509691
08509692
08509693
08509694
08509695
08509696
08509697
08509698
08509699
08509700
08509701
08509702
08509703
08509704
08509705
08509706
08509707
08509708
08509709
08509710
08509711
08509712
08509713
08509714
08509715
08509716
08509717
08509718
08509719
08509720
08509721
08509722
08509723
08509724
08509725
08509726
08509727
08509728
08509729
08509730
08509731
08509732
08509733
08509734
08509735
08509736
08509737
08509738
08509739
08509740
08509741
08509742
08509743
08509744
08509745
08509746
08509747
08509748
08509749
08509750
08509751
08509752
08509753
08509754
08509755
08509756
08509757
08509758
08509759
08509760
08509761
08509762
08509763
08509764
08509765
08509766
08509767
08509768
08509769
08509770
08509771
08509772
08509773
08509774
08509775
08509776
08509777
08509778
08509779
08509780
08509781
08509782
08509783
08509784
08509785
08509786
08509787
08509788
08509789
08509790
08509791
08509792
08509793
08509794
08509795
08509796
08509797
08509798
08509799
08509800
08509801
08509802
08509803
08509804
08509805
08509806
08509807
08509808
08509809
08509810
08509811
08509812
08509813
08509814
08509815
08509816
08509817
08509818
08509819
08509820
08509821
08509822
08509823
08509824
08509825
08509826
08509827
08509828
08509829
08509830
08509831
08509832
08509833
08509834
08509835
08509836
08509837
08509838
08509839
08509840
08509841
08509842
08509843
08509844
08509845
08509846
08509847
08509848
08509849
08509850
08509851
08509852
08509853
08509854
08509855
08509856
08509857
08509858
08509859
08509860
08509861
08509862
08509863
08509864
08509865
08509866
08509867
08509868
08509869
08509870
08509871
08509872
08509873
08509874
08509875
08509876
08509877
08509878
08509879
08509880
08509881
08509882
08509883
08509884
08509885
08509886
08509887
08509888
08509889
08509890
08509891
08509892
08509893
08509894
08509895
08509896
08509897
08509898
08509899
08509900
08509901
08509902
08509903
08509904
08509905
08509906
08509907
08509908
08509909
08509910
08509911
08509912
08509913
08509914
08509915
08509916
08509917
08509918
08509919
08509920
08509921
08509922
08509923
08509924
08509925
08509926
08509927
08509928
08509929
08509930
08509931
08509932
08509933
08509934
08509935
08509936
08509937
08509938
08509939
08509940
08509941
08509942
08509943
08509944
08509945
08509946
08509947
08509948
08509949
08509950
08509951
08509952
08509953
08509954
08509955
08509956
08509957
08509958
08509959
08509960
08509961
08509962
08509963
08509964
08509965
08509966
08509967
08509968
08509969
08509970
08509971
08509972
08509973
08509974
08509975
08509976
08509977
08509978
08509979
08509980
08509981
08509982
08509983
08509984
08509985
08509986
08509987
08509988
08509989
08509990
08509991
08509992
08509993
08509994
08509995
08509996
08509997
08509998
08509999
08510000
08510001
08510002
08510003
08510004
08510005
08510006
08510007
08510008
08510009
08510010
08510011
08510012
08510013
08510014
08510015
08510016
08510017
08510018
08510019
08510020
08510021
08510022
08510023
08510024
08510025
08510026
08510027
08510028
08510029
08510030
08510031
08510032
08510033
08510034
08510035
08510036
08510037
08510038
08510039
08510040
08510041
08510042
08510043
08510044
08510045
08510046
08510047
08510048
08510049
08510050
08510051
08510052
08510053
08510054
08510055
08510056
08510057
08510058
08510059
08510060
08510061
08510062
08510063
08510064
08510065
08510066
08510067
08510068
08510069
08510070
08510071
08510072
08510073
08510074
08510075
08510076
08510077
08510078
08510079
08510080
08510081
08510082
08510083
08510084
08510085
08510086
08510087
08510088
08510089
08510090
08510091
08510092
08510093
08510094
08510095
08510096
08510097
08510098
08510099
08510100
08510101
08510102
08510103
08510104
08510105
08510106
08510107
08510108
08510109
08510110
08510111
08510112
08510113
08510114
08510115
08510116
08510117
08510118
08510119
08510120
08510121
08510122
08510123
08510124
08510125
08510126
08510127
08510128
08510129
08510130
08510131
08510132
08510133
08510134
08510135
08510136
08510137
08510138
08510139
08510140
08510141
08510142
08510143
08510144
08510145
08510146
08510147
08510148
08510149
08510150
08510151
08510152
08510153
08510154
08510155
08510156
08510157
08510158
08510159
08510160
08510161
08510162
08510163
08510164
08510165
08510166
08510167
08510168
08510169
08510170
08510171
08510172
08510173
08510174
08510175
08510176
08510177
08510178
08510179
08510180
08510181
08510182
08510183
08510184
08510185
08510186
08510187
08510188
08510189
08510190
08510191
08510192
08510193
08510194
08510195
08510196
08510197
08510198
08510199
08510200
08510201
08510202
08510203
08510204
08510205
08510206
08510207
08510208
08510209
08510210
08510211
08510212
08510213
08510214
08510215
08510216
08510217
08510218
08510219
08510220
08510221
08510222
08510223
08510224
08510225
08510226
08510227
08510228
08510229
08510230
08510231
08510232
08510233
08510234
08510235
08510236
08510237
08510238
08510239
08510240
08510241
08510242
08510243
08510244
08510245
08510246
08510247
08510248
08510249
08510250
08510251
08510252
08510253
08510254
08510255
08510256
08510257
08510258
08510259
08510260
08510261
08510262
08510263
08510264
08510265
08510266
08510267
08510268
08510269
08510270
08510271
08510272
08510273
08510274
08510275
08510276
08510277
08510278
08510279
08510280
08510281
08510282
08510283
08510284
08510285
08510286
08510287
08510288
08510289
08510290
08510291
08510292
08510293
08510294
08510295
08510296
08510297
08510298
08510299
08510300
08510301
08510302
08510303
08510304
08510305
08510306
08510307
08510308
08510309
08510310
08510311
08510312
08510313
08510314
08510315
08510316
08510317
08510318
08510319
08510320
08510321
08510322
08510323
08510324
08510325
08510326
08510327
08510328
08510329
08510330
08510331
08510332
08510333
08510334
08510335
08510336
08510337
08510338
08510339
08510340
08510341
08510342
08510343
08510344
08510345
08510346
08510347
08510348
08510349
08510350
08510351
08510352
08510353
08510354
08510355
08510356
08510357
08510358
08510359
08510360
08510361
08510362
08510363
08510364
08510365
08510366
08510367
08510368
08510369
08510370
08510371
08510372
08510373
08510374
08510375
08510376
08510377
08510378
08510379
08510380
08510381
08510382
08510383
08510384
08510385
08510386
08510387
08510388
08510389
08510390
08510391
08510392
08510393
08510394
08510395
08510396
08510397
08510398
08510399
08510400
08510401
08510402
08510403
08510404
08510405
08510406
08510407
08510408
08510409
08510410
08510411
08510412
08510413
08510414
08510415
08510416
08510417
08510418
08510419
08510420
08510421
08510422
08510423
08510424
08510425
08510426
08510427
08510428
08510429
08510430
08510431
08510432
08510433
08510434
08510435
08510436
08510437
08510438
08510439
08510440
08510441
08510442
08510443
08510444
08510445
08510446
08510447
08510448
08510449
08510450
08510451
08510452
08510453
08510454
08510455
08510456
08510457
08510458
08510459
08510460
08510461
08510462
08510463
08510464
08510465
08510466
08510467
08510468
08510469
08510470
08510471
08510472
08510473
08510474
08510475
08510476
08510477
08510478
08510479
08510480
08510481
08510482
08510483
08510484
08510485
08510486
08510487
08510488
08510489
08510490
08510491
08510492
08510493
08510494
08510495
08510496
08510497
08510498
08510499
08510500
08510501
08510502
08510503
08510504
08510505
08510506
08510507
08510508
08510509
08510510
08510511
08510512
08510513
08510514
08510515
08510516
08510517
08510518
08510519
08510520
08510521
08510522
08510523
08510524
08510525
08510526
08510527
08510528
08510529
08510530
08510531
08510532
08510533
08510534
08510535
08510536
08510537
08510538
08510539
08510540
08510541
08510542
08510543
08510544
08510545
08510546
08510547
08510548
08510549
08510550
08510551
08510552
08510553
08510554
08510555
08510556
08510557
08510558
08510559
08510560
08510561
08510562
08510563
08510564
08510565
08510566
08510567
08510568
08510569
08510570
08510571
08510572
08510573
08510574
08510575
08510576
08510577
08510578
08510579
08510580
08510581
08510582
08510583
08510584
08510585
08510586
08510587
08510588
08510589
08510590
08510591
08510592
08510593
08510594
08510595
08510596
08510597
08510598
08510599
08510600
08510601
08510602
08510603
08510604
08510605
08510606
08510607
08510608
08510609
08510610
08510611
08510612
08510613
08510614
08510615
08510616
08510617
08510618
08510619
08510620
08510621
08510622
08510623
08510624
08510625
08510626
08510627
08510628
08510629
08510630
08510631
08510632
08510633
08510634
08510635
08510636
08510637
08510638
08510639
08510640
08510641
08510642
08510643
08510644
08510645
08510646
08510647
08510648
08510649
08510650
08510651
08510652
08510653
08510654
08510655
08510656
08510657
08510658
08510659
08510660
08510661
08510662
08510663
08510664
08510665
08510666
08510667
08510668
08510669
08510670
08510671
08510672
08510673
08510674
08510675
08510676
08510677
08510678
08510679
08510680
08510681
08510682
08510683
08510684
08510685
08510686
08510687
08510688
08510689
08510690
08510691
08510692
08510693
08510694
08510695
08510696
08510697
08510698
08510699
08510700
08510701
08510702
08510703
08510704
08510705
08510706
08510707
08510708
08510709
08510710
08510711
08510712
08510713
08510714
08510715
08510716
08510717
08510718
08510719
08510720
08510721
08510722
08510723
08510724
08510725
08510726
08510727
08510728
08510729
08510730
08510731
08510732
08510733
08510734
08510735
08510736
08510737
08510738
08510739
08510740
08510741
08510742
08510743
08510744
08510745
08510746
08510747
08510748
08510749
08510750
08510751
08510752
08510753
08510754
08510755
08510756
08510757
08510758
08510759
08510760
08510761
08510762
08510763
08510764
08510765
08510766
08510767
08510768
08510769
08510770
08510771
08510772
08510773
08510774
08510775
08510776
08510777
08510778
08510779
08510780
08510781
08510782
08510783
08510784
08510785
08510786
08510787
08510788
08510789
08510790
08510791
08510792
08510793
08510794
08510795
08510796
08510797
08510798
08510799
08510800
08510801
08510802
08510803
08510804
08510805
08510806
08510807
08510808
08510809
08510810
08510811
08510812
08510813
08510814
08510815
08510816
08510817
08510818
08510819
08510820
08510821
08510822
08510823
08510824
08510825
08510826
08510827
08510828
08510829
08510830
08510831
08510832
08510833
08510834
08510835
08510836
08510837
08510838
08510839
08510840
08510841
08510842
08510843
08510844
08510845
08510846
08510847
08510848
08510849
08510850
08510851
08510852
08510853
08510854
08510855
08510856
08510857
08510858
08510859
08510860
08510861
08510862
08510863
08510864
08510865
08510866
08510867
08510868
08510869
08510870
08510871
08510872
08510873
08510874
08510875
08510876
08510877
08510878
08510879
08510880
08510881
08510882
08510883
08510884
08510885
08510886
08510887
08510888
08510889
08510890
08510891
08510892
08510893
08510894
08510895
08510896
08510897
08510898
08510899
08510900
08510901
08510902
08510903
08510904
08510905
08510906
08510907
08510908
08510909
08510910
08510911
08510912
08510913
08510914
08510915
08510916
08510917
08510918
08510919
08510920
08510921
08510922
08510923
08510924
08510925
08510926
08510927
08510928
08510929
08510930
08510931
08510932
08510933
08510934
08510935
08510936
08510937
08510938
08510939
08510940
08510941
08510942
08510943
08510944
08510945
08510946
08510947
08510948
08510949
08510950
08510951
08510952
08510953
08510954
08510955
08510956
08510957
08510958
08510959
08510960
08510961
08510962
08510963
08510964
08510965
08510966
08510967
08510968
08510969
08510970
08510971
08510972
08510973
08510974
08510975
08510976
08510977
08510978
08510979
08510980
08510981
08510982
08510983
08510984
08510985
08510986
08510987
08510988
08510989
08510990
08510991
08510992
08510993
08510994
08510995
08510996
08510997
08510998
08510999
08511000
08511001
08511002
08511003
08511004
08511005
08511006
08511007
08511008
08511009
08511010
08511011
08511012
08511013
08511014
08511015
08511016
08511017
08511018
08511019
08511020
08511021
08511022
08511023
08511024
08511025
08511026
08511027
08511028
08511029
08511030
08511031
08511032
08511033
08511034
08511035
08511036
08511037
08511038
08511039
08511040
08511041
08511042
08511043
08511044
08511045
08511046
08511047
08511048
08511049
08511050
08511051
08511052
08511053
08511054
08511055
08511056
08511057
08511058
08511059
08511060
08511061
08511062
08511063
08511064
08511065
08511066
08511067
08511068
08511069
08511070
08511071
08511072
08511073
08511074
08511075
08511076
08511077
08511078
08511079
08511080
08511081
08511082
08511083
08511084
08511085
08511086
08511087
08511088
08511089
08511090
08511091
08511092
08511093
08511094
08511095
08511096
08511097
08511098
08511099
08511100
08511101
08511102
08511103
08511104
08511105
08511106
08511107
08511108
08511109
08511110
08511111
08511112
08511113
08511114
08511115
08511116
08511117
08511118
08511119
08511120
08511121
08511122
08511123
08511124
08511125
08511126
08511127
08511128
08511129
08511130
08511131
08511132
08511133
08511134
08511135
08511136
08511137
08511138
08511139
08511140
08511141
08511142
08511143
08511144
08511145
08511146
08511147
08511148
08511149
08511150
08511151
08511152
08511153
08511154
08511155
08511156
08511157
08511158
08511159
08511160
08511161
08511162
08511163
08511164
08511165
08511166
08511167
08511168
08511169
08511170
08511171
08511172
08511173
08511174
08511175
08511176
08511177
08511178
08511179
08511180
08511181
08511182
08511183
08511184
08511185
08511186
08511187
08511188
08511189
08511190
08511191
08511192
08511193
08511194
08511195
08511196
08511197
08511198
08511199
08511200
08511201
08511202
08511203
08511204
08511205
08511206
08511207
08511208
08511209
08511210
08511211
08511212
08511213
08511214
08511215
08511216
08511217
08511218
08511219
08511220
08511221
08511222
08511223
08511224
08511225
08511226
08511227
08511228
08511229
08511230
08511231
08511232
08511233
08511234
08511235
08511236
08511237
08511238
08511239
08511240
08511241
08511242
08511243
08511244
08511245
08511246
08511247
08511248
08511249
08511250
08511251
08511252
08511253
08511254
08511255
08511256
08511257
08511258
08511259
08511260
08511261
08511262
08511263
08511264
08511265
08511266
08511267
08511268
08511269
08511270
08511271
08511272
08511273
08511274
08511275
08511276
08511277
08511278
08511279
08511280
08511281
08511282
08511283
08511284
08511285
08511286
08511287
08511288
08511289
08511290
08511291
08511292
08511293
08511294
08511295
08511296
08511297
08511298
08511299
08511300
08511301
08511302
08511303
08511304
08511305
08511306
08511307
08511308
08511309
08511310
08511311
08511312
08511313
08511314
08511315
08511316
08511317
08511318
08511319
08511320
08511321
08511322
08511323
08511324
08511325
08511326
08511327
08511328
08511329
08511330
08511331
08511332
08511333
08511334
08511335
08511336
08511337
08511338
08511339
08511340
08511341
08511342
08511343
08511344
08511345
08511346
08511347
08511348
08511349
08511350
08511351
08511352
08511353
08511354
08511355
08511356
08511357
08511358
08511359
08511360
08511361
08511362
08511363
08511364
08511365
08511366
08511367
08511368
08511369
08511370
08511371
08511372
08511373
08511374
08511375
08511376
08511377
08511378
08511379
08511380
08511381
08511382
08511383
08511384
08511385
08511386
08511387
08511388
08511389
08511390
08511391
08511392
08511393
08511394
08511395
08511396
08511397
08511398
08511399
08511400
08511401
08511402
08511403
08511404
08511405
08511406
08511407
08511408
08511409
08511410
08511411
08511412
08511413
08511414
08511415
08511416
08511417
08511418
08511419
08511420
08511421
08511422
08511423
08511424
08511425
08511426
08511427
08511428
08511429
08511430
08511431
08511432
08511433
08511434
08511435
08511436
08511437
08511438
08511439
08511440
08511441
08511442
08511443
08511444
08511445
08511446
08511447
08511448
08511449
08511450
08511451
08511452
08511453
08511454
08511455
08511456
08511457
08511458
08511459
08511460
08511461
08511462
08511463
08511464
08511465
08511466
08511467
08511468
08511469
08511470
08511471
08511472
08511473
08511474
08511475
08511476
08511477
08511478
08511479
08511480
08511481
08511482
08511483
08511484
08511485
08511486
08511487
08511488
08511489
08511490
08511491
08511492
08511493
08511494
08511495
08511496
08511497
08511498
08511499
08511500
08511501
08511502
08511503
08511504
08511505
08511506
08511507
08511508
08511509
08511510
08511511
08511512
08511513
08511514
08511515
08511516
08511517
08511518
08511519
08511520
08511521
08511522
08511523
08511524
08511525
08511526
08511527
08511528
08511529
08511530
08511531
08511532
08511533
08511534
08511535
08511536
08511537
08511538
08511539
08511540
08511541
08511542
08511543
08511544
08511545
08511546
08511547
08511548
08511549
08511550
08511551
08511552
08511553
08511554
08511555
08511556
08511557
08511558
08511559
08511560
08511561
08511562
08511563
08511564
08511565
08511566
08511567
08511568
08511569
08511570
08511571
08511572
08511573
08511574
08511575
08511576
08511577
08511578
08511579
08511580
08511581
08511582
08511583
08511584
08511585
08511586
08511587
08511588
08511589
08511590
08511591
08511592
08511593
08511594
08511595
08511596
08511597
08511598
08511599
08511600
08511601
08511602
08511603
08511604
08511605
08511606
08511607
08511608
08511609
08511610
08511611
08511612
08511613
08511614
08511615
08511616
08511617
08511618
08511619
08511620
08511621
08511622
08511623
08511624
08511625
08511626
08511627
08511628
08511629
08511630
08511631
08511632
08511633
08511634
08511635
08511636
08511637
08511638
08511639
08511640
08511641
08511642
08511643
08511644
08511645
08511646
08511647
08511648
08511649
08511650
08511651
08511652
08511653
08511654
08511655
08511656
08511657
08511658
08511659
08511660
08511661
08511662
08511663
08511664
08511665
08511666
08511667
08511668
08511669
08511670
08511671
08511672
08511673
08511674
08511675
08511676
08511677
08511678
08511679
08511680
08511681
08511682
08511683
08511684
08511685
08511686
08511687
08511688
08511689
08511690
08511691
08511692
08511693
08511694
08511695
08511696
08511697
08511698
08511699
08511700
08511701
08511702
08511703
08511704
08511705
08511706
08511707
08511708
08511709
08511710
08511711
08511712
08511713
08511714
08511715
08511716
08511717
08511718
08511719
08511720
08511721
08511722
08511723
08511724
08511725
08511726
08511727
08511728
08511729
08511730
08511731
08511732
08511733
08511734
08511735
08511736
08511737
08511738
08511739
08511740
08511741
08511742
08511743
08511744
08511745
08511746
08511747
08511748
08511749
08511750
08511751
08511752
08511753
08511754
08511755
08511756
08511757
08511758
08511759
08511760
08511761
08511762
08511763
08511764
08511765
08511766
08511767
08511768
08511769
08511770
08511771
08511772
08511773
08511774
08511775
08511776
08511777
08511778
08511779
08511780
08511781
08511782
08511783
08511784
08511785
08511786
08511787
08511788
08511789
08511790
08511791
08511792
08511793
08511794
08511795
08511796
08511797
08511798
08511799
08511800
08511801
08511802
08511803
08511804
08511805
08511806
08511807
08511808
08511809
08511810
08511811
08511812
08511813
08511814
08511815
08511816
08511817
08511818
08511819
08511820
08511821
08511822
08511823
08511824
08511825
08511826
08511827
08511828
08511829
08511830
08511831
08511832
08511833
08511834
08511835
08511836
08511837
08511838
08511839
08511840
08511841
08511842
08511843
08511844
08511845
08511846
08511847
08511848
08511849
08511850
08511851
08511852
08511853
08511854
08511855
08511856
08511857
08511858
08511859
08511860
08511861
08511862
08511863
08511864
08511865
08511866
08511867
08511868
08511869
08511870
08511871
08511872
08511873
08511874
08511875
08511876
08511877
08511878
08511879
08511880
08511881
08511882
08511883
08511884
08511885
08511886
08511887
08511888
08511889
08511890
08511891
08511892
08511893
08511894
08511895
08511896
08511897
08511898
08511899
08511900
08511901
08511902
08511903
08511904
08511905
08511906
08511907
08511908
08511909
08511910
08511911
08511912
08511913
08511914
08511915
08511916
08511917
08511918
08511919
08511920
08511921
08511922
08511923
08511924
08511925
08511926
08511927
08511928
08511929
08511930
08511931
08511932
08511933
08511934
08511935
08511936
08511937
08511938
08511939
08511940
08511941
08511942
08511943
08511944
08511945
08511946
08511947
08511948
08511949
08511950
08511951
08511952
08511953
08511954
08511955
08511956
08511957
08511958
08511959
08511960
08511961
08511962
08511963
08511964
08511965
08511966
08511967
08511968
08511969
08511970
08511971
08511972
08511973
08511974
08511975
08511976
08511977
08511978
08511979
08511980
08511981
08511982
08511983
08511984
08511985
08511986
08511987
08511988
08511989
08511990
08511991
08511992
08511993
08511994
08511995
08511996
08511997
08511998
08511999
08512000
08512001
08512002
08512003
08512004
08512005
08512006
08512007
08512008
08512009
08512010
08512011
08512012
08512013
08512014
08512015
08512016
08512017
08512018
08512019
08512020
08512021
08512022
08512023
08512024
08512025
08512026
08512027
08512028
08512029
08512030
08512031
08512032
08512033
08512034
08512035
08512036
08512037
08512038
08512039
08512040
08512041
08512042
08512043
08512044
08512045
08512046
08512047
08512048
08512049
08512050
08512051
08512052
08512053
08512054
08512055
08512056
08512057
08512058
08512059
08512060
08512061
08512062
08512063
08512064
08512065
08512066
08512067
08512068
08512069
08512070
08512071
08512072
08512073
08512074
08512075
08512076
08512077
08512078
08512079
08512080
08512081
08512082
08512083
08512084
08512085
08512086
08512087
08512088
08512089
08512090
08512091
08512092
08512093
08512094
08512095
08512096
08512097
08512098
08512099
08512100
08512101
08512102
08512103
08512104
08512105
08512106
08512107
08512108
08512109
08512110
08512111
08512112
08512113
08512114
08512115
08512116
08512117
08512118
08512119
08512120
08512121
08512122
08512123
08512124
08512125
08512126
08512127
08512128
08512129
08512130
08512131
08512132
08512133
08512134
08512135
08512136
08512137
08512138
08512139
08512140
08512141
08512142
08512143
08512144
08512145
08512146
08512147
08512148
08512149
08512150
08512151
08512152
08512153
08512154
08512155
08512156
08512157
08512158
08512159
08512160
08512161
08512162
08512163
08512164
08512165
08512166
08512167
08512168
08512169
08512170
08512171
08512172
08512173
08512174
08512175
08512176
08512177
08512178
08512179
08512180
08512181
08512182
08512183
08512184
08512185
08512186
08512187
08512188
08512189
08512190
08512191
08512192
08512193
08512194
08512195
08512196
08512197
08512198
08512199
08512200
08512201
08512202
08512203
08512204
08512205
08512206
08512207
08512208
08512209
08512210
08512211
08512212
08512213
08512214
08512215
08512216
08512217
08512218
08512219
08512220
08512221
08512222
08512223
08512224
08512225
08512226
08512227
08512228
08512229
08512230
08512231
08512232
08512233
08512234
08512235
08512236
08512237
08512238
08512239
08512240
08512241
08512242
08512243
08512244
08512245
08512246
08512247
08512248
08512249
08512250
08512251
08512252
08512253
08512254
08512255
08512256
08512257
08512258
08512259
08512260
08512261
08512262
08512263
08512264
08512265
08512266
08512267
08512268
08512269
08512270
08512271
08512272
08512273
08512274
08512275
08512276
08512277
08512278
08512279
08512280
08512281
08512282
08512283
08512284
08512285
08512286
08512287
08512288
08512289
08512290
08512291
08512292
08512293
08512294
08512295
08512296
08512297
08512298
08512299
08512300
08512301
08512302
08512303
08512304
08512305
08512306
08512307
08512308
08512309
08512310
08512311
08512312
08512313
08512314
08512315
08512316
08512317
08512318
08512319
08512320
08512321
08512322
08512323
08512324
08512325
08512326
08512327
08512328
08512329
08512330
08512331
08512332
08512333
08512334
08512335
08512336
08512337
08512338
08512339
08512340
08512341
08512342
08512343
08512344
08512345
08512346
08512347
08512348
08512349
08512350
08512351
08512352
08512353
08512354
08512355
08512356
08512357
08512358
08512359
08512360
08512361
08512362
08512363
08512364
08512365
08512366
08512367
08512368
08512369
08512370
08512371
08512372
08512373
08512374
08512375
08512376
08512377
08512378
08512379
08512380
08512381
08512382
08512383
08512384
08512385
08512386
08512387
08512388
08512389
08512390
08512391
08512392
08512393
08512394
08512395
08512396
08512397
08512398
08512399
08512400
08512401
08512402
08512403
08512404
08512405
08512406
08512407
08512408
08512409
08512410
08512411
08512412
08512413
08512414
08512415
08512416
08512417
08512418
08512419
08512420
08512421
08512422
08512423
08512424
08512425
08512426
08512427
08512428
08512429
08512430
08512431
08512432
08512433
08512434
08512435
08512436
08512437
08512438
08512439
08512440
08512441
08512442
08512443
08512444
08512445
08512446
08512447
08512448
08512449
08512450
08512451
08512452
08512453
08512454
08512455
08512456
08512457
08512458
08512459
08512460
08512461
08512462
08512463
08512464
08512465
08512466
08512467
08512468
08512469
08512470
08512471
08512472
08512473
08512474
08512475
08512476
08512477
08512478
08512479
08512480
08512481
08512482
08512483
08512484
08512485
08512486
08512487
08512488
08512489
08512490
08512491
08512492
08512493
08512494
08512495
08512496
08512497
08512498
08512499
08512500
08512501
08512502
08512503
08512504
08512505
08512506
08512507
08512508
08512509
08512510
08512511
08512512
08512513
08512514
08512515
08512516
08512517
08512518
08512519
08512520
08512521
08512522
08512523
08512524
08512525
08512526
08512527
08512528
08512529
08512530
08512531
08512532
08512533
08512534
08512535
08512536
08512537
08512538
08512539
08512540
08512541
08512542
08512543
08512544
08512545
08512546
08512547
08512548
08512549
08512550
08512551
08512552
08512553
08512554
08512555
08512556
08512557
08512558
08512559
08512560
08512561
08512562
08512563
08512564
08512565
08512566
08512567
08512568
08512569
08512570
08512571
08512572
08512573
08512574
08512575
08512576
08512577
08512578
08512579
08512580
08512581
08512582
08512583
08512584
08512585
08512586
08512587
08512588
08512589
08512590
08512591
08512592
08512593
08512594
08512595
08512596
08512597
08512598
08512599
08512600
08512601
08512602
08512603
08512604
08512605
08512606
08512607
08512608
08512609
08512610
08512611
08512612
08512613
08512614
08512615
08512616
08512617
08512618
08512619
08512620
08512621
08512622
08512623
08512624
08512625
08512626
08512627
08512628
08512629
08512630
08512631
08512632
08512633
08512634
08512635
08512636
08512637
08512638
08512639
08512640
08512641
08512642
08512643
08512644
08512645
08512646
08512647
08512648
08512649
08512650
08512651
08512652
08512653
08512654
08512655
08512656
08512657
08512658
08512659
08512660
08512661
08512662
08512663
08512664
08512665
08512666
08512667
08512668
08512669
08512670
08512671
08512672
08512673
08512674
08512675
08512676
08512677
08512678
08512679
08512680
08512681
08512682
08512683
08512684
08512685
08512686
08512687
08512688
08512689
08512690
08512691
08512692
08512693
08512694
08512695
08512696
08512697
08512698
08512699
08512700
08512701
08512702
08512703
08512704
08512705
08512706
08512707
08512708
08512709
08512710
08512711
08512712
08512713
08512714
08512715
08512716
08512717
08512718
08512719
08512720
08512721
08512722
08512723
08512724
08512725
08512726
08512727
08512728
08512729
08512730
08512731
08512732
08512733
08512734
08512735
08512736
08512737
08512738
08512739
08512740
08512741
08512742
08512743
08512744
08512745
08512746
08512747
08512748
08512749
08512750
08512751
08512752
08512753
08512754
08512755
08512756
08512757
08512758
08512759
08512760
08512761
08512762
08512763
08512764
08512765
08512766
08512767
08512768
08512769
08512770
08512771
08512772
08512773
08512774
08512775
08512776
08512777
08512778
08512779
08512780
08512781
08512782
08512783
08512784
08512785
08512786
08512787
08512788
08512789
08512790
08512791
08512792
08512793
08512794
08512795
08512796
08512797
08512798
08512799
08512800
08512801
08512802
08512803
08512804
08512805
08512806
08512807
08512808
08512809
08512810
08512811
08512812
08512813
08512814
08512815
08512816
08512817
08512818
08512819
08512820
08512821
08512822
08512823
08512824
08512825
08512826
08512827
08512828
08512829
08512830
08512831
08512832
08512833
08512834
08512835
08512836
08512837
08512838
08512839
08512840
08512841
08512842
08512843
08512844
08512845
08512846
08512847
08512848
08512849
08512850
08512851
08512852
08512853
08512854
08512855
08512856
08512857
08512858
08512859
08512860
08512861
08512862
08512863
08512864
08512865
08512866
08512867
08512868
08512869
08512870
08512871
08512872
08512873
08512874
08512875
08512876
08512877
08512878
08512879
08512880
08512881
08512882
08512883
08512884
08512885
08512886
08512887
08512888
08512889
08512890
08512891
08512892
08512893
08512894
08512895
08512896
08512897
08512898
08512899
08512900
08512901
08512902
08512903
08512904
08512905
08512906
08512907
08512908
08512909
08512910
08512911
08512912
08512913
08512914
08512915
08512916
08512917
08512918
08512919
08512920
08512921
08512922
08512923
08512924
08512925
08512926
08512927
08512928
08512929
08512930
08512931
08512932
08512933
08512934
08512935
08512936
08512937
08512938
08512939
08512940
08512941
08512942
08512943
08512944
08512945
08512946
08512947
08512948
08512949
08512950
08512951
08512952
08512953
08512954
08512955
08512956
08512957
08512958
08512959
08512960
08512961
08512962
08512963
08512964
08512965
08512966
08512967
08512968
08512969
08512970
08512971
08512972
08512973
08512974
08512975
08512976
08512977
08512978
08512979
08512980
08512981
08512982
08512983
08512984
08512985
08512986
08512987
08512988
08512989
08512990
08512991
08512992
08512993
08512994
08512995
08512996
08512997
08512998
08512999
08513000
08513001
08513002
08513003
08513004
08513005
08513006
08513007
08513008
08513009
08513010
08513011
08513012
08513013
08513014
08513015
08513016
08513017
08513018
08513019
08513020
08513021
08513022
08513023
08513024
08513025
08513026
08513027
08513028
08513029
08513030
08513031
08513032
08513033
08513034
08513035
08513036
08513037
08513038
08513039
08513040
08513041
08513042
08513043
08513044
08513045
08513046
08513047
08513048
08513049
08513050
08513051
08513052
08513053
08513054
08513055
08513056
08513057
08513058
08513059
08513060
08513061
08513062
08513063
08513064
08513065
08513066
08513067
08513068
08513069
08513070
08513071
08513072
08513073
08513074
08513075
08513076
08513077
08513078
08513079
08513080
08513081
08513082
08513083
08513084
08513085
08513086
08513087
08513088
08513089
08513090
08513091
08513092
08513093
08513094
08513095
08513096
08513097
08513098
08513099
08513100
08513101
08513102
08513103
08513104
08513105
08513106
08513107
08513108
08513109
08513110
08513111
08513112
08513113
08513114
08513115
08513116
08513117
08513118
08513119
08513120
08513121
08513122
08513123
08513124
08513125
08513126
08513127
08513128
08513129
08513130
08513131
08513132
08513133
08513134
08513135
08513136
08513137
08513138
08513139
08513140
08513141
08513142
08513143
08513144
08513145
08513146
08513147
08513148
08513149
08513150
08513151
08513152
08513153
08513154
08513155
08513156
08513157
08513158
08513159
08513160
08513161
08513162
08513163
08513164
08513165
08513166
08513167
08513168
08513169
08513170
08513171
08513172
08513173
08513174
08513175
08513176
08513177
08513178
08513179
08513180
08513181
08513182
08513183
08513184
08513185
08513186
08513187
08513188
08513189
08513190
08513191
08513192
08513193
08513194
08513195
08513196
08513197
08513198
08513199
08513200
08513201
08513202
08513203
08513204
08513205
08513206
08513207
08513208
08513209
08513210
08513211
08513212
08513213
08513214
08513215
08513216
08513217
08513218
08513219
08513220
08513221
08513222
08513223
08513224
08513225
08513226
08513227
08513228
08513229
08513230
08513231
08513232
08513233
08513234
08513235
08513236
08513237
08513238
08513239
08513240
08513241
08513242
08513243
08513244
08513245
08513246
08513247
08513248
08513249
08513250
08513251
08513252
08513253
08513254
08513255
08513256
08513257
08513258
08513259
08513260
08513261
08513262
08513263
08513264
08513265
08513266
08513267
08513268
08513269
08513270
08513271
08513272
08513273
08513274
08513275
08513276
08513277
08513278
08513279
08513280
08513281
08513282
08513283
08513284
08513285
08513286
08513287
08513288
08513289
08513290
08513291
08513292
08513293
08513294
08513295
08513296
08513297
08513298
08513299
08513300
08513301
08513302
08513303
08513304
08513305
08513306
08513307
08513308
08513309
08513310
08513311
08513312
08513313
08513314
08513315
08513316
08513317
08513318
08513319
08513320
08513321
08513322
08513323
08513324
08513325
08513326
08513327
08513328
08513329
08513330
08513331
08513332
08513333
08513334
08513335
08513336
08513337
08513338
08513339
08513340
08513341
08513342
08513343
08513344
08513345
08513346
08513347
08513348
08513349
08513350
08513351
08513352
08513353
08513354
08513355
08513356
08513357
08513358
08513359
08513360
08513361
08513362
08513363
08513364
08513365
08513366
08513367
08513368
08513369
08513370
08513371
08513372
08513373
08513374
08513375
08513376
08513377
08513378
08513379
08513380
08513381
08513382
08513383
08513384
08513385
08513386
08513387
08513388
08513389
08513390
08513391
08513392
08513393
08513394
08513395
08513396
08513397
08513398
08513399
08513400
08513401
08513402
08513403
08513404
08513405
08513406
08513407
08513408
08513409
08513410
08513411
08513412
08513413
08513414
08513415
08513416
08513417
08513418
08513419
08513420
08513421
08513422
08513423
08513424
08513425
08513426
08513427
08513428
08513429
08513430
08513431
08513432
08513433
08513434
08513435
08513436
08513437
08513438
08513439
08513440
08513441
08513442
08513443
08513444
08513445
08513446
08513447
08513448
08513449
08513450
08513451
08513452
08513453
08513454
08513455
08513456
08513457
08513458
08513459
08513460
08513461
08513462
08513463
08513464
08513465
08513466
08513467
08513468
08513469
08513470
08513471
08513472
08513473
08513474
08513475
08513476
08513477
08513478
08513479
08513480
08513481
08513482
08513483
08513484
08513485
08513486
08513487
08513488
08513489
08513490
08513491
08513492
08513493
08513494
08513495
08513496
08513497
08513498
08513499
08513500
08513501
08513502
08513503
08513504
08513505
08513506
08513507
08513508
08513509
08513510
08513511
08513512
08513513
08513514
08513515
08513516
08513517
08513518
08513519
08513520
08513521
08513522
08513523
08513524
08513525
08513526
08513527
08513528
08513529
08513530
08513531
08513532
08513533
08513534
08513535
08513536
08513537
08513538
08513539
08513540
08513541
08513542
08513543
08513544
08513545
08513546
08513547
08513548
08513549
08513550
08513551
08513552
08513553
08513554
08513555
08513556
08513557
08513558
08513559
08513560
08513561
08513562
08513563
08513564
08513565
08513566
08513567
08513568
08513569
08513570
08513571
08513572
08513573
08513574
08513575
08513576
08513577
08513578
08513579
08513580
08513581
08513582
08513583
08513584
08513585
08513586
08513587
08513588
08513589
08513590
08513591
08513592
08513593
08513594
08513595
08513596
08513597
08513598
08513599
08513600
08513601
08513602
08513603
08513604
08513605
08513606
08513607
08513608
08513609
08513610
08513611
08513612
08513613
08513614
08513615
08513616
08513617
08513618
08513619
08513620
08513621
08513622
08513623
08513624
08513625
08513626
08513627
08513628
08513629
08513630
08513631
08513632
08513633
08513634
08513635
08513636
08513637
08513638
08513639
08513640
08513641
08513642
08513643
08513644
08513645
08513646
08513647
08513648
08513649
08513650
08513651
08513652
08513653
08513654
08513655
08513656
08513657
08513658
08513659
08513660
08513661
08513662
08513663
08513664
08513665
08513666
08513667
08513668
08513669
08513670
08513671
08513672
08513673
08513674
08513675
08513676
08513677
08513678
08513679
08513680
08513681
08513682
08513683
08513684
08513685
08513686
08513687
08513688
08513689
08513690
08513691
08513692
08513693
08513694
08513695
08513696
08513697
08513698
08513699
08513700
08513701
08513702
08513703
08513704
08513705
08513706
08513707
08513708
08513709
08513710
08513711
08513712
08513713
08513714
08513715
08513716
08513717
08513718
08513719
08513720
08513721
08513722
08513723
08513724
08513725
08513726
08513727
08513728
08513729
08513730
08513731
08513732
08513733
08513734
08513735
08513736
08513737
08513738
08513739
08513740
08513741
08513742
08513743
08513744
08513745
08513746
08513747
08513748
08513749
08513750
08513751
08513752
08513753
08513754
08513755
08513756
08513757
08513758
08513759
08513760
08513761
08513762
08513763
08513764
08513765
08513766
08513767
08513768
08513769
08513770
08513771
08513772
08513773
08513774
08513775
08513776
08513777
08513778
08513779
08513780
08513781
08513782
08513783
08513784
08513785
08513786
08513787
08513788
08513789
08513790
08513791
08513792
08513793
08513794
08513795
08513796
08513797
08513798
08513799
08513800
08513801
08513802
08513803
08513804
08513805
08513806
08513807
08513808
08513809
08513810
08513811
08513812
08513813
08513814
08513815
08513816
08513817
08513818
08513819
08513820
08513821
08513822
08513823
08513824
08513825
08513826
08513827
08513828
08513829
08513830
08513831
08513832
08513833
08513834
08513835
08513836
08513837
08513838
08513839
08513840
08513841
08513842
08513843
08513844
08513845
08513846
08513847
08513848
08513849
08513850
08513851
08513852
08513853
08513854
08513855
08513856
08513857
08513858
08513859
08513860
08513861
08513862
08513863
08513864
08513865
08513866
08513867
08513868
08513869
08513870
08513871
08513872
08513873
08513874
08513875
08513876
08513877
08513878
08513879
08513880
08513881
08513882
08513883
08513884
08513885
08513886
08513887
08513888
08513889
08513890
08513891
08513892
08513893
08513894
08513895
08513896
08513897
08513898
08513899
08513900
08513901
08513902
08513903
08513904
08513905
08513906
08513907
08513908
08513909
08513910
08513911
08513912
08513913
08513914
08513915
08513916
08513917
08513918
08513919
08513920
08513921
08513922
08513923
08513924
08513925
08513926
08513927
08513928
08513929
08513930
08513931
08513932
08513933
08513934
08513935
08513936
08513937
08513938
08513939
08513940
08513941
08513942
08513943
08513944
08513945
08513946
08513947
08513948
08513949
08513950
08513951
08513952
08513953
08513954
08513955
08513956
08513957
08513958
08513959
08513960
08513961
08513962
08513963
08513964
08513965
08513966
08513967
08513968
08513969
08513970
08513971
08513972
08513973
08513974
08513975
08513976
08513977
08513978
08513979
08513980
08513981
08513982
08513983
08513984
08513985
08513986
08513987
08513988
08513989
08513990
08513991
08513992
08513993
08513994
08513995
08513996
08513997
08513998
08513999
08514000
08514001
08514002
08514003
08514004
08514005
08514006
08514007
08514008
08514009
08514010
08514011
08514012
08514013
08514014
08514015
08514016
08514017
08514018
08514019
08514020
08514021
08514022
08514023
08514024
08514025
08514026
08514027
08514028
08514029
08514030
08514031
08514032
08514033
08514034
08514035
08514036
08514037
08514038
08514039
08514040
08514041
08514042
08514043
08514044
08514045
08514046
08514047
08514048
08514049
08514050
08514051
08514052
08514053
08514054
08514055
08514056
08514057
08514058
08514059
08514060
08514061
08514062
08514063
08514064
08514065
08514066
08514067
08514068
08514069
08514070
08514071
08514072
08514073
08514074
08514075
08514076
08514077
08514078
08514079
08514080
08514081
08514082
08514083
08514084
08514085
08514086
08514087
08514088
08514089
08514090
08514091
08514092
08514093
08514094
08514095
08514096
08514097
08514098
08514099
08514100
08514101
08514102
08514103
08514104
08514105
08514106
08514107
08514108
08514109
08514110
08514111
08514112
08514113
08514114
08514115
08514116
08514117
08514118
08514119
08514120
08514121
08514122
08514123
08514124
08514125
08514126
08514127
08514128
08514129
08514130
08514131
08514132
08514133
08514134
08514135
08514136
08514137
08514138
08514139
08514140
08514141
08514142
08514143
08514144
08514145
08514146
08514147
08514148
08514149
08514150
08514151
08514152
08514153
08514154
08514155
08514156
08514157
08514158
08514159
08514160
08514161
08514162
08514163
08514164
08514165
08514166
08514167
08514168
08514169
08514170
08514171
08514172
08514173
08514174
08514175
08514176
08514177
08514178
08514179
08514180
08514181
08514182
08514183
08514184
08514185
08514186
08514187
08514188
08514189
08514190
08514191
08514192
08514193
08514194
08514195
08514196
08514197
08514198
08514199
08514200
08514201
08514202
08514203
08514204
08514205
08514206
08514207
08514208
08514209
08514210
08514211
08514212
08514213
08514214
08514215
08514216
08514217
08514218
08514219
08514220
08514221
08514222
08514223
08514224
08514225
08514226
08514227
08514228
08514229
08514230
08514231
08514232
08514233
08514234
08514235
08514236
08514237
08514238
08514239
08514240
08514241
08514242
08514243
08514244
08514245
08514246
08514247
08514248
08514249
08514250
08514251
08514252
08514253
08514254
08514255
08514256
08514257
08514258
08514259
08514260
08514261
08514262
08514263
08514264
08514265
08514266
08514267
08514268
08514269
08514270
08514271
08514272
08514273
08514274
08514275
08514276
08514277
08514278
08514279
08514280
08514281
08514282
08514283
08514284
08514285
08514286
08514287
08514288
08514289
08514290
08514291
08514292
08514293
08514294
08514295
08514296
08514297
08514298
08514299
08514300
08514301
08514302
08514303
08514304
08514305
08514306
08514307
08514308
08514309
08514310
08514311
08514312
08514313
08514314
08514315
08514316
08514317
08514318
08514319
08514320
08514321
08514322
08514323
08514324
08514325
08514326
08514327
08514328
08514329
08514330
08514331
08514332
08514333
08514334
08514335
08514336
08514337
08514338
08514339
08514340
08514341
08514342
08514343
08514344
08514345
08514346
08514347
08514348
08514349
08514350
08514351
08514352
08514353
08514354
08514355
08514356
08514357
08514358
08514359
08514360
08514361
08514362
08514363
08514364
08514365
08514366
08514367
08514368
08514369
08514370
08514371
08514372
08514373
08514374
08514375
08514376
08514377
08514378
08514379
08514380
08514381
08514382
08514383
08514384
08514385
08514386
08514387
08514388
08514389
08514390
08514391
08514392
08514393
08514394
08514395
08514396
08514397
08514398
08514399
08514400
08514401
08514402
08514403
08514404
08514405
08514406
08514407
08514408
08514409
08514410
08514411
08514412
08514413
08514414
08514415
08514416
08514417
08514418
08514419
08514420
08514421
08514422
08514423
08514424
08514425
08514426
08514427
08514428
08514429
08514430
08514431
08514432
08514433
08514434
08514435
08514436
08514437
08514438
08514439
08514440
08514441
08514442
08514443
08514444
08514445
08514446
08514447
08514448
08514449
08514450
08514451
08514452
08514453
08514454
08514455
08514456
08514457
08514458
08514459
08514460
08514461
08514462
08514463
08514464
08514465
08514466
08514467
08514468
08514469
08514470
08514471
08514472
08514473
08514474
08514475
08514476
08514477
08514478
08514479
08514480
08514481
08514482
08514483
08514484
08514485
08514486
08514487
08514488
08514489
08514490
08514491
08514492
08514493
08514494
08514495
08514496
08514497
08514498
08514499
08514500
08514501
08514502
08514503
08514504
08514505
08514506
08514507
08514508
08514509
08514510
08514511
08514512
08514513
08514514
08514515
08514516
08514517
08514518
08514519
08514520
08514521
08514522
08514523
08514524
08514525
08514526
08514527
08514528
08514529
08514530
08514531
08514532
08514533
08514534
08514535
08514536
08514537
08514538
08514539
08514540
08514541
08514542
08514543
08514544
08514545
08514546
08514547
08514548
08514549
08514550
08514551
08514552
08514553
08514554
08514555
08514556
08514557
08514558
08514559
08514560
08514561
08514562
08514563
08514564
08514565
08514566
08514567
08514568
08514569
08514570
08514571
08514572
08514573
08514574
08514575
08514576
08514577
08514578
08514579
08514580
08514581
08514582
08514583
08514584
08514585
08514586
08514587
08514588
08514589
08514590
08514591
08514592
08514593
08514594
08514595
08514596
08514597
08514598
08514599
08514600
08514601
08514602
08514603
08514604
08514605
08514606
08514607
08514608
08514609
08514610
08514611
08514612
08514613
08514614
08514615
08514616
08514617
08514618
08514619
08514620
08514621
08514622
08514623
08514624
08514625
08514626
08514627
08514628
08514629
08514630
08514631
08514632
08514633
08514634
08514635
08514636
08514637
08514638
08514639
08514640
08514641
08514642
08514643
08514644
08514645
08514646
08514647
08514648
08514649
08514650
08514651
08514652
08514653
08514654
08514655
08514656
08514657
08514658
08514659
08514660
08514661
08514662
08514663
08514664
08514665
08514666
08514667
08514668
08514669
08514670
08514671
08514672
08514673
08514674
08514675
08514676
08514677
08514678
08514679
08514680
08514681
08514682
08514683
08514684
08514685
08514686
08514687
08514688
08514689
08514690
08514691
08514692
08514693
08514694
08514695
08514696
08514697
08514698
08514699
08514700
08514701
08514702
08514703
08514704
08514705
08514706
08514707
08514708
08514709
08514710
08514711
08514712
08514713
08514714
08514715
08514716
08514717
08514718
08514719
08514720
08514721
08514722
08514723
08514724
08514725
08514726
08514727
08514728
08514729
08514730
08514731
08514732
08514733
08514734
08514735
08514736
08514737
08514738
08514739
08514740
08514741
08514742
08514743
08514744
08514745
08514746
08514747
08514748
08514749
08514750
08514751
08514752
08514753
08514754
08514755
08514756
08514757
08514758
08514759
08514760
08514761
08514762
08514763
08514764
08514765
08514766
08514767
08514768
08514769
08514770
08514771
08514772
08514773
08514774
08514775
08514776
08514777
08514778
08514779
08514780
08514781
08514782
08514783
08514784
08514785
08514786
08514787
08514788
08514789
08514790
08514791
08514792
08514793
08514794
08514795
08514796
08514797
08514798
08514799
08514800
08514801
08514802
08514803
08514804
08514805
08514806
08514807
08514808
08514809
08514810
08514811
08514812
08514813
08514814
08514815
08514816
08514817
08514818
08514819
08514820
08514821
08514822
08514823
08514824
08514825
08514826
08514827
08514828
08514829
08514830
08514831
08514832
08514833
08514834
08514835
08514836
08514837
08514838
08514839
08514840
08514841
08514842
08514843
08514844
08514845
08514846
08514847
08514848
08514849
08514850
08514851
08514852
08514853
08514854
08514855
08514856
08514857
08514858
08514859
08514860
08514861
08514862
08514863
08514864
08514865
08514866
08514867
08514868
08514869
08514870
08514871
08514872
08514873
08514874
08514875
08514876
08514877
08514878
08514879
08514880
08514881
08514882
08514883
08514884
08514885
08514886
08514887
08514888
08514889
08514890
08514891
08514892
08514893
08514894
08514895
08514896
08514897
08514898
08514899
08514900
08514901
08514902
08514903
08514904
08514905
08514906
08514907
08514908
08514909
08514910
08514911
08514912
08514913
08514914
08514915
08514916
08514917
08514918
08514919
08514920
08514921
08514922
08514923
08514924
08514925
08514926
08514927
08514928
08514929
08514930
08514931
08514932
08514933
08514934
08514935
08514936
08514937
08514938
08514939
08514940
08514941
08514942
08514943
08514944
08514945
08514946
08514947
08514948
08514949
08514950
08514951
08514952
08514953
08514954
08514955
08514956
08514957
08514958
08514959
08514960
08514961
08514962
08514963
08514964
08514965
08514966
08514967
08514968
08514969
08514970
08514971
08514972
08514973
08514974
08514975
08514976
08514977
08514978
08514979
08514980
08514981
08514982
08514983
08514984
08514985
08514986
08514987
08514988
08514989
08514990
08514991
08514992
08514993
08514994
08514995
08514996
08514997
08514998
08514999
08515000
08515001
08515002
08515003
08515004
08515005
08515006
08515007
08515008
08515009
08515010
08515011
08515012
08515013
08515014
08515015
08515016
08515017
08515018
08515019
08515020
08515021
08515022
08515023
08515024
08515025
08515026
08515027
08515028
08515029
08515030
08515031
08515032
08515033
08515034
08515035
08515036
08515037
08515038
08515039
08515040
08515041
08515042
08515043
08515044
08515045
08515046
08515047
08515048
08515049
08515050
08515051
08515052
08515053
08515054
08515055
08515056
08515057
08515058
08515059
08515060
08515061
08515062
08515063
08515064
08515065
08515066
08515067
08515068
08515069
08515070
08515071
08515072
08515073
08515074
08515075
08515076
08515077
08515078
08515079
08515080
08515081
08515082
08515083
08515084
08515085
08515086
08515087
08515088
08515089
08515090
08515091
08515092
08515093
08515094
08515095
08515096
08515097
08515098
08515099
08515100
08515101
08515102
08515103
08515104
08515105
08515106
08515107
08515108
08515109
08515110
08515111
08515112
08515113
08515114
08515115
08515116
08515117
08515118
08515119
08515120
08515121
08515122
08515123
08515124
08515125
08515126
08515127
08515128
08515129
08515130
08515131
08515132
08515133
08515134
08515135
08515136
08515137
08515138
08515139
08515140
08515141
08515142
08515143
08515144
08515145
08515146
08515147
08515148
08515149
08515150
08515151
08515152
08515153
08515154
08515155
08515156
08515157
08515158
08515159
08515160
08515161
08515162
08515163
08515164
08515165
08515166
08515167
08515168
08515169
08515170
08515171
08515172
08515173
08515174
08515175
08515176
08515177
08515178
08515179
08515180
08515181
08515182
08515183
08515184
08515185
08515186
08515187
08515188
08515189
08515190
08515191
08515192
08515193
08515194
08515195
08515196
08515197
08515198
08515199
08515200
08515201
08515202
08515203
08515204
08515205
08515206
08515207
08515208
08515209
08515210
08515211
08515212
08515213
08515214
08515215
08515216
08515217
08515218
08515219
08515220
08515221
08515222
08515223
08515224
08515225
08515226
08515227
08515228
08515229
08515230
08515231
08515232
08515233
08515234
08515235
08515236
08515237
08515238
08515239
08515240
08515241
08515242
08515243
08515244
08515245
08515246
08515247
08515248
08515249
08515250
08515251
08515252
08515253
08515254
08515255
08515256
08515257
08515258
08515259
08515260
08515261
08515262
08515263
08515264
08515265
08515266
08515267
08515268
08515269
08515270
08515271
08515272
08515273
08515274
08515275
08515276
08515277
08515278
08515279
08515280
08515281
08515282
08515283
08515284
08515285
08515286
08515287
08515288
08515289
08515290
08515291
08515292
08515293
08515294
08515295
08515296
08515297
08515298
08515299
08515300
08515301
08515302
08515303
08515304
08515305
08515306
08515307
08515308
08515309
08515310
08515311
08515312
08515313
08515314
08515315
08515316
08515317
08515318
08515319
08515320
08515321
08515322
08515323
08515324
08515325
08515326
08515327
08515328
08515329
08515330
08515331
08515332
08515333
08515334
08515335
08515336
08515337
08515338
08515339
08515340
08515341
08515342
08515343
08515344
08515345
08515346
08515347
08515348
08515349
08515350
08515351
08515352
08515353
08515354
08515355
08515356
08515357
08515358
08515359
08515360
08515361
08515362
08515363
08515364
08515365
08515366
08515367
08515368
08515369
08515370
08515371
08515372
08515373
08515374
08515375
08515376
08515377
08515378
08515379
08515380
08515381
08515382
08515383
08515384
08515385
08515386
08515387
08515388
08515389
08515390
08515391
08515392
08515393
08515394
08515395
08515396
08515397
08515398
08515399
08515400
08515401
08515402
08515403
08515404
08515405
08515406
08515407
08515408
08515409
08515410
08515411
08515412
08515413
08515414
08515415
08515416
08515417
08515418
08515419
08515420
08515421
08515422
08515423
08515424
08515425
08515426
08515427
08515428
08515429
08515430
08515431
08515432
08515433
08515434
08515435
08515436
08515437
08515438
08515439
08515440
08515441
08515442
08515443
08515444
08515445
08515446
08515447
08515448
08515449
08515450
08515451
08515452
08515453
08515454
08515455
08515456
08515457
08515458
08515459
08515460
08515461
08515462
08515463
08515464
08515465
08515466
08515467
08515468
08515469
08515470
08515471
08515472
08515473
08515474
08515475
08515476
08515477
08515478
08515479
08515480
08515481
08515482
08515483
08515484
08515485
08515486
08515487
08515488
08515489
08515490
08515491
08515492
08515493
08515494
08515495
08515496
08515497
08515498
08515499
08515500
08515501
08515502
08515503
08515504
08515505
08515506
08515507
08515508
08515509
08515510
08515511
08515512
08515513
08515514
08515515
08515516
08515517
08515518
08515519
08515520
08515521
08515522
08515523
08515524
08515525
08515526
08515527
08515528
08515529
08515530
08515531
08515532
08515533
08515534
08515535
08515536
08515537
08515538
08515539
08515540
08515541
08515542
08515543
08515544
08515545
08515546
08515547
08515548
08515549
08515550
08515551
08515552
08515553
08515554
08515555
08515556
08515557
08515558
08515559
08515560
08515561
08515562
08515563
08515564
08515565
08515566
08515567
08515568
08515569
08515570
08515571
08515572
08515573
08515574
08515575
08515576
08515577
08515578
08515579
08515580
08515581
08515582
08515583
08515584
08515585
08515586
08515587
08515588
08515589
08515590
08515591
08515592
08515593
08515594
08515595
08515596
08515597
08515598
08515599
08515600
08515601
08515602
08515603
08515604
08515605
08515606
08515607
08515608
08515609
08515610
08515611
08515612
08515613
08515614
08515615
08515616
08515617
08515618
08515619
08515620
08515621
08515622
08515623
08515624
08515625
08515626
08515627
08515628
08515629
08515630
08515631
08515632
08515633
08515634
08515635
08515636
08515637
08515638
08515639
08515640
08515641
08515642
08515643
08515644
08515645
08515646
08515647
08515648
08515649
08515650
08515651
08515652
08515653
08515654
08515655
08515656
08515657
08515658
08515659
08515660
08515661
08515662
08515663
08515664
08515665
08515666
08515667
08515668
08515669
08515670
08515671
08515672
08515673
08515674
08515675
08515676
08515677
08515678
08515679
08515680
08515681
08515682
08515683
08515684
08515685
08515686
08515687
08515688
08515689
08515690
08515691
08515692
08515693
08515694
08515695
08515696
08515697
08515698
08515699
08515700
08515701
08515702
08515703
08515704
08515705
08515706
08515707
08515708
08515709
08515710
08515711
08515712
08515713
08515714
08515715
08515716
08515717
08515718
08515719
08515720
08515721
08515722
08515723
08515724
08515725
08515726
08515727
08515728
08515729
08515730
08515731
08515732
08515733
08515734
08515735
08515736
08515737
08515738
08515739
08515740
08515741
08515742
08515743
08515744
08515745
08515746
08515747
08515748
08515749
08515750
08515751
08515752
08515753
08515754
08515755
08515756
08515757
08515758
08515759
08515760
08515761
08515762
08515763
08515764
08515765
08515766
08515767
08515768
08515769
08515770
08515771
08515772
08515773
08515774
08515775
08515776
08515777
08515778
08515779
08515780
08515781
08515782
08515783
08515784
08515785
08515786
08515787
08515788
08515789
08515790
08515791
08515792
08515793
08515794
08515795
08515796
08515797
08515798
08515799
08515800
08515801
08515802
08515803
08515804
08515805
08515806
08515807
08515808
08515809
08515810
08515811
08515812
08515813
08515814
08515815
08515816
08515817
08515818
08515819
08515820
08515821
08515822
08515823
08515824
08515825
08515826
08515827
08515828
08515829
08515830
08515831
08515832
08515833
08515834
08515835
08515836
08515837
08515838
08515839
08515840
08515841
08515842
08515843
08515844
08515845
08515846
08515847
08515848
08515849
08515850
08515851
08515852
08515853
08515854
08515855
08515856
08515857
08515858
08515859
08515860
08515861
08515862
08515863
08515864
08515865
08515866
08515867
08515868
08515869
08515870
08515871
08515872
08515873
08515874
08515875
08515876
08515877
08515878
08515879
08515880
08515881
08515882
08515883
08515884
08515885
08515886
08515887
08515888
08515889
08515890
08515891
08515892
08515893
08515894
08515895
08515896
08515897
08515898
08515899
08515900
08515901
08515902
08515903
08515904
08515905
08515906
08515907
08515908
08515909
08515910
08515911
08515912
08515913
08515914
08515915
08515916
08515917
08515918
08515919
08515920
08515921
08515922
08515923
08515924
08515925
08515926
08515927
08515928
08515929
08515930
08515931
08515932
08515933
08515934
08515935
08515936
08515937
08515938
08515939
08515940
08515941
08515942
08515943
08515944
08515945
08515946
08515947
08515948
08515949
08515950
08515951
08515952
08515953
08515954
08515955
08515956
08515957
08515958
08515959
08515960
08515961
08515962
08515963
08515964
08515965
08515966
08515967
08515968
08515969
08515970
08515971
08515972
08515973
08515974
08515975
08515976
08515977
08515978
08515979
08515980
08515981
08515982
08515983
08515984
08515985
08515986
08515987
08515988
08515989
08515990
08515991
08515992
08515993
08515994
08515995
08515996
08515997
08515998
08515999
08516000
08516001
08516002
08516003
08516004
08516005
08516006
08516007
08516008
08516009
08516010
08516011
08516012
08516013
08516014
08516015
08516016
08516017
08516018
08516019
08516020
08516021
08516022
08516023
08516024
08516025
08516026
08516027
08516028
08516029
08516030
08516031
08516032
08516033
08516034
08516035
08516036
08516037
08516038
08516039
08516040
08516041
08516042
08516043
08516044
08516045
08516046
08516047
08516048
08516049
08516050
08516051
08516052
08516053
08516054
08516055
08516056
08516057
08516058
08516059
08516060
08516061
08516062
08516063
08516064
08516065
08516066
08516067
08516068
08516069
08516070
08516071
08516072
08516073
08516074
08516075
08516076
08516077
08516078
08516079
08516080
08516081
08516082
08516083
08516084
08516085
08516086
08516087
08516088
08516089
08516090
08516091
08516092
08516093
08516094
08516095
08516096
08516097
08516098
08516099
08516100
08516101
08516102
08516103
08516104
08516105
08516106
08516107
08516108
08516109
08516110
08516111
08516112
08516113
08516114
08516115
08516116
08516117
08516118
08516119
08516120
08516121
08516122
08516123
08516124
08516125
08516126
08516127
08516128
08516129
08516130
08516131
08516132
08516133
08516134
08516135
08516136
08516137
08516138
08516139
08516140
08516141
08516142
08516143
08516144
08516145
08516146
08516147
08516148
08516149
08516150
08516151
08516152
08516153
08516154
08516155
08516156
08516157
08516158
08516159
08516160
08516161
08516162
08516163
08516164
08516165
08516166
08516167
08516168
08516169
08516170
08516171
08516172
08516173
08516174
08516175
08516176
08516177
08516178
08516179
08516180
08516181
08516182
08516183
08516184
08516185
08516186
08516187
08516188
08516189
08516190
08516191
08516192
08516193
08516194
08516195
08516196
08516197
08516198
08516199
08516200
08516201
08516202
08516203
08516204
08516205
08516206
08516207
08516208
08516209
08516210
08516211
08516212
08516213
08516214
08516215
08516216
08516217
08516218
08516219
08516220
08516221
08516222
08516223
08516224
08516225
08516226
08516227
08516228
08516229
08516230
08516231
08516232
08516233
08516234
08516235
08516236
08516237
08516238
08516239
08516240
08516241
08516242
08516243
08516244
08516245
08516246
08516247
08516248
08516249
08516250
08516251
08516252
08516253
08516254
08516255
08516256
08516257
08516258
08516259
08516260
08516261
08516262
08516263
08516264
08516265
08516266
08516267
08516268
08516269
08516270
08516271
08516272
08516273
08516274
08516275
08516276
08516277
08516278
08516279
08516280
08516281
08516282
08516283
08516284
08516285
08516286
08516287
08516288
08516289
08516290
08516291
08516292
08516293
08516294
08516295
08516296
08516297
08516298
08516299
08516300
08516301
08516302
08516303
08516304
08516305
08516306
08516307
08516308
08516309
08516310
08516311
08516312
08516313
08516314
08516315
08516316
08516317
08516318
08516319
08516320
08516321
08516322
08516323
08516324
08516325
08516326
08516327
08516328
08516329
08516330
08516331
08516332
08516333
08516334
08516335
08516336
08516337
08516338
08516339
08516340
08516341
08516342
08516343
08516344
08516345
08516346
08516347
08516348
08516349
08516350
08516351
08516352
08516353
08516354
08516355
08516356
08516357
08516358
08516359
08516360
08516361
08516362
08516363
08516364
08516365
08516366
08516367
08516368
08516369
08516370
08516371
08516372
08516373
08516374
08516375
08516376
08516377
08516378
08516379
08516380
08516381
08516382
08516383
08516384
08516385
08516386
08516387
08516388
08516389
08516390
08516391
08516392
08516393
08516394
08516395
08516396
08516397
08516398
08516399
08516400
08516401
08516402
08516403
08516404
08516405
08516406
08516407
08516408
08516409
08516410
08516411
08516412
08516413
08516414
08516415
08516416
08516417
08516418
08516419
08516420
08516421
08516422
08516423
08516424
08516425
08516426
08516427
08516428
08516429
08516430
08516431
08516432
08516433
08516434
08516435
08516436
08516437
08516438
08516439
08516440
08516441
08516442
08516443
08516444
08516445
08516446
08516447
08516448
08516449
08516450
08516451
08516452
08516453
08516454
08516455
08516456
08516457
08516458
08516459
08516460
08516461
08516462
08516463
08516464
08516465
08516466
08516467
08516468
08516469
08516470
08516471
08516472
08516473
08516474
08516475
08516476
08516477
08516478
08516479
08516480
08516481
08516482
08516483
08516484
08516485
08516486
08516487
08516488
08516489
08516490
08516491
08516492
08516493
08516494
08516495
08516496
08516497
08516498
08516499
08516500
08516501
08516502
08516503
08516504
08516505
08516506
08516507
08516508
08516509
08516510
08516511
08516512
08516513
08516514
08516515
08516516
08516517
08516518
08516519
08516520
08516521
08516522
08516523
08516524
08516525
08516526
08516527
08516528
08516529
08516530
08516531
08516532
08516533
08516534
08516535
08516536
08516537
08516538
08516539
08516540
08516541
08516542
08516543
08516544
08516545
08516546
08516547
08516548
08516549
08516550
08516551
08516552
08516553
08516554
08516555
08516556
08516557
08516558
08516559
08516560
08516561
08516562
08516563
08516564
08516565
08516566
08516567
08516568
08516569
08516570
08516571
08516572
08516573
08516574
08516575
08516576
08516577
08516578
08516579
08516580
08516581
08516582
08516583
08516584
08516585
08516586
08516587
08516588
08516589
08516590
08516591
08516592
08516593
08516594
08516595
08516596
08516597
08516598
08516599
08516600
08516601
08516602
08516603
08516604
08516605
08516606
08516607
08516608
08516609
08516610
08516611
08516612
08516613
08516614
08516615
08516616
08516617
08516618
08516619
08516620
08516621
08516622
08516623
08516624
08516625
08516626
08516627
08516628
08516629
08516630
08516631
08516632
08516633
08516634
08516635
08516636
08516637
08516638
08516639
08516640
08516641
08516642
08516643
08516644
08516645
08516646
08516647
08516648
08516649
08516650
08516651
08516652
08516653
08516654
08516655
08516656
08516657
08516658
08516659
08516660
08516661
08516662
08516663
08516664
08516665
08516666
08516667
08516668
08516669
08516670
08516671
08516672
08516673
08516674
08516675
08516676
08516677
08516678
08516679
08516680
08516681
08516682
08516683
08516684
08516685
08516686
08516687
08516688
08516689
08516690
08516691
08516692
08516693
08516694
08516695
08516696
08516697
08516698
08516699
08516700
08516701
08516702
08516703
08516704
08516705
08516706
08516707
08516708
08516709
08516710
08516711
08516712
08516713
08516714
08516715
08516716
08516717
08516718
08516719
08516720
08516721
08516722
08516723
08516724
08516725
08516726
08516727
08516728
08516729
08516730
08516731
08516732
08516733
08516734
08516735
08516736
08516737
08516738
08516739
08516740
08516741
08516742
08516743
08516744
08516745
08516746
08516747
08516748
08516749
08516750
08516751
08516752
08516753
08516754
08516755
08516756
08516757
08516758
08516759
08516760
08516761
08516762
08516763
08516764
08516765
08516766
08516767
08516768
08516769
08516770
08516771
08516772
08516773
08516774
08516775
08516776
08516777
08516778
08516779
08516780
08516781
08516782
08516783
08516784
08516785
08516786
08516787
08516788
08516789
08516790
08516791
08516792
08516793
08516794
08516795
08516796
08516797
08516798
08516799
08516800
08516801
08516802
08516803
08516804
08516805
08516806
08516807
08516808
08516809
08516810
08516811
08516812
08516813
08516814
08516815
08516816
08516817
08516818
08516819
08516820
08516821
08516822
08516823
08516824
08516825
08516826
08516827
08516828
08516829
08516830
08516831
08516832
08516833
08516834
08516835
08516836
08516837
08516838
08516839
08516840
08516841
08516842
08516843
08516844
08516845
08516846
08516847
08516848
08516849
08516850
08516851
08516852
08516853
08516854
08516855
08516856
08516857
08516858
08516859
08516860
08516861
08516862
08516863
08516864
08516865
08516866
08516867
08516868
08516869
08516870
08516871
08516872
08516873
08516874
08516875
08516876
08516877
08516878
08516879
08516880
08516881
08516882
08516883
08516884
08516885
08516886
08516887
08516888
08516889
08516890
08516891
08516892
08516893
08516894
08516895
08516896
08516897
08516898
08516899
08516900
08516901
08516902
08516903
08516904
08516905
08516906
08516907
08516908
08516909
08516910
08516911
08516912
08516913
08516914
08516915
08516916
08516917
08516918
08516919
08516920
08516921
08516922
08516923
08516924
08516925
08516926
08516927
08516928
08516929
08516930
08516931
08516932
08516933
08516934
08516935
08516936
08516937
08516938
08516939
08516940
08516941
08516942
08516943
08516944
08516945
08516946
08516947
08516948
08516949
08516950
08516951
08516952
08516953
08516954
08516955
08516956
08516957
08516958
08516959
08516960
08516961
08516962
08516963
08516964
08516965
08516966
08516967
08516968
08516969
08516970
08516971
08516972
08516973
08516974
08516975
08516976
08516977
08516978
08516979
08516980
08516981
08516982
08516983
08516984
08516985
08516986
08516987
08516988
08516989
08516990
08516991
08516992
08516993
08516994
08516995
08516996
08516997
08516998
08516999
08517000
08517001
08517002
08517003
08517004
08517005
08517006
08517007
08517008
08517009
08517010
08517011
08517012
08517013
08517014
08517015
08517016
08517017
08517018
08517019
08517020
08517021
08517022
08517023
08517024
08517025
08517026
08517027
08517028
08517029
08517030
08517031
08517032
08517033
08517034
08517035
08517036
08517037
08517038
08517039
08517040
08517041
08517042
08517043
08517044
08517045
08517046
08517047
08517048
08517049
08517050
08517051
08517052
08517053
08517054
08517055
08517056
08517057
08517058
08517059
08517060
08517061
08517062
08517063
08517064
08517065
08517066
08517067
08517068
08517069
08517070
08517071
08517072
08517073
08517074
08517075
08517076
08517077
08517078
08517079
08517080
08517081
08517082
08517083
08517084
08517085
08517086
08517087
08517088
08517089
08517090
08517091
08517092
08517093
08517094
08517095
08517096
08517097
08517098
08517099
08517100
08517101
08517102
08517103
08517104
08517105
08517106
08517107
08517108
08517109
08517110
08517111
08517112
08517113
08517114
08517115
08517116
08517117
08517118
08517119
08517120
08517121
08517122
08517123
08517124
08517125
08517126
08517127
08517128
08517129
08517130
08517131
08517132
08517133
08517134
08517135
08517136
08517137
08517138
08517139
08517140
08517141
08517142
08517143
08517144
08517145
08517146
08517147
08517148
08517149
08517150
08517151
08517152
08517153
08517154
08517155
08517156
08517157
08517158
08517159
08517160
08517161
08517162
08517163
08517164
08517165
08517166
08517167
08517168
08517169
08517170
08517171
08517172
08517173
08517174
08517175
08517176
08517177
08517178
08517179
08517180
08517181
08517182
08517183
08517184
08517185
08517186
08517187
08517188
08517189
08517190
08517191
08517192
08517193
08517194
08517195
08517196
08517197
08517198
08517199
08517200
08517201
08517202
08517203
08517204
08517205
08517206
08517207
08517208
08517209
08517210
08517211
08517212
08517213
08517214
08517215
08517216
08517217
08517218
08517219
08517220
08517221
08517222
08517223
08517224
08517225
08517226
08517227
08517228
08517229
08517230
08517231
08517232
08517233
08517234
08517235
08517236
08517237
08517238
08517239
08517240
08517241
08517242
08517243
08517244
08517245
08517246
08517247
08517248
08517249
08517250
08517251
08517252
08517253
08517254
08517255
08517256
08517257
08517258
08517259
08517260
08517261
08517262
08517263
08517264
08517265
08517266
08517267
08517268
08517269
08517270
08517271
08517272
08517273
08517274
08517275
08517276
08517277
08517278
08517279
08517280
08517281
08517282
08517283
08517284
08517285
08517286
08517287
08517288
08517289
08517290
08517291
08517292
08517293
08517294
08517295
08517296
08517297
08517298
08517299
08517300
08517301
08517302
08517303
08517304
08517305
08517306
08517307
08517308
08517309
08517310
08517311
08517312
08517313
08517314
08517315
08517316
08517317
08517318
08517319
08517320
08517321
08517322
08517323
08517324
08517325
08517326
08517327
08517328
08517329
08517330
08517331
08517332
08517333
08517334
08517335
08517336
08517337
08517338
08517339
08517340
08517341
08517342
08517343
08517344
08517345
08517346
08517347
08517348
08517349
08517350
08517351
08517352
08517353
08517354
08517355
08517356
08517357
08517358
08517359
08517360
08517361
08517362
08517363
08517364
08517365
08517366
08517367
08517368
08517369
08517370
08517371
08517372
08517373
08517374
08517375
08517376
08517377
08517378
08517379
08517380
08517381
08517382
08517383
08517384
08517385
08517386
08517387
08517388
08517389
08517390
08517391
08517392
08517393
08517394
08517395
08517396
08517397
08517398
08517399
08517400
08517401
08517402
08517403
08517404
08517405
08517406
08517407
08517408
08517409
08517410
08517411
08517412
08517413
08517414
08517415
08517416
08517417
08517418
08517419
08517420
08517421
08517422
08517423
08517424
08517425
08517426
08517427
08517428
08517429
08517430
08517431
08517432
08517433
08517434
08517435
08517436
08517437
08517438
08517439
08517440
08517441
08517442
08517443
08517444
08517445
08517446
08517447
08517448
08517449
08517450
08517451
08517452
08517453
08517454
08517455
08517456
08517457
08517458
08517459
08517460
08517461
08517462
08517463
08517464
08517465
08517466
08517467
08517468
08517469
08517470
08517471
08517472
08517473
08517474
08517475
08517476
08517477
08517478
08517479
08517480
08517481
08517482
08517483
08517484
08517485
08517486
08517487
08517488
08517489
08517490
08517491
08517492
08517493
08517494
08517495
08517496
08517497
08517498
08517499
08517500
08517501
08517502
08517503
08517504
08517505
08517506
08517507
08517508
08517509
08517510
08517511
08517512
08517513
08517514
08517515
08517516
08517517
08517518
08517519
08517520
08517521
08517522
08517523
08517524
08517525
08517526
08517527
08517528
08517529
08517530
08517531
08517532
08517533
08517534
08517535
08517536
08517537
08517538
08517539
08517540
08517541
08517542
08517543
08517544
08517545
08517546
08517547
08517548
08517549
08517550
08517551
08517552
08517553
08517554
08517555
08517556
08517557
08517558
08517559
08517560
08517561
08517562
08517563
08517564
08517565
08517566
08517567
08517568
08517569
08517570
08517571
08517572
08517573
08517574
08517575
08517576
08517577
08517578
08517579
08517580
08517581
08517582
08517583
08517584
08517585
08517586
08517587
08517588
08517589
08517590
08517591
08517592
08517593
08517594
08517595
08517596
08517597
08517598
08517599
08517600
08517601
08517602
08517603
08517604
08517605
08517606
08517607
08517608
08517609
08517610
08517611
08517612
08517613
08517614
08517615
08517616
08517617
08517618
08517619
08517620
08517621
08517622
08517623
08517624
08517625
08517626
08517627
08517628
08517629
08517630
08517631
08517632
08517633
08517634
08517635
08517636
08517637
08517638
08517639
08517640
08517641
08517642
08517643
08517644
08517645
08517646
08517647
08517648
08517649
08517650
08517651
08517652
08517653
08517654
08517655
08517656
08517657
08517658
08517659
08517660
08517661
08517662
08517663
08517664
08517665
08517666
08517667
08517668
08517669
08517670
08517671
08517672
08517673
08517674
08517675
08517676
08517677
08517678
08517679
08517680
08517681
08517682
08517683
08517684
08517685
08517686
08517687
08517688
08517689
08517690
08517691
08517692
08517693
08517694
08517695
08517696
08517697
08517698
08517699
08517700
08517701
08517702
08517703
08517704
08517705
08517706
08517707
08517708
08517709
08517710
08517711
08517712
08517713
08517714
08517715
08517716
08517717
08517718
08517719
08517720
08517721
08517722
08517723
08517724
08517725
08517726
08517727
08517728
08517729
08517730
08517731
08517732
08517733
08517734
08517735
08517736
08517737
08517738
08517739
08517740
08517741
08517742
08517743
08517744
08517745
08517746
08517747
08517748
08517749
08517750
08517751
08517752
08517753
08517754
08517755
08517756
08517757
08517758
08517759
08517760
08517761
08517762
08517763
08517764
08517765
08517766
08517767
08517768
08517769
08517770
08517771
08517772
08517773
08517774
08517775
08517776
08517777
08517778
08517779
08517780
08517781
08517782
08517783
08517784
08517785
08517786
08517787
08517788
08517789
08517790
08517791
08517792
08517793
08517794
08517795
08517796
08517797
08517798
08517799
08517800
08517801
08517802
08517803
08517804
08517805
08517806
08517807
08517808
08517809
08517810
08517811
08517812
08517813
08517814
08517815
08517816
08517817
08517818
08517819
08517820
08517821
08517822
08517823
08517824
08517825
08517826
08517827
08517828
08517829
08517830
08517831
08517832
08517833
08517834
08517835
08517836
08517837
08517838
08517839
08517840
08517841
08517842
08517843
08517844
08517845
08517846
08517847
08517848
08517849
08517850
08517851
08517852
08517853
08517854
08517855
08517856
08517857
08517858
08517859
08517860
08517861
08517862
08517863
08517864
08517865
08517866
08517867
08517868
08517869
08517870
08517871
08517872
08517873
08517874
08517875
08517876
08517877
08517878
08517879
08517880
08517881
08517882
08517883
08517884
08517885
08517886
08517887
08517888
08517889
08517890
08517891
08517892
08517893
08517894
08517895
08517896
08517897
08517898
08517899
08517900
08517901
08517902
08517903
08517904
08517905
08517906
08517907
08517908
08517909
08517910
08517911
08517912
08517913
08517914
08517915
08517916
08517917
08517918
08517919
08517920
08517921
08517922
08517923
08517924
08517925
08517926
08517927
08517928
08517929
08517930
08517931
08517932
08517933
08517934
08517935
08517936
08517937
08517938
08517939
08517940
08517941
08517942
08517943
08517944
08517945
08517946
08517947
08517948
08517949
08517950
08517951
08517952
08517953
08517954
08517955
08517956
08517957
08517958
08517959
08517960
08517961
08517962
08517963
08517964
08517965
08517966
08517967
08517968
08517969
08517970
08517971
08517972
08517973
08517974
08517975
08517976
08517977
08517978
08517979
08517980
08517981
08517982
08517983
08517984
08517985
08517986
08517987
08517988
08517989
08517990
08517991
08517992
08517993
08517994
08517995
08517996
08517997
08517998
08517999
08518000
08518001
08518002
08518003
08518004
08518005
08518006
08518007
08518008
08518009
08518010
08518011
08518012
08518013
08518014
08518015
08518016
08518017
08518018
08518019
08518020
08518021
08518022
08518023
08518024
08518025
08518026
08518027
08518028
08518029
08518030
08518031
08518032
08518033
08518034
08518035
08518036
08518037
08518038
08518039
08518040
08518041
08518042
08518043
08518044
08518045
08518046
08518047
08518048
08518049
08518050
08518051
08518052
08518053
08518054
08518055
08518056
08518057
08518058
08518059
08518060
08518061
08518062
08518063
08518064
08518065
08518066
08518067
08518068
08518069
08518070
08518071
08518072
08518073
08518074
08518075
08518076
08518077
08518078
08518079
08518080
08518081
08518082
08518083
08518084
08518085
08518086
08518087
08518088
08518089
08518090
08518091
08518092
08518093
08518094
08518095
08518096
08518097
08518098
08518099
08518100
08518101
08518102
08518103
08518104
08518105
08518106
08518107
08518108
08518109
08518110
08518111
08518112
08518113
08518114
08518115
08518116
08518117
08518118
08518119
08518120
08518121
08518122
08518123
08518124
08518125
08518126
08518127
08518128
08518129
08518130
08518131
08518132
08518133
08518134
08518135
08518136
08518137
08518138
08518139
08518140
08518141
08518142
08518143
08518144
08518145
08518146
08518147
08518148
08518149
08518150
08518151
08518152
08518153
08518154
08518155
08518156
08518157
08518158
08518159
08518160
08518161
08518162
08518163
08518164
08518165
08518166
08518167
08518168
08518169
08518170
08518171
08518172
08518173
08518174
08518175
08518176
08518177
08518178
08518179
08518180
08518181
08518182
08518183
08518184
08518185
08518186
08518187
08518188
08518189
08518190
08518191
08518192
08518193
08518194
08518195
08518196
08518197
08518198
08518199
08518200
08518201
08518202
08518203
08518204
08518205
08518206
08518207
08518208
08518209
08518210
08518211
08518212
08518213
08518214
08518215
08518216
08518217
08518218
08518219
08518220
08518221
08518222
08518223
08518224
08518225
08518226
08518227
08518228
08518229
08518230
08518231
08518232
08518233
08518234
08518235
08518236
08518237
08518238
08518239
08518240
08518241
08518242
08518243
08518244
08518245
08518246
08518247
08518248
08518249
08518250
08518251
08518252
08518253
08518254
08518255
08518256
08518257
08518258
08518259
08518260
08518261
08518262
08518263
08518264
08518265
08518266
08518267
08518268
08518269
08518270
08518271
08518272
08518273
08518274
08518275
08518276
08518277
08518278
08518279
08518280
08518281
08518282
08518283
08518284
08518285
08518286
08518287
08518288
08518289
08518290
08518291
08518292
08518293
08518294
08518295
08518296
08518297
08518298
08518299
08518300
08518301
08518302
08518303
08518304
08518305
08518306
08518307
08518308
08518309
08518310
08518311
08518312
08518313
08518314
08518315
08518316
08518317
08518318
08518319
08518320
08518321
08518322
08518323
08518324
08518325
08518326
08518327
08518328
08518329
08518330
08518331
08518332
08518333
08518334
08518335
08518336
08518337
08518338
08518339
08518340
08518341
08518342
08518343
08518344
08518345
08518346
08518347
08518348
08518349
08518350
08518351
08518352
08518353
08518354
08518355
08518356
08518357
08518358
08518359
08518360
08518361
08518362
08518363
08518364
08518365
08518366
08518367
08518368
08518369
08518370
08518371
08518372
08518373
08518374
08518375
08518376
08518377
08518378
08518379
08518380
08518381
08518382
08518383
08518384
08518385
08518386
08518387
08518388
08518389
08518390
08518391
08518392
08518393
08518394
08518395
08518396
08518397
08518398
08518399
08518400
08518401
08518402
08518403
08518404
08518405
08518406
08518407
08518408
08518409
08518410
08518411
08518412
08518413
08518414
08518415
08518416
08518417
08518418
08518419
08518420
08518421
08518422
08518423
08518424
08518425
08518426
08518427
08518428
08518429
08518430
08518431
08518432
08518433
08518434
08518435
08518436
08518437
08518438
08518439
08518440
08518441
08518442
08518443
08518444
08518445
08518446
08518447
08518448
08518449
08518450
08518451
08518452
08518453
08518454
08518455
08518456
08518457
08518458
08518459
08518460
08518461
08518462
08518463
08518464
08518465
08518466
08518467
08518468
08518469
08518470
08518471
08518472
08518473
08518474
08518475
08518476
08518477
08518478
08518479
08518480
08518481
08518482
08518483
08518484
08518485
08518486
08518487
08518488
08518489
08518490
08518491
08518492
08518493
08518494
08518495
08518496
08518497
08518498
08518499
08518500
08518501
08518502
08518503
08518504
08518505
08518506
08518507
08518508
08518509
08518510
08518511
08518512
08518513
08518514
08518515
08518516
08518517
08518518
08518519
08518520
08518521
08518522
08518523
08518524
08518525
08518526
08518527
08518528
08518529
08518530
08518531
08518532
08518533
08518534
08518535
08518536
08518537
08518538
08518539
08518540
08518541
08518542
08518543
08518544
08518545
08518546
08518547
08518548
08518549
08518550
08518551
08518552
08518553
08518554
08518555
08518556
08518557
08518558
08518559
08518560
08518561
08518562
08518563
08518564
08518565
08518566
08518567
08518568
08518569
08518570
08518571
08518572
08518573
08518574
08518575
08518576
08518577
08518578
08518579
08518580
08518581
08518582
08518583
08518584
08518585
08518586
08518587
08518588
08518589
08518590
08518591
08518592
08518593
08518594
08518595
08518596
08518597
08518598
08518599
08518600
08518601
08518602
08518603
08518604
08518605
08518606
08518607
08518608
08518609
08518610
08518611
08518612
08518613
08518614
08518615
08518616
08518617
08518618
08518619
08518620
08518621
08518622
08518623
08518624
08518625
08518626
08518627
08518628
08518629
08518630
08518631
08518632
08518633
08518634
08518635
08518636
08518637
08518638
08518639
08518640
08518641
08518642
08518643
08518644
08518645
08518646
08518647
08518648
08518649
08518650
08518651
08518652
08518653
08518654
08518655
08518656
08518657
08518658
08518659
08518660
08518661
08518662
08518663
08518664
08518665
08518666
08518667
08518668
08518669
08518670
08518671
08518672
08518673
08518674
08518675
08518676
08518677
08518678
08518679
08518680
08518681
08518682
08518683
08518684
08518685
08518686
08518687
08518688
08518689
08518690
08518691
08518692
08518693
08518694
08518695
08518696
08518697
08518698
08518699
08518700
08518701
08518702
08518703
08518704
08518705
08518706
08518707
08518708
08518709
08518710
08518711
08518712
08518713
08518714
08518715
08518716
08518717
08518718
08518719
08518720
08518721
08518722
08518723
08518724
08518725
08518726
08518727
08518728
08518729
08518730
08518731
08518732
08518733
08518734
08518735
08518736
08518737
08518738
08518739
08518740
08518741
08518742
08518743
08518744
08518745
08518746
08518747
08518748
08518749
08518750
08518751
08518752
08518753
08518754
08518755
08518756
08518757
08518758
08518759
08518760
08518761
08518762
08518763
08518764
08518765
08518766
08518767
08518768
08518769
08518770
08518771
08518772
08518773
08518774
08518775
08518776
08518777
08518778
08518779
08518780
08518781
08518782
08518783
08518784
08518785
08518786
08518787
08518788
08518789
08518790
08518791
08518792
08518793
08518794
08518795
08518796
08518797
08518798
08518799
08518800
08518801
08518802
08518803
08518804
08518805
08518806
08518807
08518808
08518809
08518810
08518811
08518812
08518813
08518814
08518815
08518816
08518817
08518818
08518819
08518820
08518821
08518822
08518823
08518824
08518825
08518826
08518827
08518828
08518829
08518830
08518831
08518832
08518833
08518834
08518835
08518836
08518837
08518838
08518839
08518840
08518841
08518842
08518843
08518844
08518845
08518846
08518847
08518848
08518849
08518850
08518851
08518852
08518853
08518854
08518855
08518856
08518857
08518858
08518859
08518860
08518861
08518862
08518863
08518864
08518865
08518866
08518867
08518868
08518869
08518870
08518871
08518872
08518873
08518874
08518875
08518876
08518877
08518878
08518879
08518880
08518881
08518882
08518883
08518884
08518885
08518886
08518887
08518888
08518889
