08558890
08558891
08558892
08558893
08558894
08558895
08558896
08558897
08558898
08558899
08558900
08558901
08558902
08558903
08558904
08558905
08558906
08558907
08558908
08558909
08558910
08558911
08558912
08558913
08558914
08558915
08558916
08558917
08558918
08558919
08558920
08558921
08558922
08558923
08558924
08558925
08558926
08558927
08558928
08558929
08558930
08558931
08558932
08558933
08558934
08558935
08558936
08558937
08558938
08558939
08558940
08558941
08558942
08558943
08558944
08558945
08558946
08558947
08558948
08558949
08558950
08558951
08558952
08558953
08558954
08558955
08558956
08558957
08558958
08558959
08558960
08558961
08558962
08558963
08558964
08558965
08558966
08558967
08558968
08558969
08558970
08558971
08558972
08558973
08558974
08558975
08558976
08558977
08558978
08558979
08558980
08558981
08558982
08558983
08558984
08558985
08558986
08558987
08558988
08558989
08558990
08558991
08558992
08558993
08558994
08558995
08558996
08558997
08558998
08558999
08559000
08559001
08559002
08559003
08559004
08559005
08559006
08559007
08559008
08559009
08559010
08559011
08559012
08559013
08559014
08559015
08559016
08559017
08559018
08559019
08559020
08559021
08559022
08559023
08559024
08559025
08559026
08559027
08559028
08559029
08559030
08559031
08559032
08559033
08559034
08559035
08559036
08559037
08559038
08559039
08559040
08559041
08559042
08559043
08559044
08559045
08559046
08559047
08559048
08559049
08559050
08559051
08559052
08559053
08559054
08559055
08559056
08559057
08559058
08559059
08559060
08559061
08559062
08559063
08559064
08559065
08559066
08559067
08559068
08559069
08559070
08559071
08559072
08559073
08559074
08559075
08559076
08559077
08559078
08559079
08559080
08559081
08559082
08559083
08559084
08559085
08559086
08559087
08559088
08559089
08559090
08559091
08559092
08559093
08559094
08559095
08559096
08559097
08559098
08559099
08559100
08559101
08559102
08559103
08559104
08559105
08559106
08559107
08559108
08559109
08559110
08559111
08559112
08559113
08559114
08559115
08559116
08559117
08559118
08559119
08559120
08559121
08559122
08559123
08559124
08559125
08559126
08559127
08559128
08559129
08559130
08559131
08559132
08559133
08559134
08559135
08559136
08559137
08559138
08559139
08559140
08559141
08559142
08559143
08559144
08559145
08559146
08559147
08559148
08559149
08559150
08559151
08559152
08559153
08559154
08559155
08559156
08559157
08559158
08559159
08559160
08559161
08559162
08559163
08559164
08559165
08559166
08559167
08559168
08559169
08559170
08559171
08559172
08559173
08559174
08559175
08559176
08559177
08559178
08559179
08559180
08559181
08559182
08559183
08559184
08559185
08559186
08559187
08559188
08559189
08559190
08559191
08559192
08559193
08559194
08559195
08559196
08559197
08559198
08559199
08559200
08559201
08559202
08559203
08559204
08559205
08559206
08559207
08559208
08559209
08559210
08559211
08559212
08559213
08559214
08559215
08559216
08559217
08559218
08559219
08559220
08559221
08559222
08559223
08559224
08559225
08559226
08559227
08559228
08559229
08559230
08559231
08559232
08559233
08559234
08559235
08559236
08559237
08559238
08559239
08559240
08559241
08559242
08559243
08559244
08559245
08559246
08559247
08559248
08559249
08559250
08559251
08559252
08559253
08559254
08559255
08559256
08559257
08559258
08559259
08559260
08559261
08559262
08559263
08559264
08559265
08559266
08559267
08559268
08559269
08559270
08559271
08559272
08559273
08559274
08559275
08559276
08559277
08559278
08559279
08559280
08559281
08559282
08559283
08559284
08559285
08559286
08559287
08559288
08559289
08559290
08559291
08559292
08559293
08559294
08559295
08559296
08559297
08559298
08559299
08559300
08559301
08559302
08559303
08559304
08559305
08559306
08559307
08559308
08559309
08559310
08559311
08559312
08559313
08559314
08559315
08559316
08559317
08559318
08559319
08559320
08559321
08559322
08559323
08559324
08559325
08559326
08559327
08559328
08559329
08559330
08559331
08559332
08559333
08559334
08559335
08559336
08559337
08559338
08559339
08559340
08559341
08559342
08559343
08559344
08559345
08559346
08559347
08559348
08559349
08559350
08559351
08559352
08559353
08559354
08559355
08559356
08559357
08559358
08559359
08559360
08559361
08559362
08559363
08559364
08559365
08559366
08559367
08559368
08559369
08559370
08559371
08559372
08559373
08559374
08559375
08559376
08559377
08559378
08559379
08559380
08559381
08559382
08559383
08559384
08559385
08559386
08559387
08559388
08559389
08559390
08559391
08559392
08559393
08559394
08559395
08559396
08559397
08559398
08559399
08559400
08559401
08559402
08559403
08559404
08559405
08559406
08559407
08559408
08559409
08559410
08559411
08559412
08559413
08559414
08559415
08559416
08559417
08559418
08559419
08559420
08559421
08559422
08559423
08559424
08559425
08559426
08559427
08559428
08559429
08559430
08559431
08559432
08559433
08559434
08559435
08559436
08559437
08559438
08559439
08559440
08559441
08559442
08559443
08559444
08559445
08559446
08559447
08559448
08559449
08559450
08559451
08559452
08559453
08559454
08559455
08559456
08559457
08559458
08559459
08559460
08559461
08559462
08559463
08559464
08559465
08559466
08559467
08559468
08559469
08559470
08559471
08559472
08559473
08559474
08559475
08559476
08559477
08559478
08559479
08559480
08559481
08559482
08559483
08559484
08559485
08559486
08559487
08559488
08559489
08559490
08559491
08559492
08559493
08559494
08559495
08559496
08559497
08559498
08559499
08559500
08559501
08559502
08559503
08559504
08559505
08559506
08559507
08559508
08559509
08559510
08559511
08559512
08559513
08559514
08559515
08559516
08559517
08559518
08559519
08559520
08559521
08559522
08559523
08559524
08559525
08559526
08559527
08559528
08559529
08559530
08559531
08559532
08559533
08559534
08559535
08559536
08559537
08559538
08559539
08559540
08559541
08559542
08559543
08559544
08559545
08559546
08559547
08559548
08559549
08559550
08559551
08559552
08559553
08559554
08559555
08559556
08559557
08559558
08559559
08559560
08559561
08559562
08559563
08559564
08559565
08559566
08559567
08559568
08559569
08559570
08559571
08559572
08559573
08559574
08559575
08559576
08559577
08559578
08559579
08559580
08559581
08559582
08559583
08559584
08559585
08559586
08559587
08559588
08559589
08559590
08559591
08559592
08559593
08559594
08559595
08559596
08559597
08559598
08559599
08559600
08559601
08559602
08559603
08559604
08559605
08559606
08559607
08559608
08559609
08559610
08559611
08559612
08559613
08559614
08559615
08559616
08559617
08559618
08559619
08559620
08559621
08559622
08559623
08559624
08559625
08559626
08559627
08559628
08559629
08559630
08559631
08559632
08559633
08559634
08559635
08559636
08559637
08559638
08559639
08559640
08559641
08559642
08559643
08559644
08559645
08559646
08559647
08559648
08559649
08559650
08559651
08559652
08559653
08559654
08559655
08559656
08559657
08559658
08559659
08559660
08559661
08559662
08559663
08559664
08559665
08559666
08559667
08559668
08559669
08559670
08559671
08559672
08559673
08559674
08559675
08559676
08559677
08559678
08559679
08559680
08559681
08559682
08559683
08559684
08559685
08559686
08559687
08559688
08559689
08559690
08559691
08559692
08559693
08559694
08559695
08559696
08559697
08559698
08559699
08559700
08559701
08559702
08559703
08559704
08559705
08559706
08559707
08559708
08559709
08559710
08559711
08559712
08559713
08559714
08559715
08559716
08559717
08559718
08559719
08559720
08559721
08559722
08559723
08559724
08559725
08559726
08559727
08559728
08559729
08559730
08559731
08559732
08559733
08559734
08559735
08559736
08559737
08559738
08559739
08559740
08559741
08559742
08559743
08559744
08559745
08559746
08559747
08559748
08559749
08559750
08559751
08559752
08559753
08559754
08559755
08559756
08559757
08559758
08559759
08559760
08559761
08559762
08559763
08559764
08559765
08559766
08559767
08559768
08559769
08559770
08559771
08559772
08559773
08559774
08559775
08559776
08559777
08559778
08559779
08559780
08559781
08559782
08559783
08559784
08559785
08559786
08559787
08559788
08559789
08559790
08559791
08559792
08559793
08559794
08559795
08559796
08559797
08559798
08559799
08559800
08559801
08559802
08559803
08559804
08559805
08559806
08559807
08559808
08559809
08559810
08559811
08559812
08559813
08559814
08559815
08559816
08559817
08559818
08559819
08559820
08559821
08559822
08559823
08559824
08559825
08559826
08559827
08559828
08559829
08559830
08559831
08559832
08559833
08559834
08559835
08559836
08559837
08559838
08559839
08559840
08559841
08559842
08559843
08559844
08559845
08559846
08559847
08559848
08559849
08559850
08559851
08559852
08559853
08559854
08559855
08559856
08559857
08559858
08559859
08559860
08559861
08559862
08559863
08559864
08559865
08559866
08559867
08559868
08559869
08559870
08559871
08559872
08559873
08559874
08559875
08559876
08559877
08559878
08559879
08559880
08559881
08559882
08559883
08559884
08559885
08559886
08559887
08559888
08559889
08559890
08559891
08559892
08559893
08559894
08559895
08559896
08559897
08559898
08559899
08559900
08559901
08559902
08559903
08559904
08559905
08559906
08559907
08559908
08559909
08559910
08559911
08559912
08559913
08559914
08559915
08559916
08559917
08559918
08559919
08559920
08559921
08559922
08559923
08559924
08559925
08559926
08559927
08559928
08559929
08559930
08559931
08559932
08559933
08559934
08559935
08559936
08559937
08559938
08559939
08559940
08559941
08559942
08559943
08559944
08559945
08559946
08559947
08559948
08559949
08559950
08559951
08559952
08559953
08559954
08559955
08559956
08559957
08559958
08559959
08559960
08559961
08559962
08559963
08559964
08559965
08559966
08559967
08559968
08559969
08559970
08559971
08559972
08559973
08559974
08559975
08559976
08559977
08559978
08559979
08559980
08559981
08559982
08559983
08559984
08559985
08559986
08559987
08559988
08559989
08559990
08559991
08559992
08559993
08559994
08559995
08559996
08559997
08559998
08559999
08560000
08560001
08560002
08560003
08560004
08560005
08560006
08560007
08560008
08560009
08560010
08560011
08560012
08560013
08560014
08560015
08560016
08560017
08560018
08560019
08560020
08560021
08560022
08560023
08560024
08560025
08560026
08560027
08560028
08560029
08560030
08560031
08560032
08560033
08560034
08560035
08560036
08560037
08560038
08560039
08560040
08560041
08560042
08560043
08560044
08560045
08560046
08560047
08560048
08560049
08560050
08560051
08560052
08560053
08560054
08560055
08560056
08560057
08560058
08560059
08560060
08560061
08560062
08560063
08560064
08560065
08560066
08560067
08560068
08560069
08560070
08560071
08560072
08560073
08560074
08560075
08560076
08560077
08560078
08560079
08560080
08560081
08560082
08560083
08560084
08560085
08560086
08560087
08560088
08560089
08560090
08560091
08560092
08560093
08560094
08560095
08560096
08560097
08560098
08560099
08560100
08560101
08560102
08560103
08560104
08560105
08560106
08560107
08560108
08560109
08560110
08560111
08560112
08560113
08560114
08560115
08560116
08560117
08560118
08560119
08560120
08560121
08560122
08560123
08560124
08560125
08560126
08560127
08560128
08560129
08560130
08560131
08560132
08560133
08560134
08560135
08560136
08560137
08560138
08560139
08560140
08560141
08560142
08560143
08560144
08560145
08560146
08560147
08560148
08560149
08560150
08560151
08560152
08560153
08560154
08560155
08560156
08560157
08560158
08560159
08560160
08560161
08560162
08560163
08560164
08560165
08560166
08560167
08560168
08560169
08560170
08560171
08560172
08560173
08560174
08560175
08560176
08560177
08560178
08560179
08560180
08560181
08560182
08560183
08560184
08560185
08560186
08560187
08560188
08560189
08560190
08560191
08560192
08560193
08560194
08560195
08560196
08560197
08560198
08560199
08560200
08560201
08560202
08560203
08560204
08560205
08560206
08560207
08560208
08560209
08560210
08560211
08560212
08560213
08560214
08560215
08560216
08560217
08560218
08560219
08560220
08560221
08560222
08560223
08560224
08560225
08560226
08560227
08560228
08560229
08560230
08560231
08560232
08560233
08560234
08560235
08560236
08560237
08560238
08560239
08560240
08560241
08560242
08560243
08560244
08560245
08560246
08560247
08560248
08560249
08560250
08560251
08560252
08560253
08560254
08560255
08560256
08560257
08560258
08560259
08560260
08560261
08560262
08560263
08560264
08560265
08560266
08560267
08560268
08560269
08560270
08560271
08560272
08560273
08560274
08560275
08560276
08560277
08560278
08560279
08560280
08560281
08560282
08560283
08560284
08560285
08560286
08560287
08560288
08560289
08560290
08560291
08560292
08560293
08560294
08560295
08560296
08560297
08560298
08560299
08560300
08560301
08560302
08560303
08560304
08560305
08560306
08560307
08560308
08560309
08560310
08560311
08560312
08560313
08560314
08560315
08560316
08560317
08560318
08560319
08560320
08560321
08560322
08560323
08560324
08560325
08560326
08560327
08560328
08560329
08560330
08560331
08560332
08560333
08560334
08560335
08560336
08560337
08560338
08560339
08560340
08560341
08560342
08560343
08560344
08560345
08560346
08560347
08560348
08560349
08560350
08560351
08560352
08560353
08560354
08560355
08560356
08560357
08560358
08560359
08560360
08560361
08560362
08560363
08560364
08560365
08560366
08560367
08560368
08560369
08560370
08560371
08560372
08560373
08560374
08560375
08560376
08560377
08560378
08560379
08560380
08560381
08560382
08560383
08560384
08560385
08560386
08560387
08560388
08560389
08560390
08560391
08560392
08560393
08560394
08560395
08560396
08560397
08560398
08560399
08560400
08560401
08560402
08560403
08560404
08560405
08560406
08560407
08560408
08560409
08560410
08560411
08560412
08560413
08560414
08560415
08560416
08560417
08560418
08560419
08560420
08560421
08560422
08560423
08560424
08560425
08560426
08560427
08560428
08560429
08560430
08560431
08560432
08560433
08560434
08560435
08560436
08560437
08560438
08560439
08560440
08560441
08560442
08560443
08560444
08560445
08560446
08560447
08560448
08560449
08560450
08560451
08560452
08560453
08560454
08560455
08560456
08560457
08560458
08560459
08560460
08560461
08560462
08560463
08560464
08560465
08560466
08560467
08560468
08560469
08560470
08560471
08560472
08560473
08560474
08560475
08560476
08560477
08560478
08560479
08560480
08560481
08560482
08560483
08560484
08560485
08560486
08560487
08560488
08560489
08560490
08560491
08560492
08560493
08560494
08560495
08560496
08560497
08560498
08560499
08560500
08560501
08560502
08560503
08560504
08560505
08560506
08560507
08560508
08560509
08560510
08560511
08560512
08560513
08560514
08560515
08560516
08560517
08560518
08560519
08560520
08560521
08560522
08560523
08560524
08560525
08560526
08560527
08560528
08560529
08560530
08560531
08560532
08560533
08560534
08560535
08560536
08560537
08560538
08560539
08560540
08560541
08560542
08560543
08560544
08560545
08560546
08560547
08560548
08560549
08560550
08560551
08560552
08560553
08560554
08560555
08560556
08560557
08560558
08560559
08560560
08560561
08560562
08560563
08560564
08560565
08560566
08560567
08560568
08560569
08560570
08560571
08560572
08560573
08560574
08560575
08560576
08560577
08560578
08560579
08560580
08560581
08560582
08560583
08560584
08560585
08560586
08560587
08560588
08560589
08560590
08560591
08560592
08560593
08560594
08560595
08560596
08560597
08560598
08560599
08560600
08560601
08560602
08560603
08560604
08560605
08560606
08560607
08560608
08560609
08560610
08560611
08560612
08560613
08560614
08560615
08560616
08560617
08560618
08560619
08560620
08560621
08560622
08560623
08560624
08560625
08560626
08560627
08560628
08560629
08560630
08560631
08560632
08560633
08560634
08560635
08560636
08560637
08560638
08560639
08560640
08560641
08560642
08560643
08560644
08560645
08560646
08560647
08560648
08560649
08560650
08560651
08560652
08560653
08560654
08560655
08560656
08560657
08560658
08560659
08560660
08560661
08560662
08560663
08560664
08560665
08560666
08560667
08560668
08560669
08560670
08560671
08560672
08560673
08560674
08560675
08560676
08560677
08560678
08560679
08560680
08560681
08560682
08560683
08560684
08560685
08560686
08560687
08560688
08560689
08560690
08560691
08560692
08560693
08560694
08560695
08560696
08560697
08560698
08560699
08560700
08560701
08560702
08560703
08560704
08560705
08560706
08560707
08560708
08560709
08560710
08560711
08560712
08560713
08560714
08560715
08560716
08560717
08560718
08560719
08560720
08560721
08560722
08560723
08560724
08560725
08560726
08560727
08560728
08560729
08560730
08560731
08560732
08560733
08560734
08560735
08560736
08560737
08560738
08560739
08560740
08560741
08560742
08560743
08560744
08560745
08560746
08560747
08560748
08560749
08560750
08560751
08560752
08560753
08560754
08560755
08560756
08560757
08560758
08560759
08560760
08560761
08560762
08560763
08560764
08560765
08560766
08560767
08560768
08560769
08560770
08560771
08560772
08560773
08560774
08560775
08560776
08560777
08560778
08560779
08560780
08560781
08560782
08560783
08560784
08560785
08560786
08560787
08560788
08560789
08560790
08560791
08560792
08560793
08560794
08560795
08560796
08560797
08560798
08560799
08560800
08560801
08560802
08560803
08560804
08560805
08560806
08560807
08560808
08560809
08560810
08560811
08560812
08560813
08560814
08560815
08560816
08560817
08560818
08560819
08560820
08560821
08560822
08560823
08560824
08560825
08560826
08560827
08560828
08560829
08560830
08560831
08560832
08560833
08560834
08560835
08560836
08560837
08560838
08560839
08560840
08560841
08560842
08560843
08560844
08560845
08560846
08560847
08560848
08560849
08560850
08560851
08560852
08560853
08560854
08560855
08560856
08560857
08560858
08560859
08560860
08560861
08560862
08560863
08560864
08560865
08560866
08560867
08560868
08560869
08560870
08560871
08560872
08560873
08560874
08560875
08560876
08560877
08560878
08560879
08560880
08560881
08560882
08560883
08560884
08560885
08560886
08560887
08560888
08560889
08560890
08560891
08560892
08560893
08560894
08560895
08560896
08560897
08560898
08560899
08560900
08560901
08560902
08560903
08560904
08560905
08560906
08560907
08560908
08560909
08560910
08560911
08560912
08560913
08560914
08560915
08560916
08560917
08560918
08560919
08560920
08560921
08560922
08560923
08560924
08560925
08560926
08560927
08560928
08560929
08560930
08560931
08560932
08560933
08560934
08560935
08560936
08560937
08560938
08560939
08560940
08560941
08560942
08560943
08560944
08560945
08560946
08560947
08560948
08560949
08560950
08560951
08560952
08560953
08560954
08560955
08560956
08560957
08560958
08560959
08560960
08560961
08560962
08560963
08560964
08560965
08560966
08560967
08560968
08560969
08560970
08560971
08560972
08560973
08560974
08560975
08560976
08560977
08560978
08560979
08560980
08560981
08560982
08560983
08560984
08560985
08560986
08560987
08560988
08560989
08560990
08560991
08560992
08560993
08560994
08560995
08560996
08560997
08560998
08560999
08561000
08561001
08561002
08561003
08561004
08561005
08561006
08561007
08561008
08561009
08561010
08561011
08561012
08561013
08561014
08561015
08561016
08561017
08561018
08561019
08561020
08561021
08561022
08561023
08561024
08561025
08561026
08561027
08561028
08561029
08561030
08561031
08561032
08561033
08561034
08561035
08561036
08561037
08561038
08561039
08561040
08561041
08561042
08561043
08561044
08561045
08561046
08561047
08561048
08561049
08561050
08561051
08561052
08561053
08561054
08561055
08561056
08561057
08561058
08561059
08561060
08561061
08561062
08561063
08561064
08561065
08561066
08561067
08561068
08561069
08561070
08561071
08561072
08561073
08561074
08561075
08561076
08561077
08561078
08561079
08561080
08561081
08561082
08561083
08561084
08561085
08561086
08561087
08561088
08561089
08561090
08561091
08561092
08561093
08561094
08561095
08561096
08561097
08561098
08561099
08561100
08561101
08561102
08561103
08561104
08561105
08561106
08561107
08561108
08561109
08561110
08561111
08561112
08561113
08561114
08561115
08561116
08561117
08561118
08561119
08561120
08561121
08561122
08561123
08561124
08561125
08561126
08561127
08561128
08561129
08561130
08561131
08561132
08561133
08561134
08561135
08561136
08561137
08561138
08561139
08561140
08561141
08561142
08561143
08561144
08561145
08561146
08561147
08561148
08561149
08561150
08561151
08561152
08561153
08561154
08561155
08561156
08561157
08561158
08561159
08561160
08561161
08561162
08561163
08561164
08561165
08561166
08561167
08561168
08561169
08561170
08561171
08561172
08561173
08561174
08561175
08561176
08561177
08561178
08561179
08561180
08561181
08561182
08561183
08561184
08561185
08561186
08561187
08561188
08561189
08561190
08561191
08561192
08561193
08561194
08561195
08561196
08561197
08561198
08561199
08561200
08561201
08561202
08561203
08561204
08561205
08561206
08561207
08561208
08561209
08561210
08561211
08561212
08561213
08561214
08561215
08561216
08561217
08561218
08561219
08561220
08561221
08561222
08561223
08561224
08561225
08561226
08561227
08561228
08561229
08561230
08561231
08561232
08561233
08561234
08561235
08561236
08561237
08561238
08561239
08561240
08561241
08561242
08561243
08561244
08561245
08561246
08561247
08561248
08561249
08561250
08561251
08561252
08561253
08561254
08561255
08561256
08561257
08561258
08561259
08561260
08561261
08561262
08561263
08561264
08561265
08561266
08561267
08561268
08561269
08561270
08561271
08561272
08561273
08561274
08561275
08561276
08561277
08561278
08561279
08561280
08561281
08561282
08561283
08561284
08561285
08561286
08561287
08561288
08561289
08561290
08561291
08561292
08561293
08561294
08561295
08561296
08561297
08561298
08561299
08561300
08561301
08561302
08561303
08561304
08561305
08561306
08561307
08561308
08561309
08561310
08561311
08561312
08561313
08561314
08561315
08561316
08561317
08561318
08561319
08561320
08561321
08561322
08561323
08561324
08561325
08561326
08561327
08561328
08561329
08561330
08561331
08561332
08561333
08561334
08561335
08561336
08561337
08561338
08561339
08561340
08561341
08561342
08561343
08561344
08561345
08561346
08561347
08561348
08561349
08561350
08561351
08561352
08561353
08561354
08561355
08561356
08561357
08561358
08561359
08561360
08561361
08561362
08561363
08561364
08561365
08561366
08561367
08561368
08561369
08561370
08561371
08561372
08561373
08561374
08561375
08561376
08561377
08561378
08561379
08561380
08561381
08561382
08561383
08561384
08561385
08561386
08561387
08561388
08561389
08561390
08561391
08561392
08561393
08561394
08561395
08561396
08561397
08561398
08561399
08561400
08561401
08561402
08561403
08561404
08561405
08561406
08561407
08561408
08561409
08561410
08561411
08561412
08561413
08561414
08561415
08561416
08561417
08561418
08561419
08561420
08561421
08561422
08561423
08561424
08561425
08561426
08561427
08561428
08561429
08561430
08561431
08561432
08561433
08561434
08561435
08561436
08561437
08561438
08561439
08561440
08561441
08561442
08561443
08561444
08561445
08561446
08561447
08561448
08561449
08561450
08561451
08561452
08561453
08561454
08561455
08561456
08561457
08561458
08561459
08561460
08561461
08561462
08561463
08561464
08561465
08561466
08561467
08561468
08561469
08561470
08561471
08561472
08561473
08561474
08561475
08561476
08561477
08561478
08561479
08561480
08561481
08561482
08561483
08561484
08561485
08561486
08561487
08561488
08561489
08561490
08561491
08561492
08561493
08561494
08561495
08561496
08561497
08561498
08561499
08561500
08561501
08561502
08561503
08561504
08561505
08561506
08561507
08561508
08561509
08561510
08561511
08561512
08561513
08561514
08561515
08561516
08561517
08561518
08561519
08561520
08561521
08561522
08561523
08561524
08561525
08561526
08561527
08561528
08561529
08561530
08561531
08561532
08561533
08561534
08561535
08561536
08561537
08561538
08561539
08561540
08561541
08561542
08561543
08561544
08561545
08561546
08561547
08561548
08561549
08561550
08561551
08561552
08561553
08561554
08561555
08561556
08561557
08561558
08561559
08561560
08561561
08561562
08561563
08561564
08561565
08561566
08561567
08561568
08561569
08561570
08561571
08561572
08561573
08561574
08561575
08561576
08561577
08561578
08561579
08561580
08561581
08561582
08561583
08561584
08561585
08561586
08561587
08561588
08561589
08561590
08561591
08561592
08561593
08561594
08561595
08561596
08561597
08561598
08561599
08561600
08561601
08561602
08561603
08561604
08561605
08561606
08561607
08561608
08561609
08561610
08561611
08561612
08561613
08561614
08561615
08561616
08561617
08561618
08561619
08561620
08561621
08561622
08561623
08561624
08561625
08561626
08561627
08561628
08561629
08561630
08561631
08561632
08561633
08561634
08561635
08561636
08561637
08561638
08561639
08561640
08561641
08561642
08561643
08561644
08561645
08561646
08561647
08561648
08561649
08561650
08561651
08561652
08561653
08561654
08561655
08561656
08561657
08561658
08561659
08561660
08561661
08561662
08561663
08561664
08561665
08561666
08561667
08561668
08561669
08561670
08561671
08561672
08561673
08561674
08561675
08561676
08561677
08561678
08561679
08561680
08561681
08561682
08561683
08561684
08561685
08561686
08561687
08561688
08561689
08561690
08561691
08561692
08561693
08561694
08561695
08561696
08561697
08561698
08561699
08561700
08561701
08561702
08561703
08561704
08561705
08561706
08561707
08561708
08561709
08561710
08561711
08561712
08561713
08561714
08561715
08561716
08561717
08561718
08561719
08561720
08561721
08561722
08561723
08561724
08561725
08561726
08561727
08561728
08561729
08561730
08561731
08561732
08561733
08561734
08561735
08561736
08561737
08561738
08561739
08561740
08561741
08561742
08561743
08561744
08561745
08561746
08561747
08561748
08561749
08561750
08561751
08561752
08561753
08561754
08561755
08561756
08561757
08561758
08561759
08561760
08561761
08561762
08561763
08561764
08561765
08561766
08561767
08561768
08561769
08561770
08561771
08561772
08561773
08561774
08561775
08561776
08561777
08561778
08561779
08561780
08561781
08561782
08561783
08561784
08561785
08561786
08561787
08561788
08561789
08561790
08561791
08561792
08561793
08561794
08561795
08561796
08561797
08561798
08561799
08561800
08561801
08561802
08561803
08561804
08561805
08561806
08561807
08561808
08561809
08561810
08561811
08561812
08561813
08561814
08561815
08561816
08561817
08561818
08561819
08561820
08561821
08561822
08561823
08561824
08561825
08561826
08561827
08561828
08561829
08561830
08561831
08561832
08561833
08561834
08561835
08561836
08561837
08561838
08561839
08561840
08561841
08561842
08561843
08561844
08561845
08561846
08561847
08561848
08561849
08561850
08561851
08561852
08561853
08561854
08561855
08561856
08561857
08561858
08561859
08561860
08561861
08561862
08561863
08561864
08561865
08561866
08561867
08561868
08561869
08561870
08561871
08561872
08561873
08561874
08561875
08561876
08561877
08561878
08561879
08561880
08561881
08561882
08561883
08561884
08561885
08561886
08561887
08561888
08561889
08561890
08561891
08561892
08561893
08561894
08561895
08561896
08561897
08561898
08561899
08561900
08561901
08561902
08561903
08561904
08561905
08561906
08561907
08561908
08561909
08561910
08561911
08561912
08561913
08561914
08561915
08561916
08561917
08561918
08561919
08561920
08561921
08561922
08561923
08561924
08561925
08561926
08561927
08561928
08561929
08561930
08561931
08561932
08561933
08561934
08561935
08561936
08561937
08561938
08561939
08561940
08561941
08561942
08561943
08561944
08561945
08561946
08561947
08561948
08561949
08561950
08561951
08561952
08561953
08561954
08561955
08561956
08561957
08561958
08561959
08561960
08561961
08561962
08561963
08561964
08561965
08561966
08561967
08561968
08561969
08561970
08561971
08561972
08561973
08561974
08561975
08561976
08561977
08561978
08561979
08561980
08561981
08561982
08561983
08561984
08561985
08561986
08561987
08561988
08561989
08561990
08561991
08561992
08561993
08561994
08561995
08561996
08561997
08561998
08561999
08562000
08562001
08562002
08562003
08562004
08562005
08562006
08562007
08562008
08562009
08562010
08562011
08562012
08562013
08562014
08562015
08562016
08562017
08562018
08562019
08562020
08562021
08562022
08562023
08562024
08562025
08562026
08562027
08562028
08562029
08562030
08562031
08562032
08562033
08562034
08562035
08562036
08562037
08562038
08562039
08562040
08562041
08562042
08562043
08562044
08562045
08562046
08562047
08562048
08562049
08562050
08562051
08562052
08562053
08562054
08562055
08562056
08562057
08562058
08562059
08562060
08562061
08562062
08562063
08562064
08562065
08562066
08562067
08562068
08562069
08562070
08562071
08562072
08562073
08562074
08562075
08562076
08562077
08562078
08562079
08562080
08562081
08562082
08562083
08562084
08562085
08562086
08562087
08562088
08562089
08562090
08562091
08562092
08562093
08562094
08562095
08562096
08562097
08562098
08562099
08562100
08562101
08562102
08562103
08562104
08562105
08562106
08562107
08562108
08562109
08562110
08562111
08562112
08562113
08562114
08562115
08562116
08562117
08562118
08562119
08562120
08562121
08562122
08562123
08562124
08562125
08562126
08562127
08562128
08562129
08562130
08562131
08562132
08562133
08562134
08562135
08562136
08562137
08562138
08562139
08562140
08562141
08562142
08562143
08562144
08562145
08562146
08562147
08562148
08562149
08562150
08562151
08562152
08562153
08562154
08562155
08562156
08562157
08562158
08562159
08562160
08562161
08562162
08562163
08562164
08562165
08562166
08562167
08562168
08562169
08562170
08562171
08562172
08562173
08562174
08562175
08562176
08562177
08562178
08562179
08562180
08562181
08562182
08562183
08562184
08562185
08562186
08562187
08562188
08562189
08562190
08562191
08562192
08562193
08562194
08562195
08562196
08562197
08562198
08562199
08562200
08562201
08562202
08562203
08562204
08562205
08562206
08562207
08562208
08562209
08562210
08562211
08562212
08562213
08562214
08562215
08562216
08562217
08562218
08562219
08562220
08562221
08562222
08562223
08562224
08562225
08562226
08562227
08562228
08562229
08562230
08562231
08562232
08562233
08562234
08562235
08562236
08562237
08562238
08562239
08562240
08562241
08562242
08562243
08562244
08562245
08562246
08562247
08562248
08562249
08562250
08562251
08562252
08562253
08562254
08562255
08562256
08562257
08562258
08562259
08562260
08562261
08562262
08562263
08562264
08562265
08562266
08562267
08562268
08562269
08562270
08562271
08562272
08562273
08562274
08562275
08562276
08562277
08562278
08562279
08562280
08562281
08562282
08562283
08562284
08562285
08562286
08562287
08562288
08562289
08562290
08562291
08562292
08562293
08562294
08562295
08562296
08562297
08562298
08562299
08562300
08562301
08562302
08562303
08562304
08562305
08562306
08562307
08562308
08562309
08562310
08562311
08562312
08562313
08562314
08562315
08562316
08562317
08562318
08562319
08562320
08562321
08562322
08562323
08562324
08562325
08562326
08562327
08562328
08562329
08562330
08562331
08562332
08562333
08562334
08562335
08562336
08562337
08562338
08562339
08562340
08562341
08562342
08562343
08562344
08562345
08562346
08562347
08562348
08562349
08562350
08562351
08562352
08562353
08562354
08562355
08562356
08562357
08562358
08562359
08562360
08562361
08562362
08562363
08562364
08562365
08562366
08562367
08562368
08562369
08562370
08562371
08562372
08562373
08562374
08562375
08562376
08562377
08562378
08562379
08562380
08562381
08562382
08562383
08562384
08562385
08562386
08562387
08562388
08562389
08562390
08562391
08562392
08562393
08562394
08562395
08562396
08562397
08562398
08562399
08562400
08562401
08562402
08562403
08562404
08562405
08562406
08562407
08562408
08562409
08562410
08562411
08562412
08562413
08562414
08562415
08562416
08562417
08562418
08562419
08562420
08562421
08562422
08562423
08562424
08562425
08562426
08562427
08562428
08562429
08562430
08562431
08562432
08562433
08562434
08562435
08562436
08562437
08562438
08562439
08562440
08562441
08562442
08562443
08562444
08562445
08562446
08562447
08562448
08562449
08562450
08562451
08562452
08562453
08562454
08562455
08562456
08562457
08562458
08562459
08562460
08562461
08562462
08562463
08562464
08562465
08562466
08562467
08562468
08562469
08562470
08562471
08562472
08562473
08562474
08562475
08562476
08562477
08562478
08562479
08562480
08562481
08562482
08562483
08562484
08562485
08562486
08562487
08562488
08562489
08562490
08562491
08562492
08562493
08562494
08562495
08562496
08562497
08562498
08562499
08562500
08562501
08562502
08562503
08562504
08562505
08562506
08562507
08562508
08562509
08562510
08562511
08562512
08562513
08562514
08562515
08562516
08562517
08562518
08562519
08562520
08562521
08562522
08562523
08562524
08562525
08562526
08562527
08562528
08562529
08562530
08562531
08562532
08562533
08562534
08562535
08562536
08562537
08562538
08562539
08562540
08562541
08562542
08562543
08562544
08562545
08562546
08562547
08562548
08562549
08562550
08562551
08562552
08562553
08562554
08562555
08562556
08562557
08562558
08562559
08562560
08562561
08562562
08562563
08562564
08562565
08562566
08562567
08562568
08562569
08562570
08562571
08562572
08562573
08562574
08562575
08562576
08562577
08562578
08562579
08562580
08562581
08562582
08562583
08562584
08562585
08562586
08562587
08562588
08562589
08562590
08562591
08562592
08562593
08562594
08562595
08562596
08562597
08562598
08562599
08562600
08562601
08562602
08562603
08562604
08562605
08562606
08562607
08562608
08562609
08562610
08562611
08562612
08562613
08562614
08562615
08562616
08562617
08562618
08562619
08562620
08562621
08562622
08562623
08562624
08562625
08562626
08562627
08562628
08562629
08562630
08562631
08562632
08562633
08562634
08562635
08562636
08562637
08562638
08562639
08562640
08562641
08562642
08562643
08562644
08562645
08562646
08562647
08562648
08562649
08562650
08562651
08562652
08562653
08562654
08562655
08562656
08562657
08562658
08562659
08562660
08562661
08562662
08562663
08562664
08562665
08562666
08562667
08562668
08562669
08562670
08562671
08562672
08562673
08562674
08562675
08562676
08562677
08562678
08562679
08562680
08562681
08562682
08562683
08562684
08562685
08562686
08562687
08562688
08562689
08562690
08562691
08562692
08562693
08562694
08562695
08562696
08562697
08562698
08562699
08562700
08562701
08562702
08562703
08562704
08562705
08562706
08562707
08562708
08562709
08562710
08562711
08562712
08562713
08562714
08562715
08562716
08562717
08562718
08562719
08562720
08562721
08562722
08562723
08562724
08562725
08562726
08562727
08562728
08562729
08562730
08562731
08562732
08562733
08562734
08562735
08562736
08562737
08562738
08562739
08562740
08562741
08562742
08562743
08562744
08562745
08562746
08562747
08562748
08562749
08562750
08562751
08562752
08562753
08562754
08562755
08562756
08562757
08562758
08562759
08562760
08562761
08562762
08562763
08562764
08562765
08562766
08562767
08562768
08562769
08562770
08562771
08562772
08562773
08562774
08562775
08562776
08562777
08562778
08562779
08562780
08562781
08562782
08562783
08562784
08562785
08562786
08562787
08562788
08562789
08562790
08562791
08562792
08562793
08562794
08562795
08562796
08562797
08562798
08562799
08562800
08562801
08562802
08562803
08562804
08562805
08562806
08562807
08562808
08562809
08562810
08562811
08562812
08562813
08562814
08562815
08562816
08562817
08562818
08562819
08562820
08562821
08562822
08562823
08562824
08562825
08562826
08562827
08562828
08562829
08562830
08562831
08562832
08562833
08562834
08562835
08562836
08562837
08562838
08562839
08562840
08562841
08562842
08562843
08562844
08562845
08562846
08562847
08562848
08562849
08562850
08562851
08562852
08562853
08562854
08562855
08562856
08562857
08562858
08562859
08562860
08562861
08562862
08562863
08562864
08562865
08562866
08562867
08562868
08562869
08562870
08562871
08562872
08562873
08562874
08562875
08562876
08562877
08562878
08562879
08562880
08562881
08562882
08562883
08562884
08562885
08562886
08562887
08562888
08562889
08562890
08562891
08562892
08562893
08562894
08562895
08562896
08562897
08562898
08562899
08562900
08562901
08562902
08562903
08562904
08562905
08562906
08562907
08562908
08562909
08562910
08562911
08562912
08562913
08562914
08562915
08562916
08562917
08562918
08562919
08562920
08562921
08562922
08562923
08562924
08562925
08562926
08562927
08562928
08562929
08562930
08562931
08562932
08562933
08562934
08562935
08562936
08562937
08562938
08562939
08562940
08562941
08562942
08562943
08562944
08562945
08562946
08562947
08562948
08562949
08562950
08562951
08562952
08562953
08562954
08562955
08562956
08562957
08562958
08562959
08562960
08562961
08562962
08562963
08562964
08562965
08562966
08562967
08562968
08562969
08562970
08562971
08562972
08562973
08562974
08562975
08562976
08562977
08562978
08562979
08562980
08562981
08562982
08562983
08562984
08562985
08562986
08562987
08562988
08562989
08562990
08562991
08562992
08562993
08562994
08562995
08562996
08562997
08562998
08562999
08563000
08563001
08563002
08563003
08563004
08563005
08563006
08563007
08563008
08563009
08563010
08563011
08563012
08563013
08563014
08563015
08563016
08563017
08563018
08563019
08563020
08563021
08563022
08563023
08563024
08563025
08563026
08563027
08563028
08563029
08563030
08563031
08563032
08563033
08563034
08563035
08563036
08563037
08563038
08563039
08563040
08563041
08563042
08563043
08563044
08563045
08563046
08563047
08563048
08563049
08563050
08563051
08563052
08563053
08563054
08563055
08563056
08563057
08563058
08563059
08563060
08563061
08563062
08563063
08563064
08563065
08563066
08563067
08563068
08563069
08563070
08563071
08563072
08563073
08563074
08563075
08563076
08563077
08563078
08563079
08563080
08563081
08563082
08563083
08563084
08563085
08563086
08563087
08563088
08563089
08563090
08563091
08563092
08563093
08563094
08563095
08563096
08563097
08563098
08563099
08563100
08563101
08563102
08563103
08563104
08563105
08563106
08563107
08563108
08563109
08563110
08563111
08563112
08563113
08563114
08563115
08563116
08563117
08563118
08563119
08563120
08563121
08563122
08563123
08563124
08563125
08563126
08563127
08563128
08563129
08563130
08563131
08563132
08563133
08563134
08563135
08563136
08563137
08563138
08563139
08563140
08563141
08563142
08563143
08563144
08563145
08563146
08563147
08563148
08563149
08563150
08563151
08563152
08563153
08563154
08563155
08563156
08563157
08563158
08563159
08563160
08563161
08563162
08563163
08563164
08563165
08563166
08563167
08563168
08563169
08563170
08563171
08563172
08563173
08563174
08563175
08563176
08563177
08563178
08563179
08563180
08563181
08563182
08563183
08563184
08563185
08563186
08563187
08563188
08563189
08563190
08563191
08563192
08563193
08563194
08563195
08563196
08563197
08563198
08563199
08563200
08563201
08563202
08563203
08563204
08563205
08563206
08563207
08563208
08563209
08563210
08563211
08563212
08563213
08563214
08563215
08563216
08563217
08563218
08563219
08563220
08563221
08563222
08563223
08563224
08563225
08563226
08563227
08563228
08563229
08563230
08563231
08563232
08563233
08563234
08563235
08563236
08563237
08563238
08563239
08563240
08563241
08563242
08563243
08563244
08563245
08563246
08563247
08563248
08563249
08563250
08563251
08563252
08563253
08563254
08563255
08563256
08563257
08563258
08563259
08563260
08563261
08563262
08563263
08563264
08563265
08563266
08563267
08563268
08563269
08563270
08563271
08563272
08563273
08563274
08563275
08563276
08563277
08563278
08563279
08563280
08563281
08563282
08563283
08563284
08563285
08563286
08563287
08563288
08563289
08563290
08563291
08563292
08563293
08563294
08563295
08563296
08563297
08563298
08563299
08563300
08563301
08563302
08563303
08563304
08563305
08563306
08563307
08563308
08563309
08563310
08563311
08563312
08563313
08563314
08563315
08563316
08563317
08563318
08563319
08563320
08563321
08563322
08563323
08563324
08563325
08563326
08563327
08563328
08563329
08563330
08563331
08563332
08563333
08563334
08563335
08563336
08563337
08563338
08563339
08563340
08563341
08563342
08563343
08563344
08563345
08563346
08563347
08563348
08563349
08563350
08563351
08563352
08563353
08563354
08563355
08563356
08563357
08563358
08563359
08563360
08563361
08563362
08563363
08563364
08563365
08563366
08563367
08563368
08563369
08563370
08563371
08563372
08563373
08563374
08563375
08563376
08563377
08563378
08563379
08563380
08563381
08563382
08563383
08563384
08563385
08563386
08563387
08563388
08563389
08563390
08563391
08563392
08563393
08563394
08563395
08563396
08563397
08563398
08563399
08563400
08563401
08563402
08563403
08563404
08563405
08563406
08563407
08563408
08563409
08563410
08563411
08563412
08563413
08563414
08563415
08563416
08563417
08563418
08563419
08563420
08563421
08563422
08563423
08563424
08563425
08563426
08563427
08563428
08563429
08563430
08563431
08563432
08563433
08563434
08563435
08563436
08563437
08563438
08563439
08563440
08563441
08563442
08563443
08563444
08563445
08563446
08563447
08563448
08563449
08563450
08563451
08563452
08563453
08563454
08563455
08563456
08563457
08563458
08563459
08563460
08563461
08563462
08563463
08563464
08563465
08563466
08563467
08563468
08563469
08563470
08563471
08563472
08563473
08563474
08563475
08563476
08563477
08563478
08563479
08563480
08563481
08563482
08563483
08563484
08563485
08563486
08563487
08563488
08563489
08563490
08563491
08563492
08563493
08563494
08563495
08563496
08563497
08563498
08563499
08563500
08563501
08563502
08563503
08563504
08563505
08563506
08563507
08563508
08563509
08563510
08563511
08563512
08563513
08563514
08563515
08563516
08563517
08563518
08563519
08563520
08563521
08563522
08563523
08563524
08563525
08563526
08563527
08563528
08563529
08563530
08563531
08563532
08563533
08563534
08563535
08563536
08563537
08563538
08563539
08563540
08563541
08563542
08563543
08563544
08563545
08563546
08563547
08563548
08563549
08563550
08563551
08563552
08563553
08563554
08563555
08563556
08563557
08563558
08563559
08563560
08563561
08563562
08563563
08563564
08563565
08563566
08563567
08563568
08563569
08563570
08563571
08563572
08563573
08563574
08563575
08563576
08563577
08563578
08563579
08563580
08563581
08563582
08563583
08563584
08563585
08563586
08563587
08563588
08563589
08563590
08563591
08563592
08563593
08563594
08563595
08563596
08563597
08563598
08563599
08563600
08563601
08563602
08563603
08563604
08563605
08563606
08563607
08563608
08563609
08563610
08563611
08563612
08563613
08563614
08563615
08563616
08563617
08563618
08563619
08563620
08563621
08563622
08563623
08563624
08563625
08563626
08563627
08563628
08563629
08563630
08563631
08563632
08563633
08563634
08563635
08563636
08563637
08563638
08563639
08563640
08563641
08563642
08563643
08563644
08563645
08563646
08563647
08563648
08563649
08563650
08563651
08563652
08563653
08563654
08563655
08563656
08563657
08563658
08563659
08563660
08563661
08563662
08563663
08563664
08563665
08563666
08563667
08563668
08563669
08563670
08563671
08563672
08563673
08563674
08563675
08563676
08563677
08563678
08563679
08563680
08563681
08563682
08563683
08563684
08563685
08563686
08563687
08563688
08563689
08563690
08563691
08563692
08563693
08563694
08563695
08563696
08563697
08563698
08563699
08563700
08563701
08563702
08563703
08563704
08563705
08563706
08563707
08563708
08563709
08563710
08563711
08563712
08563713
08563714
08563715
08563716
08563717
08563718
08563719
08563720
08563721
08563722
08563723
08563724
08563725
08563726
08563727
08563728
08563729
08563730
08563731
08563732
08563733
08563734
08563735
08563736
08563737
08563738
08563739
08563740
08563741
08563742
08563743
08563744
08563745
08563746
08563747
08563748
08563749
08563750
08563751
08563752
08563753
08563754
08563755
08563756
08563757
08563758
08563759
08563760
08563761
08563762
08563763
08563764
08563765
08563766
08563767
08563768
08563769
08563770
08563771
08563772
08563773
08563774
08563775
08563776
08563777
08563778
08563779
08563780
08563781
08563782
08563783
08563784
08563785
08563786
08563787
08563788
08563789
08563790
08563791
08563792
08563793
08563794
08563795
08563796
08563797
08563798
08563799
08563800
08563801
08563802
08563803
08563804
08563805
08563806
08563807
08563808
08563809
08563810
08563811
08563812
08563813
08563814
08563815
08563816
08563817
08563818
08563819
08563820
08563821
08563822
08563823
08563824
08563825
08563826
08563827
08563828
08563829
08563830
08563831
08563832
08563833
08563834
08563835
08563836
08563837
08563838
08563839
08563840
08563841
08563842
08563843
08563844
08563845
08563846
08563847
08563848
08563849
08563850
08563851
08563852
08563853
08563854
08563855
08563856
08563857
08563858
08563859
08563860
08563861
08563862
08563863
08563864
08563865
08563866
08563867
08563868
08563869
08563870
08563871
08563872
08563873
08563874
08563875
08563876
08563877
08563878
08563879
08563880
08563881
08563882
08563883
08563884
08563885
08563886
08563887
08563888
08563889
08563890
08563891
08563892
08563893
08563894
08563895
08563896
08563897
08563898
08563899
08563900
08563901
08563902
08563903
08563904
08563905
08563906
08563907
08563908
08563909
08563910
08563911
08563912
08563913
08563914
08563915
08563916
08563917
08563918
08563919
08563920
08563921
08563922
08563923
08563924
08563925
08563926
08563927
08563928
08563929
08563930
08563931
08563932
08563933
08563934
08563935
08563936
08563937
08563938
08563939
08563940
08563941
08563942
08563943
08563944
08563945
08563946
08563947
08563948
08563949
08563950
08563951
08563952
08563953
08563954
08563955
08563956
08563957
08563958
08563959
08563960
08563961
08563962
08563963
08563964
08563965
08563966
08563967
08563968
08563969
08563970
08563971
08563972
08563973
08563974
08563975
08563976
08563977
08563978
08563979
08563980
08563981
08563982
08563983
08563984
08563985
08563986
08563987
08563988
08563989
08563990
08563991
08563992
08563993
08563994
08563995
08563996
08563997
08563998
08563999
08564000
08564001
08564002
08564003
08564004
08564005
08564006
08564007
08564008
08564009
08564010
08564011
08564012
08564013
08564014
08564015
08564016
08564017
08564018
08564019
08564020
08564021
08564022
08564023
08564024
08564025
08564026
08564027
08564028
08564029
08564030
08564031
08564032
08564033
08564034
08564035
08564036
08564037
08564038
08564039
08564040
08564041
08564042
08564043
08564044
08564045
08564046
08564047
08564048
08564049
08564050
08564051
08564052
08564053
08564054
08564055
08564056
08564057
08564058
08564059
08564060
08564061
08564062
08564063
08564064
08564065
08564066
08564067
08564068
08564069
08564070
08564071
08564072
08564073
08564074
08564075
08564076
08564077
08564078
08564079
08564080
08564081
08564082
08564083
08564084
08564085
08564086
08564087
08564088
08564089
08564090
08564091
08564092
08564093
08564094
08564095
08564096
08564097
08564098
08564099
08564100
08564101
08564102
08564103
08564104
08564105
08564106
08564107
08564108
08564109
08564110
08564111
08564112
08564113
08564114
08564115
08564116
08564117
08564118
08564119
08564120
08564121
08564122
08564123
08564124
08564125
08564126
08564127
08564128
08564129
08564130
08564131
08564132
08564133
08564134
08564135
08564136
08564137
08564138
08564139
08564140
08564141
08564142
08564143
08564144
08564145
08564146
08564147
08564148
08564149
08564150
08564151
08564152
08564153
08564154
08564155
08564156
08564157
08564158
08564159
08564160
08564161
08564162
08564163
08564164
08564165
08564166
08564167
08564168
08564169
08564170
08564171
08564172
08564173
08564174
08564175
08564176
08564177
08564178
08564179
08564180
08564181
08564182
08564183
08564184
08564185
08564186
08564187
08564188
08564189
08564190
08564191
08564192
08564193
08564194
08564195
08564196
08564197
08564198
08564199
08564200
08564201
08564202
08564203
08564204
08564205
08564206
08564207
08564208
08564209
08564210
08564211
08564212
08564213
08564214
08564215
08564216
08564217
08564218
08564219
08564220
08564221
08564222
08564223
08564224
08564225
08564226
08564227
08564228
08564229
08564230
08564231
08564232
08564233
08564234
08564235
08564236
08564237
08564238
08564239
08564240
08564241
08564242
08564243
08564244
08564245
08564246
08564247
08564248
08564249
08564250
08564251
08564252
08564253
08564254
08564255
08564256
08564257
08564258
08564259
08564260
08564261
08564262
08564263
08564264
08564265
08564266
08564267
08564268
08564269
08564270
08564271
08564272
08564273
08564274
08564275
08564276
08564277
08564278
08564279
08564280
08564281
08564282
08564283
08564284
08564285
08564286
08564287
08564288
08564289
08564290
08564291
08564292
08564293
08564294
08564295
08564296
08564297
08564298
08564299
08564300
08564301
08564302
08564303
08564304
08564305
08564306
08564307
08564308
08564309
08564310
08564311
08564312
08564313
08564314
08564315
08564316
08564317
08564318
08564319
08564320
08564321
08564322
08564323
08564324
08564325
08564326
08564327
08564328
08564329
08564330
08564331
08564332
08564333
08564334
08564335
08564336
08564337
08564338
08564339
08564340
08564341
08564342
08564343
08564344
08564345
08564346
08564347
08564348
08564349
08564350
08564351
08564352
08564353
08564354
08564355
08564356
08564357
08564358
08564359
08564360
08564361
08564362
08564363
08564364
08564365
08564366
08564367
08564368
08564369
08564370
08564371
08564372
08564373
08564374
08564375
08564376
08564377
08564378
08564379
08564380
08564381
08564382
08564383
08564384
08564385
08564386
08564387
08564388
08564389
08564390
08564391
08564392
08564393
08564394
08564395
08564396
08564397
08564398
08564399
08564400
08564401
08564402
08564403
08564404
08564405
08564406
08564407
08564408
08564409
08564410
08564411
08564412
08564413
08564414
08564415
08564416
08564417
08564418
08564419
08564420
08564421
08564422
08564423
08564424
08564425
08564426
08564427
08564428
08564429
08564430
08564431
08564432
08564433
08564434
08564435
08564436
08564437
08564438
08564439
08564440
08564441
08564442
08564443
08564444
08564445
08564446
08564447
08564448
08564449
08564450
08564451
08564452
08564453
08564454
08564455
08564456
08564457
08564458
08564459
08564460
08564461
08564462
08564463
08564464
08564465
08564466
08564467
08564468
08564469
08564470
08564471
08564472
08564473
08564474
08564475
08564476
08564477
08564478
08564479
08564480
08564481
08564482
08564483
08564484
08564485
08564486
08564487
08564488
08564489
08564490
08564491
08564492
08564493
08564494
08564495
08564496
08564497
08564498
08564499
08564500
08564501
08564502
08564503
08564504
08564505
08564506
08564507
08564508
08564509
08564510
08564511
08564512
08564513
08564514
08564515
08564516
08564517
08564518
08564519
08564520
08564521
08564522
08564523
08564524
08564525
08564526
08564527
08564528
08564529
08564530
08564531
08564532
08564533
08564534
08564535
08564536
08564537
08564538
08564539
08564540
08564541
08564542
08564543
08564544
08564545
08564546
08564547
08564548
08564549
08564550
08564551
08564552
08564553
08564554
08564555
08564556
08564557
08564558
08564559
08564560
08564561
08564562
08564563
08564564
08564565
08564566
08564567
08564568
08564569
08564570
08564571
08564572
08564573
08564574
08564575
08564576
08564577
08564578
08564579
08564580
08564581
08564582
08564583
08564584
08564585
08564586
08564587
08564588
08564589
08564590
08564591
08564592
08564593
08564594
08564595
08564596
08564597
08564598
08564599
08564600
08564601
08564602
08564603
08564604
08564605
08564606
08564607
08564608
08564609
08564610
08564611
08564612
08564613
08564614
08564615
08564616
08564617
08564618
08564619
08564620
08564621
08564622
08564623
08564624
08564625
08564626
08564627
08564628
08564629
08564630
08564631
08564632
08564633
08564634
08564635
08564636
08564637
08564638
08564639
08564640
08564641
08564642
08564643
08564644
08564645
08564646
08564647
08564648
08564649
08564650
08564651
08564652
08564653
08564654
08564655
08564656
08564657
08564658
08564659
08564660
08564661
08564662
08564663
08564664
08564665
08564666
08564667
08564668
08564669
08564670
08564671
08564672
08564673
08564674
08564675
08564676
08564677
08564678
08564679
08564680
08564681
08564682
08564683
08564684
08564685
08564686
08564687
08564688
08564689
08564690
08564691
08564692
08564693
08564694
08564695
08564696
08564697
08564698
08564699
08564700
08564701
08564702
08564703
08564704
08564705
08564706
08564707
08564708
08564709
08564710
08564711
08564712
08564713
08564714
08564715
08564716
08564717
08564718
08564719
08564720
08564721
08564722
08564723
08564724
08564725
08564726
08564727
08564728
08564729
08564730
08564731
08564732
08564733
08564734
08564735
08564736
08564737
08564738
08564739
08564740
08564741
08564742
08564743
08564744
08564745
08564746
08564747
08564748
08564749
08564750
08564751
08564752
08564753
08564754
08564755
08564756
08564757
08564758
08564759
08564760
08564761
08564762
08564763
08564764
08564765
08564766
08564767
08564768
08564769
08564770
08564771
08564772
08564773
08564774
08564775
08564776
08564777
08564778
08564779
08564780
08564781
08564782
08564783
08564784
08564785
08564786
08564787
08564788
08564789
08564790
08564791
08564792
08564793
08564794
08564795
08564796
08564797
08564798
08564799
08564800
08564801
08564802
08564803
08564804
08564805
08564806
08564807
08564808
08564809
08564810
08564811
08564812
08564813
08564814
08564815
08564816
08564817
08564818
08564819
08564820
08564821
08564822
08564823
08564824
08564825
08564826
08564827
08564828
08564829
08564830
08564831
08564832
08564833
08564834
08564835
08564836
08564837
08564838
08564839
08564840
08564841
08564842
08564843
08564844
08564845
08564846
08564847
08564848
08564849
08564850
08564851
08564852
08564853
08564854
08564855
08564856
08564857
08564858
08564859
08564860
08564861
08564862
08564863
08564864
08564865
08564866
08564867
08564868
08564869
08564870
08564871
08564872
08564873
08564874
08564875
08564876
08564877
08564878
08564879
08564880
08564881
08564882
08564883
08564884
08564885
08564886
08564887
08564888
08564889
08564890
08564891
08564892
08564893
08564894
08564895
08564896
08564897
08564898
08564899
08564900
08564901
08564902
08564903
08564904
08564905
08564906
08564907
08564908
08564909
08564910
08564911
08564912
08564913
08564914
08564915
08564916
08564917
08564918
08564919
08564920
08564921
08564922
08564923
08564924
08564925
08564926
08564927
08564928
08564929
08564930
08564931
08564932
08564933
08564934
08564935
08564936
08564937
08564938
08564939
08564940
08564941
08564942
08564943
08564944
08564945
08564946
08564947
08564948
08564949
08564950
08564951
08564952
08564953
08564954
08564955
08564956
08564957
08564958
08564959
08564960
08564961
08564962
08564963
08564964
08564965
08564966
08564967
08564968
08564969
08564970
08564971
08564972
08564973
08564974
08564975
08564976
08564977
08564978
08564979
08564980
08564981
08564982
08564983
08564984
08564985
08564986
08564987
08564988
08564989
08564990
08564991
08564992
08564993
08564994
08564995
08564996
08564997
08564998
08564999
08565000
08565001
08565002
08565003
08565004
08565005
08565006
08565007
08565008
08565009
08565010
08565011
08565012
08565013
08565014
08565015
08565016
08565017
08565018
08565019
08565020
08565021
08565022
08565023
08565024
08565025
08565026
08565027
08565028
08565029
08565030
08565031
08565032
08565033
08565034
08565035
08565036
08565037
08565038
08565039
08565040
08565041
08565042
08565043
08565044
08565045
08565046
08565047
08565048
08565049
08565050
08565051
08565052
08565053
08565054
08565055
08565056
08565057
08565058
08565059
08565060
08565061
08565062
08565063
08565064
08565065
08565066
08565067
08565068
08565069
08565070
08565071
08565072
08565073
08565074
08565075
08565076
08565077
08565078
08565079
08565080
08565081
08565082
08565083
08565084
08565085
08565086
08565087
08565088
08565089
08565090
08565091
08565092
08565093
08565094
08565095
08565096
08565097
08565098
08565099
08565100
08565101
08565102
08565103
08565104
08565105
08565106
08565107
08565108
08565109
08565110
08565111
08565112
08565113
08565114
08565115
08565116
08565117
08565118
08565119
08565120
08565121
08565122
08565123
08565124
08565125
08565126
08565127
08565128
08565129
08565130
08565131
08565132
08565133
08565134
08565135
08565136
08565137
08565138
08565139
08565140
08565141
08565142
08565143
08565144
08565145
08565146
08565147
08565148
08565149
08565150
08565151
08565152
08565153
08565154
08565155
08565156
08565157
08565158
08565159
08565160
08565161
08565162
08565163
08565164
08565165
08565166
08565167
08565168
08565169
08565170
08565171
08565172
08565173
08565174
08565175
08565176
08565177
08565178
08565179
08565180
08565181
08565182
08565183
08565184
08565185
08565186
08565187
08565188
08565189
08565190
08565191
08565192
08565193
08565194
08565195
08565196
08565197
08565198
08565199
08565200
08565201
08565202
08565203
08565204
08565205
08565206
08565207
08565208
08565209
08565210
08565211
08565212
08565213
08565214
08565215
08565216
08565217
08565218
08565219
08565220
08565221
08565222
08565223
08565224
08565225
08565226
08565227
08565228
08565229
08565230
08565231
08565232
08565233
08565234
08565235
08565236
08565237
08565238
08565239
08565240
08565241
08565242
08565243
08565244
08565245
08565246
08565247
08565248
08565249
08565250
08565251
08565252
08565253
08565254
08565255
08565256
08565257
08565258
08565259
08565260
08565261
08565262
08565263
08565264
08565265
08565266
08565267
08565268
08565269
08565270
08565271
08565272
08565273
08565274
08565275
08565276
08565277
08565278
08565279
08565280
08565281
08565282
08565283
08565284
08565285
08565286
08565287
08565288
08565289
08565290
08565291
08565292
08565293
08565294
08565295
08565296
08565297
08565298
08565299
08565300
08565301
08565302
08565303
08565304
08565305
08565306
08565307
08565308
08565309
08565310
08565311
08565312
08565313
08565314
08565315
08565316
08565317
08565318
08565319
08565320
08565321
08565322
08565323
08565324
08565325
08565326
08565327
08565328
08565329
08565330
08565331
08565332
08565333
08565334
08565335
08565336
08565337
08565338
08565339
08565340
08565341
08565342
08565343
08565344
08565345
08565346
08565347
08565348
08565349
08565350
08565351
08565352
08565353
08565354
08565355
08565356
08565357
08565358
08565359
08565360
08565361
08565362
08565363
08565364
08565365
08565366
08565367
08565368
08565369
08565370
08565371
08565372
08565373
08565374
08565375
08565376
08565377
08565378
08565379
08565380
08565381
08565382
08565383
08565384
08565385
08565386
08565387
08565388
08565389
08565390
08565391
08565392
08565393
08565394
08565395
08565396
08565397
08565398
08565399
08565400
08565401
08565402
08565403
08565404
08565405
08565406
08565407
08565408
08565409
08565410
08565411
08565412
08565413
08565414
08565415
08565416
08565417
08565418
08565419
08565420
08565421
08565422
08565423
08565424
08565425
08565426
08565427
08565428
08565429
08565430
08565431
08565432
08565433
08565434
08565435
08565436
08565437
08565438
08565439
08565440
08565441
08565442
08565443
08565444
08565445
08565446
08565447
08565448
08565449
08565450
08565451
08565452
08565453
08565454
08565455
08565456
08565457
08565458
08565459
08565460
08565461
08565462
08565463
08565464
08565465
08565466
08565467
08565468
08565469
08565470
08565471
08565472
08565473
08565474
08565475
08565476
08565477
08565478
08565479
08565480
08565481
08565482
08565483
08565484
08565485
08565486
08565487
08565488
08565489
08565490
08565491
08565492
08565493
08565494
08565495
08565496
08565497
08565498
08565499
08565500
08565501
08565502
08565503
08565504
08565505
08565506
08565507
08565508
08565509
08565510
08565511
08565512
08565513
08565514
08565515
08565516
08565517
08565518
08565519
08565520
08565521
08565522
08565523
08565524
08565525
08565526
08565527
08565528
08565529
08565530
08565531
08565532
08565533
08565534
08565535
08565536
08565537
08565538
08565539
08565540
08565541
08565542
08565543
08565544
08565545
08565546
08565547
08565548
08565549
08565550
08565551
08565552
08565553
08565554
08565555
08565556
08565557
08565558
08565559
08565560
08565561
08565562
08565563
08565564
08565565
08565566
08565567
08565568
08565569
08565570
08565571
08565572
08565573
08565574
08565575
08565576
08565577
08565578
08565579
08565580
08565581
08565582
08565583
08565584
08565585
08565586
08565587
08565588
08565589
08565590
08565591
08565592
08565593
08565594
08565595
08565596
08565597
08565598
08565599
08565600
08565601
08565602
08565603
08565604
08565605
08565606
08565607
08565608
08565609
08565610
08565611
08565612
08565613
08565614
08565615
08565616
08565617
08565618
08565619
08565620
08565621
08565622
08565623
08565624
08565625
08565626
08565627
08565628
08565629
08565630
08565631
08565632
08565633
08565634
08565635
08565636
08565637
08565638
08565639
08565640
08565641
08565642
08565643
08565644
08565645
08565646
08565647
08565648
08565649
08565650
08565651
08565652
08565653
08565654
08565655
08565656
08565657
08565658
08565659
08565660
08565661
08565662
08565663
08565664
08565665
08565666
08565667
08565668
08565669
08565670
08565671
08565672
08565673
08565674
08565675
08565676
08565677
08565678
08565679
08565680
08565681
08565682
08565683
08565684
08565685
08565686
08565687
08565688
08565689
08565690
08565691
08565692
08565693
08565694
08565695
08565696
08565697
08565698
08565699
08565700
08565701
08565702
08565703
08565704
08565705
08565706
08565707
08565708
08565709
08565710
08565711
08565712
08565713
08565714
08565715
08565716
08565717
08565718
08565719
08565720
08565721
08565722
08565723
08565724
08565725
08565726
08565727
08565728
08565729
08565730
08565731
08565732
08565733
08565734
08565735
08565736
08565737
08565738
08565739
08565740
08565741
08565742
08565743
08565744
08565745
08565746
08565747
08565748
08565749
08565750
08565751
08565752
08565753
08565754
08565755
08565756
08565757
08565758
08565759
08565760
08565761
08565762
08565763
08565764
08565765
08565766
08565767
08565768
08565769
08565770
08565771
08565772
08565773
08565774
08565775
08565776
08565777
08565778
08565779
08565780
08565781
08565782
08565783
08565784
08565785
08565786
08565787
08565788
08565789
08565790
08565791
08565792
08565793
08565794
08565795
08565796
08565797
08565798
08565799
08565800
08565801
08565802
08565803
08565804
08565805
08565806
08565807
08565808
08565809
08565810
08565811
08565812
08565813
08565814
08565815
08565816
08565817
08565818
08565819
08565820
08565821
08565822
08565823
08565824
08565825
08565826
08565827
08565828
08565829
08565830
08565831
08565832
08565833
08565834
08565835
08565836
08565837
08565838
08565839
08565840
08565841
08565842
08565843
08565844
08565845
08565846
08565847
08565848
08565849
08565850
08565851
08565852
08565853
08565854
08565855
08565856
08565857
08565858
08565859
08565860
08565861
08565862
08565863
08565864
08565865
08565866
08565867
08565868
08565869
08565870
08565871
08565872
08565873
08565874
08565875
08565876
08565877
08565878
08565879
08565880
08565881
08565882
08565883
08565884
08565885
08565886
08565887
08565888
08565889
08565890
08565891
08565892
08565893
08565894
08565895
08565896
08565897
08565898
08565899
08565900
08565901
08565902
08565903
08565904
08565905
08565906
08565907
08565908
08565909
08565910
08565911
08565912
08565913
08565914
08565915
08565916
08565917
08565918
08565919
08565920
08565921
08565922
08565923
08565924
08565925
08565926
08565927
08565928
08565929
08565930
08565931
08565932
08565933
08565934
08565935
08565936
08565937
08565938
08565939
08565940
08565941
08565942
08565943
08565944
08565945
08565946
08565947
08565948
08565949
08565950
08565951
08565952
08565953
08565954
08565955
08565956
08565957
08565958
08565959
08565960
08565961
08565962
08565963
08565964
08565965
08565966
08565967
08565968
08565969
08565970
08565971
08565972
08565973
08565974
08565975
08565976
08565977
08565978
08565979
08565980
08565981
08565982
08565983
08565984
08565985
08565986
08565987
08565988
08565989
08565990
08565991
08565992
08565993
08565994
08565995
08565996
08565997
08565998
08565999
08566000
08566001
08566002
08566003
08566004
08566005
08566006
08566007
08566008
08566009
08566010
08566011
08566012
08566013
08566014
08566015
08566016
08566017
08566018
08566019
08566020
08566021
08566022
08566023
08566024
08566025
08566026
08566027
08566028
08566029
08566030
08566031
08566032
08566033
08566034
08566035
08566036
08566037
08566038
08566039
08566040
08566041
08566042
08566043
08566044
08566045
08566046
08566047
08566048
08566049
08566050
08566051
08566052
08566053
08566054
08566055
08566056
08566057
08566058
08566059
08566060
08566061
08566062
08566063
08566064
08566065
08566066
08566067
08566068
08566069
08566070
08566071
08566072
08566073
08566074
08566075
08566076
08566077
08566078
08566079
08566080
08566081
08566082
08566083
08566084
08566085
08566086
08566087
08566088
08566089
08566090
08566091
08566092
08566093
08566094
08566095
08566096
08566097
08566098
08566099
08566100
08566101
08566102
08566103
08566104
08566105
08566106
08566107
08566108
08566109
08566110
08566111
08566112
08566113
08566114
08566115
08566116
08566117
08566118
08566119
08566120
08566121
08566122
08566123
08566124
08566125
08566126
08566127
08566128
08566129
08566130
08566131
08566132
08566133
08566134
08566135
08566136
08566137
08566138
08566139
08566140
08566141
08566142
08566143
08566144
08566145
08566146
08566147
08566148
08566149
08566150
08566151
08566152
08566153
08566154
08566155
08566156
08566157
08566158
08566159
08566160
08566161
08566162
08566163
08566164
08566165
08566166
08566167
08566168
08566169
08566170
08566171
08566172
08566173
08566174
08566175
08566176
08566177
08566178
08566179
08566180
08566181
08566182
08566183
08566184
08566185
08566186
08566187
08566188
08566189
08566190
08566191
08566192
08566193
08566194
08566195
08566196
08566197
08566198
08566199
08566200
08566201
08566202
08566203
08566204
08566205
08566206
08566207
08566208
08566209
08566210
08566211
08566212
08566213
08566214
08566215
08566216
08566217
08566218
08566219
08566220
08566221
08566222
08566223
08566224
08566225
08566226
08566227
08566228
08566229
08566230
08566231
08566232
08566233
08566234
08566235
08566236
08566237
08566238
08566239
08566240
08566241
08566242
08566243
08566244
08566245
08566246
08566247
08566248
08566249
08566250
08566251
08566252
08566253
08566254
08566255
08566256
08566257
08566258
08566259
08566260
08566261
08566262
08566263
08566264
08566265
08566266
08566267
08566268
08566269
08566270
08566271
08566272
08566273
08566274
08566275
08566276
08566277
08566278
08566279
08566280
08566281
08566282
08566283
08566284
08566285
08566286
08566287
08566288
08566289
08566290
08566291
08566292
08566293
08566294
08566295
08566296
08566297
08566298
08566299
08566300
08566301
08566302
08566303
08566304
08566305
08566306
08566307
08566308
08566309
08566310
08566311
08566312
08566313
08566314
08566315
08566316
08566317
08566318
08566319
08566320
08566321
08566322
08566323
08566324
08566325
08566326
08566327
08566328
08566329
08566330
08566331
08566332
08566333
08566334
08566335
08566336
08566337
08566338
08566339
08566340
08566341
08566342
08566343
08566344
08566345
08566346
08566347
08566348
08566349
08566350
08566351
08566352
08566353
08566354
08566355
08566356
08566357
08566358
08566359
08566360
08566361
08566362
08566363
08566364
08566365
08566366
08566367
08566368
08566369
08566370
08566371
08566372
08566373
08566374
08566375
08566376
08566377
08566378
08566379
08566380
08566381
08566382
08566383
08566384
08566385
08566386
08566387
08566388
08566389
08566390
08566391
08566392
08566393
08566394
08566395
08566396
08566397
08566398
08566399
08566400
08566401
08566402
08566403
08566404
08566405
08566406
08566407
08566408
08566409
08566410
08566411
08566412
08566413
08566414
08566415
08566416
08566417
08566418
08566419
08566420
08566421
08566422
08566423
08566424
08566425
08566426
08566427
08566428
08566429
08566430
08566431
08566432
08566433
08566434
08566435
08566436
08566437
08566438
08566439
08566440
08566441
08566442
08566443
08566444
08566445
08566446
08566447
08566448
08566449
08566450
08566451
08566452
08566453
08566454
08566455
08566456
08566457
08566458
08566459
08566460
08566461
08566462
08566463
08566464
08566465
08566466
08566467
08566468
08566469
08566470
08566471
08566472
08566473
08566474
08566475
08566476
08566477
08566478
08566479
08566480
08566481
08566482
08566483
08566484
08566485
08566486
08566487
08566488
08566489
08566490
08566491
08566492
08566493
08566494
08566495
08566496
08566497
08566498
08566499
08566500
08566501
08566502
08566503
08566504
08566505
08566506
08566507
08566508
08566509
08566510
08566511
08566512
08566513
08566514
08566515
08566516
08566517
08566518
08566519
08566520
08566521
08566522
08566523
08566524
08566525
08566526
08566527
08566528
08566529
08566530
08566531
08566532
08566533
08566534
08566535
08566536
08566537
08566538
08566539
08566540
08566541
08566542
08566543
08566544
08566545
08566546
08566547
08566548
08566549
08566550
08566551
08566552
08566553
08566554
08566555
08566556
08566557
08566558
08566559
08566560
08566561
08566562
08566563
08566564
08566565
08566566
08566567
08566568
08566569
08566570
08566571
08566572
08566573
08566574
08566575
08566576
08566577
08566578
08566579
08566580
08566581
08566582
08566583
08566584
08566585
08566586
08566587
08566588
08566589
08566590
08566591
08566592
08566593
08566594
08566595
08566596
08566597
08566598
08566599
08566600
08566601
08566602
08566603
08566604
08566605
08566606
08566607
08566608
08566609
08566610
08566611
08566612
08566613
08566614
08566615
08566616
08566617
08566618
08566619
08566620
08566621
08566622
08566623
08566624
08566625
08566626
08566627
08566628
08566629
08566630
08566631
08566632
08566633
08566634
08566635
08566636
08566637
08566638
08566639
08566640
08566641
08566642
08566643
08566644
08566645
08566646
08566647
08566648
08566649
08566650
08566651
08566652
08566653
08566654
08566655
08566656
08566657
08566658
08566659
08566660
08566661
08566662
08566663
08566664
08566665
08566666
08566667
08566668
08566669
08566670
08566671
08566672
08566673
08566674
08566675
08566676
08566677
08566678
08566679
08566680
08566681
08566682
08566683
08566684
08566685
08566686
08566687
08566688
08566689
08566690
08566691
08566692
08566693
08566694
08566695
08566696
08566697
08566698
08566699
08566700
08566701
08566702
08566703
08566704
08566705
08566706
08566707
08566708
08566709
08566710
08566711
08566712
08566713
08566714
08566715
08566716
08566717
08566718
08566719
08566720
08566721
08566722
08566723
08566724
08566725
08566726
08566727
08566728
08566729
08566730
08566731
08566732
08566733
08566734
08566735
08566736
08566737
08566738
08566739
08566740
08566741
08566742
08566743
08566744
08566745
08566746
08566747
08566748
08566749
08566750
08566751
08566752
08566753
08566754
08566755
08566756
08566757
08566758
08566759
08566760
08566761
08566762
08566763
08566764
08566765
08566766
08566767
08566768
08566769
08566770
08566771
08566772
08566773
08566774
08566775
08566776
08566777
08566778
08566779
08566780
08566781
08566782
08566783
08566784
08566785
08566786
08566787
08566788
08566789
08566790
08566791
08566792
08566793
08566794
08566795
08566796
08566797
08566798
08566799
08566800
08566801
08566802
08566803
08566804
08566805
08566806
08566807
08566808
08566809
08566810
08566811
08566812
08566813
08566814
08566815
08566816
08566817
08566818
08566819
08566820
08566821
08566822
08566823
08566824
08566825
08566826
08566827
08566828
08566829
08566830
08566831
08566832
08566833
08566834
08566835
08566836
08566837
08566838
08566839
08566840
08566841
08566842
08566843
08566844
08566845
08566846
08566847
08566848
08566849
08566850
08566851
08566852
08566853
08566854
08566855
08566856
08566857
08566858
08566859
08566860
08566861
08566862
08566863
08566864
08566865
08566866
08566867
08566868
08566869
08566870
08566871
08566872
08566873
08566874
08566875
08566876
08566877
08566878
08566879
08566880
08566881
08566882
08566883
08566884
08566885
08566886
08566887
08566888
08566889
08566890
08566891
08566892
08566893
08566894
08566895
08566896
08566897
08566898
08566899
08566900
08566901
08566902
08566903
08566904
08566905
08566906
08566907
08566908
08566909
08566910
08566911
08566912
08566913
08566914
08566915
08566916
08566917
08566918
08566919
08566920
08566921
08566922
08566923
08566924
08566925
08566926
08566927
08566928
08566929
08566930
08566931
08566932
08566933
08566934
08566935
08566936
08566937
08566938
08566939
08566940
08566941
08566942
08566943
08566944
08566945
08566946
08566947
08566948
08566949
08566950
08566951
08566952
08566953
08566954
08566955
08566956
08566957
08566958
08566959
08566960
08566961
08566962
08566963
08566964
08566965
08566966
08566967
08566968
08566969
08566970
08566971
08566972
08566973
08566974
08566975
08566976
08566977
08566978
08566979
08566980
08566981
08566982
08566983
08566984
08566985
08566986
08566987
08566988
08566989
08566990
08566991
08566992
08566993
08566994
08566995
08566996
08566997
08566998
08566999
08567000
08567001
08567002
08567003
08567004
08567005
08567006
08567007
08567008
08567009
08567010
08567011
08567012
08567013
08567014
08567015
08567016
08567017
08567018
08567019
08567020
08567021
08567022
08567023
08567024
08567025
08567026
08567027
08567028
08567029
08567030
08567031
08567032
08567033
08567034
08567035
08567036
08567037
08567038
08567039
08567040
08567041
08567042
08567043
08567044
08567045
08567046
08567047
08567048
08567049
08567050
08567051
08567052
08567053
08567054
08567055
08567056
08567057
08567058
08567059
08567060
08567061
08567062
08567063
08567064
08567065
08567066
08567067
08567068
08567069
08567070
08567071
08567072
08567073
08567074
08567075
08567076
08567077
08567078
08567079
08567080
08567081
08567082
08567083
08567084
08567085
08567086
08567087
08567088
08567089
08567090
08567091
08567092
08567093
08567094
08567095
08567096
08567097
08567098
08567099
08567100
08567101
08567102
08567103
08567104
08567105
08567106
08567107
08567108
08567109
08567110
08567111
08567112
08567113
08567114
08567115
08567116
08567117
08567118
08567119
08567120
08567121
08567122
08567123
08567124
08567125
08567126
08567127
08567128
08567129
08567130
08567131
08567132
08567133
08567134
08567135
08567136
08567137
08567138
08567139
08567140
08567141
08567142
08567143
08567144
08567145
08567146
08567147
08567148
08567149
08567150
08567151
08567152
08567153
08567154
08567155
08567156
08567157
08567158
08567159
08567160
08567161
08567162
08567163
08567164
08567165
08567166
08567167
08567168
08567169
08567170
08567171
08567172
08567173
08567174
08567175
08567176
08567177
08567178
08567179
08567180
08567181
08567182
08567183
08567184
08567185
08567186
08567187
08567188
08567189
08567190
08567191
08567192
08567193
08567194
08567195
08567196
08567197
08567198
08567199
08567200
08567201
08567202
08567203
08567204
08567205
08567206
08567207
08567208
08567209
08567210
08567211
08567212
08567213
08567214
08567215
08567216
08567217
08567218
08567219
08567220
08567221
08567222
08567223
08567224
08567225
08567226
08567227
08567228
08567229
08567230
08567231
08567232
08567233
08567234
08567235
08567236
08567237
08567238
08567239
08567240
08567241
08567242
08567243
08567244
08567245
08567246
08567247
08567248
08567249
08567250
08567251
08567252
08567253
08567254
08567255
08567256
08567257
08567258
08567259
08567260
08567261
08567262
08567263
08567264
08567265
08567266
08567267
08567268
08567269
08567270
08567271
08567272
08567273
08567274
08567275
08567276
08567277
08567278
08567279
08567280
08567281
08567282
08567283
08567284
08567285
08567286
08567287
08567288
08567289
08567290
08567291
08567292
08567293
08567294
08567295
08567296
08567297
08567298
08567299
08567300
08567301
08567302
08567303
08567304
08567305
08567306
08567307
08567308
08567309
08567310
08567311
08567312
08567313
08567314
08567315
08567316
08567317
08567318
08567319
08567320
08567321
08567322
08567323
08567324
08567325
08567326
08567327
08567328
08567329
08567330
08567331
08567332
08567333
08567334
08567335
08567336
08567337
08567338
08567339
08567340
08567341
08567342
08567343
08567344
08567345
08567346
08567347
08567348
08567349
08567350
08567351
08567352
08567353
08567354
08567355
08567356
08567357
08567358
08567359
08567360
08567361
08567362
08567363
08567364
08567365
08567366
08567367
08567368
08567369
08567370
08567371
08567372
08567373
08567374
08567375
08567376
08567377
08567378
08567379
08567380
08567381
08567382
08567383
08567384
08567385
08567386
08567387
08567388
08567389
08567390
08567391
08567392
08567393
08567394
08567395
08567396
08567397
08567398
08567399
08567400
08567401
08567402
08567403
08567404
08567405
08567406
08567407
08567408
08567409
08567410
08567411
08567412
08567413
08567414
08567415
08567416
08567417
08567418
08567419
08567420
08567421
08567422
08567423
08567424
08567425
08567426
08567427
08567428
08567429
08567430
08567431
08567432
08567433
08567434
08567435
08567436
08567437
08567438
08567439
08567440
08567441
08567442
08567443
08567444
08567445
08567446
08567447
08567448
08567449
08567450
08567451
08567452
08567453
08567454
08567455
08567456
08567457
08567458
08567459
08567460
08567461
08567462
08567463
08567464
08567465
08567466
08567467
08567468
08567469
08567470
08567471
08567472
08567473
08567474
08567475
08567476
08567477
08567478
08567479
08567480
08567481
08567482
08567483
08567484
08567485
08567486
08567487
08567488
08567489
08567490
08567491
08567492
08567493
08567494
08567495
08567496
08567497
08567498
08567499
08567500
08567501
08567502
08567503
08567504
08567505
08567506
08567507
08567508
08567509
08567510
08567511
08567512
08567513
08567514
08567515
08567516
08567517
08567518
08567519
08567520
08567521
08567522
08567523
08567524
08567525
08567526
08567527
08567528
08567529
08567530
08567531
08567532
08567533
08567534
08567535
08567536
08567537
08567538
08567539
08567540
08567541
08567542
08567543
08567544
08567545
08567546
08567547
08567548
08567549
08567550
08567551
08567552
08567553
08567554
08567555
08567556
08567557
08567558
08567559
08567560
08567561
08567562
08567563
08567564
08567565
08567566
08567567
08567568
08567569
08567570
08567571
08567572
08567573
08567574
08567575
08567576
08567577
08567578
08567579
08567580
08567581
08567582
08567583
08567584
08567585
08567586
08567587
08567588
08567589
08567590
08567591
08567592
08567593
08567594
08567595
08567596
08567597
08567598
08567599
08567600
08567601
08567602
08567603
08567604
08567605
08567606
08567607
08567608
08567609
08567610
08567611
08567612
08567613
08567614
08567615
08567616
08567617
08567618
08567619
08567620
08567621
08567622
08567623
08567624
08567625
08567626
08567627
08567628
08567629
08567630
08567631
08567632
08567633
08567634
08567635
08567636
08567637
08567638
08567639
08567640
08567641
08567642
08567643
08567644
08567645
08567646
08567647
08567648
08567649
08567650
08567651
08567652
08567653
08567654
08567655
08567656
08567657
08567658
08567659
08567660
08567661
08567662
08567663
08567664
08567665
08567666
08567667
08567668
08567669
08567670
08567671
08567672
08567673
08567674
08567675
08567676
08567677
08567678
08567679
08567680
08567681
08567682
08567683
08567684
08567685
08567686
08567687
08567688
08567689
08567690
08567691
08567692
08567693
08567694
08567695
08567696
08567697
08567698
08567699
08567700
08567701
08567702
08567703
08567704
08567705
08567706
08567707
08567708
08567709
08567710
08567711
08567712
08567713
08567714
08567715
08567716
08567717
08567718
08567719
08567720
08567721
08567722
08567723
08567724
08567725
08567726
08567727
08567728
08567729
08567730
08567731
08567732
08567733
08567734
08567735
08567736
08567737
08567738
08567739
08567740
08567741
08567742
08567743
08567744
08567745
08567746
08567747
08567748
08567749
08567750
08567751
08567752
08567753
08567754
08567755
08567756
08567757
08567758
08567759
08567760
08567761
08567762
08567763
08567764
08567765
08567766
08567767
08567768
08567769
08567770
08567771
08567772
08567773
08567774
08567775
08567776
08567777
08567778
08567779
08567780
08567781
08567782
08567783
08567784
08567785
08567786
08567787
08567788
08567789
08567790
08567791
08567792
08567793
08567794
08567795
08567796
08567797
08567798
08567799
08567800
08567801
08567802
08567803
08567804
08567805
08567806
08567807
08567808
08567809
08567810
08567811
08567812
08567813
08567814
08567815
08567816
08567817
08567818
08567819
08567820
08567821
08567822
08567823
08567824
08567825
08567826
08567827
08567828
08567829
08567830
08567831
08567832
08567833
08567834
08567835
08567836
08567837
08567838
08567839
08567840
08567841
08567842
08567843
08567844
08567845
08567846
08567847
08567848
08567849
08567850
08567851
08567852
08567853
08567854
08567855
08567856
08567857
08567858
08567859
08567860
08567861
08567862
08567863
08567864
08567865
08567866
08567867
08567868
08567869
08567870
08567871
08567872
08567873
08567874
08567875
08567876
08567877
08567878
08567879
08567880
08567881
08567882
08567883
08567884
08567885
08567886
08567887
08567888
08567889
08567890
08567891
08567892
08567893
08567894
08567895
08567896
08567897
08567898
08567899
08567900
08567901
08567902
08567903
08567904
08567905
08567906
08567907
08567908
08567909
08567910
08567911
08567912
08567913
08567914
08567915
08567916
08567917
08567918
08567919
08567920
08567921
08567922
08567923
08567924
08567925
08567926
08567927
08567928
08567929
08567930
08567931
08567932
08567933
08567934
08567935
08567936
08567937
08567938
08567939
08567940
08567941
08567942
08567943
08567944
08567945
08567946
08567947
08567948
08567949
08567950
08567951
08567952
08567953
08567954
08567955
08567956
08567957
08567958
08567959
08567960
08567961
08567962
08567963
08567964
08567965
08567966
08567967
08567968
08567969
08567970
08567971
08567972
08567973
08567974
08567975
08567976
08567977
08567978
08567979
08567980
08567981
08567982
08567983
08567984
08567985
08567986
08567987
08567988
08567989
08567990
08567991
08567992
08567993
08567994
08567995
08567996
08567997
08567998
08567999
08568000
08568001
08568002
08568003
08568004
08568005
08568006
08568007
08568008
08568009
08568010
08568011
08568012
08568013
08568014
08568015
08568016
08568017
08568018
08568019
08568020
08568021
08568022
08568023
08568024
08568025
08568026
08568027
08568028
08568029
08568030
08568031
08568032
08568033
08568034
08568035
08568036
08568037
08568038
08568039
08568040
08568041
08568042
08568043
08568044
08568045
08568046
08568047
08568048
08568049
08568050
08568051
08568052
08568053
08568054
08568055
08568056
08568057
08568058
08568059
08568060
08568061
08568062
08568063
08568064
08568065
08568066
08568067
08568068
08568069
08568070
08568071
08568072
08568073
08568074
08568075
08568076
08568077
08568078
08568079
08568080
08568081
08568082
08568083
08568084
08568085
08568086
08568087
08568088
08568089
08568090
08568091
08568092
08568093
08568094
08568095
08568096
08568097
08568098
08568099
08568100
08568101
08568102
08568103
08568104
08568105
08568106
08568107
08568108
08568109
08568110
08568111
08568112
08568113
08568114
08568115
08568116
08568117
08568118
08568119
08568120
08568121
08568122
08568123
08568124
08568125
08568126
08568127
08568128
08568129
08568130
08568131
08568132
08568133
08568134
08568135
08568136
08568137
08568138
08568139
08568140
08568141
08568142
08568143
08568144
08568145
08568146
08568147
08568148
08568149
08568150
08568151
08568152
08568153
08568154
08568155
08568156
08568157
08568158
08568159
08568160
08568161
08568162
08568163
08568164
08568165
08568166
08568167
08568168
08568169
08568170
08568171
08568172
08568173
08568174
08568175
08568176
08568177
08568178
08568179
08568180
08568181
08568182
08568183
08568184
08568185
08568186
08568187
08568188
08568189
08568190
08568191
08568192
08568193
08568194
08568195
08568196
08568197
08568198
08568199
08568200
08568201
08568202
08568203
08568204
08568205
08568206
08568207
08568208
08568209
08568210
08568211
08568212
08568213
08568214
08568215
08568216
08568217
08568218
08568219
08568220
08568221
08568222
08568223
08568224
08568225
08568226
08568227
08568228
08568229
08568230
08568231
08568232
08568233
08568234
08568235
08568236
08568237
08568238
08568239
08568240
08568241
08568242
08568243
08568244
08568245
08568246
08568247
08568248
08568249
08568250
08568251
08568252
08568253
08568254
08568255
08568256
08568257
08568258
08568259
08568260
08568261
08568262
08568263
08568264
08568265
08568266
08568267
08568268
08568269
08568270
08568271
08568272
08568273
08568274
08568275
08568276
08568277
08568278
08568279
08568280
08568281
08568282
08568283
08568284
08568285
08568286
08568287
08568288
08568289
08568290
08568291
08568292
08568293
08568294
08568295
08568296
08568297
08568298
08568299
08568300
08568301
08568302
08568303
08568304
08568305
08568306
08568307
08568308
08568309
08568310
08568311
08568312
08568313
08568314
08568315
08568316
08568317
08568318
08568319
08568320
08568321
08568322
08568323
08568324
08568325
08568326
08568327
08568328
08568329
08568330
08568331
08568332
08568333
08568334
08568335
08568336
08568337
08568338
08568339
08568340
08568341
08568342
08568343
08568344
08568345
08568346
08568347
08568348
08568349
08568350
08568351
08568352
08568353
08568354
08568355
08568356
08568357
08568358
08568359
08568360
08568361
08568362
08568363
08568364
08568365
08568366
08568367
08568368
08568369
08568370
08568371
08568372
08568373
08568374
08568375
08568376
08568377
08568378
08568379
08568380
08568381
08568382
08568383
08568384
08568385
08568386
08568387
08568388
08568389
08568390
08568391
08568392
08568393
08568394
08568395
08568396
08568397
08568398
08568399
08568400
08568401
08568402
08568403
08568404
08568405
08568406
08568407
08568408
08568409
08568410
08568411
08568412
08568413
08568414
08568415
08568416
08568417
08568418
08568419
08568420
08568421
08568422
08568423
08568424
08568425
08568426
08568427
08568428
08568429
08568430
08568431
08568432
08568433
08568434
08568435
08568436
08568437
08568438
08568439
08568440
08568441
08568442
08568443
08568444
08568445
08568446
08568447
08568448
08568449
08568450
08568451
08568452
08568453
08568454
08568455
08568456
08568457
08568458
08568459
08568460
08568461
08568462
08568463
08568464
08568465
08568466
08568467
08568468
08568469
08568470
08568471
08568472
08568473
08568474
08568475
08568476
08568477
08568478
08568479
08568480
08568481
08568482
08568483
08568484
08568485
08568486
08568487
08568488
08568489
08568490
08568491
08568492
08568493
08568494
08568495
08568496
08568497
08568498
08568499
08568500
08568501
08568502
08568503
08568504
08568505
08568506
08568507
08568508
08568509
08568510
08568511
08568512
08568513
08568514
08568515
08568516
08568517
08568518
08568519
08568520
08568521
08568522
08568523
08568524
08568525
08568526
08568527
08568528
08568529
08568530
08568531
08568532
08568533
08568534
08568535
08568536
08568537
08568538
08568539
08568540
08568541
08568542
08568543
08568544
08568545
08568546
08568547
08568548
08568549
08568550
08568551
08568552
08568553
08568554
08568555
08568556
08568557
08568558
08568559
08568560
08568561
08568562
08568563
08568564
08568565
08568566
08568567
08568568
08568569
08568570
08568571
08568572
08568573
08568574
08568575
08568576
08568577
08568578
08568579
08568580
08568581
08568582
08568583
08568584
08568585
08568586
08568587
08568588
08568589
08568590
08568591
08568592
08568593
08568594
08568595
08568596
08568597
08568598
08568599
08568600
08568601
08568602
08568603
08568604
08568605
08568606
08568607
08568608
08568609
08568610
08568611
08568612
08568613
08568614
08568615
08568616
08568617
08568618
08568619
08568620
08568621
08568622
08568623
08568624
08568625
08568626
08568627
08568628
08568629
08568630
08568631
08568632
08568633
08568634
08568635
08568636
08568637
08568638
08568639
08568640
08568641
08568642
08568643
08568644
08568645
08568646
08568647
08568648
08568649
08568650
08568651
08568652
08568653
08568654
08568655
08568656
08568657
08568658
08568659
08568660
08568661
08568662
08568663
08568664
08568665
08568666
08568667
08568668
08568669
08568670
08568671
08568672
08568673
08568674
08568675
08568676
08568677
08568678
08568679
08568680
08568681
08568682
08568683
08568684
08568685
08568686
08568687
08568688
08568689
08568690
08568691
08568692
08568693
08568694
08568695
08568696
08568697
08568698
08568699
08568700
08568701
08568702
08568703
08568704
08568705
08568706
08568707
08568708
08568709
08568710
08568711
08568712
08568713
08568714
08568715
08568716
08568717
08568718
08568719
08568720
08568721
08568722
08568723
08568724
08568725
08568726
08568727
08568728
08568729
08568730
08568731
08568732
08568733
08568734
08568735
08568736
08568737
08568738
08568739
08568740
08568741
08568742
08568743
08568744
08568745
08568746
08568747
08568748
08568749
08568750
08568751
08568752
08568753
08568754
08568755
08568756
08568757
08568758
08568759
08568760
08568761
08568762
08568763
08568764
08568765
08568766
08568767
08568768
08568769
08568770
08568771
08568772
08568773
08568774
08568775
08568776
08568777
08568778
08568779
08568780
08568781
08568782
08568783
08568784
08568785
08568786
08568787
08568788
08568789
08568790
08568791
08568792
08568793
08568794
08568795
08568796
08568797
08568798
08568799
08568800
08568801
08568802
08568803
08568804
08568805
08568806
08568807
08568808
08568809
08568810
08568811
08568812
08568813
08568814
08568815
08568816
08568817
08568818
08568819
08568820
08568821
08568822
08568823
08568824
08568825
08568826
08568827
08568828
08568829
08568830
08568831
08568832
08568833
08568834
08568835
08568836
08568837
08568838
08568839
08568840
08568841
08568842
08568843
08568844
08568845
08568846
08568847
08568848
08568849
08568850
08568851
08568852
08568853
08568854
08568855
08568856
08568857
08568858
08568859
08568860
08568861
08568862
08568863
08568864
08568865
08568866
08568867
08568868
08568869
08568870
08568871
08568872
08568873
08568874
08568875
08568876
08568877
08568878
08568879
08568880
08568881
08568882
08568883
08568884
08568885
08568886
08568887
08568888
08568889
