09058890
09058891
09058892
09058893
09058894
09058895
09058896
09058897
09058898
09058899
09058900
09058901
09058902
09058903
09058904
09058905
09058906
09058907
09058908
09058909
09058910
09058911
09058912
09058913
09058914
09058915
09058916
09058917
09058918
09058919
09058920
09058921
09058922
09058923
09058924
09058925
09058926
09058927
09058928
09058929
09058930
09058931
09058932
09058933
09058934
09058935
09058936
09058937
09058938
09058939
09058940
09058941
09058942
09058943
09058944
09058945
09058946
09058947
09058948
09058949
09058950
09058951
09058952
09058953
09058954
09058955
09058956
09058957
09058958
09058959
09058960
09058961
09058962
09058963
09058964
09058965
09058966
09058967
09058968
09058969
09058970
09058971
09058972
09058973
09058974
09058975
09058976
09058977
09058978
09058979
09058980
09058981
09058982
09058983
09058984
09058985
09058986
09058987
09058988
09058989
09058990
09058991
09058992
09058993
09058994
09058995
09058996
09058997
09058998
09058999
09059000
09059001
09059002
09059003
09059004
09059005
09059006
09059007
09059008
09059009
09059010
09059011
09059012
09059013
09059014
09059015
09059016
09059017
09059018
09059019
09059020
09059021
09059022
09059023
09059024
09059025
09059026
09059027
09059028
09059029
09059030
09059031
09059032
09059033
09059034
09059035
09059036
09059037
09059038
09059039
09059040
09059041
09059042
09059043
09059044
09059045
09059046
09059047
09059048
09059049
09059050
09059051
09059052
09059053
09059054
09059055
09059056
09059057
09059058
09059059
09059060
09059061
09059062
09059063
09059064
09059065
09059066
09059067
09059068
09059069
09059070
09059071
09059072
09059073
09059074
09059075
09059076
09059077
09059078
09059079
09059080
09059081
09059082
09059083
09059084
09059085
09059086
09059087
09059088
09059089
09059090
09059091
09059092
09059093
09059094
09059095
09059096
09059097
09059098
09059099
09059100
09059101
09059102
09059103
09059104
09059105
09059106
09059107
09059108
09059109
09059110
09059111
09059112
09059113
09059114
09059115
09059116
09059117
09059118
09059119
09059120
09059121
09059122
09059123
09059124
09059125
09059126
09059127
09059128
09059129
09059130
09059131
09059132
09059133
09059134
09059135
09059136
09059137
09059138
09059139
09059140
09059141
09059142
09059143
09059144
09059145
09059146
09059147
09059148
09059149
09059150
09059151
09059152
09059153
09059154
09059155
09059156
09059157
09059158
09059159
09059160
09059161
09059162
09059163
09059164
09059165
09059166
09059167
09059168
09059169
09059170
09059171
09059172
09059173
09059174
09059175
09059176
09059177
09059178
09059179
09059180
09059181
09059182
09059183
09059184
09059185
09059186
09059187
09059188
09059189
09059190
09059191
09059192
09059193
09059194
09059195
09059196
09059197
09059198
09059199
09059200
09059201
09059202
09059203
09059204
09059205
09059206
09059207
09059208
09059209
09059210
09059211
09059212
09059213
09059214
09059215
09059216
09059217
09059218
09059219
09059220
09059221
09059222
09059223
09059224
09059225
09059226
09059227
09059228
09059229
09059230
09059231
09059232
09059233
09059234
09059235
09059236
09059237
09059238
09059239
09059240
09059241
09059242
09059243
09059244
09059245
09059246
09059247
09059248
09059249
09059250
09059251
09059252
09059253
09059254
09059255
09059256
09059257
09059258
09059259
09059260
09059261
09059262
09059263
09059264
09059265
09059266
09059267
09059268
09059269
09059270
09059271
09059272
09059273
09059274
09059275
09059276
09059277
09059278
09059279
09059280
09059281
09059282
09059283
09059284
09059285
09059286
09059287
09059288
09059289
09059290
09059291
09059292
09059293
09059294
09059295
09059296
09059297
09059298
09059299
09059300
09059301
09059302
09059303
09059304
09059305
09059306
09059307
09059308
09059309
09059310
09059311
09059312
09059313
09059314
09059315
09059316
09059317
09059318
09059319
09059320
09059321
09059322
09059323
09059324
09059325
09059326
09059327
09059328
09059329
09059330
09059331
09059332
09059333
09059334
09059335
09059336
09059337
09059338
09059339
09059340
09059341
09059342
09059343
09059344
09059345
09059346
09059347
09059348
09059349
09059350
09059351
09059352
09059353
09059354
09059355
09059356
09059357
09059358
09059359
09059360
09059361
09059362
09059363
09059364
09059365
09059366
09059367
09059368
09059369
09059370
09059371
09059372
09059373
09059374
09059375
09059376
09059377
09059378
09059379
09059380
09059381
09059382
09059383
09059384
09059385
09059386
09059387
09059388
09059389
09059390
09059391
09059392
09059393
09059394
09059395
09059396
09059397
09059398
09059399
09059400
09059401
09059402
09059403
09059404
09059405
09059406
09059407
09059408
09059409
09059410
09059411
09059412
09059413
09059414
09059415
09059416
09059417
09059418
09059419
09059420
09059421
09059422
09059423
09059424
09059425
09059426
09059427
09059428
09059429
09059430
09059431
09059432
09059433
09059434
09059435
09059436
09059437
09059438
09059439
09059440
09059441
09059442
09059443
09059444
09059445
09059446
09059447
09059448
09059449
09059450
09059451
09059452
09059453
09059454
09059455
09059456
09059457
09059458
09059459
09059460
09059461
09059462
09059463
09059464
09059465
09059466
09059467
09059468
09059469
09059470
09059471
09059472
09059473
09059474
09059475
09059476
09059477
09059478
09059479
09059480
09059481
09059482
09059483
09059484
09059485
09059486
09059487
09059488
09059489
09059490
09059491
09059492
09059493
09059494
09059495
09059496
09059497
09059498
09059499
09059500
09059501
09059502
09059503
09059504
09059505
09059506
09059507
09059508
09059509
09059510
09059511
09059512
09059513
09059514
09059515
09059516
09059517
09059518
09059519
09059520
09059521
09059522
09059523
09059524
09059525
09059526
09059527
09059528
09059529
09059530
09059531
09059532
09059533
09059534
09059535
09059536
09059537
09059538
09059539
09059540
09059541
09059542
09059543
09059544
09059545
09059546
09059547
09059548
09059549
09059550
09059551
09059552
09059553
09059554
09059555
09059556
09059557
09059558
09059559
09059560
09059561
09059562
09059563
09059564
09059565
09059566
09059567
09059568
09059569
09059570
09059571
09059572
09059573
09059574
09059575
09059576
09059577
09059578
09059579
09059580
09059581
09059582
09059583
09059584
09059585
09059586
09059587
09059588
09059589
09059590
09059591
09059592
09059593
09059594
09059595
09059596
09059597
09059598
09059599
09059600
09059601
09059602
09059603
09059604
09059605
09059606
09059607
09059608
09059609
09059610
09059611
09059612
09059613
09059614
09059615
09059616
09059617
09059618
09059619
09059620
09059621
09059622
09059623
09059624
09059625
09059626
09059627
09059628
09059629
09059630
09059631
09059632
09059633
09059634
09059635
09059636
09059637
09059638
09059639
09059640
09059641
09059642
09059643
09059644
09059645
09059646
09059647
09059648
09059649
09059650
09059651
09059652
09059653
09059654
09059655
09059656
09059657
09059658
09059659
09059660
09059661
09059662
09059663
09059664
09059665
09059666
09059667
09059668
09059669
09059670
09059671
09059672
09059673
09059674
09059675
09059676
09059677
09059678
09059679
09059680
09059681
09059682
09059683
09059684
09059685
09059686
09059687
09059688
09059689
09059690
09059691
09059692
09059693
09059694
09059695
09059696
09059697
09059698
09059699
09059700
09059701
09059702
09059703
09059704
09059705
09059706
09059707
09059708
09059709
09059710
09059711
09059712
09059713
09059714
09059715
09059716
09059717
09059718
09059719
09059720
09059721
09059722
09059723
09059724
09059725
09059726
09059727
09059728
09059729
09059730
09059731
09059732
09059733
09059734
09059735
09059736
09059737
09059738
09059739
09059740
09059741
09059742
09059743
09059744
09059745
09059746
09059747
09059748
09059749
09059750
09059751
09059752
09059753
09059754
09059755
09059756
09059757
09059758
09059759
09059760
09059761
09059762
09059763
09059764
09059765
09059766
09059767
09059768
09059769
09059770
09059771
09059772
09059773
09059774
09059775
09059776
09059777
09059778
09059779
09059780
09059781
09059782
09059783
09059784
09059785
09059786
09059787
09059788
09059789
09059790
09059791
09059792
09059793
09059794
09059795
09059796
09059797
09059798
09059799
09059800
09059801
09059802
09059803
09059804
09059805
09059806
09059807
09059808
09059809
09059810
09059811
09059812
09059813
09059814
09059815
09059816
09059817
09059818
09059819
09059820
09059821
09059822
09059823
09059824
09059825
09059826
09059827
09059828
09059829
09059830
09059831
09059832
09059833
09059834
09059835
09059836
09059837
09059838
09059839
09059840
09059841
09059842
09059843
09059844
09059845
09059846
09059847
09059848
09059849
09059850
09059851
09059852
09059853
09059854
09059855
09059856
09059857
09059858
09059859
09059860
09059861
09059862
09059863
09059864
09059865
09059866
09059867
09059868
09059869
09059870
09059871
09059872
09059873
09059874
09059875
09059876
09059877
09059878
09059879
09059880
09059881
09059882
09059883
09059884
09059885
09059886
09059887
09059888
09059889
09059890
09059891
09059892
09059893
09059894
09059895
09059896
09059897
09059898
09059899
09059900
09059901
09059902
09059903
09059904
09059905
09059906
09059907
09059908
09059909
09059910
09059911
09059912
09059913
09059914
09059915
09059916
09059917
09059918
09059919
09059920
09059921
09059922
09059923
09059924
09059925
09059926
09059927
09059928
09059929
09059930
09059931
09059932
09059933
09059934
09059935
09059936
09059937
09059938
09059939
09059940
09059941
09059942
09059943
09059944
09059945
09059946
09059947
09059948
09059949
09059950
09059951
09059952
09059953
09059954
09059955
09059956
09059957
09059958
09059959
09059960
09059961
09059962
09059963
09059964
09059965
09059966
09059967
09059968
09059969
09059970
09059971
09059972
09059973
09059974
09059975
09059976
09059977
09059978
09059979
09059980
09059981
09059982
09059983
09059984
09059985
09059986
09059987
09059988
09059989
09059990
09059991
09059992
09059993
09059994
09059995
09059996
09059997
09059998
09059999
09060000
09060001
09060002
09060003
09060004
09060005
09060006
09060007
09060008
09060009
09060010
09060011
09060012
09060013
09060014
09060015
09060016
09060017
09060018
09060019
09060020
09060021
09060022
09060023
09060024
09060025
09060026
09060027
09060028
09060029
09060030
09060031
09060032
09060033
09060034
09060035
09060036
09060037
09060038
09060039
09060040
09060041
09060042
09060043
09060044
09060045
09060046
09060047
09060048
09060049
09060050
09060051
09060052
09060053
09060054
09060055
09060056
09060057
09060058
09060059
09060060
09060061
09060062
09060063
09060064
09060065
09060066
09060067
09060068
09060069
09060070
09060071
09060072
09060073
09060074
09060075
09060076
09060077
09060078
09060079
09060080
09060081
09060082
09060083
09060084
09060085
09060086
09060087
09060088
09060089
09060090
09060091
09060092
09060093
09060094
09060095
09060096
09060097
09060098
09060099
09060100
09060101
09060102
09060103
09060104
09060105
09060106
09060107
09060108
09060109
09060110
09060111
09060112
09060113
09060114
09060115
09060116
09060117
09060118
09060119
09060120
09060121
09060122
09060123
09060124
09060125
09060126
09060127
09060128
09060129
09060130
09060131
09060132
09060133
09060134
09060135
09060136
09060137
09060138
09060139
09060140
09060141
09060142
09060143
09060144
09060145
09060146
09060147
09060148
09060149
09060150
09060151
09060152
09060153
09060154
09060155
09060156
09060157
09060158
09060159
09060160
09060161
09060162
09060163
09060164
09060165
09060166
09060167
09060168
09060169
09060170
09060171
09060172
09060173
09060174
09060175
09060176
09060177
09060178
09060179
09060180
09060181
09060182
09060183
09060184
09060185
09060186
09060187
09060188
09060189
09060190
09060191
09060192
09060193
09060194
09060195
09060196
09060197
09060198
09060199
09060200
09060201
09060202
09060203
09060204
09060205
09060206
09060207
09060208
09060209
09060210
09060211
09060212
09060213
09060214
09060215
09060216
09060217
09060218
09060219
09060220
09060221
09060222
09060223
09060224
09060225
09060226
09060227
09060228
09060229
09060230
09060231
09060232
09060233
09060234
09060235
09060236
09060237
09060238
09060239
09060240
09060241
09060242
09060243
09060244
09060245
09060246
09060247
09060248
09060249
09060250
09060251
09060252
09060253
09060254
09060255
09060256
09060257
09060258
09060259
09060260
09060261
09060262
09060263
09060264
09060265
09060266
09060267
09060268
09060269
09060270
09060271
09060272
09060273
09060274
09060275
09060276
09060277
09060278
09060279
09060280
09060281
09060282
09060283
09060284
09060285
09060286
09060287
09060288
09060289
09060290
09060291
09060292
09060293
09060294
09060295
09060296
09060297
09060298
09060299
09060300
09060301
09060302
09060303
09060304
09060305
09060306
09060307
09060308
09060309
09060310
09060311
09060312
09060313
09060314
09060315
09060316
09060317
09060318
09060319
09060320
09060321
09060322
09060323
09060324
09060325
09060326
09060327
09060328
09060329
09060330
09060331
09060332
09060333
09060334
09060335
09060336
09060337
09060338
09060339
09060340
09060341
09060342
09060343
09060344
09060345
09060346
09060347
09060348
09060349
09060350
09060351
09060352
09060353
09060354
09060355
09060356
09060357
09060358
09060359
09060360
09060361
09060362
09060363
09060364
09060365
09060366
09060367
09060368
09060369
09060370
09060371
09060372
09060373
09060374
09060375
09060376
09060377
09060378
09060379
09060380
09060381
09060382
09060383
09060384
09060385
09060386
09060387
09060388
09060389
09060390
09060391
09060392
09060393
09060394
09060395
09060396
09060397
09060398
09060399
09060400
09060401
09060402
09060403
09060404
09060405
09060406
09060407
09060408
09060409
09060410
09060411
09060412
09060413
09060414
09060415
09060416
09060417
09060418
09060419
09060420
09060421
09060422
09060423
09060424
09060425
09060426
09060427
09060428
09060429
09060430
09060431
09060432
09060433
09060434
09060435
09060436
09060437
09060438
09060439
09060440
09060441
09060442
09060443
09060444
09060445
09060446
09060447
09060448
09060449
09060450
09060451
09060452
09060453
09060454
09060455
09060456
09060457
09060458
09060459
09060460
09060461
09060462
09060463
09060464
09060465
09060466
09060467
09060468
09060469
09060470
09060471
09060472
09060473
09060474
09060475
09060476
09060477
09060478
09060479
09060480
09060481
09060482
09060483
09060484
09060485
09060486
09060487
09060488
09060489
09060490
09060491
09060492
09060493
09060494
09060495
09060496
09060497
09060498
09060499
09060500
09060501
09060502
09060503
09060504
09060505
09060506
09060507
09060508
09060509
09060510
09060511
09060512
09060513
09060514
09060515
09060516
09060517
09060518
09060519
09060520
09060521
09060522
09060523
09060524
09060525
09060526
09060527
09060528
09060529
09060530
09060531
09060532
09060533
09060534
09060535
09060536
09060537
09060538
09060539
09060540
09060541
09060542
09060543
09060544
09060545
09060546
09060547
09060548
09060549
09060550
09060551
09060552
09060553
09060554
09060555
09060556
09060557
09060558
09060559
09060560
09060561
09060562
09060563
09060564
09060565
09060566
09060567
09060568
09060569
09060570
09060571
09060572
09060573
09060574
09060575
09060576
09060577
09060578
09060579
09060580
09060581
09060582
09060583
09060584
09060585
09060586
09060587
09060588
09060589
09060590
09060591
09060592
09060593
09060594
09060595
09060596
09060597
09060598
09060599
09060600
09060601
09060602
09060603
09060604
09060605
09060606
09060607
09060608
09060609
09060610
09060611
09060612
09060613
09060614
09060615
09060616
09060617
09060618
09060619
09060620
09060621
09060622
09060623
09060624
09060625
09060626
09060627
09060628
09060629
09060630
09060631
09060632
09060633
09060634
09060635
09060636
09060637
09060638
09060639
09060640
09060641
09060642
09060643
09060644
09060645
09060646
09060647
09060648
09060649
09060650
09060651
09060652
09060653
09060654
09060655
09060656
09060657
09060658
09060659
09060660
09060661
09060662
09060663
09060664
09060665
09060666
09060667
09060668
09060669
09060670
09060671
09060672
09060673
09060674
09060675
09060676
09060677
09060678
09060679
09060680
09060681
09060682
09060683
09060684
09060685
09060686
09060687
09060688
09060689
09060690
09060691
09060692
09060693
09060694
09060695
09060696
09060697
09060698
09060699
09060700
09060701
09060702
09060703
09060704
09060705
09060706
09060707
09060708
09060709
09060710
09060711
09060712
09060713
09060714
09060715
09060716
09060717
09060718
09060719
09060720
09060721
09060722
09060723
09060724
09060725
09060726
09060727
09060728
09060729
09060730
09060731
09060732
09060733
09060734
09060735
09060736
09060737
09060738
09060739
09060740
09060741
09060742
09060743
09060744
09060745
09060746
09060747
09060748
09060749
09060750
09060751
09060752
09060753
09060754
09060755
09060756
09060757
09060758
09060759
09060760
09060761
09060762
09060763
09060764
09060765
09060766
09060767
09060768
09060769
09060770
09060771
09060772
09060773
09060774
09060775
09060776
09060777
09060778
09060779
09060780
09060781
09060782
09060783
09060784
09060785
09060786
09060787
09060788
09060789
09060790
09060791
09060792
09060793
09060794
09060795
09060796
09060797
09060798
09060799
09060800
09060801
09060802
09060803
09060804
09060805
09060806
09060807
09060808
09060809
09060810
09060811
09060812
09060813
09060814
09060815
09060816
09060817
09060818
09060819
09060820
09060821
09060822
09060823
09060824
09060825
09060826
09060827
09060828
09060829
09060830
09060831
09060832
09060833
09060834
09060835
09060836
09060837
09060838
09060839
09060840
09060841
09060842
09060843
09060844
09060845
09060846
09060847
09060848
09060849
09060850
09060851
09060852
09060853
09060854
09060855
09060856
09060857
09060858
09060859
09060860
09060861
09060862
09060863
09060864
09060865
09060866
09060867
09060868
09060869
09060870
09060871
09060872
09060873
09060874
09060875
09060876
09060877
09060878
09060879
09060880
09060881
09060882
09060883
09060884
09060885
09060886
09060887
09060888
09060889
09060890
09060891
09060892
09060893
09060894
09060895
09060896
09060897
09060898
09060899
09060900
09060901
09060902
09060903
09060904
09060905
09060906
09060907
09060908
09060909
09060910
09060911
09060912
09060913
09060914
09060915
09060916
09060917
09060918
09060919
09060920
09060921
09060922
09060923
09060924
09060925
09060926
09060927
09060928
09060929
09060930
09060931
09060932
09060933
09060934
09060935
09060936
09060937
09060938
09060939
09060940
09060941
09060942
09060943
09060944
09060945
09060946
09060947
09060948
09060949
09060950
09060951
09060952
09060953
09060954
09060955
09060956
09060957
09060958
09060959
09060960
09060961
09060962
09060963
09060964
09060965
09060966
09060967
09060968
09060969
09060970
09060971
09060972
09060973
09060974
09060975
09060976
09060977
09060978
09060979
09060980
09060981
09060982
09060983
09060984
09060985
09060986
09060987
09060988
09060989
09060990
09060991
09060992
09060993
09060994
09060995
09060996
09060997
09060998
09060999
09061000
09061001
09061002
09061003
09061004
09061005
09061006
09061007
09061008
09061009
09061010
09061011
09061012
09061013
09061014
09061015
09061016
09061017
09061018
09061019
09061020
09061021
09061022
09061023
09061024
09061025
09061026
09061027
09061028
09061029
09061030
09061031
09061032
09061033
09061034
09061035
09061036
09061037
09061038
09061039
09061040
09061041
09061042
09061043
09061044
09061045
09061046
09061047
09061048
09061049
09061050
09061051
09061052
09061053
09061054
09061055
09061056
09061057
09061058
09061059
09061060
09061061
09061062
09061063
09061064
09061065
09061066
09061067
09061068
09061069
09061070
09061071
09061072
09061073
09061074
09061075
09061076
09061077
09061078
09061079
09061080
09061081
09061082
09061083
09061084
09061085
09061086
09061087
09061088
09061089
09061090
09061091
09061092
09061093
09061094
09061095
09061096
09061097
09061098
09061099
09061100
09061101
09061102
09061103
09061104
09061105
09061106
09061107
09061108
09061109
09061110
09061111
09061112
09061113
09061114
09061115
09061116
09061117
09061118
09061119
09061120
09061121
09061122
09061123
09061124
09061125
09061126
09061127
09061128
09061129
09061130
09061131
09061132
09061133
09061134
09061135
09061136
09061137
09061138
09061139
09061140
09061141
09061142
09061143
09061144
09061145
09061146
09061147
09061148
09061149
09061150
09061151
09061152
09061153
09061154
09061155
09061156
09061157
09061158
09061159
09061160
09061161
09061162
09061163
09061164
09061165
09061166
09061167
09061168
09061169
09061170
09061171
09061172
09061173
09061174
09061175
09061176
09061177
09061178
09061179
09061180
09061181
09061182
09061183
09061184
09061185
09061186
09061187
09061188
09061189
09061190
09061191
09061192
09061193
09061194
09061195
09061196
09061197
09061198
09061199
09061200
09061201
09061202
09061203
09061204
09061205
09061206
09061207
09061208
09061209
09061210
09061211
09061212
09061213
09061214
09061215
09061216
09061217
09061218
09061219
09061220
09061221
09061222
09061223
09061224
09061225
09061226
09061227
09061228
09061229
09061230
09061231
09061232
09061233
09061234
09061235
09061236
09061237
09061238
09061239
09061240
09061241
09061242
09061243
09061244
09061245
09061246
09061247
09061248
09061249
09061250
09061251
09061252
09061253
09061254
09061255
09061256
09061257
09061258
09061259
09061260
09061261
09061262
09061263
09061264
09061265
09061266
09061267
09061268
09061269
09061270
09061271
09061272
09061273
09061274
09061275
09061276
09061277
09061278
09061279
09061280
09061281
09061282
09061283
09061284
09061285
09061286
09061287
09061288
09061289
09061290
09061291
09061292
09061293
09061294
09061295
09061296
09061297
09061298
09061299
09061300
09061301
09061302
09061303
09061304
09061305
09061306
09061307
09061308
09061309
09061310
09061311
09061312
09061313
09061314
09061315
09061316
09061317
09061318
09061319
09061320
09061321
09061322
09061323
09061324
09061325
09061326
09061327
09061328
09061329
09061330
09061331
09061332
09061333
09061334
09061335
09061336
09061337
09061338
09061339
09061340
09061341
09061342
09061343
09061344
09061345
09061346
09061347
09061348
09061349
09061350
09061351
09061352
09061353
09061354
09061355
09061356
09061357
09061358
09061359
09061360
09061361
09061362
09061363
09061364
09061365
09061366
09061367
09061368
09061369
09061370
09061371
09061372
09061373
09061374
09061375
09061376
09061377
09061378
09061379
09061380
09061381
09061382
09061383
09061384
09061385
09061386
09061387
09061388
09061389
09061390
09061391
09061392
09061393
09061394
09061395
09061396
09061397
09061398
09061399
09061400
09061401
09061402
09061403
09061404
09061405
09061406
09061407
09061408
09061409
09061410
09061411
09061412
09061413
09061414
09061415
09061416
09061417
09061418
09061419
09061420
09061421
09061422
09061423
09061424
09061425
09061426
09061427
09061428
09061429
09061430
09061431
09061432
09061433
09061434
09061435
09061436
09061437
09061438
09061439
09061440
09061441
09061442
09061443
09061444
09061445
09061446
09061447
09061448
09061449
09061450
09061451
09061452
09061453
09061454
09061455
09061456
09061457
09061458
09061459
09061460
09061461
09061462
09061463
09061464
09061465
09061466
09061467
09061468
09061469
09061470
09061471
09061472
09061473
09061474
09061475
09061476
09061477
09061478
09061479
09061480
09061481
09061482
09061483
09061484
09061485
09061486
09061487
09061488
09061489
09061490
09061491
09061492
09061493
09061494
09061495
09061496
09061497
09061498
09061499
09061500
09061501
09061502
09061503
09061504
09061505
09061506
09061507
09061508
09061509
09061510
09061511
09061512
09061513
09061514
09061515
09061516
09061517
09061518
09061519
09061520
09061521
09061522
09061523
09061524
09061525
09061526
09061527
09061528
09061529
09061530
09061531
09061532
09061533
09061534
09061535
09061536
09061537
09061538
09061539
09061540
09061541
09061542
09061543
09061544
09061545
09061546
09061547
09061548
09061549
09061550
09061551
09061552
09061553
09061554
09061555
09061556
09061557
09061558
09061559
09061560
09061561
09061562
09061563
09061564
09061565
09061566
09061567
09061568
09061569
09061570
09061571
09061572
09061573
09061574
09061575
09061576
09061577
09061578
09061579
09061580
09061581
09061582
09061583
09061584
09061585
09061586
09061587
09061588
09061589
09061590
09061591
09061592
09061593
09061594
09061595
09061596
09061597
09061598
09061599
09061600
09061601
09061602
09061603
09061604
09061605
09061606
09061607
09061608
09061609
09061610
09061611
09061612
09061613
09061614
09061615
09061616
09061617
09061618
09061619
09061620
09061621
09061622
09061623
09061624
09061625
09061626
09061627
09061628
09061629
09061630
09061631
09061632
09061633
09061634
09061635
09061636
09061637
09061638
09061639
09061640
09061641
09061642
09061643
09061644
09061645
09061646
09061647
09061648
09061649
09061650
09061651
09061652
09061653
09061654
09061655
09061656
09061657
09061658
09061659
09061660
09061661
09061662
09061663
09061664
09061665
09061666
09061667
09061668
09061669
09061670
09061671
09061672
09061673
09061674
09061675
09061676
09061677
09061678
09061679
09061680
09061681
09061682
09061683
09061684
09061685
09061686
09061687
09061688
09061689
09061690
09061691
09061692
09061693
09061694
09061695
09061696
09061697
09061698
09061699
09061700
09061701
09061702
09061703
09061704
09061705
09061706
09061707
09061708
09061709
09061710
09061711
09061712
09061713
09061714
09061715
09061716
09061717
09061718
09061719
09061720
09061721
09061722
09061723
09061724
09061725
09061726
09061727
09061728
09061729
09061730
09061731
09061732
09061733
09061734
09061735
09061736
09061737
09061738
09061739
09061740
09061741
09061742
09061743
09061744
09061745
09061746
09061747
09061748
09061749
09061750
09061751
09061752
09061753
09061754
09061755
09061756
09061757
09061758
09061759
09061760
09061761
09061762
09061763
09061764
09061765
09061766
09061767
09061768
09061769
09061770
09061771
09061772
09061773
09061774
09061775
09061776
09061777
09061778
09061779
09061780
09061781
09061782
09061783
09061784
09061785
09061786
09061787
09061788
09061789
09061790
09061791
09061792
09061793
09061794
09061795
09061796
09061797
09061798
09061799
09061800
09061801
09061802
09061803
09061804
09061805
09061806
09061807
09061808
09061809
09061810
09061811
09061812
09061813
09061814
09061815
09061816
09061817
09061818
09061819
09061820
09061821
09061822
09061823
09061824
09061825
09061826
09061827
09061828
09061829
09061830
09061831
09061832
09061833
09061834
09061835
09061836
09061837
09061838
09061839
09061840
09061841
09061842
09061843
09061844
09061845
09061846
09061847
09061848
09061849
09061850
09061851
09061852
09061853
09061854
09061855
09061856
09061857
09061858
09061859
09061860
09061861
09061862
09061863
09061864
09061865
09061866
09061867
09061868
09061869
09061870
09061871
09061872
09061873
09061874
09061875
09061876
09061877
09061878
09061879
09061880
09061881
09061882
09061883
09061884
09061885
09061886
09061887
09061888
09061889
09061890
09061891
09061892
09061893
09061894
09061895
09061896
09061897
09061898
09061899
09061900
09061901
09061902
09061903
09061904
09061905
09061906
09061907
09061908
09061909
09061910
09061911
09061912
09061913
09061914
09061915
09061916
09061917
09061918
09061919
09061920
09061921
09061922
09061923
09061924
09061925
09061926
09061927
09061928
09061929
09061930
09061931
09061932
09061933
09061934
09061935
09061936
09061937
09061938
09061939
09061940
09061941
09061942
09061943
09061944
09061945
09061946
09061947
09061948
09061949
09061950
09061951
09061952
09061953
09061954
09061955
09061956
09061957
09061958
09061959
09061960
09061961
09061962
09061963
09061964
09061965
09061966
09061967
09061968
09061969
09061970
09061971
09061972
09061973
09061974
09061975
09061976
09061977
09061978
09061979
09061980
09061981
09061982
09061983
09061984
09061985
09061986
09061987
09061988
09061989
09061990
09061991
09061992
09061993
09061994
09061995
09061996
09061997
09061998
09061999
09062000
09062001
09062002
09062003
09062004
09062005
09062006
09062007
09062008
09062009
09062010
09062011
09062012
09062013
09062014
09062015
09062016
09062017
09062018
09062019
09062020
09062021
09062022
09062023
09062024
09062025
09062026
09062027
09062028
09062029
09062030
09062031
09062032
09062033
09062034
09062035
09062036
09062037
09062038
09062039
09062040
09062041
09062042
09062043
09062044
09062045
09062046
09062047
09062048
09062049
09062050
09062051
09062052
09062053
09062054
09062055
09062056
09062057
09062058
09062059
09062060
09062061
09062062
09062063
09062064
09062065
09062066
09062067
09062068
09062069
09062070
09062071
09062072
09062073
09062074
09062075
09062076
09062077
09062078
09062079
09062080
09062081
09062082
09062083
09062084
09062085
09062086
09062087
09062088
09062089
09062090
09062091
09062092
09062093
09062094
09062095
09062096
09062097
09062098
09062099
09062100
09062101
09062102
09062103
09062104
09062105
09062106
09062107
09062108
09062109
09062110
09062111
09062112
09062113
09062114
09062115
09062116
09062117
09062118
09062119
09062120
09062121
09062122
09062123
09062124
09062125
09062126
09062127
09062128
09062129
09062130
09062131
09062132
09062133
09062134
09062135
09062136
09062137
09062138
09062139
09062140
09062141
09062142
09062143
09062144
09062145
09062146
09062147
09062148
09062149
09062150
09062151
09062152
09062153
09062154
09062155
09062156
09062157
09062158
09062159
09062160
09062161
09062162
09062163
09062164
09062165
09062166
09062167
09062168
09062169
09062170
09062171
09062172
09062173
09062174
09062175
09062176
09062177
09062178
09062179
09062180
09062181
09062182
09062183
09062184
09062185
09062186
09062187
09062188
09062189
09062190
09062191
09062192
09062193
09062194
09062195
09062196
09062197
09062198
09062199
09062200
09062201
09062202
09062203
09062204
09062205
09062206
09062207
09062208
09062209
09062210
09062211
09062212
09062213
09062214
09062215
09062216
09062217
09062218
09062219
09062220
09062221
09062222
09062223
09062224
09062225
09062226
09062227
09062228
09062229
09062230
09062231
09062232
09062233
09062234
09062235
09062236
09062237
09062238
09062239
09062240
09062241
09062242
09062243
09062244
09062245
09062246
09062247
09062248
09062249
09062250
09062251
09062252
09062253
09062254
09062255
09062256
09062257
09062258
09062259
09062260
09062261
09062262
09062263
09062264
09062265
09062266
09062267
09062268
09062269
09062270
09062271
09062272
09062273
09062274
09062275
09062276
09062277
09062278
09062279
09062280
09062281
09062282
09062283
09062284
09062285
09062286
09062287
09062288
09062289
09062290
09062291
09062292
09062293
09062294
09062295
09062296
09062297
09062298
09062299
09062300
09062301
09062302
09062303
09062304
09062305
09062306
09062307
09062308
09062309
09062310
09062311
09062312
09062313
09062314
09062315
09062316
09062317
09062318
09062319
09062320
09062321
09062322
09062323
09062324
09062325
09062326
09062327
09062328
09062329
09062330
09062331
09062332
09062333
09062334
09062335
09062336
09062337
09062338
09062339
09062340
09062341
09062342
09062343
09062344
09062345
09062346
09062347
09062348
09062349
09062350
09062351
09062352
09062353
09062354
09062355
09062356
09062357
09062358
09062359
09062360
09062361
09062362
09062363
09062364
09062365
09062366
09062367
09062368
09062369
09062370
09062371
09062372
09062373
09062374
09062375
09062376
09062377
09062378
09062379
09062380
09062381
09062382
09062383
09062384
09062385
09062386
09062387
09062388
09062389
09062390
09062391
09062392
09062393
09062394
09062395
09062396
09062397
09062398
09062399
09062400
09062401
09062402
09062403
09062404
09062405
09062406
09062407
09062408
09062409
09062410
09062411
09062412
09062413
09062414
09062415
09062416
09062417
09062418
09062419
09062420
09062421
09062422
09062423
09062424
09062425
09062426
09062427
09062428
09062429
09062430
09062431
09062432
09062433
09062434
09062435
09062436
09062437
09062438
09062439
09062440
09062441
09062442
09062443
09062444
09062445
09062446
09062447
09062448
09062449
09062450
09062451
09062452
09062453
09062454
09062455
09062456
09062457
09062458
09062459
09062460
09062461
09062462
09062463
09062464
09062465
09062466
09062467
09062468
09062469
09062470
09062471
09062472
09062473
09062474
09062475
09062476
09062477
09062478
09062479
09062480
09062481
09062482
09062483
09062484
09062485
09062486
09062487
09062488
09062489
09062490
09062491
09062492
09062493
09062494
09062495
09062496
09062497
09062498
09062499
09062500
09062501
09062502
09062503
09062504
09062505
09062506
09062507
09062508
09062509
09062510
09062511
09062512
09062513
09062514
09062515
09062516
09062517
09062518
09062519
09062520
09062521
09062522
09062523
09062524
09062525
09062526
09062527
09062528
09062529
09062530
09062531
09062532
09062533
09062534
09062535
09062536
09062537
09062538
09062539
09062540
09062541
09062542
09062543
09062544
09062545
09062546
09062547
09062548
09062549
09062550
09062551
09062552
09062553
09062554
09062555
09062556
09062557
09062558
09062559
09062560
09062561
09062562
09062563
09062564
09062565
09062566
09062567
09062568
09062569
09062570
09062571
09062572
09062573
09062574
09062575
09062576
09062577
09062578
09062579
09062580
09062581
09062582
09062583
09062584
09062585
09062586
09062587
09062588
09062589
09062590
09062591
09062592
09062593
09062594
09062595
09062596
09062597
09062598
09062599
09062600
09062601
09062602
09062603
09062604
09062605
09062606
09062607
09062608
09062609
09062610
09062611
09062612
09062613
09062614
09062615
09062616
09062617
09062618
09062619
09062620
09062621
09062622
09062623
09062624
09062625
09062626
09062627
09062628
09062629
09062630
09062631
09062632
09062633
09062634
09062635
09062636
09062637
09062638
09062639
09062640
09062641
09062642
09062643
09062644
09062645
09062646
09062647
09062648
09062649
09062650
09062651
09062652
09062653
09062654
09062655
09062656
09062657
09062658
09062659
09062660
09062661
09062662
09062663
09062664
09062665
09062666
09062667
09062668
09062669
09062670
09062671
09062672
09062673
09062674
09062675
09062676
09062677
09062678
09062679
09062680
09062681
09062682
09062683
09062684
09062685
09062686
09062687
09062688
09062689
09062690
09062691
09062692
09062693
09062694
09062695
09062696
09062697
09062698
09062699
09062700
09062701
09062702
09062703
09062704
09062705
09062706
09062707
09062708
09062709
09062710
09062711
09062712
09062713
09062714
09062715
09062716
09062717
09062718
09062719
09062720
09062721
09062722
09062723
09062724
09062725
09062726
09062727
09062728
09062729
09062730
09062731
09062732
09062733
09062734
09062735
09062736
09062737
09062738
09062739
09062740
09062741
09062742
09062743
09062744
09062745
09062746
09062747
09062748
09062749
09062750
09062751
09062752
09062753
09062754
09062755
09062756
09062757
09062758
09062759
09062760
09062761
09062762
09062763
09062764
09062765
09062766
09062767
09062768
09062769
09062770
09062771
09062772
09062773
09062774
09062775
09062776
09062777
09062778
09062779
09062780
09062781
09062782
09062783
09062784
09062785
09062786
09062787
09062788
09062789
09062790
09062791
09062792
09062793
09062794
09062795
09062796
09062797
09062798
09062799
09062800
09062801
09062802
09062803
09062804
09062805
09062806
09062807
09062808
09062809
09062810
09062811
09062812
09062813
09062814
09062815
09062816
09062817
09062818
09062819
09062820
09062821
09062822
09062823
09062824
09062825
09062826
09062827
09062828
09062829
09062830
09062831
09062832
09062833
09062834
09062835
09062836
09062837
09062838
09062839
09062840
09062841
09062842
09062843
09062844
09062845
09062846
09062847
09062848
09062849
09062850
09062851
09062852
09062853
09062854
09062855
09062856
09062857
09062858
09062859
09062860
09062861
09062862
09062863
09062864
09062865
09062866
09062867
09062868
09062869
09062870
09062871
09062872
09062873
09062874
09062875
09062876
09062877
09062878
09062879
09062880
09062881
09062882
09062883
09062884
09062885
09062886
09062887
09062888
09062889
09062890
09062891
09062892
09062893
09062894
09062895
09062896
09062897
09062898
09062899
09062900
09062901
09062902
09062903
09062904
09062905
09062906
09062907
09062908
09062909
09062910
09062911
09062912
09062913
09062914
09062915
09062916
09062917
09062918
09062919
09062920
09062921
09062922
09062923
09062924
09062925
09062926
09062927
09062928
09062929
09062930
09062931
09062932
09062933
09062934
09062935
09062936
09062937
09062938
09062939
09062940
09062941
09062942
09062943
09062944
09062945
09062946
09062947
09062948
09062949
09062950
09062951
09062952
09062953
09062954
09062955
09062956
09062957
09062958
09062959
09062960
09062961
09062962
09062963
09062964
09062965
09062966
09062967
09062968
09062969
09062970
09062971
09062972
09062973
09062974
09062975
09062976
09062977
09062978
09062979
09062980
09062981
09062982
09062983
09062984
09062985
09062986
09062987
09062988
09062989
09062990
09062991
09062992
09062993
09062994
09062995
09062996
09062997
09062998
09062999
09063000
09063001
09063002
09063003
09063004
09063005
09063006
09063007
09063008
09063009
09063010
09063011
09063012
09063013
09063014
09063015
09063016
09063017
09063018
09063019
09063020
09063021
09063022
09063023
09063024
09063025
09063026
09063027
09063028
09063029
09063030
09063031
09063032
09063033
09063034
09063035
09063036
09063037
09063038
09063039
09063040
09063041
09063042
09063043
09063044
09063045
09063046
09063047
09063048
09063049
09063050
09063051
09063052
09063053
09063054
09063055
09063056
09063057
09063058
09063059
09063060
09063061
09063062
09063063
09063064
09063065
09063066
09063067
09063068
09063069
09063070
09063071
09063072
09063073
09063074
09063075
09063076
09063077
09063078
09063079
09063080
09063081
09063082
09063083
09063084
09063085
09063086
09063087
09063088
09063089
09063090
09063091
09063092
09063093
09063094
09063095
09063096
09063097
09063098
09063099
09063100
09063101
09063102
09063103
09063104
09063105
09063106
09063107
09063108
09063109
09063110
09063111
09063112
09063113
09063114
09063115
09063116
09063117
09063118
09063119
09063120
09063121
09063122
09063123
09063124
09063125
09063126
09063127
09063128
09063129
09063130
09063131
09063132
09063133
09063134
09063135
09063136
09063137
09063138
09063139
09063140
09063141
09063142
09063143
09063144
09063145
09063146
09063147
09063148
09063149
09063150
09063151
09063152
09063153
09063154
09063155
09063156
09063157
09063158
09063159
09063160
09063161
09063162
09063163
09063164
09063165
09063166
09063167
09063168
09063169
09063170
09063171
09063172
09063173
09063174
09063175
09063176
09063177
09063178
09063179
09063180
09063181
09063182
09063183
09063184
09063185
09063186
09063187
09063188
09063189
09063190
09063191
09063192
09063193
09063194
09063195
09063196
09063197
09063198
09063199
09063200
09063201
09063202
09063203
09063204
09063205
09063206
09063207
09063208
09063209
09063210
09063211
09063212
09063213
09063214
09063215
09063216
09063217
09063218
09063219
09063220
09063221
09063222
09063223
09063224
09063225
09063226
09063227
09063228
09063229
09063230
09063231
09063232
09063233
09063234
09063235
09063236
09063237
09063238
09063239
09063240
09063241
09063242
09063243
09063244
09063245
09063246
09063247
09063248
09063249
09063250
09063251
09063252
09063253
09063254
09063255
09063256
09063257
09063258
09063259
09063260
09063261
09063262
09063263
09063264
09063265
09063266
09063267
09063268
09063269
09063270
09063271
09063272
09063273
09063274
09063275
09063276
09063277
09063278
09063279
09063280
09063281
09063282
09063283
09063284
09063285
09063286
09063287
09063288
09063289
09063290
09063291
09063292
09063293
09063294
09063295
09063296
09063297
09063298
09063299
09063300
09063301
09063302
09063303
09063304
09063305
09063306
09063307
09063308
09063309
09063310
09063311
09063312
09063313
09063314
09063315
09063316
09063317
09063318
09063319
09063320
09063321
09063322
09063323
09063324
09063325
09063326
09063327
09063328
09063329
09063330
09063331
09063332
09063333
09063334
09063335
09063336
09063337
09063338
09063339
09063340
09063341
09063342
09063343
09063344
09063345
09063346
09063347
09063348
09063349
09063350
09063351
09063352
09063353
09063354
09063355
09063356
09063357
09063358
09063359
09063360
09063361
09063362
09063363
09063364
09063365
09063366
09063367
09063368
09063369
09063370
09063371
09063372
09063373
09063374
09063375
09063376
09063377
09063378
09063379
09063380
09063381
09063382
09063383
09063384
09063385
09063386
09063387
09063388
09063389
09063390
09063391
09063392
09063393
09063394
09063395
09063396
09063397
09063398
09063399
09063400
09063401
09063402
09063403
09063404
09063405
09063406
09063407
09063408
09063409
09063410
09063411
09063412
09063413
09063414
09063415
09063416
09063417
09063418
09063419
09063420
09063421
09063422
09063423
09063424
09063425
09063426
09063427
09063428
09063429
09063430
09063431
09063432
09063433
09063434
09063435
09063436
09063437
09063438
09063439
09063440
09063441
09063442
09063443
09063444
09063445
09063446
09063447
09063448
09063449
09063450
09063451
09063452
09063453
09063454
09063455
09063456
09063457
09063458
09063459
09063460
09063461
09063462
09063463
09063464
09063465
09063466
09063467
09063468
09063469
09063470
09063471
09063472
09063473
09063474
09063475
09063476
09063477
09063478
09063479
09063480
09063481
09063482
09063483
09063484
09063485
09063486
09063487
09063488
09063489
09063490
09063491
09063492
09063493
09063494
09063495
09063496
09063497
09063498
09063499
09063500
09063501
09063502
09063503
09063504
09063505
09063506
09063507
09063508
09063509
09063510
09063511
09063512
09063513
09063514
09063515
09063516
09063517
09063518
09063519
09063520
09063521
09063522
09063523
09063524
09063525
09063526
09063527
09063528
09063529
09063530
09063531
09063532
09063533
09063534
09063535
09063536
09063537
09063538
09063539
09063540
09063541
09063542
09063543
09063544
09063545
09063546
09063547
09063548
09063549
09063550
09063551
09063552
09063553
09063554
09063555
09063556
09063557
09063558
09063559
09063560
09063561
09063562
09063563
09063564
09063565
09063566
09063567
09063568
09063569
09063570
09063571
09063572
09063573
09063574
09063575
09063576
09063577
09063578
09063579
09063580
09063581
09063582
09063583
09063584
09063585
09063586
09063587
09063588
09063589
09063590
09063591
09063592
09063593
09063594
09063595
09063596
09063597
09063598
09063599
09063600
09063601
09063602
09063603
09063604
09063605
09063606
09063607
09063608
09063609
09063610
09063611
09063612
09063613
09063614
09063615
09063616
09063617
09063618
09063619
09063620
09063621
09063622
09063623
09063624
09063625
09063626
09063627
09063628
09063629
09063630
09063631
09063632
09063633
09063634
09063635
09063636
09063637
09063638
09063639
09063640
09063641
09063642
09063643
09063644
09063645
09063646
09063647
09063648
09063649
09063650
09063651
09063652
09063653
09063654
09063655
09063656
09063657
09063658
09063659
09063660
09063661
09063662
09063663
09063664
09063665
09063666
09063667
09063668
09063669
09063670
09063671
09063672
09063673
09063674
09063675
09063676
09063677
09063678
09063679
09063680
09063681
09063682
09063683
09063684
09063685
09063686
09063687
09063688
09063689
09063690
09063691
09063692
09063693
09063694
09063695
09063696
09063697
09063698
09063699
09063700
09063701
09063702
09063703
09063704
09063705
09063706
09063707
09063708
09063709
09063710
09063711
09063712
09063713
09063714
09063715
09063716
09063717
09063718
09063719
09063720
09063721
09063722
09063723
09063724
09063725
09063726
09063727
09063728
09063729
09063730
09063731
09063732
09063733
09063734
09063735
09063736
09063737
09063738
09063739
09063740
09063741
09063742
09063743
09063744
09063745
09063746
09063747
09063748
09063749
09063750
09063751
09063752
09063753
09063754
09063755
09063756
09063757
09063758
09063759
09063760
09063761
09063762
09063763
09063764
09063765
09063766
09063767
09063768
09063769
09063770
09063771
09063772
09063773
09063774
09063775
09063776
09063777
09063778
09063779
09063780
09063781
09063782
09063783
09063784
09063785
09063786
09063787
09063788
09063789
09063790
09063791
09063792
09063793
09063794
09063795
09063796
09063797
09063798
09063799
09063800
09063801
09063802
09063803
09063804
09063805
09063806
09063807
09063808
09063809
09063810
09063811
09063812
09063813
09063814
09063815
09063816
09063817
09063818
09063819
09063820
09063821
09063822
09063823
09063824
09063825
09063826
09063827
09063828
09063829
09063830
09063831
09063832
09063833
09063834
09063835
09063836
09063837
09063838
09063839
09063840
09063841
09063842
09063843
09063844
09063845
09063846
09063847
09063848
09063849
09063850
09063851
09063852
09063853
09063854
09063855
09063856
09063857
09063858
09063859
09063860
09063861
09063862
09063863
09063864
09063865
09063866
09063867
09063868
09063869
09063870
09063871
09063872
09063873
09063874
09063875
09063876
09063877
09063878
09063879
09063880
09063881
09063882
09063883
09063884
09063885
09063886
09063887
09063888
09063889
09063890
09063891
09063892
09063893
09063894
09063895
09063896
09063897
09063898
09063899
09063900
09063901
09063902
09063903
09063904
09063905
09063906
09063907
09063908
09063909
09063910
09063911
09063912
09063913
09063914
09063915
09063916
09063917
09063918
09063919
09063920
09063921
09063922
09063923
09063924
09063925
09063926
09063927
09063928
09063929
09063930
09063931
09063932
09063933
09063934
09063935
09063936
09063937
09063938
09063939
09063940
09063941
09063942
09063943
09063944
09063945
09063946
09063947
09063948
09063949
09063950
09063951
09063952
09063953
09063954
09063955
09063956
09063957
09063958
09063959
09063960
09063961
09063962
09063963
09063964
09063965
09063966
09063967
09063968
09063969
09063970
09063971
09063972
09063973
09063974
09063975
09063976
09063977
09063978
09063979
09063980
09063981
09063982
09063983
09063984
09063985
09063986
09063987
09063988
09063989
09063990
09063991
09063992
09063993
09063994
09063995
09063996
09063997
09063998
09063999
09064000
09064001
09064002
09064003
09064004
09064005
09064006
09064007
09064008
09064009
09064010
09064011
09064012
09064013
09064014
09064015
09064016
09064017
09064018
09064019
09064020
09064021
09064022
09064023
09064024
09064025
09064026
09064027
09064028
09064029
09064030
09064031
09064032
09064033
09064034
09064035
09064036
09064037
09064038
09064039
09064040
09064041
09064042
09064043
09064044
09064045
09064046
09064047
09064048
09064049
09064050
09064051
09064052
09064053
09064054
09064055
09064056
09064057
09064058
09064059
09064060
09064061
09064062
09064063
09064064
09064065
09064066
09064067
09064068
09064069
09064070
09064071
09064072
09064073
09064074
09064075
09064076
09064077
09064078
09064079
09064080
09064081
09064082
09064083
09064084
09064085
09064086
09064087
09064088
09064089
09064090
09064091
09064092
09064093
09064094
09064095
09064096
09064097
09064098
09064099
09064100
09064101
09064102
09064103
09064104
09064105
09064106
09064107
09064108
09064109
09064110
09064111
09064112
09064113
09064114
09064115
09064116
09064117
09064118
09064119
09064120
09064121
09064122
09064123
09064124
09064125
09064126
09064127
09064128
09064129
09064130
09064131
09064132
09064133
09064134
09064135
09064136
09064137
09064138
09064139
09064140
09064141
09064142
09064143
09064144
09064145
09064146
09064147
09064148
09064149
09064150
09064151
09064152
09064153
09064154
09064155
09064156
09064157
09064158
09064159
09064160
09064161
09064162
09064163
09064164
09064165
09064166
09064167
09064168
09064169
09064170
09064171
09064172
09064173
09064174
09064175
09064176
09064177
09064178
09064179
09064180
09064181
09064182
09064183
09064184
09064185
09064186
09064187
09064188
09064189
09064190
09064191
09064192
09064193
09064194
09064195
09064196
09064197
09064198
09064199
09064200
09064201
09064202
09064203
09064204
09064205
09064206
09064207
09064208
09064209
09064210
09064211
09064212
09064213
09064214
09064215
09064216
09064217
09064218
09064219
09064220
09064221
09064222
09064223
09064224
09064225
09064226
09064227
09064228
09064229
09064230
09064231
09064232
09064233
09064234
09064235
09064236
09064237
09064238
09064239
09064240
09064241
09064242
09064243
09064244
09064245
09064246
09064247
09064248
09064249
09064250
09064251
09064252
09064253
09064254
09064255
09064256
09064257
09064258
09064259
09064260
09064261
09064262
09064263
09064264
09064265
09064266
09064267
09064268
09064269
09064270
09064271
09064272
09064273
09064274
09064275
09064276
09064277
09064278
09064279
09064280
09064281
09064282
09064283
09064284
09064285
09064286
09064287
09064288
09064289
09064290
09064291
09064292
09064293
09064294
09064295
09064296
09064297
09064298
09064299
09064300
09064301
09064302
09064303
09064304
09064305
09064306
09064307
09064308
09064309
09064310
09064311
09064312
09064313
09064314
09064315
09064316
09064317
09064318
09064319
09064320
09064321
09064322
09064323
09064324
09064325
09064326
09064327
09064328
09064329
09064330
09064331
09064332
09064333
09064334
09064335
09064336
09064337
09064338
09064339
09064340
09064341
09064342
09064343
09064344
09064345
09064346
09064347
09064348
09064349
09064350
09064351
09064352
09064353
09064354
09064355
09064356
09064357
09064358
09064359
09064360
09064361
09064362
09064363
09064364
09064365
09064366
09064367
09064368
09064369
09064370
09064371
09064372
09064373
09064374
09064375
09064376
09064377
09064378
09064379
09064380
09064381
09064382
09064383
09064384
09064385
09064386
09064387
09064388
09064389
09064390
09064391
09064392
09064393
09064394
09064395
09064396
09064397
09064398
09064399
09064400
09064401
09064402
09064403
09064404
09064405
09064406
09064407
09064408
09064409
09064410
09064411
09064412
09064413
09064414
09064415
09064416
09064417
09064418
09064419
09064420
09064421
09064422
09064423
09064424
09064425
09064426
09064427
09064428
09064429
09064430
09064431
09064432
09064433
09064434
09064435
09064436
09064437
09064438
09064439
09064440
09064441
09064442
09064443
09064444
09064445
09064446
09064447
09064448
09064449
09064450
09064451
09064452
09064453
09064454
09064455
09064456
09064457
09064458
09064459
09064460
09064461
09064462
09064463
09064464
09064465
09064466
09064467
09064468
09064469
09064470
09064471
09064472
09064473
09064474
09064475
09064476
09064477
09064478
09064479
09064480
09064481
09064482
09064483
09064484
09064485
09064486
09064487
09064488
09064489
09064490
09064491
09064492
09064493
09064494
09064495
09064496
09064497
09064498
09064499
09064500
09064501
09064502
09064503
09064504
09064505
09064506
09064507
09064508
09064509
09064510
09064511
09064512
09064513
09064514
09064515
09064516
09064517
09064518
09064519
09064520
09064521
09064522
09064523
09064524
09064525
09064526
09064527
09064528
09064529
09064530
09064531
09064532
09064533
09064534
09064535
09064536
09064537
09064538
09064539
09064540
09064541
09064542
09064543
09064544
09064545
09064546
09064547
09064548
09064549
09064550
09064551
09064552
09064553
09064554
09064555
09064556
09064557
09064558
09064559
09064560
09064561
09064562
09064563
09064564
09064565
09064566
09064567
09064568
09064569
09064570
09064571
09064572
09064573
09064574
09064575
09064576
09064577
09064578
09064579
09064580
09064581
09064582
09064583
09064584
09064585
09064586
09064587
09064588
09064589
09064590
09064591
09064592
09064593
09064594
09064595
09064596
09064597
09064598
09064599
09064600
09064601
09064602
09064603
09064604
09064605
09064606
09064607
09064608
09064609
09064610
09064611
09064612
09064613
09064614
09064615
09064616
09064617
09064618
09064619
09064620
09064621
09064622
09064623
09064624
09064625
09064626
09064627
09064628
09064629
09064630
09064631
09064632
09064633
09064634
09064635
09064636
09064637
09064638
09064639
09064640
09064641
09064642
09064643
09064644
09064645
09064646
09064647
09064648
09064649
09064650
09064651
09064652
09064653
09064654
09064655
09064656
09064657
09064658
09064659
09064660
09064661
09064662
09064663
09064664
09064665
09064666
09064667
09064668
09064669
09064670
09064671
09064672
09064673
09064674
09064675
09064676
09064677
09064678
09064679
09064680
09064681
09064682
09064683
09064684
09064685
09064686
09064687
09064688
09064689
09064690
09064691
09064692
09064693
09064694
09064695
09064696
09064697
09064698
09064699
09064700
09064701
09064702
09064703
09064704
09064705
09064706
09064707
09064708
09064709
09064710
09064711
09064712
09064713
09064714
09064715
09064716
09064717
09064718
09064719
09064720
09064721
09064722
09064723
09064724
09064725
09064726
09064727
09064728
09064729
09064730
09064731
09064732
09064733
09064734
09064735
09064736
09064737
09064738
09064739
09064740
09064741
09064742
09064743
09064744
09064745
09064746
09064747
09064748
09064749
09064750
09064751
09064752
09064753
09064754
09064755
09064756
09064757
09064758
09064759
09064760
09064761
09064762
09064763
09064764
09064765
09064766
09064767
09064768
09064769
09064770
09064771
09064772
09064773
09064774
09064775
09064776
09064777
09064778
09064779
09064780
09064781
09064782
09064783
09064784
09064785
09064786
09064787
09064788
09064789
09064790
09064791
09064792
09064793
09064794
09064795
09064796
09064797
09064798
09064799
09064800
09064801
09064802
09064803
09064804
09064805
09064806
09064807
09064808
09064809
09064810
09064811
09064812
09064813
09064814
09064815
09064816
09064817
09064818
09064819
09064820
09064821
09064822
09064823
09064824
09064825
09064826
09064827
09064828
09064829
09064830
09064831
09064832
09064833
09064834
09064835
09064836
09064837
09064838
09064839
09064840
09064841
09064842
09064843
09064844
09064845
09064846
09064847
09064848
09064849
09064850
09064851
09064852
09064853
09064854
09064855
09064856
09064857
09064858
09064859
09064860
09064861
09064862
09064863
09064864
09064865
09064866
09064867
09064868
09064869
09064870
09064871
09064872
09064873
09064874
09064875
09064876
09064877
09064878
09064879
09064880
09064881
09064882
09064883
09064884
09064885
09064886
09064887
09064888
09064889
09064890
09064891
09064892
09064893
09064894
09064895
09064896
09064897
09064898
09064899
09064900
09064901
09064902
09064903
09064904
09064905
09064906
09064907
09064908
09064909
09064910
09064911
09064912
09064913
09064914
09064915
09064916
09064917
09064918
09064919
09064920
09064921
09064922
09064923
09064924
09064925
09064926
09064927
09064928
09064929
09064930
09064931
09064932
09064933
09064934
09064935
09064936
09064937
09064938
09064939
09064940
09064941
09064942
09064943
09064944
09064945
09064946
09064947
09064948
09064949
09064950
09064951
09064952
09064953
09064954
09064955
09064956
09064957
09064958
09064959
09064960
09064961
09064962
09064963
09064964
09064965
09064966
09064967
09064968
09064969
09064970
09064971
09064972
09064973
09064974
09064975
09064976
09064977
09064978
09064979
09064980
09064981
09064982
09064983
09064984
09064985
09064986
09064987
09064988
09064989
09064990
09064991
09064992
09064993
09064994
09064995
09064996
09064997
09064998
09064999
09065000
09065001
09065002
09065003
09065004
09065005
09065006
09065007
09065008
09065009
09065010
09065011
09065012
09065013
09065014
09065015
09065016
09065017
09065018
09065019
09065020
09065021
09065022
09065023
09065024
09065025
09065026
09065027
09065028
09065029
09065030
09065031
09065032
09065033
09065034
09065035
09065036
09065037
09065038
09065039
09065040
09065041
09065042
09065043
09065044
09065045
09065046
09065047
09065048
09065049
09065050
09065051
09065052
09065053
09065054
09065055
09065056
09065057
09065058
09065059
09065060
09065061
09065062
09065063
09065064
09065065
09065066
09065067
09065068
09065069
09065070
09065071
09065072
09065073
09065074
09065075
09065076
09065077
09065078
09065079
09065080
09065081
09065082
09065083
09065084
09065085
09065086
09065087
09065088
09065089
09065090
09065091
09065092
09065093
09065094
09065095
09065096
09065097
09065098
09065099
09065100
09065101
09065102
09065103
09065104
09065105
09065106
09065107
09065108
09065109
09065110
09065111
09065112
09065113
09065114
09065115
09065116
09065117
09065118
09065119
09065120
09065121
09065122
09065123
09065124
09065125
09065126
09065127
09065128
09065129
09065130
09065131
09065132
09065133
09065134
09065135
09065136
09065137
09065138
09065139
09065140
09065141
09065142
09065143
09065144
09065145
09065146
09065147
09065148
09065149
09065150
09065151
09065152
09065153
09065154
09065155
09065156
09065157
09065158
09065159
09065160
09065161
09065162
09065163
09065164
09065165
09065166
09065167
09065168
09065169
09065170
09065171
09065172
09065173
09065174
09065175
09065176
09065177
09065178
09065179
09065180
09065181
09065182
09065183
09065184
09065185
09065186
09065187
09065188
09065189
09065190
09065191
09065192
09065193
09065194
09065195
09065196
09065197
09065198
09065199
09065200
09065201
09065202
09065203
09065204
09065205
09065206
09065207
09065208
09065209
09065210
09065211
09065212
09065213
09065214
09065215
09065216
09065217
09065218
09065219
09065220
09065221
09065222
09065223
09065224
09065225
09065226
09065227
09065228
09065229
09065230
09065231
09065232
09065233
09065234
09065235
09065236
09065237
09065238
09065239
09065240
09065241
09065242
09065243
09065244
09065245
09065246
09065247
09065248
09065249
09065250
09065251
09065252
09065253
09065254
09065255
09065256
09065257
09065258
09065259
09065260
09065261
09065262
09065263
09065264
09065265
09065266
09065267
09065268
09065269
09065270
09065271
09065272
09065273
09065274
09065275
09065276
09065277
09065278
09065279
09065280
09065281
09065282
09065283
09065284
09065285
09065286
09065287
09065288
09065289
09065290
09065291
09065292
09065293
09065294
09065295
09065296
09065297
09065298
09065299
09065300
09065301
09065302
09065303
09065304
09065305
09065306
09065307
09065308
09065309
09065310
09065311
09065312
09065313
09065314
09065315
09065316
09065317
09065318
09065319
09065320
09065321
09065322
09065323
09065324
09065325
09065326
09065327
09065328
09065329
09065330
09065331
09065332
09065333
09065334
09065335
09065336
09065337
09065338
09065339
09065340
09065341
09065342
09065343
09065344
09065345
09065346
09065347
09065348
09065349
09065350
09065351
09065352
09065353
09065354
09065355
09065356
09065357
09065358
09065359
09065360
09065361
09065362
09065363
09065364
09065365
09065366
09065367
09065368
09065369
09065370
09065371
09065372
09065373
09065374
09065375
09065376
09065377
09065378
09065379
09065380
09065381
09065382
09065383
09065384
09065385
09065386
09065387
09065388
09065389
09065390
09065391
09065392
09065393
09065394
09065395
09065396
09065397
09065398
09065399
09065400
09065401
09065402
09065403
09065404
09065405
09065406
09065407
09065408
09065409
09065410
09065411
09065412
09065413
09065414
09065415
09065416
09065417
09065418
09065419
09065420
09065421
09065422
09065423
09065424
09065425
09065426
09065427
09065428
09065429
09065430
09065431
09065432
09065433
09065434
09065435
09065436
09065437
09065438
09065439
09065440
09065441
09065442
09065443
09065444
09065445
09065446
09065447
09065448
09065449
09065450
09065451
09065452
09065453
09065454
09065455
09065456
09065457
09065458
09065459
09065460
09065461
09065462
09065463
09065464
09065465
09065466
09065467
09065468
09065469
09065470
09065471
09065472
09065473
09065474
09065475
09065476
09065477
09065478
09065479
09065480
09065481
09065482
09065483
09065484
09065485
09065486
09065487
09065488
09065489
09065490
09065491
09065492
09065493
09065494
09065495
09065496
09065497
09065498
09065499
09065500
09065501
09065502
09065503
09065504
09065505
09065506
09065507
09065508
09065509
09065510
09065511
09065512
09065513
09065514
09065515
09065516
09065517
09065518
09065519
09065520
09065521
09065522
09065523
09065524
09065525
09065526
09065527
09065528
09065529
09065530
09065531
09065532
09065533
09065534
09065535
09065536
09065537
09065538
09065539
09065540
09065541
09065542
09065543
09065544
09065545
09065546
09065547
09065548
09065549
09065550
09065551
09065552
09065553
09065554
09065555
09065556
09065557
09065558
09065559
09065560
09065561
09065562
09065563
09065564
09065565
09065566
09065567
09065568
09065569
09065570
09065571
09065572
09065573
09065574
09065575
09065576
09065577
09065578
09065579
09065580
09065581
09065582
09065583
09065584
09065585
09065586
09065587
09065588
09065589
09065590
09065591
09065592
09065593
09065594
09065595
09065596
09065597
09065598
09065599
09065600
09065601
09065602
09065603
09065604
09065605
09065606
09065607
09065608
09065609
09065610
09065611
09065612
09065613
09065614
09065615
09065616
09065617
09065618
09065619
09065620
09065621
09065622
09065623
09065624
09065625
09065626
09065627
09065628
09065629
09065630
09065631
09065632
09065633
09065634
09065635
09065636
09065637
09065638
09065639
09065640
09065641
09065642
09065643
09065644
09065645
09065646
09065647
09065648
09065649
09065650
09065651
09065652
09065653
09065654
09065655
09065656
09065657
09065658
09065659
09065660
09065661
09065662
09065663
09065664
09065665
09065666
09065667
09065668
09065669
09065670
09065671
09065672
09065673
09065674
09065675
09065676
09065677
09065678
09065679
09065680
09065681
09065682
09065683
09065684
09065685
09065686
09065687
09065688
09065689
09065690
09065691
09065692
09065693
09065694
09065695
09065696
09065697
09065698
09065699
09065700
09065701
09065702
09065703
09065704
09065705
09065706
09065707
09065708
09065709
09065710
09065711
09065712
09065713
09065714
09065715
09065716
09065717
09065718
09065719
09065720
09065721
09065722
09065723
09065724
09065725
09065726
09065727
09065728
09065729
09065730
09065731
09065732
09065733
09065734
09065735
09065736
09065737
09065738
09065739
09065740
09065741
09065742
09065743
09065744
09065745
09065746
09065747
09065748
09065749
09065750
09065751
09065752
09065753
09065754
09065755
09065756
09065757
09065758
09065759
09065760
09065761
09065762
09065763
09065764
09065765
09065766
09065767
09065768
09065769
09065770
09065771
09065772
09065773
09065774
09065775
09065776
09065777
09065778
09065779
09065780
09065781
09065782
09065783
09065784
09065785
09065786
09065787
09065788
09065789
09065790
09065791
09065792
09065793
09065794
09065795
09065796
09065797
09065798
09065799
09065800
09065801
09065802
09065803
09065804
09065805
09065806
09065807
09065808
09065809
09065810
09065811
09065812
09065813
09065814
09065815
09065816
09065817
09065818
09065819
09065820
09065821
09065822
09065823
09065824
09065825
09065826
09065827
09065828
09065829
09065830
09065831
09065832
09065833
09065834
09065835
09065836
09065837
09065838
09065839
09065840
09065841
09065842
09065843
09065844
09065845
09065846
09065847
09065848
09065849
09065850
09065851
09065852
09065853
09065854
09065855
09065856
09065857
09065858
09065859
09065860
09065861
09065862
09065863
09065864
09065865
09065866
09065867
09065868
09065869
09065870
09065871
09065872
09065873
09065874
09065875
09065876
09065877
09065878
09065879
09065880
09065881
09065882
09065883
09065884
09065885
09065886
09065887
09065888
09065889
09065890
09065891
09065892
09065893
09065894
09065895
09065896
09065897
09065898
09065899
09065900
09065901
09065902
09065903
09065904
09065905
09065906
09065907
09065908
09065909
09065910
09065911
09065912
09065913
09065914
09065915
09065916
09065917
09065918
09065919
09065920
09065921
09065922
09065923
09065924
09065925
09065926
09065927
09065928
09065929
09065930
09065931
09065932
09065933
09065934
09065935
09065936
09065937
09065938
09065939
09065940
09065941
09065942
09065943
09065944
09065945
09065946
09065947
09065948
09065949
09065950
09065951
09065952
09065953
09065954
09065955
09065956
09065957
09065958
09065959
09065960
09065961
09065962
09065963
09065964
09065965
09065966
09065967
09065968
09065969
09065970
09065971
09065972
09065973
09065974
09065975
09065976
09065977
09065978
09065979
09065980
09065981
09065982
09065983
09065984
09065985
09065986
09065987
09065988
09065989
09065990
09065991
09065992
09065993
09065994
09065995
09065996
09065997
09065998
09065999
09066000
09066001
09066002
09066003
09066004
09066005
09066006
09066007
09066008
09066009
09066010
09066011
09066012
09066013
09066014
09066015
09066016
09066017
09066018
09066019
09066020
09066021
09066022
09066023
09066024
09066025
09066026
09066027
09066028
09066029
09066030
09066031
09066032
09066033
09066034
09066035
09066036
09066037
09066038
09066039
09066040
09066041
09066042
09066043
09066044
09066045
09066046
09066047
09066048
09066049
09066050
09066051
09066052
09066053
09066054
09066055
09066056
09066057
09066058
09066059
09066060
09066061
09066062
09066063
09066064
09066065
09066066
09066067
09066068
09066069
09066070
09066071
09066072
09066073
09066074
09066075
09066076
09066077
09066078
09066079
09066080
09066081
09066082
09066083
09066084
09066085
09066086
09066087
09066088
09066089
09066090
09066091
09066092
09066093
09066094
09066095
09066096
09066097
09066098
09066099
09066100
09066101
09066102
09066103
09066104
09066105
09066106
09066107
09066108
09066109
09066110
09066111
09066112
09066113
09066114
09066115
09066116
09066117
09066118
09066119
09066120
09066121
09066122
09066123
09066124
09066125
09066126
09066127
09066128
09066129
09066130
09066131
09066132
09066133
09066134
09066135
09066136
09066137
09066138
09066139
09066140
09066141
09066142
09066143
09066144
09066145
09066146
09066147
09066148
09066149
09066150
09066151
09066152
09066153
09066154
09066155
09066156
09066157
09066158
09066159
09066160
09066161
09066162
09066163
09066164
09066165
09066166
09066167
09066168
09066169
09066170
09066171
09066172
09066173
09066174
09066175
09066176
09066177
09066178
09066179
09066180
09066181
09066182
09066183
09066184
09066185
09066186
09066187
09066188
09066189
09066190
09066191
09066192
09066193
09066194
09066195
09066196
09066197
09066198
09066199
09066200
09066201
09066202
09066203
09066204
09066205
09066206
09066207
09066208
09066209
09066210
09066211
09066212
09066213
09066214
09066215
09066216
09066217
09066218
09066219
09066220
09066221
09066222
09066223
09066224
09066225
09066226
09066227
09066228
09066229
09066230
09066231
09066232
09066233
09066234
09066235
09066236
09066237
09066238
09066239
09066240
09066241
09066242
09066243
09066244
09066245
09066246
09066247
09066248
09066249
09066250
09066251
09066252
09066253
09066254
09066255
09066256
09066257
09066258
09066259
09066260
09066261
09066262
09066263
09066264
09066265
09066266
09066267
09066268
09066269
09066270
09066271
09066272
09066273
09066274
09066275
09066276
09066277
09066278
09066279
09066280
09066281
09066282
09066283
09066284
09066285
09066286
09066287
09066288
09066289
09066290
09066291
09066292
09066293
09066294
09066295
09066296
09066297
09066298
09066299
09066300
09066301
09066302
09066303
09066304
09066305
09066306
09066307
09066308
09066309
09066310
09066311
09066312
09066313
09066314
09066315
09066316
09066317
09066318
09066319
09066320
09066321
09066322
09066323
09066324
09066325
09066326
09066327
09066328
09066329
09066330
09066331
09066332
09066333
09066334
09066335
09066336
09066337
09066338
09066339
09066340
09066341
09066342
09066343
09066344
09066345
09066346
09066347
09066348
09066349
09066350
09066351
09066352
09066353
09066354
09066355
09066356
09066357
09066358
09066359
09066360
09066361
09066362
09066363
09066364
09066365
09066366
09066367
09066368
09066369
09066370
09066371
09066372
09066373
09066374
09066375
09066376
09066377
09066378
09066379
09066380
09066381
09066382
09066383
09066384
09066385
09066386
09066387
09066388
09066389
09066390
09066391
09066392
09066393
09066394
09066395
09066396
09066397
09066398
09066399
09066400
09066401
09066402
09066403
09066404
09066405
09066406
09066407
09066408
09066409
09066410
09066411
09066412
09066413
09066414
09066415
09066416
09066417
09066418
09066419
09066420
09066421
09066422
09066423
09066424
09066425
09066426
09066427
09066428
09066429
09066430
09066431
09066432
09066433
09066434
09066435
09066436
09066437
09066438
09066439
09066440
09066441
09066442
09066443
09066444
09066445
09066446
09066447
09066448
09066449
09066450
09066451
09066452
09066453
09066454
09066455
09066456
09066457
09066458
09066459
09066460
09066461
09066462
09066463
09066464
09066465
09066466
09066467
09066468
09066469
09066470
09066471
09066472
09066473
09066474
09066475
09066476
09066477
09066478
09066479
09066480
09066481
09066482
09066483
09066484
09066485
09066486
09066487
09066488
09066489
09066490
09066491
09066492
09066493
09066494
09066495
09066496
09066497
09066498
09066499
09066500
09066501
09066502
09066503
09066504
09066505
09066506
09066507
09066508
09066509
09066510
09066511
09066512
09066513
09066514
09066515
09066516
09066517
09066518
09066519
09066520
09066521
09066522
09066523
09066524
09066525
09066526
09066527
09066528
09066529
09066530
09066531
09066532
09066533
09066534
09066535
09066536
09066537
09066538
09066539
09066540
09066541
09066542
09066543
09066544
09066545
09066546
09066547
09066548
09066549
09066550
09066551
09066552
09066553
09066554
09066555
09066556
09066557
09066558
09066559
09066560
09066561
09066562
09066563
09066564
09066565
09066566
09066567
09066568
09066569
09066570
09066571
09066572
09066573
09066574
09066575
09066576
09066577
09066578
09066579
09066580
09066581
09066582
09066583
09066584
09066585
09066586
09066587
09066588
09066589
09066590
09066591
09066592
09066593
09066594
09066595
09066596
09066597
09066598
09066599
09066600
09066601
09066602
09066603
09066604
09066605
09066606
09066607
09066608
09066609
09066610
09066611
09066612
09066613
09066614
09066615
09066616
09066617
09066618
09066619
09066620
09066621
09066622
09066623
09066624
09066625
09066626
09066627
09066628
09066629
09066630
09066631
09066632
09066633
09066634
09066635
09066636
09066637
09066638
09066639
09066640
09066641
09066642
09066643
09066644
09066645
09066646
09066647
09066648
09066649
09066650
09066651
09066652
09066653
09066654
09066655
09066656
09066657
09066658
09066659
09066660
09066661
09066662
09066663
09066664
09066665
09066666
09066667
09066668
09066669
09066670
09066671
09066672
09066673
09066674
09066675
09066676
09066677
09066678
09066679
09066680
09066681
09066682
09066683
09066684
09066685
09066686
09066687
09066688
09066689
09066690
09066691
09066692
09066693
09066694
09066695
09066696
09066697
09066698
09066699
09066700
09066701
09066702
09066703
09066704
09066705
09066706
09066707
09066708
09066709
09066710
09066711
09066712
09066713
09066714
09066715
09066716
09066717
09066718
09066719
09066720
09066721
09066722
09066723
09066724
09066725
09066726
09066727
09066728
09066729
09066730
09066731
09066732
09066733
09066734
09066735
09066736
09066737
09066738
09066739
09066740
09066741
09066742
09066743
09066744
09066745
09066746
09066747
09066748
09066749
09066750
09066751
09066752
09066753
09066754
09066755
09066756
09066757
09066758
09066759
09066760
09066761
09066762
09066763
09066764
09066765
09066766
09066767
09066768
09066769
09066770
09066771
09066772
09066773
09066774
09066775
09066776
09066777
09066778
09066779
09066780
09066781
09066782
09066783
09066784
09066785
09066786
09066787
09066788
09066789
09066790
09066791
09066792
09066793
09066794
09066795
09066796
09066797
09066798
09066799
09066800
09066801
09066802
09066803
09066804
09066805
09066806
09066807
09066808
09066809
09066810
09066811
09066812
09066813
09066814
09066815
09066816
09066817
09066818
09066819
09066820
09066821
09066822
09066823
09066824
09066825
09066826
09066827
09066828
09066829
09066830
09066831
09066832
09066833
09066834
09066835
09066836
09066837
09066838
09066839
09066840
09066841
09066842
09066843
09066844
09066845
09066846
09066847
09066848
09066849
09066850
09066851
09066852
09066853
09066854
09066855
09066856
09066857
09066858
09066859
09066860
09066861
09066862
09066863
09066864
09066865
09066866
09066867
09066868
09066869
09066870
09066871
09066872
09066873
09066874
09066875
09066876
09066877
09066878
09066879
09066880
09066881
09066882
09066883
09066884
09066885
09066886
09066887
09066888
09066889
09066890
09066891
09066892
09066893
09066894
09066895
09066896
09066897
09066898
09066899
09066900
09066901
09066902
09066903
09066904
09066905
09066906
09066907
09066908
09066909
09066910
09066911
09066912
09066913
09066914
09066915
09066916
09066917
09066918
09066919
09066920
09066921
09066922
09066923
09066924
09066925
09066926
09066927
09066928
09066929
09066930
09066931
09066932
09066933
09066934
09066935
09066936
09066937
09066938
09066939
09066940
09066941
09066942
09066943
09066944
09066945
09066946
09066947
09066948
09066949
09066950
09066951
09066952
09066953
09066954
09066955
09066956
09066957
09066958
09066959
09066960
09066961
09066962
09066963
09066964
09066965
09066966
09066967
09066968
09066969
09066970
09066971
09066972
09066973
09066974
09066975
09066976
09066977
09066978
09066979
09066980
09066981
09066982
09066983
09066984
09066985
09066986
09066987
09066988
09066989
09066990
09066991
09066992
09066993
09066994
09066995
09066996
09066997
09066998
09066999
09067000
09067001
09067002
09067003
09067004
09067005
09067006
09067007
09067008
09067009
09067010
09067011
09067012
09067013
09067014
09067015
09067016
09067017
09067018
09067019
09067020
09067021
09067022
09067023
09067024
09067025
09067026
09067027
09067028
09067029
09067030
09067031
09067032
09067033
09067034
09067035
09067036
09067037
09067038
09067039
09067040
09067041
09067042
09067043
09067044
09067045
09067046
09067047
09067048
09067049
09067050
09067051
09067052
09067053
09067054
09067055
09067056
09067057
09067058
09067059
09067060
09067061
09067062
09067063
09067064
09067065
09067066
09067067
09067068
09067069
09067070
09067071
09067072
09067073
09067074
09067075
09067076
09067077
09067078
09067079
09067080
09067081
09067082
09067083
09067084
09067085
09067086
09067087
09067088
09067089
09067090
09067091
09067092
09067093
09067094
09067095
09067096
09067097
09067098
09067099
09067100
09067101
09067102
09067103
09067104
09067105
09067106
09067107
09067108
09067109
09067110
09067111
09067112
09067113
09067114
09067115
09067116
09067117
09067118
09067119
09067120
09067121
09067122
09067123
09067124
09067125
09067126
09067127
09067128
09067129
09067130
09067131
09067132
09067133
09067134
09067135
09067136
09067137
09067138
09067139
09067140
09067141
09067142
09067143
09067144
09067145
09067146
09067147
09067148
09067149
09067150
09067151
09067152
09067153
09067154
09067155
09067156
09067157
09067158
09067159
09067160
09067161
09067162
09067163
09067164
09067165
09067166
09067167
09067168
09067169
09067170
09067171
09067172
09067173
09067174
09067175
09067176
09067177
09067178
09067179
09067180
09067181
09067182
09067183
09067184
09067185
09067186
09067187
09067188
09067189
09067190
09067191
09067192
09067193
09067194
09067195
09067196
09067197
09067198
09067199
09067200
09067201
09067202
09067203
09067204
09067205
09067206
09067207
09067208
09067209
09067210
09067211
09067212
09067213
09067214
09067215
09067216
09067217
09067218
09067219
09067220
09067221
09067222
09067223
09067224
09067225
09067226
09067227
09067228
09067229
09067230
09067231
09067232
09067233
09067234
09067235
09067236
09067237
09067238
09067239
09067240
09067241
09067242
09067243
09067244
09067245
09067246
09067247
09067248
09067249
09067250
09067251
09067252
09067253
09067254
09067255
09067256
09067257
09067258
09067259
09067260
09067261
09067262
09067263
09067264
09067265
09067266
09067267
09067268
09067269
09067270
09067271
09067272
09067273
09067274
09067275
09067276
09067277
09067278
09067279
09067280
09067281
09067282
09067283
09067284
09067285
09067286
09067287
09067288
09067289
09067290
09067291
09067292
09067293
09067294
09067295
09067296
09067297
09067298
09067299
09067300
09067301
09067302
09067303
09067304
09067305
09067306
09067307
09067308
09067309
09067310
09067311
09067312
09067313
09067314
09067315
09067316
09067317
09067318
09067319
09067320
09067321
09067322
09067323
09067324
09067325
09067326
09067327
09067328
09067329
09067330
09067331
09067332
09067333
09067334
09067335
09067336
09067337
09067338
09067339
09067340
09067341
09067342
09067343
09067344
09067345
09067346
09067347
09067348
09067349
09067350
09067351
09067352
09067353
09067354
09067355
09067356
09067357
09067358
09067359
09067360
09067361
09067362
09067363
09067364
09067365
09067366
09067367
09067368
09067369
09067370
09067371
09067372
09067373
09067374
09067375
09067376
09067377
09067378
09067379
09067380
09067381
09067382
09067383
09067384
09067385
09067386
09067387
09067388
09067389
09067390
09067391
09067392
09067393
09067394
09067395
09067396
09067397
09067398
09067399
09067400
09067401
09067402
09067403
09067404
09067405
09067406
09067407
09067408
09067409
09067410
09067411
09067412
09067413
09067414
09067415
09067416
09067417
09067418
09067419
09067420
09067421
09067422
09067423
09067424
09067425
09067426
09067427
09067428
09067429
09067430
09067431
09067432
09067433
09067434
09067435
09067436
09067437
09067438
09067439
09067440
09067441
09067442
09067443
09067444
09067445
09067446
09067447
09067448
09067449
09067450
09067451
09067452
09067453
09067454
09067455
09067456
09067457
09067458
09067459
09067460
09067461
09067462
09067463
09067464
09067465
09067466
09067467
09067468
09067469
09067470
09067471
09067472
09067473
09067474
09067475
09067476
09067477
09067478
09067479
09067480
09067481
09067482
09067483
09067484
09067485
09067486
09067487
09067488
09067489
09067490
09067491
09067492
09067493
09067494
09067495
09067496
09067497
09067498
09067499
09067500
09067501
09067502
09067503
09067504
09067505
09067506
09067507
09067508
09067509
09067510
09067511
09067512
09067513
09067514
09067515
09067516
09067517
09067518
09067519
09067520
09067521
09067522
09067523
09067524
09067525
09067526
09067527
09067528
09067529
09067530
09067531
09067532
09067533
09067534
09067535
09067536
09067537
09067538
09067539
09067540
09067541
09067542
09067543
09067544
09067545
09067546
09067547
09067548
09067549
09067550
09067551
09067552
09067553
09067554
09067555
09067556
09067557
09067558
09067559
09067560
09067561
09067562
09067563
09067564
09067565
09067566
09067567
09067568
09067569
09067570
09067571
09067572
09067573
09067574
09067575
09067576
09067577
09067578
09067579
09067580
09067581
09067582
09067583
09067584
09067585
09067586
09067587
09067588
09067589
09067590
09067591
09067592
09067593
09067594
09067595
09067596
09067597
09067598
09067599
09067600
09067601
09067602
09067603
09067604
09067605
09067606
09067607
09067608
09067609
09067610
09067611
09067612
09067613
09067614
09067615
09067616
09067617
09067618
09067619
09067620
09067621
09067622
09067623
09067624
09067625
09067626
09067627
09067628
09067629
09067630
09067631
09067632
09067633
09067634
09067635
09067636
09067637
09067638
09067639
09067640
09067641
09067642
09067643
09067644
09067645
09067646
09067647
09067648
09067649
09067650
09067651
09067652
09067653
09067654
09067655
09067656
09067657
09067658
09067659
09067660
09067661
09067662
09067663
09067664
09067665
09067666
09067667
09067668
09067669
09067670
09067671
09067672
09067673
09067674
09067675
09067676
09067677
09067678
09067679
09067680
09067681
09067682
09067683
09067684
09067685
09067686
09067687
09067688
09067689
09067690
09067691
09067692
09067693
09067694
09067695
09067696
09067697
09067698
09067699
09067700
09067701
09067702
09067703
09067704
09067705
09067706
09067707
09067708
09067709
09067710
09067711
09067712
09067713
09067714
09067715
09067716
09067717
09067718
09067719
09067720
09067721
09067722
09067723
09067724
09067725
09067726
09067727
09067728
09067729
09067730
09067731
09067732
09067733
09067734
09067735
09067736
09067737
09067738
09067739
09067740
09067741
09067742
09067743
09067744
09067745
09067746
09067747
09067748
09067749
09067750
09067751
09067752
09067753
09067754
09067755
09067756
09067757
09067758
09067759
09067760
09067761
09067762
09067763
09067764
09067765
09067766
09067767
09067768
09067769
09067770
09067771
09067772
09067773
09067774
09067775
09067776
09067777
09067778
09067779
09067780
09067781
09067782
09067783
09067784
09067785
09067786
09067787
09067788
09067789
09067790
09067791
09067792
09067793
09067794
09067795
09067796
09067797
09067798
09067799
09067800
09067801
09067802
09067803
09067804
09067805
09067806
09067807
09067808
09067809
09067810
09067811
09067812
09067813
09067814
09067815
09067816
09067817
09067818
09067819
09067820
09067821
09067822
09067823
09067824
09067825
09067826
09067827
09067828
09067829
09067830
09067831
09067832
09067833
09067834
09067835
09067836
09067837
09067838
09067839
09067840
09067841
09067842
09067843
09067844
09067845
09067846
09067847
09067848
09067849
09067850
09067851
09067852
09067853
09067854
09067855
09067856
09067857
09067858
09067859
09067860
09067861
09067862
09067863
09067864
09067865
09067866
09067867
09067868
09067869
09067870
09067871
09067872
09067873
09067874
09067875
09067876
09067877
09067878
09067879
09067880
09067881
09067882
09067883
09067884
09067885
09067886
09067887
09067888
09067889
09067890
09067891
09067892
09067893
09067894
09067895
09067896
09067897
09067898
09067899
09067900
09067901
09067902
09067903
09067904
09067905
09067906
09067907
09067908
09067909
09067910
09067911
09067912
09067913
09067914
09067915
09067916
09067917
09067918
09067919
09067920
09067921
09067922
09067923
09067924
09067925
09067926
09067927
09067928
09067929
09067930
09067931
09067932
09067933
09067934
09067935
09067936
09067937
09067938
09067939
09067940
09067941
09067942
09067943
09067944
09067945
09067946
09067947
09067948
09067949
09067950
09067951
09067952
09067953
09067954
09067955
09067956
09067957
09067958
09067959
09067960
09067961
09067962
09067963
09067964
09067965
09067966
09067967
09067968
09067969
09067970
09067971
09067972
09067973
09067974
09067975
09067976
09067977
09067978
09067979
09067980
09067981
09067982
09067983
09067984
09067985
09067986
09067987
09067988
09067989
09067990
09067991
09067992
09067993
09067994
09067995
09067996
09067997
09067998
09067999
09068000
09068001
09068002
09068003
09068004
09068005
09068006
09068007
09068008
09068009
09068010
09068011
09068012
09068013
09068014
09068015
09068016
09068017
09068018
09068019
09068020
09068021
09068022
09068023
09068024
09068025
09068026
09068027
09068028
09068029
09068030
09068031
09068032
09068033
09068034
09068035
09068036
09068037
09068038
09068039
09068040
09068041
09068042
09068043
09068044
09068045
09068046
09068047
09068048
09068049
09068050
09068051
09068052
09068053
09068054
09068055
09068056
09068057
09068058
09068059
09068060
09068061
09068062
09068063
09068064
09068065
09068066
09068067
09068068
09068069
09068070
09068071
09068072
09068073
09068074
09068075
09068076
09068077
09068078
09068079
09068080
09068081
09068082
09068083
09068084
09068085
09068086
09068087
09068088
09068089
09068090
09068091
09068092
09068093
09068094
09068095
09068096
09068097
09068098
09068099
09068100
09068101
09068102
09068103
09068104
09068105
09068106
09068107
09068108
09068109
09068110
09068111
09068112
09068113
09068114
09068115
09068116
09068117
09068118
09068119
09068120
09068121
09068122
09068123
09068124
09068125
09068126
09068127
09068128
09068129
09068130
09068131
09068132
09068133
09068134
09068135
09068136
09068137
09068138
09068139
09068140
09068141
09068142
09068143
09068144
09068145
09068146
09068147
09068148
09068149
09068150
09068151
09068152
09068153
09068154
09068155
09068156
09068157
09068158
09068159
09068160
09068161
09068162
09068163
09068164
09068165
09068166
09068167
09068168
09068169
09068170
09068171
09068172
09068173
09068174
09068175
09068176
09068177
09068178
09068179
09068180
09068181
09068182
09068183
09068184
09068185
09068186
09068187
09068188
09068189
09068190
09068191
09068192
09068193
09068194
09068195
09068196
09068197
09068198
09068199
09068200
09068201
09068202
09068203
09068204
09068205
09068206
09068207
09068208
09068209
09068210
09068211
09068212
09068213
09068214
09068215
09068216
09068217
09068218
09068219
09068220
09068221
09068222
09068223
09068224
09068225
09068226
09068227
09068228
09068229
09068230
09068231
09068232
09068233
09068234
09068235
09068236
09068237
09068238
09068239
09068240
09068241
09068242
09068243
09068244
09068245
09068246
09068247
09068248
09068249
09068250
09068251
09068252
09068253
09068254
09068255
09068256
09068257
09068258
09068259
09068260
09068261
09068262
09068263
09068264
09068265
09068266
09068267
09068268
09068269
09068270
09068271
09068272
09068273
09068274
09068275
09068276
09068277
09068278
09068279
09068280
09068281
09068282
09068283
09068284
09068285
09068286
09068287
09068288
09068289
09068290
09068291
09068292
09068293
09068294
09068295
09068296
09068297
09068298
09068299
09068300
09068301
09068302
09068303
09068304
09068305
09068306
09068307
09068308
09068309
09068310
09068311
09068312
09068313
09068314
09068315
09068316
09068317
09068318
09068319
09068320
09068321
09068322
09068323
09068324
09068325
09068326
09068327
09068328
09068329
09068330
09068331
09068332
09068333
09068334
09068335
09068336
09068337
09068338
09068339
09068340
09068341
09068342
09068343
09068344
09068345
09068346
09068347
09068348
09068349
09068350
09068351
09068352
09068353
09068354
09068355
09068356
09068357
09068358
09068359
09068360
09068361
09068362
09068363
09068364
09068365
09068366
09068367
09068368
09068369
09068370
09068371
09068372
09068373
09068374
09068375
09068376
09068377
09068378
09068379
09068380
09068381
09068382
09068383
09068384
09068385
09068386
09068387
09068388
09068389
09068390
09068391
09068392
09068393
09068394
09068395
09068396
09068397
09068398
09068399
09068400
09068401
09068402
09068403
09068404
09068405
09068406
09068407
09068408
09068409
09068410
09068411
09068412
09068413
09068414
09068415
09068416
09068417
09068418
09068419
09068420
09068421
09068422
09068423
09068424
09068425
09068426
09068427
09068428
09068429
09068430
09068431
09068432
09068433
09068434
09068435
09068436
09068437
09068438
09068439
09068440
09068441
09068442
09068443
09068444
09068445
09068446
09068447
09068448
09068449
09068450
09068451
09068452
09068453
09068454
09068455
09068456
09068457
09068458
09068459
09068460
09068461
09068462
09068463
09068464
09068465
09068466
09068467
09068468
09068469
09068470
09068471
09068472
09068473
09068474
09068475
09068476
09068477
09068478
09068479
09068480
09068481
09068482
09068483
09068484
09068485
09068486
09068487
09068488
09068489
09068490
09068491
09068492
09068493
09068494
09068495
09068496
09068497
09068498
09068499
09068500
09068501
09068502
09068503
09068504
09068505
09068506
09068507
09068508
09068509
09068510
09068511
09068512
09068513
09068514
09068515
09068516
09068517
09068518
09068519
09068520
09068521
09068522
09068523
09068524
09068525
09068526
09068527
09068528
09068529
09068530
09068531
09068532
09068533
09068534
09068535
09068536
09068537
09068538
09068539
09068540
09068541
09068542
09068543
09068544
09068545
09068546
09068547
09068548
09068549
09068550
09068551
09068552
09068553
09068554
09068555
09068556
09068557
09068558
09068559
09068560
09068561
09068562
09068563
09068564
09068565
09068566
09068567
09068568
09068569
09068570
09068571
09068572
09068573
09068574
09068575
09068576
09068577
09068578
09068579
09068580
09068581
09068582
09068583
09068584
09068585
09068586
09068587
09068588
09068589
09068590
09068591
09068592
09068593
09068594
09068595
09068596
09068597
09068598
09068599
09068600
09068601
09068602
09068603
09068604
09068605
09068606
09068607
09068608
09068609
09068610
09068611
09068612
09068613
09068614
09068615
09068616
09068617
09068618
09068619
09068620
09068621
09068622
09068623
09068624
09068625
09068626
09068627
09068628
09068629
09068630
09068631
09068632
09068633
09068634
09068635
09068636
09068637
09068638
09068639
09068640
09068641
09068642
09068643
09068644
09068645
09068646
09068647
09068648
09068649
09068650
09068651
09068652
09068653
09068654
09068655
09068656
09068657
09068658
09068659
09068660
09068661
09068662
09068663
09068664
09068665
09068666
09068667
09068668
09068669
09068670
09068671
09068672
09068673
09068674
09068675
09068676
09068677
09068678
09068679
09068680
09068681
09068682
09068683
09068684
09068685
09068686
09068687
09068688
09068689
09068690
09068691
09068692
09068693
09068694
09068695
09068696
09068697
09068698
09068699
09068700
09068701
09068702
09068703
09068704
09068705
09068706
09068707
09068708
09068709
09068710
09068711
09068712
09068713
09068714
09068715
09068716
09068717
09068718
09068719
09068720
09068721
09068722
09068723
09068724
09068725
09068726
09068727
09068728
09068729
09068730
09068731
09068732
09068733
09068734
09068735
09068736
09068737
09068738
09068739
09068740
09068741
09068742
09068743
09068744
09068745
09068746
09068747
09068748
09068749
09068750
09068751
09068752
09068753
09068754
09068755
09068756
09068757
09068758
09068759
09068760
09068761
09068762
09068763
09068764
09068765
09068766
09068767
09068768
09068769
09068770
09068771
09068772
09068773
09068774
09068775
09068776
09068777
09068778
09068779
09068780
09068781
09068782
09068783
09068784
09068785
09068786
09068787
09068788
09068789
09068790
09068791
09068792
09068793
09068794
09068795
09068796
09068797
09068798
09068799
09068800
09068801
09068802
09068803
09068804
09068805
09068806
09068807
09068808
09068809
09068810
09068811
09068812
09068813
09068814
09068815
09068816
09068817
09068818
09068819
09068820
09068821
09068822
09068823
09068824
09068825
09068826
09068827
09068828
09068829
09068830
09068831
09068832
09068833
09068834
09068835
09068836
09068837
09068838
09068839
09068840
09068841
09068842
09068843
09068844
09068845
09068846
09068847
09068848
09068849
09068850
09068851
09068852
09068853
09068854
09068855
09068856
09068857
09068858
09068859
09068860
09068861
09068862
09068863
09068864
09068865
09068866
09068867
09068868
09068869
09068870
09068871
09068872
09068873
09068874
09068875
09068876
09068877
09068878
09068879
09068880
09068881
09068882
09068883
09068884
09068885
09068886
09068887
09068888
09068889
