10608890
10608891
10608892
10608893
10608894
10608895
10608896
10608897
10608898
10608899
10608900
10608901
10608902
10608903
10608904
10608905
10608906
10608907
10608908
10608909
10608910
10608911
10608912
10608913
10608914
10608915
10608916
10608917
10608918
10608919
10608920
10608921
10608922
10608923
10608924
10608925
10608926
10608927
10608928
10608929
10608930
10608931
10608932
10608933
10608934
10608935
10608936
10608937
10608938
10608939
10608940
10608941
10608942
10608943
10608944
10608945
10608946
10608947
10608948
10608949
10608950
10608951
10608952
10608953
10608954
10608955
10608956
10608957
10608958
10608959
10608960
10608961
10608962
10608963
10608964
10608965
10608966
10608967
10608968
10608969
10608970
10608971
10608972
10608973
10608974
10608975
10608976
10608977
10608978
10608979
10608980
10608981
10608982
10608983
10608984
10608985
10608986
10608987
10608988
10608989
10608990
10608991
10608992
10608993
10608994
10608995
10608996
10608997
10608998
10608999
10609000
10609001
10609002
10609003
10609004
10609005
10609006
10609007
10609008
10609009
10609010
10609011
10609012
10609013
10609014
10609015
10609016
10609017
10609018
10609019
10609020
10609021
10609022
10609023
10609024
10609025
10609026
10609027
10609028
10609029
10609030
10609031
10609032
10609033
10609034
10609035
10609036
10609037
10609038
10609039
10609040
10609041
10609042
10609043
10609044
10609045
10609046
10609047
10609048
10609049
10609050
10609051
10609052
10609053
10609054
10609055
10609056
10609057
10609058
10609059
10609060
10609061
10609062
10609063
10609064
10609065
10609066
10609067
10609068
10609069
10609070
10609071
10609072
10609073
10609074
10609075
10609076
10609077
10609078
10609079
10609080
10609081
10609082
10609083
10609084
10609085
10609086
10609087
10609088
10609089
10609090
10609091
10609092
10609093
10609094
10609095
10609096
10609097
10609098
10609099
10609100
10609101
10609102
10609103
10609104
10609105
10609106
10609107
10609108
10609109
10609110
10609111
10609112
10609113
10609114
10609115
10609116
10609117
10609118
10609119
10609120
10609121
10609122
10609123
10609124
10609125
10609126
10609127
10609128
10609129
10609130
10609131
10609132
10609133
10609134
10609135
10609136
10609137
10609138
10609139
10609140
10609141
10609142
10609143
10609144
10609145
10609146
10609147
10609148
10609149
10609150
10609151
10609152
10609153
10609154
10609155
10609156
10609157
10609158
10609159
10609160
10609161
10609162
10609163
10609164
10609165
10609166
10609167
10609168
10609169
10609170
10609171
10609172
10609173
10609174
10609175
10609176
10609177
10609178
10609179
10609180
10609181
10609182
10609183
10609184
10609185
10609186
10609187
10609188
10609189
10609190
10609191
10609192
10609193
10609194
10609195
10609196
10609197
10609198
10609199
10609200
10609201
10609202
10609203
10609204
10609205
10609206
10609207
10609208
10609209
10609210
10609211
10609212
10609213
10609214
10609215
10609216
10609217
10609218
10609219
10609220
10609221
10609222
10609223
10609224
10609225
10609226
10609227
10609228
10609229
10609230
10609231
10609232
10609233
10609234
10609235
10609236
10609237
10609238
10609239
10609240
10609241
10609242
10609243
10609244
10609245
10609246
10609247
10609248
10609249
10609250
10609251
10609252
10609253
10609254
10609255
10609256
10609257
10609258
10609259
10609260
10609261
10609262
10609263
10609264
10609265
10609266
10609267
10609268
10609269
10609270
10609271
10609272
10609273
10609274
10609275
10609276
10609277
10609278
10609279
10609280
10609281
10609282
10609283
10609284
10609285
10609286
10609287
10609288
10609289
10609290
10609291
10609292
10609293
10609294
10609295
10609296
10609297
10609298
10609299
10609300
10609301
10609302
10609303
10609304
10609305
10609306
10609307
10609308
10609309
10609310
10609311
10609312
10609313
10609314
10609315
10609316
10609317
10609318
10609319
10609320
10609321
10609322
10609323
10609324
10609325
10609326
10609327
10609328
10609329
10609330
10609331
10609332
10609333
10609334
10609335
10609336
10609337
10609338
10609339
10609340
10609341
10609342
10609343
10609344
10609345
10609346
10609347
10609348
10609349
10609350
10609351
10609352
10609353
10609354
10609355
10609356
10609357
10609358
10609359
10609360
10609361
10609362
10609363
10609364
10609365
10609366
10609367
10609368
10609369
10609370
10609371
10609372
10609373
10609374
10609375
10609376
10609377
10609378
10609379
10609380
10609381
10609382
10609383
10609384
10609385
10609386
10609387
10609388
10609389
10609390
10609391
10609392
10609393
10609394
10609395
10609396
10609397
10609398
10609399
10609400
10609401
10609402
10609403
10609404
10609405
10609406
10609407
10609408
10609409
10609410
10609411
10609412
10609413
10609414
10609415
10609416
10609417
10609418
10609419
10609420
10609421
10609422
10609423
10609424
10609425
10609426
10609427
10609428
10609429
10609430
10609431
10609432
10609433
10609434
10609435
10609436
10609437
10609438
10609439
10609440
10609441
10609442
10609443
10609444
10609445
10609446
10609447
10609448
10609449
10609450
10609451
10609452
10609453
10609454
10609455
10609456
10609457
10609458
10609459
10609460
10609461
10609462
10609463
10609464
10609465
10609466
10609467
10609468
10609469
10609470
10609471
10609472
10609473
10609474
10609475
10609476
10609477
10609478
10609479
10609480
10609481
10609482
10609483
10609484
10609485
10609486
10609487
10609488
10609489
10609490
10609491
10609492
10609493
10609494
10609495
10609496
10609497
10609498
10609499
10609500
10609501
10609502
10609503
10609504
10609505
10609506
10609507
10609508
10609509
10609510
10609511
10609512
10609513
10609514
10609515
10609516
10609517
10609518
10609519
10609520
10609521
10609522
10609523
10609524
10609525
10609526
10609527
10609528
10609529
10609530
10609531
10609532
10609533
10609534
10609535
10609536
10609537
10609538
10609539
10609540
10609541
10609542
10609543
10609544
10609545
10609546
10609547
10609548
10609549
10609550
10609551
10609552
10609553
10609554
10609555
10609556
10609557
10609558
10609559
10609560
10609561
10609562
10609563
10609564
10609565
10609566
10609567
10609568
10609569
10609570
10609571
10609572
10609573
10609574
10609575
10609576
10609577
10609578
10609579
10609580
10609581
10609582
10609583
10609584
10609585
10609586
10609587
10609588
10609589
10609590
10609591
10609592
10609593
10609594
10609595
10609596
10609597
10609598
10609599
10609600
10609601
10609602
10609603
10609604
10609605
10609606
10609607
10609608
10609609
10609610
10609611
10609612
10609613
10609614
10609615
10609616
10609617
10609618
10609619
10609620
10609621
10609622
10609623
10609624
10609625
10609626
10609627
10609628
10609629
10609630
10609631
10609632
10609633
10609634
10609635
10609636
10609637
10609638
10609639
10609640
10609641
10609642
10609643
10609644
10609645
10609646
10609647
10609648
10609649
10609650
10609651
10609652
10609653
10609654
10609655
10609656
10609657
10609658
10609659
10609660
10609661
10609662
10609663
10609664
10609665
10609666
10609667
10609668
10609669
10609670
10609671
10609672
10609673
10609674
10609675
10609676
10609677
10609678
10609679
10609680
10609681
10609682
10609683
10609684
10609685
10609686
10609687
10609688
10609689
10609690
10609691
10609692
10609693
10609694
10609695
10609696
10609697
10609698
10609699
10609700
10609701
10609702
10609703
10609704
10609705
10609706
10609707
10609708
10609709
10609710
10609711
10609712
10609713
10609714
10609715
10609716
10609717
10609718
10609719
10609720
10609721
10609722
10609723
10609724
10609725
10609726
10609727
10609728
10609729
10609730
10609731
10609732
10609733
10609734
10609735
10609736
10609737
10609738
10609739
10609740
10609741
10609742
10609743
10609744
10609745
10609746
10609747
10609748
10609749
10609750
10609751
10609752
10609753
10609754
10609755
10609756
10609757
10609758
10609759
10609760
10609761
10609762
10609763
10609764
10609765
10609766
10609767
10609768
10609769
10609770
10609771
10609772
10609773
10609774
10609775
10609776
10609777
10609778
10609779
10609780
10609781
10609782
10609783
10609784
10609785
10609786
10609787
10609788
10609789
10609790
10609791
10609792
10609793
10609794
10609795
10609796
10609797
10609798
10609799
10609800
10609801
10609802
10609803
10609804
10609805
10609806
10609807
10609808
10609809
10609810
10609811
10609812
10609813
10609814
10609815
10609816
10609817
10609818
10609819
10609820
10609821
10609822
10609823
10609824
10609825
10609826
10609827
10609828
10609829
10609830
10609831
10609832
10609833
10609834
10609835
10609836
10609837
10609838
10609839
10609840
10609841
10609842
10609843
10609844
10609845
10609846
10609847
10609848
10609849
10609850
10609851
10609852
10609853
10609854
10609855
10609856
10609857
10609858
10609859
10609860
10609861
10609862
10609863
10609864
10609865
10609866
10609867
10609868
10609869
10609870
10609871
10609872
10609873
10609874
10609875
10609876
10609877
10609878
10609879
10609880
10609881
10609882
10609883
10609884
10609885
10609886
10609887
10609888
10609889
10609890
10609891
10609892
10609893
10609894
10609895
10609896
10609897
10609898
10609899
10609900
10609901
10609902
10609903
10609904
10609905
10609906
10609907
10609908
10609909
10609910
10609911
10609912
10609913
10609914
10609915
10609916
10609917
10609918
10609919
10609920
10609921
10609922
10609923
10609924
10609925
10609926
10609927
10609928
10609929
10609930
10609931
10609932
10609933
10609934
10609935
10609936
10609937
10609938
10609939
10609940
10609941
10609942
10609943
10609944
10609945
10609946
10609947
10609948
10609949
10609950
10609951
10609952
10609953
10609954
10609955
10609956
10609957
10609958
10609959
10609960
10609961
10609962
10609963
10609964
10609965
10609966
10609967
10609968
10609969
10609970
10609971
10609972
10609973
10609974
10609975
10609976
10609977
10609978
10609979
10609980
10609981
10609982
10609983
10609984
10609985
10609986
10609987
10609988
10609989
10609990
10609991
10609992
10609993
10609994
10609995
10609996
10609997
10609998
10609999
10610000
10610001
10610002
10610003
10610004
10610005
10610006
10610007
10610008
10610009
10610010
10610011
10610012
10610013
10610014
10610015
10610016
10610017
10610018
10610019
10610020
10610021
10610022
10610023
10610024
10610025
10610026
10610027
10610028
10610029
10610030
10610031
10610032
10610033
10610034
10610035
10610036
10610037
10610038
10610039
10610040
10610041
10610042
10610043
10610044
10610045
10610046
10610047
10610048
10610049
10610050
10610051
10610052
10610053
10610054
10610055
10610056
10610057
10610058
10610059
10610060
10610061
10610062
10610063
10610064
10610065
10610066
10610067
10610068
10610069
10610070
10610071
10610072
10610073
10610074
10610075
10610076
10610077
10610078
10610079
10610080
10610081
10610082
10610083
10610084
10610085
10610086
10610087
10610088
10610089
10610090
10610091
10610092
10610093
10610094
10610095
10610096
10610097
10610098
10610099
10610100
10610101
10610102
10610103
10610104
10610105
10610106
10610107
10610108
10610109
10610110
10610111
10610112
10610113
10610114
10610115
10610116
10610117
10610118
10610119
10610120
10610121
10610122
10610123
10610124
10610125
10610126
10610127
10610128
10610129
10610130
10610131
10610132
10610133
10610134
10610135
10610136
10610137
10610138
10610139
10610140
10610141
10610142
10610143
10610144
10610145
10610146
10610147
10610148
10610149
10610150
10610151
10610152
10610153
10610154
10610155
10610156
10610157
10610158
10610159
10610160
10610161
10610162
10610163
10610164
10610165
10610166
10610167
10610168
10610169
10610170
10610171
10610172
10610173
10610174
10610175
10610176
10610177
10610178
10610179
10610180
10610181
10610182
10610183
10610184
10610185
10610186
10610187
10610188
10610189
10610190
10610191
10610192
10610193
10610194
10610195
10610196
10610197
10610198
10610199
10610200
10610201
10610202
10610203
10610204
10610205
10610206
10610207
10610208
10610209
10610210
10610211
10610212
10610213
10610214
10610215
10610216
10610217
10610218
10610219
10610220
10610221
10610222
10610223
10610224
10610225
10610226
10610227
10610228
10610229
10610230
10610231
10610232
10610233
10610234
10610235
10610236
10610237
10610238
10610239
10610240
10610241
10610242
10610243
10610244
10610245
10610246
10610247
10610248
10610249
10610250
10610251
10610252
10610253
10610254
10610255
10610256
10610257
10610258
10610259
10610260
10610261
10610262
10610263
10610264
10610265
10610266
10610267
10610268
10610269
10610270
10610271
10610272
10610273
10610274
10610275
10610276
10610277
10610278
10610279
10610280
10610281
10610282
10610283
10610284
10610285
10610286
10610287
10610288
10610289
10610290
10610291
10610292
10610293
10610294
10610295
10610296
10610297
10610298
10610299
10610300
10610301
10610302
10610303
10610304
10610305
10610306
10610307
10610308
10610309
10610310
10610311
10610312
10610313
10610314
10610315
10610316
10610317
10610318
10610319
10610320
10610321
10610322
10610323
10610324
10610325
10610326
10610327
10610328
10610329
10610330
10610331
10610332
10610333
10610334
10610335
10610336
10610337
10610338
10610339
10610340
10610341
10610342
10610343
10610344
10610345
10610346
10610347
10610348
10610349
10610350
10610351
10610352
10610353
10610354
10610355
10610356
10610357
10610358
10610359
10610360
10610361
10610362
10610363
10610364
10610365
10610366
10610367
10610368
10610369
10610370
10610371
10610372
10610373
10610374
10610375
10610376
10610377
10610378
10610379
10610380
10610381
10610382
10610383
10610384
10610385
10610386
10610387
10610388
10610389
10610390
10610391
10610392
10610393
10610394
10610395
10610396
10610397
10610398
10610399
10610400
10610401
10610402
10610403
10610404
10610405
10610406
10610407
10610408
10610409
10610410
10610411
10610412
10610413
10610414
10610415
10610416
10610417
10610418
10610419
10610420
10610421
10610422
10610423
10610424
10610425
10610426
10610427
10610428
10610429
10610430
10610431
10610432
10610433
10610434
10610435
10610436
10610437
10610438
10610439
10610440
10610441
10610442
10610443
10610444
10610445
10610446
10610447
10610448
10610449
10610450
10610451
10610452
10610453
10610454
10610455
10610456
10610457
10610458
10610459
10610460
10610461
10610462
10610463
10610464
10610465
10610466
10610467
10610468
10610469
10610470
10610471
10610472
10610473
10610474
10610475
10610476
10610477
10610478
10610479
10610480
10610481
10610482
10610483
10610484
10610485
10610486
10610487
10610488
10610489
10610490
10610491
10610492
10610493
10610494
10610495
10610496
10610497
10610498
10610499
10610500
10610501
10610502
10610503
10610504
10610505
10610506
10610507
10610508
10610509
10610510
10610511
10610512
10610513
10610514
10610515
10610516
10610517
10610518
10610519
10610520
10610521
10610522
10610523
10610524
10610525
10610526
10610527
10610528
10610529
10610530
10610531
10610532
10610533
10610534
10610535
10610536
10610537
10610538
10610539
10610540
10610541
10610542
10610543
10610544
10610545
10610546
10610547
10610548
10610549
10610550
10610551
10610552
10610553
10610554
10610555
10610556
10610557
10610558
10610559
10610560
10610561
10610562
10610563
10610564
10610565
10610566
10610567
10610568
10610569
10610570
10610571
10610572
10610573
10610574
10610575
10610576
10610577
10610578
10610579
10610580
10610581
10610582
10610583
10610584
10610585
10610586
10610587
10610588
10610589
10610590
10610591
10610592
10610593
10610594
10610595
10610596
10610597
10610598
10610599
10610600
10610601
10610602
10610603
10610604
10610605
10610606
10610607
10610608
10610609
10610610
10610611
10610612
10610613
10610614
10610615
10610616
10610617
10610618
10610619
10610620
10610621
10610622
10610623
10610624
10610625
10610626
10610627
10610628
10610629
10610630
10610631
10610632
10610633
10610634
10610635
10610636
10610637
10610638
10610639
10610640
10610641
10610642
10610643
10610644
10610645
10610646
10610647
10610648
10610649
10610650
10610651
10610652
10610653
10610654
10610655
10610656
10610657
10610658
10610659
10610660
10610661
10610662
10610663
10610664
10610665
10610666
10610667
10610668
10610669
10610670
10610671
10610672
10610673
10610674
10610675
10610676
10610677
10610678
10610679
10610680
10610681
10610682
10610683
10610684
10610685
10610686
10610687
10610688
10610689
10610690
10610691
10610692
10610693
10610694
10610695
10610696
10610697
10610698
10610699
10610700
10610701
10610702
10610703
10610704
10610705
10610706
10610707
10610708
10610709
10610710
10610711
10610712
10610713
10610714
10610715
10610716
10610717
10610718
10610719
10610720
10610721
10610722
10610723
10610724
10610725
10610726
10610727
10610728
10610729
10610730
10610731
10610732
10610733
10610734
10610735
10610736
10610737
10610738
10610739
10610740
10610741
10610742
10610743
10610744
10610745
10610746
10610747
10610748
10610749
10610750
10610751
10610752
10610753
10610754
10610755
10610756
10610757
10610758
10610759
10610760
10610761
10610762
10610763
10610764
10610765
10610766
10610767
10610768
10610769
10610770
10610771
10610772
10610773
10610774
10610775
10610776
10610777
10610778
10610779
10610780
10610781
10610782
10610783
10610784
10610785
10610786
10610787
10610788
10610789
10610790
10610791
10610792
10610793
10610794
10610795
10610796
10610797
10610798
10610799
10610800
10610801
10610802
10610803
10610804
10610805
10610806
10610807
10610808
10610809
10610810
10610811
10610812
10610813
10610814
10610815
10610816
10610817
10610818
10610819
10610820
10610821
10610822
10610823
10610824
10610825
10610826
10610827
10610828
10610829
10610830
10610831
10610832
10610833
10610834
10610835
10610836
10610837
10610838
10610839
10610840
10610841
10610842
10610843
10610844
10610845
10610846
10610847
10610848
10610849
10610850
10610851
10610852
10610853
10610854
10610855
10610856
10610857
10610858
10610859
10610860
10610861
10610862
10610863
10610864
10610865
10610866
10610867
10610868
10610869
10610870
10610871
10610872
10610873
10610874
10610875
10610876
10610877
10610878
10610879
10610880
10610881
10610882
10610883
10610884
10610885
10610886
10610887
10610888
10610889
10610890
10610891
10610892
10610893
10610894
10610895
10610896
10610897
10610898
10610899
10610900
10610901
10610902
10610903
10610904
10610905
10610906
10610907
10610908
10610909
10610910
10610911
10610912
10610913
10610914
10610915
10610916
10610917
10610918
10610919
10610920
10610921
10610922
10610923
10610924
10610925
10610926
10610927
10610928
10610929
10610930
10610931
10610932
10610933
10610934
10610935
10610936
10610937
10610938
10610939
10610940
10610941
10610942
10610943
10610944
10610945
10610946
10610947
10610948
10610949
10610950
10610951
10610952
10610953
10610954
10610955
10610956
10610957
10610958
10610959
10610960
10610961
10610962
10610963
10610964
10610965
10610966
10610967
10610968
10610969
10610970
10610971
10610972
10610973
10610974
10610975
10610976
10610977
10610978
10610979
10610980
10610981
10610982
10610983
10610984
10610985
10610986
10610987
10610988
10610989
10610990
10610991
10610992
10610993
10610994
10610995
10610996
10610997
10610998
10610999
10611000
10611001
10611002
10611003
10611004
10611005
10611006
10611007
10611008
10611009
10611010
10611011
10611012
10611013
10611014
10611015
10611016
10611017
10611018
10611019
10611020
10611021
10611022
10611023
10611024
10611025
10611026
10611027
10611028
10611029
10611030
10611031
10611032
10611033
10611034
10611035
10611036
10611037
10611038
10611039
10611040
10611041
10611042
10611043
10611044
10611045
10611046
10611047
10611048
10611049
10611050
10611051
10611052
10611053
10611054
10611055
10611056
10611057
10611058
10611059
10611060
10611061
10611062
10611063
10611064
10611065
10611066
10611067
10611068
10611069
10611070
10611071
10611072
10611073
10611074
10611075
10611076
10611077
10611078
10611079
10611080
10611081
10611082
10611083
10611084
10611085
10611086
10611087
10611088
10611089
10611090
10611091
10611092
10611093
10611094
10611095
10611096
10611097
10611098
10611099
10611100
10611101
10611102
10611103
10611104
10611105
10611106
10611107
10611108
10611109
10611110
10611111
10611112
10611113
10611114
10611115
10611116
10611117
10611118
10611119
10611120
10611121
10611122
10611123
10611124
10611125
10611126
10611127
10611128
10611129
10611130
10611131
10611132
10611133
10611134
10611135
10611136
10611137
10611138
10611139
10611140
10611141
10611142
10611143
10611144
10611145
10611146
10611147
10611148
10611149
10611150
10611151
10611152
10611153
10611154
10611155
10611156
10611157
10611158
10611159
10611160
10611161
10611162
10611163
10611164
10611165
10611166
10611167
10611168
10611169
10611170
10611171
10611172
10611173
10611174
10611175
10611176
10611177
10611178
10611179
10611180
10611181
10611182
10611183
10611184
10611185
10611186
10611187
10611188
10611189
10611190
10611191
10611192
10611193
10611194
10611195
10611196
10611197
10611198
10611199
10611200
10611201
10611202
10611203
10611204
10611205
10611206
10611207
10611208
10611209
10611210
10611211
10611212
10611213
10611214
10611215
10611216
10611217
10611218
10611219
10611220
10611221
10611222
10611223
10611224
10611225
10611226
10611227
10611228
10611229
10611230
10611231
10611232
10611233
10611234
10611235
10611236
10611237
10611238
10611239
10611240
10611241
10611242
10611243
10611244
10611245
10611246
10611247
10611248
10611249
10611250
10611251
10611252
10611253
10611254
10611255
10611256
10611257
10611258
10611259
10611260
10611261
10611262
10611263
10611264
10611265
10611266
10611267
10611268
10611269
10611270
10611271
10611272
10611273
10611274
10611275
10611276
10611277
10611278
10611279
10611280
10611281
10611282
10611283
10611284
10611285
10611286
10611287
10611288
10611289
10611290
10611291
10611292
10611293
10611294
10611295
10611296
10611297
10611298
10611299
10611300
10611301
10611302
10611303
10611304
10611305
10611306
10611307
10611308
10611309
10611310
10611311
10611312
10611313
10611314
10611315
10611316
10611317
10611318
10611319
10611320
10611321
10611322
10611323
10611324
10611325
10611326
10611327
10611328
10611329
10611330
10611331
10611332
10611333
10611334
10611335
10611336
10611337
10611338
10611339
10611340
10611341
10611342
10611343
10611344
10611345
10611346
10611347
10611348
10611349
10611350
10611351
10611352
10611353
10611354
10611355
10611356
10611357
10611358
10611359
10611360
10611361
10611362
10611363
10611364
10611365
10611366
10611367
10611368
10611369
10611370
10611371
10611372
10611373
10611374
10611375
10611376
10611377
10611378
10611379
10611380
10611381
10611382
10611383
10611384
10611385
10611386
10611387
10611388
10611389
10611390
10611391
10611392
10611393
10611394
10611395
10611396
10611397
10611398
10611399
10611400
10611401
10611402
10611403
10611404
10611405
10611406
10611407
10611408
10611409
10611410
10611411
10611412
10611413
10611414
10611415
10611416
10611417
10611418
10611419
10611420
10611421
10611422
10611423
10611424
10611425
10611426
10611427
10611428
10611429
10611430
10611431
10611432
10611433
10611434
10611435
10611436
10611437
10611438
10611439
10611440
10611441
10611442
10611443
10611444
10611445
10611446
10611447
10611448
10611449
10611450
10611451
10611452
10611453
10611454
10611455
10611456
10611457
10611458
10611459
10611460
10611461
10611462
10611463
10611464
10611465
10611466
10611467
10611468
10611469
10611470
10611471
10611472
10611473
10611474
10611475
10611476
10611477
10611478
10611479
10611480
10611481
10611482
10611483
10611484
10611485
10611486
10611487
10611488
10611489
10611490
10611491
10611492
10611493
10611494
10611495
10611496
10611497
10611498
10611499
10611500
10611501
10611502
10611503
10611504
10611505
10611506
10611507
10611508
10611509
10611510
10611511
10611512
10611513
10611514
10611515
10611516
10611517
10611518
10611519
10611520
10611521
10611522
10611523
10611524
10611525
10611526
10611527
10611528
10611529
10611530
10611531
10611532
10611533
10611534
10611535
10611536
10611537
10611538
10611539
10611540
10611541
10611542
10611543
10611544
10611545
10611546
10611547
10611548
10611549
10611550
10611551
10611552
10611553
10611554
10611555
10611556
10611557
10611558
10611559
10611560
10611561
10611562
10611563
10611564
10611565
10611566
10611567
10611568
10611569
10611570
10611571
10611572
10611573
10611574
10611575
10611576
10611577
10611578
10611579
10611580
10611581
10611582
10611583
10611584
10611585
10611586
10611587
10611588
10611589
10611590
10611591
10611592
10611593
10611594
10611595
10611596
10611597
10611598
10611599
10611600
10611601
10611602
10611603
10611604
10611605
10611606
10611607
10611608
10611609
10611610
10611611
10611612
10611613
10611614
10611615
10611616
10611617
10611618
10611619
10611620
10611621
10611622
10611623
10611624
10611625
10611626
10611627
10611628
10611629
10611630
10611631
10611632
10611633
10611634
10611635
10611636
10611637
10611638
10611639
10611640
10611641
10611642
10611643
10611644
10611645
10611646
10611647
10611648
10611649
10611650
10611651
10611652
10611653
10611654
10611655
10611656
10611657
10611658
10611659
10611660
10611661
10611662
10611663
10611664
10611665
10611666
10611667
10611668
10611669
10611670
10611671
10611672
10611673
10611674
10611675
10611676
10611677
10611678
10611679
10611680
10611681
10611682
10611683
10611684
10611685
10611686
10611687
10611688
10611689
10611690
10611691
10611692
10611693
10611694
10611695
10611696
10611697
10611698
10611699
10611700
10611701
10611702
10611703
10611704
10611705
10611706
10611707
10611708
10611709
10611710
10611711
10611712
10611713
10611714
10611715
10611716
10611717
10611718
10611719
10611720
10611721
10611722
10611723
10611724
10611725
10611726
10611727
10611728
10611729
10611730
10611731
10611732
10611733
10611734
10611735
10611736
10611737
10611738
10611739
10611740
10611741
10611742
10611743
10611744
10611745
10611746
10611747
10611748
10611749
10611750
10611751
10611752
10611753
10611754
10611755
10611756
10611757
10611758
10611759
10611760
10611761
10611762
10611763
10611764
10611765
10611766
10611767
10611768
10611769
10611770
10611771
10611772
10611773
10611774
10611775
10611776
10611777
10611778
10611779
10611780
10611781
10611782
10611783
10611784
10611785
10611786
10611787
10611788
10611789
10611790
10611791
10611792
10611793
10611794
10611795
10611796
10611797
10611798
10611799
10611800
10611801
10611802
10611803
10611804
10611805
10611806
10611807
10611808
10611809
10611810
10611811
10611812
10611813
10611814
10611815
10611816
10611817
10611818
10611819
10611820
10611821
10611822
10611823
10611824
10611825
10611826
10611827
10611828
10611829
10611830
10611831
10611832
10611833
10611834
10611835
10611836
10611837
10611838
10611839
10611840
10611841
10611842
10611843
10611844
10611845
10611846
10611847
10611848
10611849
10611850
10611851
10611852
10611853
10611854
10611855
10611856
10611857
10611858
10611859
10611860
10611861
10611862
10611863
10611864
10611865
10611866
10611867
10611868
10611869
10611870
10611871
10611872
10611873
10611874
10611875
10611876
10611877
10611878
10611879
10611880
10611881
10611882
10611883
10611884
10611885
10611886
10611887
10611888
10611889
10611890
10611891
10611892
10611893
10611894
10611895
10611896
10611897
10611898
10611899
10611900
10611901
10611902
10611903
10611904
10611905
10611906
10611907
10611908
10611909
10611910
10611911
10611912
10611913
10611914
10611915
10611916
10611917
10611918
10611919
10611920
10611921
10611922
10611923
10611924
10611925
10611926
10611927
10611928
10611929
10611930
10611931
10611932
10611933
10611934
10611935
10611936
10611937
10611938
10611939
10611940
10611941
10611942
10611943
10611944
10611945
10611946
10611947
10611948
10611949
10611950
10611951
10611952
10611953
10611954
10611955
10611956
10611957
10611958
10611959
10611960
10611961
10611962
10611963
10611964
10611965
10611966
10611967
10611968
10611969
10611970
10611971
10611972
10611973
10611974
10611975
10611976
10611977
10611978
10611979
10611980
10611981
10611982
10611983
10611984
10611985
10611986
10611987
10611988
10611989
10611990
10611991
10611992
10611993
10611994
10611995
10611996
10611997
10611998
10611999
10612000
10612001
10612002
10612003
10612004
10612005
10612006
10612007
10612008
10612009
10612010
10612011
10612012
10612013
10612014
10612015
10612016
10612017
10612018
10612019
10612020
10612021
10612022
10612023
10612024
10612025
10612026
10612027
10612028
10612029
10612030
10612031
10612032
10612033
10612034
10612035
10612036
10612037
10612038
10612039
10612040
10612041
10612042
10612043
10612044
10612045
10612046
10612047
10612048
10612049
10612050
10612051
10612052
10612053
10612054
10612055
10612056
10612057
10612058
10612059
10612060
10612061
10612062
10612063
10612064
10612065
10612066
10612067
10612068
10612069
10612070
10612071
10612072
10612073
10612074
10612075
10612076
10612077
10612078
10612079
10612080
10612081
10612082
10612083
10612084
10612085
10612086
10612087
10612088
10612089
10612090
10612091
10612092
10612093
10612094
10612095
10612096
10612097
10612098
10612099
10612100
10612101
10612102
10612103
10612104
10612105
10612106
10612107
10612108
10612109
10612110
10612111
10612112
10612113
10612114
10612115
10612116
10612117
10612118
10612119
10612120
10612121
10612122
10612123
10612124
10612125
10612126
10612127
10612128
10612129
10612130
10612131
10612132
10612133
10612134
10612135
10612136
10612137
10612138
10612139
10612140
10612141
10612142
10612143
10612144
10612145
10612146
10612147
10612148
10612149
10612150
10612151
10612152
10612153
10612154
10612155
10612156
10612157
10612158
10612159
10612160
10612161
10612162
10612163
10612164
10612165
10612166
10612167
10612168
10612169
10612170
10612171
10612172
10612173
10612174
10612175
10612176
10612177
10612178
10612179
10612180
10612181
10612182
10612183
10612184
10612185
10612186
10612187
10612188
10612189
10612190
10612191
10612192
10612193
10612194
10612195
10612196
10612197
10612198
10612199
10612200
10612201
10612202
10612203
10612204
10612205
10612206
10612207
10612208
10612209
10612210
10612211
10612212
10612213
10612214
10612215
10612216
10612217
10612218
10612219
10612220
10612221
10612222
10612223
10612224
10612225
10612226
10612227
10612228
10612229
10612230
10612231
10612232
10612233
10612234
10612235
10612236
10612237
10612238
10612239
10612240
10612241
10612242
10612243
10612244
10612245
10612246
10612247
10612248
10612249
10612250
10612251
10612252
10612253
10612254
10612255
10612256
10612257
10612258
10612259
10612260
10612261
10612262
10612263
10612264
10612265
10612266
10612267
10612268
10612269
10612270
10612271
10612272
10612273
10612274
10612275
10612276
10612277
10612278
10612279
10612280
10612281
10612282
10612283
10612284
10612285
10612286
10612287
10612288
10612289
10612290
10612291
10612292
10612293
10612294
10612295
10612296
10612297
10612298
10612299
10612300
10612301
10612302
10612303
10612304
10612305
10612306
10612307
10612308
10612309
10612310
10612311
10612312
10612313
10612314
10612315
10612316
10612317
10612318
10612319
10612320
10612321
10612322
10612323
10612324
10612325
10612326
10612327
10612328
10612329
10612330
10612331
10612332
10612333
10612334
10612335
10612336
10612337
10612338
10612339
10612340
10612341
10612342
10612343
10612344
10612345
10612346
10612347
10612348
10612349
10612350
10612351
10612352
10612353
10612354
10612355
10612356
10612357
10612358
10612359
10612360
10612361
10612362
10612363
10612364
10612365
10612366
10612367
10612368
10612369
10612370
10612371
10612372
10612373
10612374
10612375
10612376
10612377
10612378
10612379
10612380
10612381
10612382
10612383
10612384
10612385
10612386
10612387
10612388
10612389
10612390
10612391
10612392
10612393
10612394
10612395
10612396
10612397
10612398
10612399
10612400
10612401
10612402
10612403
10612404
10612405
10612406
10612407
10612408
10612409
10612410
10612411
10612412
10612413
10612414
10612415
10612416
10612417
10612418
10612419
10612420
10612421
10612422
10612423
10612424
10612425
10612426
10612427
10612428
10612429
10612430
10612431
10612432
10612433
10612434
10612435
10612436
10612437
10612438
10612439
10612440
10612441
10612442
10612443
10612444
10612445
10612446
10612447
10612448
10612449
10612450
10612451
10612452
10612453
10612454
10612455
10612456
10612457
10612458
10612459
10612460
10612461
10612462
10612463
10612464
10612465
10612466
10612467
10612468
10612469
10612470
10612471
10612472
10612473
10612474
10612475
10612476
10612477
10612478
10612479
10612480
10612481
10612482
10612483
10612484
10612485
10612486
10612487
10612488
10612489
10612490
10612491
10612492
10612493
10612494
10612495
10612496
10612497
10612498
10612499
10612500
10612501
10612502
10612503
10612504
10612505
10612506
10612507
10612508
10612509
10612510
10612511
10612512
10612513
10612514
10612515
10612516
10612517
10612518
10612519
10612520
10612521
10612522
10612523
10612524
10612525
10612526
10612527
10612528
10612529
10612530
10612531
10612532
10612533
10612534
10612535
10612536
10612537
10612538
10612539
10612540
10612541
10612542
10612543
10612544
10612545
10612546
10612547
10612548
10612549
10612550
10612551
10612552
10612553
10612554
10612555
10612556
10612557
10612558
10612559
10612560
10612561
10612562
10612563
10612564
10612565
10612566
10612567
10612568
10612569
10612570
10612571
10612572
10612573
10612574
10612575
10612576
10612577
10612578
10612579
10612580
10612581
10612582
10612583
10612584
10612585
10612586
10612587
10612588
10612589
10612590
10612591
10612592
10612593
10612594
10612595
10612596
10612597
10612598
10612599
10612600
10612601
10612602
10612603
10612604
10612605
10612606
10612607
10612608
10612609
10612610
10612611
10612612
10612613
10612614
10612615
10612616
10612617
10612618
10612619
10612620
10612621
10612622
10612623
10612624
10612625
10612626
10612627
10612628
10612629
10612630
10612631
10612632
10612633
10612634
10612635
10612636
10612637
10612638
10612639
10612640
10612641
10612642
10612643
10612644
10612645
10612646
10612647
10612648
10612649
10612650
10612651
10612652
10612653
10612654
10612655
10612656
10612657
10612658
10612659
10612660
10612661
10612662
10612663
10612664
10612665
10612666
10612667
10612668
10612669
10612670
10612671
10612672
10612673
10612674
10612675
10612676
10612677
10612678
10612679
10612680
10612681
10612682
10612683
10612684
10612685
10612686
10612687
10612688
10612689
10612690
10612691
10612692
10612693
10612694
10612695
10612696
10612697
10612698
10612699
10612700
10612701
10612702
10612703
10612704
10612705
10612706
10612707
10612708
10612709
10612710
10612711
10612712
10612713
10612714
10612715
10612716
10612717
10612718
10612719
10612720
10612721
10612722
10612723
10612724
10612725
10612726
10612727
10612728
10612729
10612730
10612731
10612732
10612733
10612734
10612735
10612736
10612737
10612738
10612739
10612740
10612741
10612742
10612743
10612744
10612745
10612746
10612747
10612748
10612749
10612750
10612751
10612752
10612753
10612754
10612755
10612756
10612757
10612758
10612759
10612760
10612761
10612762
10612763
10612764
10612765
10612766
10612767
10612768
10612769
10612770
10612771
10612772
10612773
10612774
10612775
10612776
10612777
10612778
10612779
10612780
10612781
10612782
10612783
10612784
10612785
10612786
10612787
10612788
10612789
10612790
10612791
10612792
10612793
10612794
10612795
10612796
10612797
10612798
10612799
10612800
10612801
10612802
10612803
10612804
10612805
10612806
10612807
10612808
10612809
10612810
10612811
10612812
10612813
10612814
10612815
10612816
10612817
10612818
10612819
10612820
10612821
10612822
10612823
10612824
10612825
10612826
10612827
10612828
10612829
10612830
10612831
10612832
10612833
10612834
10612835
10612836
10612837
10612838
10612839
10612840
10612841
10612842
10612843
10612844
10612845
10612846
10612847
10612848
10612849
10612850
10612851
10612852
10612853
10612854
10612855
10612856
10612857
10612858
10612859
10612860
10612861
10612862
10612863
10612864
10612865
10612866
10612867
10612868
10612869
10612870
10612871
10612872
10612873
10612874
10612875
10612876
10612877
10612878
10612879
10612880
10612881
10612882
10612883
10612884
10612885
10612886
10612887
10612888
10612889
10612890
10612891
10612892
10612893
10612894
10612895
10612896
10612897
10612898
10612899
10612900
10612901
10612902
10612903
10612904
10612905
10612906
10612907
10612908
10612909
10612910
10612911
10612912
10612913
10612914
10612915
10612916
10612917
10612918
10612919
10612920
10612921
10612922
10612923
10612924
10612925
10612926
10612927
10612928
10612929
10612930
10612931
10612932
10612933
10612934
10612935
10612936
10612937
10612938
10612939
10612940
10612941
10612942
10612943
10612944
10612945
10612946
10612947
10612948
10612949
10612950
10612951
10612952
10612953
10612954
10612955
10612956
10612957
10612958
10612959
10612960
10612961
10612962
10612963
10612964
10612965
10612966
10612967
10612968
10612969
10612970
10612971
10612972
10612973
10612974
10612975
10612976
10612977
10612978
10612979
10612980
10612981
10612982
10612983
10612984
10612985
10612986
10612987
10612988
10612989
10612990
10612991
10612992
10612993
10612994
10612995
10612996
10612997
10612998
10612999
10613000
10613001
10613002
10613003
10613004
10613005
10613006
10613007
10613008
10613009
10613010
10613011
10613012
10613013
10613014
10613015
10613016
10613017
10613018
10613019
10613020
10613021
10613022
10613023
10613024
10613025
10613026
10613027
10613028
10613029
10613030
10613031
10613032
10613033
10613034
10613035
10613036
10613037
10613038
10613039
10613040
10613041
10613042
10613043
10613044
10613045
10613046
10613047
10613048
10613049
10613050
10613051
10613052
10613053
10613054
10613055
10613056
10613057
10613058
10613059
10613060
10613061
10613062
10613063
10613064
10613065
10613066
10613067
10613068
10613069
10613070
10613071
10613072
10613073
10613074
10613075
10613076
10613077
10613078
10613079
10613080
10613081
10613082
10613083
10613084
10613085
10613086
10613087
10613088
10613089
10613090
10613091
10613092
10613093
10613094
10613095
10613096
10613097
10613098
10613099
10613100
10613101
10613102
10613103
10613104
10613105
10613106
10613107
10613108
10613109
10613110
10613111
10613112
10613113
10613114
10613115
10613116
10613117
10613118
10613119
10613120
10613121
10613122
10613123
10613124
10613125
10613126
10613127
10613128
10613129
10613130
10613131
10613132
10613133
10613134
10613135
10613136
10613137
10613138
10613139
10613140
10613141
10613142
10613143
10613144
10613145
10613146
10613147
10613148
10613149
10613150
10613151
10613152
10613153
10613154
10613155
10613156
10613157
10613158
10613159
10613160
10613161
10613162
10613163
10613164
10613165
10613166
10613167
10613168
10613169
10613170
10613171
10613172
10613173
10613174
10613175
10613176
10613177
10613178
10613179
10613180
10613181
10613182
10613183
10613184
10613185
10613186
10613187
10613188
10613189
10613190
10613191
10613192
10613193
10613194
10613195
10613196
10613197
10613198
10613199
10613200
10613201
10613202
10613203
10613204
10613205
10613206
10613207
10613208
10613209
10613210
10613211
10613212
10613213
10613214
10613215
10613216
10613217
10613218
10613219
10613220
10613221
10613222
10613223
10613224
10613225
10613226
10613227
10613228
10613229
10613230
10613231
10613232
10613233
10613234
10613235
10613236
10613237
10613238
10613239
10613240
10613241
10613242
10613243
10613244
10613245
10613246
10613247
10613248
10613249
10613250
10613251
10613252
10613253
10613254
10613255
10613256
10613257
10613258
10613259
10613260
10613261
10613262
10613263
10613264
10613265
10613266
10613267
10613268
10613269
10613270
10613271
10613272
10613273
10613274
10613275
10613276
10613277
10613278
10613279
10613280
10613281
10613282
10613283
10613284
10613285
10613286
10613287
10613288
10613289
10613290
10613291
10613292
10613293
10613294
10613295
10613296
10613297
10613298
10613299
10613300
10613301
10613302
10613303
10613304
10613305
10613306
10613307
10613308
10613309
10613310
10613311
10613312
10613313
10613314
10613315
10613316
10613317
10613318
10613319
10613320
10613321
10613322
10613323
10613324
10613325
10613326
10613327
10613328
10613329
10613330
10613331
10613332
10613333
10613334
10613335
10613336
10613337
10613338
10613339
10613340
10613341
10613342
10613343
10613344
10613345
10613346
10613347
10613348
10613349
10613350
10613351
10613352
10613353
10613354
10613355
10613356
10613357
10613358
10613359
10613360
10613361
10613362
10613363
10613364
10613365
10613366
10613367
10613368
10613369
10613370
10613371
10613372
10613373
10613374
10613375
10613376
10613377
10613378
10613379
10613380
10613381
10613382
10613383
10613384
10613385
10613386
10613387
10613388
10613389
10613390
10613391
10613392
10613393
10613394
10613395
10613396
10613397
10613398
10613399
10613400
10613401
10613402
10613403
10613404
10613405
10613406
10613407
10613408
10613409
10613410
10613411
10613412
10613413
10613414
10613415
10613416
10613417
10613418
10613419
10613420
10613421
10613422
10613423
10613424
10613425
10613426
10613427
10613428
10613429
10613430
10613431
10613432
10613433
10613434
10613435
10613436
10613437
10613438
10613439
10613440
10613441
10613442
10613443
10613444
10613445
10613446
10613447
10613448
10613449
10613450
10613451
10613452
10613453
10613454
10613455
10613456
10613457
10613458
10613459
10613460
10613461
10613462
10613463
10613464
10613465
10613466
10613467
10613468
10613469
10613470
10613471
10613472
10613473
10613474
10613475
10613476
10613477
10613478
10613479
10613480
10613481
10613482
10613483
10613484
10613485
10613486
10613487
10613488
10613489
10613490
10613491
10613492
10613493
10613494
10613495
10613496
10613497
10613498
10613499
10613500
10613501
10613502
10613503
10613504
10613505
10613506
10613507
10613508
10613509
10613510
10613511
10613512
10613513
10613514
10613515
10613516
10613517
10613518
10613519
10613520
10613521
10613522
10613523
10613524
10613525
10613526
10613527
10613528
10613529
10613530
10613531
10613532
10613533
10613534
10613535
10613536
10613537
10613538
10613539
10613540
10613541
10613542
10613543
10613544
10613545
10613546
10613547
10613548
10613549
10613550
10613551
10613552
10613553
10613554
10613555
10613556
10613557
10613558
10613559
10613560
10613561
10613562
10613563
10613564
10613565
10613566
10613567
10613568
10613569
10613570
10613571
10613572
10613573
10613574
10613575
10613576
10613577
10613578
10613579
10613580
10613581
10613582
10613583
10613584
10613585
10613586
10613587
10613588
10613589
10613590
10613591
10613592
10613593
10613594
10613595
10613596
10613597
10613598
10613599
10613600
10613601
10613602
10613603
10613604
10613605
10613606
10613607
10613608
10613609
10613610
10613611
10613612
10613613
10613614
10613615
10613616
10613617
10613618
10613619
10613620
10613621
10613622
10613623
10613624
10613625
10613626
10613627
10613628
10613629
10613630
10613631
10613632
10613633
10613634
10613635
10613636
10613637
10613638
10613639
10613640
10613641
10613642
10613643
10613644
10613645
10613646
10613647
10613648
10613649
10613650
10613651
10613652
10613653
10613654
10613655
10613656
10613657
10613658
10613659
10613660
10613661
10613662
10613663
10613664
10613665
10613666
10613667
10613668
10613669
10613670
10613671
10613672
10613673
10613674
10613675
10613676
10613677
10613678
10613679
10613680
10613681
10613682
10613683
10613684
10613685
10613686
10613687
10613688
10613689
10613690
10613691
10613692
10613693
10613694
10613695
10613696
10613697
10613698
10613699
10613700
10613701
10613702
10613703
10613704
10613705
10613706
10613707
10613708
10613709
10613710
10613711
10613712
10613713
10613714
10613715
10613716
10613717
10613718
10613719
10613720
10613721
10613722
10613723
10613724
10613725
10613726
10613727
10613728
10613729
10613730
10613731
10613732
10613733
10613734
10613735
10613736
10613737
10613738
10613739
10613740
10613741
10613742
10613743
10613744
10613745
10613746
10613747
10613748
10613749
10613750
10613751
10613752
10613753
10613754
10613755
10613756
10613757
10613758
10613759
10613760
10613761
10613762
10613763
10613764
10613765
10613766
10613767
10613768
10613769
10613770
10613771
10613772
10613773
10613774
10613775
10613776
10613777
10613778
10613779
10613780
10613781
10613782
10613783
10613784
10613785
10613786
10613787
10613788
10613789
10613790
10613791
10613792
10613793
10613794
10613795
10613796
10613797
10613798
10613799
10613800
10613801
10613802
10613803
10613804
10613805
10613806
10613807
10613808
10613809
10613810
10613811
10613812
10613813
10613814
10613815
10613816
10613817
10613818
10613819
10613820
10613821
10613822
10613823
10613824
10613825
10613826
10613827
10613828
10613829
10613830
10613831
10613832
10613833
10613834
10613835
10613836
10613837
10613838
10613839
10613840
10613841
10613842
10613843
10613844
10613845
10613846
10613847
10613848
10613849
10613850
10613851
10613852
10613853
10613854
10613855
10613856
10613857
10613858
10613859
10613860
10613861
10613862
10613863
10613864
10613865
10613866
10613867
10613868
10613869
10613870
10613871
10613872
10613873
10613874
10613875
10613876
10613877
10613878
10613879
10613880
10613881
10613882
10613883
10613884
10613885
10613886
10613887
10613888
10613889
10613890
10613891
10613892
10613893
10613894
10613895
10613896
10613897
10613898
10613899
10613900
10613901
10613902
10613903
10613904
10613905
10613906
10613907
10613908
10613909
10613910
10613911
10613912
10613913
10613914
10613915
10613916
10613917
10613918
10613919
10613920
10613921
10613922
10613923
10613924
10613925
10613926
10613927
10613928
10613929
10613930
10613931
10613932
10613933
10613934
10613935
10613936
10613937
10613938
10613939
10613940
10613941
10613942
10613943
10613944
10613945
10613946
10613947
10613948
10613949
10613950
10613951
10613952
10613953
10613954
10613955
10613956
10613957
10613958
10613959
10613960
10613961
10613962
10613963
10613964
10613965
10613966
10613967
10613968
10613969
10613970
10613971
10613972
10613973
10613974
10613975
10613976
10613977
10613978
10613979
10613980
10613981
10613982
10613983
10613984
10613985
10613986
10613987
10613988
10613989
10613990
10613991
10613992
10613993
10613994
10613995
10613996
10613997
10613998
10613999
10614000
10614001
10614002
10614003
10614004
10614005
10614006
10614007
10614008
10614009
10614010
10614011
10614012
10614013
10614014
10614015
10614016
10614017
10614018
10614019
10614020
10614021
10614022
10614023
10614024
10614025
10614026
10614027
10614028
10614029
10614030
10614031
10614032
10614033
10614034
10614035
10614036
10614037
10614038
10614039
10614040
10614041
10614042
10614043
10614044
10614045
10614046
10614047
10614048
10614049
10614050
10614051
10614052
10614053
10614054
10614055
10614056
10614057
10614058
10614059
10614060
10614061
10614062
10614063
10614064
10614065
10614066
10614067
10614068
10614069
10614070
10614071
10614072
10614073
10614074
10614075
10614076
10614077
10614078
10614079
10614080
10614081
10614082
10614083
10614084
10614085
10614086
10614087
10614088
10614089
10614090
10614091
10614092
10614093
10614094
10614095
10614096
10614097
10614098
10614099
10614100
10614101
10614102
10614103
10614104
10614105
10614106
10614107
10614108
10614109
10614110
10614111
10614112
10614113
10614114
10614115
10614116
10614117
10614118
10614119
10614120
10614121
10614122
10614123
10614124
10614125
10614126
10614127
10614128
10614129
10614130
10614131
10614132
10614133
10614134
10614135
10614136
10614137
10614138
10614139
10614140
10614141
10614142
10614143
10614144
10614145
10614146
10614147
10614148
10614149
10614150
10614151
10614152
10614153
10614154
10614155
10614156
10614157
10614158
10614159
10614160
10614161
10614162
10614163
10614164
10614165
10614166
10614167
10614168
10614169
10614170
10614171
10614172
10614173
10614174
10614175
10614176
10614177
10614178
10614179
10614180
10614181
10614182
10614183
10614184
10614185
10614186
10614187
10614188
10614189
10614190
10614191
10614192
10614193
10614194
10614195
10614196
10614197
10614198
10614199
10614200
10614201
10614202
10614203
10614204
10614205
10614206
10614207
10614208
10614209
10614210
10614211
10614212
10614213
10614214
10614215
10614216
10614217
10614218
10614219
10614220
10614221
10614222
10614223
10614224
10614225
10614226
10614227
10614228
10614229
10614230
10614231
10614232
10614233
10614234
10614235
10614236
10614237
10614238
10614239
10614240
10614241
10614242
10614243
10614244
10614245
10614246
10614247
10614248
10614249
10614250
10614251
10614252
10614253
10614254
10614255
10614256
10614257
10614258
10614259
10614260
10614261
10614262
10614263
10614264
10614265
10614266
10614267
10614268
10614269
10614270
10614271
10614272
10614273
10614274
10614275
10614276
10614277
10614278
10614279
10614280
10614281
10614282
10614283
10614284
10614285
10614286
10614287
10614288
10614289
10614290
10614291
10614292
10614293
10614294
10614295
10614296
10614297
10614298
10614299
10614300
10614301
10614302
10614303
10614304
10614305
10614306
10614307
10614308
10614309
10614310
10614311
10614312
10614313
10614314
10614315
10614316
10614317
10614318
10614319
10614320
10614321
10614322
10614323
10614324
10614325
10614326
10614327
10614328
10614329
10614330
10614331
10614332
10614333
10614334
10614335
10614336
10614337
10614338
10614339
10614340
10614341
10614342
10614343
10614344
10614345
10614346
10614347
10614348
10614349
10614350
10614351
10614352
10614353
10614354
10614355
10614356
10614357
10614358
10614359
10614360
10614361
10614362
10614363
10614364
10614365
10614366
10614367
10614368
10614369
10614370
10614371
10614372
10614373
10614374
10614375
10614376
10614377
10614378
10614379
10614380
10614381
10614382
10614383
10614384
10614385
10614386
10614387
10614388
10614389
10614390
10614391
10614392
10614393
10614394
10614395
10614396
10614397
10614398
10614399
10614400
10614401
10614402
10614403
10614404
10614405
10614406
10614407
10614408
10614409
10614410
10614411
10614412
10614413
10614414
10614415
10614416
10614417
10614418
10614419
10614420
10614421
10614422
10614423
10614424
10614425
10614426
10614427
10614428
10614429
10614430
10614431
10614432
10614433
10614434
10614435
10614436
10614437
10614438
10614439
10614440
10614441
10614442
10614443
10614444
10614445
10614446
10614447
10614448
10614449
10614450
10614451
10614452
10614453
10614454
10614455
10614456
10614457
10614458
10614459
10614460
10614461
10614462
10614463
10614464
10614465
10614466
10614467
10614468
10614469
10614470
10614471
10614472
10614473
10614474
10614475
10614476
10614477
10614478
10614479
10614480
10614481
10614482
10614483
10614484
10614485
10614486
10614487
10614488
10614489
10614490
10614491
10614492
10614493
10614494
10614495
10614496
10614497
10614498
10614499
10614500
10614501
10614502
10614503
10614504
10614505
10614506
10614507
10614508
10614509
10614510
10614511
10614512
10614513
10614514
10614515
10614516
10614517
10614518
10614519
10614520
10614521
10614522
10614523
10614524
10614525
10614526
10614527
10614528
10614529
10614530
10614531
10614532
10614533
10614534
10614535
10614536
10614537
10614538
10614539
10614540
10614541
10614542
10614543
10614544
10614545
10614546
10614547
10614548
10614549
10614550
10614551
10614552
10614553
10614554
10614555
10614556
10614557
10614558
10614559
10614560
10614561
10614562
10614563
10614564
10614565
10614566
10614567
10614568
10614569
10614570
10614571
10614572
10614573
10614574
10614575
10614576
10614577
10614578
10614579
10614580
10614581
10614582
10614583
10614584
10614585
10614586
10614587
10614588
10614589
10614590
10614591
10614592
10614593
10614594
10614595
10614596
10614597
10614598
10614599
10614600
10614601
10614602
10614603
10614604
10614605
10614606
10614607
10614608
10614609
10614610
10614611
10614612
10614613
10614614
10614615
10614616
10614617
10614618
10614619
10614620
10614621
10614622
10614623
10614624
10614625
10614626
10614627
10614628
10614629
10614630
10614631
10614632
10614633
10614634
10614635
10614636
10614637
10614638
10614639
10614640
10614641
10614642
10614643
10614644
10614645
10614646
10614647
10614648
10614649
10614650
10614651
10614652
10614653
10614654
10614655
10614656
10614657
10614658
10614659
10614660
10614661
10614662
10614663
10614664
10614665
10614666
10614667
10614668
10614669
10614670
10614671
10614672
10614673
10614674
10614675
10614676
10614677
10614678
10614679
10614680
10614681
10614682
10614683
10614684
10614685
10614686
10614687
10614688
10614689
10614690
10614691
10614692
10614693
10614694
10614695
10614696
10614697
10614698
10614699
10614700
10614701
10614702
10614703
10614704
10614705
10614706
10614707
10614708
10614709
10614710
10614711
10614712
10614713
10614714
10614715
10614716
10614717
10614718
10614719
10614720
10614721
10614722
10614723
10614724
10614725
10614726
10614727
10614728
10614729
10614730
10614731
10614732
10614733
10614734
10614735
10614736
10614737
10614738
10614739
10614740
10614741
10614742
10614743
10614744
10614745
10614746
10614747
10614748
10614749
10614750
10614751
10614752
10614753
10614754
10614755
10614756
10614757
10614758
10614759
10614760
10614761
10614762
10614763
10614764
10614765
10614766
10614767
10614768
10614769
10614770
10614771
10614772
10614773
10614774
10614775
10614776
10614777
10614778
10614779
10614780
10614781
10614782
10614783
10614784
10614785
10614786
10614787
10614788
10614789
10614790
10614791
10614792
10614793
10614794
10614795
10614796
10614797
10614798
10614799
10614800
10614801
10614802
10614803
10614804
10614805
10614806
10614807
10614808
10614809
10614810
10614811
10614812
10614813
10614814
10614815
10614816
10614817
10614818
10614819
10614820
10614821
10614822
10614823
10614824
10614825
10614826
10614827
10614828
10614829
10614830
10614831
10614832
10614833
10614834
10614835
10614836
10614837
10614838
10614839
10614840
10614841
10614842
10614843
10614844
10614845
10614846
10614847
10614848
10614849
10614850
10614851
10614852
10614853
10614854
10614855
10614856
10614857
10614858
10614859
10614860
10614861
10614862
10614863
10614864
10614865
10614866
10614867
10614868
10614869
10614870
10614871
10614872
10614873
10614874
10614875
10614876
10614877
10614878
10614879
10614880
10614881
10614882
10614883
10614884
10614885
10614886
10614887
10614888
10614889
10614890
10614891
10614892
10614893
10614894
10614895
10614896
10614897
10614898
10614899
10614900
10614901
10614902
10614903
10614904
10614905
10614906
10614907
10614908
10614909
10614910
10614911
10614912
10614913
10614914
10614915
10614916
10614917
10614918
10614919
10614920
10614921
10614922
10614923
10614924
10614925
10614926
10614927
10614928
10614929
10614930
10614931
10614932
10614933
10614934
10614935
10614936
10614937
10614938
10614939
10614940
10614941
10614942
10614943
10614944
10614945
10614946
10614947
10614948
10614949
10614950
10614951
10614952
10614953
10614954
10614955
10614956
10614957
10614958
10614959
10614960
10614961
10614962
10614963
10614964
10614965
10614966
10614967
10614968
10614969
10614970
10614971
10614972
10614973
10614974
10614975
10614976
10614977
10614978
10614979
10614980
10614981
10614982
10614983
10614984
10614985
10614986
10614987
10614988
10614989
10614990
10614991
10614992
10614993
10614994
10614995
10614996
10614997
10614998
10614999
10615000
10615001
10615002
10615003
10615004
10615005
10615006
10615007
10615008
10615009
10615010
10615011
10615012
10615013
10615014
10615015
10615016
10615017
10615018
10615019
10615020
10615021
10615022
10615023
10615024
10615025
10615026
10615027
10615028
10615029
10615030
10615031
10615032
10615033
10615034
10615035
10615036
10615037
10615038
10615039
10615040
10615041
10615042
10615043
10615044
10615045
10615046
10615047
10615048
10615049
10615050
10615051
10615052
10615053
10615054
10615055
10615056
10615057
10615058
10615059
10615060
10615061
10615062
10615063
10615064
10615065
10615066
10615067
10615068
10615069
10615070
10615071
10615072
10615073
10615074
10615075
10615076
10615077
10615078
10615079
10615080
10615081
10615082
10615083
10615084
10615085
10615086
10615087
10615088
10615089
10615090
10615091
10615092
10615093
10615094
10615095
10615096
10615097
10615098
10615099
10615100
10615101
10615102
10615103
10615104
10615105
10615106
10615107
10615108
10615109
10615110
10615111
10615112
10615113
10615114
10615115
10615116
10615117
10615118
10615119
10615120
10615121
10615122
10615123
10615124
10615125
10615126
10615127
10615128
10615129
10615130
10615131
10615132
10615133
10615134
10615135
10615136
10615137
10615138
10615139
10615140
10615141
10615142
10615143
10615144
10615145
10615146
10615147
10615148
10615149
10615150
10615151
10615152
10615153
10615154
10615155
10615156
10615157
10615158
10615159
10615160
10615161
10615162
10615163
10615164
10615165
10615166
10615167
10615168
10615169
10615170
10615171
10615172
10615173
10615174
10615175
10615176
10615177
10615178
10615179
10615180
10615181
10615182
10615183
10615184
10615185
10615186
10615187
10615188
10615189
10615190
10615191
10615192
10615193
10615194
10615195
10615196
10615197
10615198
10615199
10615200
10615201
10615202
10615203
10615204
10615205
10615206
10615207
10615208
10615209
10615210
10615211
10615212
10615213
10615214
10615215
10615216
10615217
10615218
10615219
10615220
10615221
10615222
10615223
10615224
10615225
10615226
10615227
10615228
10615229
10615230
10615231
10615232
10615233
10615234
10615235
10615236
10615237
10615238
10615239
10615240
10615241
10615242
10615243
10615244
10615245
10615246
10615247
10615248
10615249
10615250
10615251
10615252
10615253
10615254
10615255
10615256
10615257
10615258
10615259
10615260
10615261
10615262
10615263
10615264
10615265
10615266
10615267
10615268
10615269
10615270
10615271
10615272
10615273
10615274
10615275
10615276
10615277
10615278
10615279
10615280
10615281
10615282
10615283
10615284
10615285
10615286
10615287
10615288
10615289
10615290
10615291
10615292
10615293
10615294
10615295
10615296
10615297
10615298
10615299
10615300
10615301
10615302
10615303
10615304
10615305
10615306
10615307
10615308
10615309
10615310
10615311
10615312
10615313
10615314
10615315
10615316
10615317
10615318
10615319
10615320
10615321
10615322
10615323
10615324
10615325
10615326
10615327
10615328
10615329
10615330
10615331
10615332
10615333
10615334
10615335
10615336
10615337
10615338
10615339
10615340
10615341
10615342
10615343
10615344
10615345
10615346
10615347
10615348
10615349
10615350
10615351
10615352
10615353
10615354
10615355
10615356
10615357
10615358
10615359
10615360
10615361
10615362
10615363
10615364
10615365
10615366
10615367
10615368
10615369
10615370
10615371
10615372
10615373
10615374
10615375
10615376
10615377
10615378
10615379
10615380
10615381
10615382
10615383
10615384
10615385
10615386
10615387
10615388
10615389
10615390
10615391
10615392
10615393
10615394
10615395
10615396
10615397
10615398
10615399
10615400
10615401
10615402
10615403
10615404
10615405
10615406
10615407
10615408
10615409
10615410
10615411
10615412
10615413
10615414
10615415
10615416
10615417
10615418
10615419
10615420
10615421
10615422
10615423
10615424
10615425
10615426
10615427
10615428
10615429
10615430
10615431
10615432
10615433
10615434
10615435
10615436
10615437
10615438
10615439
10615440
10615441
10615442
10615443
10615444
10615445
10615446
10615447
10615448
10615449
10615450
10615451
10615452
10615453
10615454
10615455
10615456
10615457
10615458
10615459
10615460
10615461
10615462
10615463
10615464
10615465
10615466
10615467
10615468
10615469
10615470
10615471
10615472
10615473
10615474
10615475
10615476
10615477
10615478
10615479
10615480
10615481
10615482
10615483
10615484
10615485
10615486
10615487
10615488
10615489
10615490
10615491
10615492
10615493
10615494
10615495
10615496
10615497
10615498
10615499
10615500
10615501
10615502
10615503
10615504
10615505
10615506
10615507
10615508
10615509
10615510
10615511
10615512
10615513
10615514
10615515
10615516
10615517
10615518
10615519
10615520
10615521
10615522
10615523
10615524
10615525
10615526
10615527
10615528
10615529
10615530
10615531
10615532
10615533
10615534
10615535
10615536
10615537
10615538
10615539
10615540
10615541
10615542
10615543
10615544
10615545
10615546
10615547
10615548
10615549
10615550
10615551
10615552
10615553
10615554
10615555
10615556
10615557
10615558
10615559
10615560
10615561
10615562
10615563
10615564
10615565
10615566
10615567
10615568
10615569
10615570
10615571
10615572
10615573
10615574
10615575
10615576
10615577
10615578
10615579
10615580
10615581
10615582
10615583
10615584
10615585
10615586
10615587
10615588
10615589
10615590
10615591
10615592
10615593
10615594
10615595
10615596
10615597
10615598
10615599
10615600
10615601
10615602
10615603
10615604
10615605
10615606
10615607
10615608
10615609
10615610
10615611
10615612
10615613
10615614
10615615
10615616
10615617
10615618
10615619
10615620
10615621
10615622
10615623
10615624
10615625
10615626
10615627
10615628
10615629
10615630
10615631
10615632
10615633
10615634
10615635
10615636
10615637
10615638
10615639
10615640
10615641
10615642
10615643
10615644
10615645
10615646
10615647
10615648
10615649
10615650
10615651
10615652
10615653
10615654
10615655
10615656
10615657
10615658
10615659
10615660
10615661
10615662
10615663
10615664
10615665
10615666
10615667
10615668
10615669
10615670
10615671
10615672
10615673
10615674
10615675
10615676
10615677
10615678
10615679
10615680
10615681
10615682
10615683
10615684
10615685
10615686
10615687
10615688
10615689
10615690
10615691
10615692
10615693
10615694
10615695
10615696
10615697
10615698
10615699
10615700
10615701
10615702
10615703
10615704
10615705
10615706
10615707
10615708
10615709
10615710
10615711
10615712
10615713
10615714
10615715
10615716
10615717
10615718
10615719
10615720
10615721
10615722
10615723
10615724
10615725
10615726
10615727
10615728
10615729
10615730
10615731
10615732
10615733
10615734
10615735
10615736
10615737
10615738
10615739
10615740
10615741
10615742
10615743
10615744
10615745
10615746
10615747
10615748
10615749
10615750
10615751
10615752
10615753
10615754
10615755
10615756
10615757
10615758
10615759
10615760
10615761
10615762
10615763
10615764
10615765
10615766
10615767
10615768
10615769
10615770
10615771
10615772
10615773
10615774
10615775
10615776
10615777
10615778
10615779
10615780
10615781
10615782
10615783
10615784
10615785
10615786
10615787
10615788
10615789
10615790
10615791
10615792
10615793
10615794
10615795
10615796
10615797
10615798
10615799
10615800
10615801
10615802
10615803
10615804
10615805
10615806
10615807
10615808
10615809
10615810
10615811
10615812
10615813
10615814
10615815
10615816
10615817
10615818
10615819
10615820
10615821
10615822
10615823
10615824
10615825
10615826
10615827
10615828
10615829
10615830
10615831
10615832
10615833
10615834
10615835
10615836
10615837
10615838
10615839
10615840
10615841
10615842
10615843
10615844
10615845
10615846
10615847
10615848
10615849
10615850
10615851
10615852
10615853
10615854
10615855
10615856
10615857
10615858
10615859
10615860
10615861
10615862
10615863
10615864
10615865
10615866
10615867
10615868
10615869
10615870
10615871
10615872
10615873
10615874
10615875
10615876
10615877
10615878
10615879
10615880
10615881
10615882
10615883
10615884
10615885
10615886
10615887
10615888
10615889
10615890
10615891
10615892
10615893
10615894
10615895
10615896
10615897
10615898
10615899
10615900
10615901
10615902
10615903
10615904
10615905
10615906
10615907
10615908
10615909
10615910
10615911
10615912
10615913
10615914
10615915
10615916
10615917
10615918
10615919
10615920
10615921
10615922
10615923
10615924
10615925
10615926
10615927
10615928
10615929
10615930
10615931
10615932
10615933
10615934
10615935
10615936
10615937
10615938
10615939
10615940
10615941
10615942
10615943
10615944
10615945
10615946
10615947
10615948
10615949
10615950
10615951
10615952
10615953
10615954
10615955
10615956
10615957
10615958
10615959
10615960
10615961
10615962
10615963
10615964
10615965
10615966
10615967
10615968
10615969
10615970
10615971
10615972
10615973
10615974
10615975
10615976
10615977
10615978
10615979
10615980
10615981
10615982
10615983
10615984
10615985
10615986
10615987
10615988
10615989
10615990
10615991
10615992
10615993
10615994
10615995
10615996
10615997
10615998
10615999
10616000
10616001
10616002
10616003
10616004
10616005
10616006
10616007
10616008
10616009
10616010
10616011
10616012
10616013
10616014
10616015
10616016
10616017
10616018
10616019
10616020
10616021
10616022
10616023
10616024
10616025
10616026
10616027
10616028
10616029
10616030
10616031
10616032
10616033
10616034
10616035
10616036
10616037
10616038
10616039
10616040
10616041
10616042
10616043
10616044
10616045
10616046
10616047
10616048
10616049
10616050
10616051
10616052
10616053
10616054
10616055
10616056
10616057
10616058
10616059
10616060
10616061
10616062
10616063
10616064
10616065
10616066
10616067
10616068
10616069
10616070
10616071
10616072
10616073
10616074
10616075
10616076
10616077
10616078
10616079
10616080
10616081
10616082
10616083
10616084
10616085
10616086
10616087
10616088
10616089
10616090
10616091
10616092
10616093
10616094
10616095
10616096
10616097
10616098
10616099
10616100
10616101
10616102
10616103
10616104
10616105
10616106
10616107
10616108
10616109
10616110
10616111
10616112
10616113
10616114
10616115
10616116
10616117
10616118
10616119
10616120
10616121
10616122
10616123
10616124
10616125
10616126
10616127
10616128
10616129
10616130
10616131
10616132
10616133
10616134
10616135
10616136
10616137
10616138
10616139
10616140
10616141
10616142
10616143
10616144
10616145
10616146
10616147
10616148
10616149
10616150
10616151
10616152
10616153
10616154
10616155
10616156
10616157
10616158
10616159
10616160
10616161
10616162
10616163
10616164
10616165
10616166
10616167
10616168
10616169
10616170
10616171
10616172
10616173
10616174
10616175
10616176
10616177
10616178
10616179
10616180
10616181
10616182
10616183
10616184
10616185
10616186
10616187
10616188
10616189
10616190
10616191
10616192
10616193
10616194
10616195
10616196
10616197
10616198
10616199
10616200
10616201
10616202
10616203
10616204
10616205
10616206
10616207
10616208
10616209
10616210
10616211
10616212
10616213
10616214
10616215
10616216
10616217
10616218
10616219
10616220
10616221
10616222
10616223
10616224
10616225
10616226
10616227
10616228
10616229
10616230
10616231
10616232
10616233
10616234
10616235
10616236
10616237
10616238
10616239
10616240
10616241
10616242
10616243
10616244
10616245
10616246
10616247
10616248
10616249
10616250
10616251
10616252
10616253
10616254
10616255
10616256
10616257
10616258
10616259
10616260
10616261
10616262
10616263
10616264
10616265
10616266
10616267
10616268
10616269
10616270
10616271
10616272
10616273
10616274
10616275
10616276
10616277
10616278
10616279
10616280
10616281
10616282
10616283
10616284
10616285
10616286
10616287
10616288
10616289
10616290
10616291
10616292
10616293
10616294
10616295
10616296
10616297
10616298
10616299
10616300
10616301
10616302
10616303
10616304
10616305
10616306
10616307
10616308
10616309
10616310
10616311
10616312
10616313
10616314
10616315
10616316
10616317
10616318
10616319
10616320
10616321
10616322
10616323
10616324
10616325
10616326
10616327
10616328
10616329
10616330
10616331
10616332
10616333
10616334
10616335
10616336
10616337
10616338
10616339
10616340
10616341
10616342
10616343
10616344
10616345
10616346
10616347
10616348
10616349
10616350
10616351
10616352
10616353
10616354
10616355
10616356
10616357
10616358
10616359
10616360
10616361
10616362
10616363
10616364
10616365
10616366
10616367
10616368
10616369
10616370
10616371
10616372
10616373
10616374
10616375
10616376
10616377
10616378
10616379
10616380
10616381
10616382
10616383
10616384
10616385
10616386
10616387
10616388
10616389
10616390
10616391
10616392
10616393
10616394
10616395
10616396
10616397
10616398
10616399
10616400
10616401
10616402
10616403
10616404
10616405
10616406
10616407
10616408
10616409
10616410
10616411
10616412
10616413
10616414
10616415
10616416
10616417
10616418
10616419
10616420
10616421
10616422
10616423
10616424
10616425
10616426
10616427
10616428
10616429
10616430
10616431
10616432
10616433
10616434
10616435
10616436
10616437
10616438
10616439
10616440
10616441
10616442
10616443
10616444
10616445
10616446
10616447
10616448
10616449
10616450
10616451
10616452
10616453
10616454
10616455
10616456
10616457
10616458
10616459
10616460
10616461
10616462
10616463
10616464
10616465
10616466
10616467
10616468
10616469
10616470
10616471
10616472
10616473
10616474
10616475
10616476
10616477
10616478
10616479
10616480
10616481
10616482
10616483
10616484
10616485
10616486
10616487
10616488
10616489
10616490
10616491
10616492
10616493
10616494
10616495
10616496
10616497
10616498
10616499
10616500
10616501
10616502
10616503
10616504
10616505
10616506
10616507
10616508
10616509
10616510
10616511
10616512
10616513
10616514
10616515
10616516
10616517
10616518
10616519
10616520
10616521
10616522
10616523
10616524
10616525
10616526
10616527
10616528
10616529
10616530
10616531
10616532
10616533
10616534
10616535
10616536
10616537
10616538
10616539
10616540
10616541
10616542
10616543
10616544
10616545
10616546
10616547
10616548
10616549
10616550
10616551
10616552
10616553
10616554
10616555
10616556
10616557
10616558
10616559
10616560
10616561
10616562
10616563
10616564
10616565
10616566
10616567
10616568
10616569
10616570
10616571
10616572
10616573
10616574
10616575
10616576
10616577
10616578
10616579
10616580
10616581
10616582
10616583
10616584
10616585
10616586
10616587
10616588
10616589
10616590
10616591
10616592
10616593
10616594
10616595
10616596
10616597
10616598
10616599
10616600
10616601
10616602
10616603
10616604
10616605
10616606
10616607
10616608
10616609
10616610
10616611
10616612
10616613
10616614
10616615
10616616
10616617
10616618
10616619
10616620
10616621
10616622
10616623
10616624
10616625
10616626
10616627
10616628
10616629
10616630
10616631
10616632
10616633
10616634
10616635
10616636
10616637
10616638
10616639
10616640
10616641
10616642
10616643
10616644
10616645
10616646
10616647
10616648
10616649
10616650
10616651
10616652
10616653
10616654
10616655
10616656
10616657
10616658
10616659
10616660
10616661
10616662
10616663
10616664
10616665
10616666
10616667
10616668
10616669
10616670
10616671
10616672
10616673
10616674
10616675
10616676
10616677
10616678
10616679
10616680
10616681
10616682
10616683
10616684
10616685
10616686
10616687
10616688
10616689
10616690
10616691
10616692
10616693
10616694
10616695
10616696
10616697
10616698
10616699
10616700
10616701
10616702
10616703
10616704
10616705
10616706
10616707
10616708
10616709
10616710
10616711
10616712
10616713
10616714
10616715
10616716
10616717
10616718
10616719
10616720
10616721
10616722
10616723
10616724
10616725
10616726
10616727
10616728
10616729
10616730
10616731
10616732
10616733
10616734
10616735
10616736
10616737
10616738
10616739
10616740
10616741
10616742
10616743
10616744
10616745
10616746
10616747
10616748
10616749
10616750
10616751
10616752
10616753
10616754
10616755
10616756
10616757
10616758
10616759
10616760
10616761
10616762
10616763
10616764
10616765
10616766
10616767
10616768
10616769
10616770
10616771
10616772
10616773
10616774
10616775
10616776
10616777
10616778
10616779
10616780
10616781
10616782
10616783
10616784
10616785
10616786
10616787
10616788
10616789
10616790
10616791
10616792
10616793
10616794
10616795
10616796
10616797
10616798
10616799
10616800
10616801
10616802
10616803
10616804
10616805
10616806
10616807
10616808
10616809
10616810
10616811
10616812
10616813
10616814
10616815
10616816
10616817
10616818
10616819
10616820
10616821
10616822
10616823
10616824
10616825
10616826
10616827
10616828
10616829
10616830
10616831
10616832
10616833
10616834
10616835
10616836
10616837
10616838
10616839
10616840
10616841
10616842
10616843
10616844
10616845
10616846
10616847
10616848
10616849
10616850
10616851
10616852
10616853
10616854
10616855
10616856
10616857
10616858
10616859
10616860
10616861
10616862
10616863
10616864
10616865
10616866
10616867
10616868
10616869
10616870
10616871
10616872
10616873
10616874
10616875
10616876
10616877
10616878
10616879
10616880
10616881
10616882
10616883
10616884
10616885
10616886
10616887
10616888
10616889
10616890
10616891
10616892
10616893
10616894
10616895
10616896
10616897
10616898
10616899
10616900
10616901
10616902
10616903
10616904
10616905
10616906
10616907
10616908
10616909
10616910
10616911
10616912
10616913
10616914
10616915
10616916
10616917
10616918
10616919
10616920
10616921
10616922
10616923
10616924
10616925
10616926
10616927
10616928
10616929
10616930
10616931
10616932
10616933
10616934
10616935
10616936
10616937
10616938
10616939
10616940
10616941
10616942
10616943
10616944
10616945
10616946
10616947
10616948
10616949
10616950
10616951
10616952
10616953
10616954
10616955
10616956
10616957
10616958
10616959
10616960
10616961
10616962
10616963
10616964
10616965
10616966
10616967
10616968
10616969
10616970
10616971
10616972
10616973
10616974
10616975
10616976
10616977
10616978
10616979
10616980
10616981
10616982
10616983
10616984
10616985
10616986
10616987
10616988
10616989
10616990
10616991
10616992
10616993
10616994
10616995
10616996
10616997
10616998
10616999
10617000
10617001
10617002
10617003
10617004
10617005
10617006
10617007
10617008
10617009
10617010
10617011
10617012
10617013
10617014
10617015
10617016
10617017
10617018
10617019
10617020
10617021
10617022
10617023
10617024
10617025
10617026
10617027
10617028
10617029
10617030
10617031
10617032
10617033
10617034
10617035
10617036
10617037
10617038
10617039
10617040
10617041
10617042
10617043
10617044
10617045
10617046
10617047
10617048
10617049
10617050
10617051
10617052
10617053
10617054
10617055
10617056
10617057
10617058
10617059
10617060
10617061
10617062
10617063
10617064
10617065
10617066
10617067
10617068
10617069
10617070
10617071
10617072
10617073
10617074
10617075
10617076
10617077
10617078
10617079
10617080
10617081
10617082
10617083
10617084
10617085
10617086
10617087
10617088
10617089
10617090
10617091
10617092
10617093
10617094
10617095
10617096
10617097
10617098
10617099
10617100
10617101
10617102
10617103
10617104
10617105
10617106
10617107
10617108
10617109
10617110
10617111
10617112
10617113
10617114
10617115
10617116
10617117
10617118
10617119
10617120
10617121
10617122
10617123
10617124
10617125
10617126
10617127
10617128
10617129
10617130
10617131
10617132
10617133
10617134
10617135
10617136
10617137
10617138
10617139
10617140
10617141
10617142
10617143
10617144
10617145
10617146
10617147
10617148
10617149
10617150
10617151
10617152
10617153
10617154
10617155
10617156
10617157
10617158
10617159
10617160
10617161
10617162
10617163
10617164
10617165
10617166
10617167
10617168
10617169
10617170
10617171
10617172
10617173
10617174
10617175
10617176
10617177
10617178
10617179
10617180
10617181
10617182
10617183
10617184
10617185
10617186
10617187
10617188
10617189
10617190
10617191
10617192
10617193
10617194
10617195
10617196
10617197
10617198
10617199
10617200
10617201
10617202
10617203
10617204
10617205
10617206
10617207
10617208
10617209
10617210
10617211
10617212
10617213
10617214
10617215
10617216
10617217
10617218
10617219
10617220
10617221
10617222
10617223
10617224
10617225
10617226
10617227
10617228
10617229
10617230
10617231
10617232
10617233
10617234
10617235
10617236
10617237
10617238
10617239
10617240
10617241
10617242
10617243
10617244
10617245
10617246
10617247
10617248
10617249
10617250
10617251
10617252
10617253
10617254
10617255
10617256
10617257
10617258
10617259
10617260
10617261
10617262
10617263
10617264
10617265
10617266
10617267
10617268
10617269
10617270
10617271
10617272
10617273
10617274
10617275
10617276
10617277
10617278
10617279
10617280
10617281
10617282
10617283
10617284
10617285
10617286
10617287
10617288
10617289
10617290
10617291
10617292
10617293
10617294
10617295
10617296
10617297
10617298
10617299
10617300
10617301
10617302
10617303
10617304
10617305
10617306
10617307
10617308
10617309
10617310
10617311
10617312
10617313
10617314
10617315
10617316
10617317
10617318
10617319
10617320
10617321
10617322
10617323
10617324
10617325
10617326
10617327
10617328
10617329
10617330
10617331
10617332
10617333
10617334
10617335
10617336
10617337
10617338
10617339
10617340
10617341
10617342
10617343
10617344
10617345
10617346
10617347
10617348
10617349
10617350
10617351
10617352
10617353
10617354
10617355
10617356
10617357
10617358
10617359
10617360
10617361
10617362
10617363
10617364
10617365
10617366
10617367
10617368
10617369
10617370
10617371
10617372
10617373
10617374
10617375
10617376
10617377
10617378
10617379
10617380
10617381
10617382
10617383
10617384
10617385
10617386
10617387
10617388
10617389
10617390
10617391
10617392
10617393
10617394
10617395
10617396
10617397
10617398
10617399
10617400
10617401
10617402
10617403
10617404
10617405
10617406
10617407
10617408
10617409
10617410
10617411
10617412
10617413
10617414
10617415
10617416
10617417
10617418
10617419
10617420
10617421
10617422
10617423
10617424
10617425
10617426
10617427
10617428
10617429
10617430
10617431
10617432
10617433
10617434
10617435
10617436
10617437
10617438
10617439
10617440
10617441
10617442
10617443
10617444
10617445
10617446
10617447
10617448
10617449
10617450
10617451
10617452
10617453
10617454
10617455
10617456
10617457
10617458
10617459
10617460
10617461
10617462
10617463
10617464
10617465
10617466
10617467
10617468
10617469
10617470
10617471
10617472
10617473
10617474
10617475
10617476
10617477
10617478
10617479
10617480
10617481
10617482
10617483
10617484
10617485
10617486
10617487
10617488
10617489
10617490
10617491
10617492
10617493
10617494
10617495
10617496
10617497
10617498
10617499
10617500
10617501
10617502
10617503
10617504
10617505
10617506
10617507
10617508
10617509
10617510
10617511
10617512
10617513
10617514
10617515
10617516
10617517
10617518
10617519
10617520
10617521
10617522
10617523
10617524
10617525
10617526
10617527
10617528
10617529
10617530
10617531
10617532
10617533
10617534
10617535
10617536
10617537
10617538
10617539
10617540
10617541
10617542
10617543
10617544
10617545
10617546
10617547
10617548
10617549
10617550
10617551
10617552
10617553
10617554
10617555
10617556
10617557
10617558
10617559
10617560
10617561
10617562
10617563
10617564
10617565
10617566
10617567
10617568
10617569
10617570
10617571
10617572
10617573
10617574
10617575
10617576
10617577
10617578
10617579
10617580
10617581
10617582
10617583
10617584
10617585
10617586
10617587
10617588
10617589
10617590
10617591
10617592
10617593
10617594
10617595
10617596
10617597
10617598
10617599
10617600
10617601
10617602
10617603
10617604
10617605
10617606
10617607
10617608
10617609
10617610
10617611
10617612
10617613
10617614
10617615
10617616
10617617
10617618
10617619
10617620
10617621
10617622
10617623
10617624
10617625
10617626
10617627
10617628
10617629
10617630
10617631
10617632
10617633
10617634
10617635
10617636
10617637
10617638
10617639
10617640
10617641
10617642
10617643
10617644
10617645
10617646
10617647
10617648
10617649
10617650
10617651
10617652
10617653
10617654
10617655
10617656
10617657
10617658
10617659
10617660
10617661
10617662
10617663
10617664
10617665
10617666
10617667
10617668
10617669
10617670
10617671
10617672
10617673
10617674
10617675
10617676
10617677
10617678
10617679
10617680
10617681
10617682
10617683
10617684
10617685
10617686
10617687
10617688
10617689
10617690
10617691
10617692
10617693
10617694
10617695
10617696
10617697
10617698
10617699
10617700
10617701
10617702
10617703
10617704
10617705
10617706
10617707
10617708
10617709
10617710
10617711
10617712
10617713
10617714
10617715
10617716
10617717
10617718
10617719
10617720
10617721
10617722
10617723
10617724
10617725
10617726
10617727
10617728
10617729
10617730
10617731
10617732
10617733
10617734
10617735
10617736
10617737
10617738
10617739
10617740
10617741
10617742
10617743
10617744
10617745
10617746
10617747
10617748
10617749
10617750
10617751
10617752
10617753
10617754
10617755
10617756
10617757
10617758
10617759
10617760
10617761
10617762
10617763
10617764
10617765
10617766
10617767
10617768
10617769
10617770
10617771
10617772
10617773
10617774
10617775
10617776
10617777
10617778
10617779
10617780
10617781
10617782
10617783
10617784
10617785
10617786
10617787
10617788
10617789
10617790
10617791
10617792
10617793
10617794
10617795
10617796
10617797
10617798
10617799
10617800
10617801
10617802
10617803
10617804
10617805
10617806
10617807
10617808
10617809
10617810
10617811
10617812
10617813
10617814
10617815
10617816
10617817
10617818
10617819
10617820
10617821
10617822
10617823
10617824
10617825
10617826
10617827
10617828
10617829
10617830
10617831
10617832
10617833
10617834
10617835
10617836
10617837
10617838
10617839
10617840
10617841
10617842
10617843
10617844
10617845
10617846
10617847
10617848
10617849
10617850
10617851
10617852
10617853
10617854
10617855
10617856
10617857
10617858
10617859
10617860
10617861
10617862
10617863
10617864
10617865
10617866
10617867
10617868
10617869
10617870
10617871
10617872
10617873
10617874
10617875
10617876
10617877
10617878
10617879
10617880
10617881
10617882
10617883
10617884
10617885
10617886
10617887
10617888
10617889
10617890
10617891
10617892
10617893
10617894
10617895
10617896
10617897
10617898
10617899
10617900
10617901
10617902
10617903
10617904
10617905
10617906
10617907
10617908
10617909
10617910
10617911
10617912
10617913
10617914
10617915
10617916
10617917
10617918
10617919
10617920
10617921
10617922
10617923
10617924
10617925
10617926
10617927
10617928
10617929
10617930
10617931
10617932
10617933
10617934
10617935
10617936
10617937
10617938
10617939
10617940
10617941
10617942
10617943
10617944
10617945
10617946
10617947
10617948
10617949
10617950
10617951
10617952
10617953
10617954
10617955
10617956
10617957
10617958
10617959
10617960
10617961
10617962
10617963
10617964
10617965
10617966
10617967
10617968
10617969
10617970
10617971
10617972
10617973
10617974
10617975
10617976
10617977
10617978
10617979
10617980
10617981
10617982
10617983
10617984
10617985
10617986
10617987
10617988
10617989
10617990
10617991
10617992
10617993
10617994
10617995
10617996
10617997
10617998
10617999
10618000
10618001
10618002
10618003
10618004
10618005
10618006
10618007
10618008
10618009
10618010
10618011
10618012
10618013
10618014
10618015
10618016
10618017
10618018
10618019
10618020
10618021
10618022
10618023
10618024
10618025
10618026
10618027
10618028
10618029
10618030
10618031
10618032
10618033
10618034
10618035
10618036
10618037
10618038
10618039
10618040
10618041
10618042
10618043
10618044
10618045
10618046
10618047
10618048
10618049
10618050
10618051
10618052
10618053
10618054
10618055
10618056
10618057
10618058
10618059
10618060
10618061
10618062
10618063
10618064
10618065
10618066
10618067
10618068
10618069
10618070
10618071
10618072
10618073
10618074
10618075
10618076
10618077
10618078
10618079
10618080
10618081
10618082
10618083
10618084
10618085
10618086
10618087
10618088
10618089
10618090
10618091
10618092
10618093
10618094
10618095
10618096
10618097
10618098
10618099
10618100
10618101
10618102
10618103
10618104
10618105
10618106
10618107
10618108
10618109
10618110
10618111
10618112
10618113
10618114
10618115
10618116
10618117
10618118
10618119
10618120
10618121
10618122
10618123
10618124
10618125
10618126
10618127
10618128
10618129
10618130
10618131
10618132
10618133
10618134
10618135
10618136
10618137
10618138
10618139
10618140
10618141
10618142
10618143
10618144
10618145
10618146
10618147
10618148
10618149
10618150
10618151
10618152
10618153
10618154
10618155
10618156
10618157
10618158
10618159
10618160
10618161
10618162
10618163
10618164
10618165
10618166
10618167
10618168
10618169
10618170
10618171
10618172
10618173
10618174
10618175
10618176
10618177
10618178
10618179
10618180
10618181
10618182
10618183
10618184
10618185
10618186
10618187
10618188
10618189
10618190
10618191
10618192
10618193
10618194
10618195
10618196
10618197
10618198
10618199
10618200
10618201
10618202
10618203
10618204
10618205
10618206
10618207
10618208
10618209
10618210
10618211
10618212
10618213
10618214
10618215
10618216
10618217
10618218
10618219
10618220
10618221
10618222
10618223
10618224
10618225
10618226
10618227
10618228
10618229
10618230
10618231
10618232
10618233
10618234
10618235
10618236
10618237
10618238
10618239
10618240
10618241
10618242
10618243
10618244
10618245
10618246
10618247
10618248
10618249
10618250
10618251
10618252
10618253
10618254
10618255
10618256
10618257
10618258
10618259
10618260
10618261
10618262
10618263
10618264
10618265
10618266
10618267
10618268
10618269
10618270
10618271
10618272
10618273
10618274
10618275
10618276
10618277
10618278
10618279
10618280
10618281
10618282
10618283
10618284
10618285
10618286
10618287
10618288
10618289
10618290
10618291
10618292
10618293
10618294
10618295
10618296
10618297
10618298
10618299
10618300
10618301
10618302
10618303
10618304
10618305
10618306
10618307
10618308
10618309
10618310
10618311
10618312
10618313
10618314
10618315
10618316
10618317
10618318
10618319
10618320
10618321
10618322
10618323
10618324
10618325
10618326
10618327
10618328
10618329
10618330
10618331
10618332
10618333
10618334
10618335
10618336
10618337
10618338
10618339
10618340
10618341
10618342
10618343
10618344
10618345
10618346
10618347
10618348
10618349
10618350
10618351
10618352
10618353
10618354
10618355
10618356
10618357
10618358
10618359
10618360
10618361
10618362
10618363
10618364
10618365
10618366
10618367
10618368
10618369
10618370
10618371
10618372
10618373
10618374
10618375
10618376
10618377
10618378
10618379
10618380
10618381
10618382
10618383
10618384
10618385
10618386
10618387
10618388
10618389
10618390
10618391
10618392
10618393
10618394
10618395
10618396
10618397
10618398
10618399
10618400
10618401
10618402
10618403
10618404
10618405
10618406
10618407
10618408
10618409
10618410
10618411
10618412
10618413
10618414
10618415
10618416
10618417
10618418
10618419
10618420
10618421
10618422
10618423
10618424
10618425
10618426
10618427
10618428
10618429
10618430
10618431
10618432
10618433
10618434
10618435
10618436
10618437
10618438
10618439
10618440
10618441
10618442
10618443
10618444
10618445
10618446
10618447
10618448
10618449
10618450
10618451
10618452
10618453
10618454
10618455
10618456
10618457
10618458
10618459
10618460
10618461
10618462
10618463
10618464
10618465
10618466
10618467
10618468
10618469
10618470
10618471
10618472
10618473
10618474
10618475
10618476
10618477
10618478
10618479
10618480
10618481
10618482
10618483
10618484
10618485
10618486
10618487
10618488
10618489
10618490
10618491
10618492
10618493
10618494
10618495
10618496
10618497
10618498
10618499
10618500
10618501
10618502
10618503
10618504
10618505
10618506
10618507
10618508
10618509
10618510
10618511
10618512
10618513
10618514
10618515
10618516
10618517
10618518
10618519
10618520
10618521
10618522
10618523
10618524
10618525
10618526
10618527
10618528
10618529
10618530
10618531
10618532
10618533
10618534
10618535
10618536
10618537
10618538
10618539
10618540
10618541
10618542
10618543
10618544
10618545
10618546
10618547
10618548
10618549
10618550
10618551
10618552
10618553
10618554
10618555
10618556
10618557
10618558
10618559
10618560
10618561
10618562
10618563
10618564
10618565
10618566
10618567
10618568
10618569
10618570
10618571
10618572
10618573
10618574
10618575
10618576
10618577
10618578
10618579
10618580
10618581
10618582
10618583
10618584
10618585
10618586
10618587
10618588
10618589
10618590
10618591
10618592
10618593
10618594
10618595
10618596
10618597
10618598
10618599
10618600
10618601
10618602
10618603
10618604
10618605
10618606
10618607
10618608
10618609
10618610
10618611
10618612
10618613
10618614
10618615
10618616
10618617
10618618
10618619
10618620
10618621
10618622
10618623
10618624
10618625
10618626
10618627
10618628
10618629
10618630
10618631
10618632
10618633
10618634
10618635
10618636
10618637
10618638
10618639
10618640
10618641
10618642
10618643
10618644
10618645
10618646
10618647
10618648
10618649
10618650
10618651
10618652
10618653
10618654
10618655
10618656
10618657
10618658
10618659
10618660
10618661
10618662
10618663
10618664
10618665
10618666
10618667
10618668
10618669
10618670
10618671
10618672
10618673
10618674
10618675
10618676
10618677
10618678
10618679
10618680
10618681
10618682
10618683
10618684
10618685
10618686
10618687
10618688
10618689
10618690
10618691
10618692
10618693
10618694
10618695
10618696
10618697
10618698
10618699
10618700
10618701
10618702
10618703
10618704
10618705
10618706
10618707
10618708
10618709
10618710
10618711
10618712
10618713
10618714
10618715
10618716
10618717
10618718
10618719
10618720
10618721
10618722
10618723
10618724
10618725
10618726
10618727
10618728
10618729
10618730
10618731
10618732
10618733
10618734
10618735
10618736
10618737
10618738
10618739
10618740
10618741
10618742
10618743
10618744
10618745
10618746
10618747
10618748
10618749
10618750
10618751
10618752
10618753
10618754
10618755
10618756
10618757
10618758
10618759
10618760
10618761
10618762
10618763
10618764
10618765
10618766
10618767
10618768
10618769
10618770
10618771
10618772
10618773
10618774
10618775
10618776
10618777
10618778
10618779
10618780
10618781
10618782
10618783
10618784
10618785
10618786
10618787
10618788
10618789
10618790
10618791
10618792
10618793
10618794
10618795
10618796
10618797
10618798
10618799
10618800
10618801
10618802
10618803
10618804
10618805
10618806
10618807
10618808
10618809
10618810
10618811
10618812
10618813
10618814
10618815
10618816
10618817
10618818
10618819
10618820
10618821
10618822
10618823
10618824
10618825
10618826
10618827
10618828
10618829
10618830
10618831
10618832
10618833
10618834
10618835
10618836
10618837
10618838
10618839
10618840
10618841
10618842
10618843
10618844
10618845
10618846
10618847
10618848
10618849
10618850
10618851
10618852
10618853
10618854
10618855
10618856
10618857
10618858
10618859
10618860
10618861
10618862
10618863
10618864
10618865
10618866
10618867
10618868
10618869
10618870
10618871
10618872
10618873
10618874
10618875
10618876
10618877
10618878
10618879
10618880
10618881
10618882
10618883
10618884
10618885
10618886
10618887
10618888
10618889
