12548890
12548891
12548892
12548893
12548894
12548895
12548896
12548897
12548898
12548899
12548900
12548901
12548902
12548903
12548904
12548905
12548906
12548907
12548908
12548909
12548910
12548911
12548912
12548913
12548914
12548915
12548916
12548917
12548918
12548919
12548920
12548921
12548922
12548923
12548924
12548925
12548926
12548927
12548928
12548929
12548930
12548931
12548932
12548933
12548934
12548935
12548936
12548937
12548938
12548939
12548940
12548941
12548942
12548943
12548944
12548945
12548946
12548947
12548948
12548949
12548950
12548951
12548952
12548953
12548954
12548955
12548956
12548957
12548958
12548959
12548960
12548961
12548962
12548963
12548964
12548965
12548966
12548967
12548968
12548969
12548970
12548971
12548972
12548973
12548974
12548975
12548976
12548977
12548978
12548979
12548980
12548981
12548982
12548983
12548984
12548985
12548986
12548987
12548988
12548989
12548990
12548991
12548992
12548993
12548994
12548995
12548996
12548997
12548998
12548999
12549000
12549001
12549002
12549003
12549004
12549005
12549006
12549007
12549008
12549009
12549010
12549011
12549012
12549013
12549014
12549015
12549016
12549017
12549018
12549019
12549020
12549021
12549022
12549023
12549024
12549025
12549026
12549027
12549028
12549029
12549030
12549031
12549032
12549033
12549034
12549035
12549036
12549037
12549038
12549039
12549040
12549041
12549042
12549043
12549044
12549045
12549046
12549047
12549048
12549049
12549050
12549051
12549052
12549053
12549054
12549055
12549056
12549057
12549058
12549059
12549060
12549061
12549062
12549063
12549064
12549065
12549066
12549067
12549068
12549069
12549070
12549071
12549072
12549073
12549074
12549075
12549076
12549077
12549078
12549079
12549080
12549081
12549082
12549083
12549084
12549085
12549086
12549087
12549088
12549089
12549090
12549091
12549092
12549093
12549094
12549095
12549096
12549097
12549098
12549099
12549100
12549101
12549102
12549103
12549104
12549105
12549106
12549107
12549108
12549109
12549110
12549111
12549112
12549113
12549114
12549115
12549116
12549117
12549118
12549119
12549120
12549121
12549122
12549123
12549124
12549125
12549126
12549127
12549128
12549129
12549130
12549131
12549132
12549133
12549134
12549135
12549136
12549137
12549138
12549139
12549140
12549141
12549142
12549143
12549144
12549145
12549146
12549147
12549148
12549149
12549150
12549151
12549152
12549153
12549154
12549155
12549156
12549157
12549158
12549159
12549160
12549161
12549162
12549163
12549164
12549165
12549166
12549167
12549168
12549169
12549170
12549171
12549172
12549173
12549174
12549175
12549176
12549177
12549178
12549179
12549180
12549181
12549182
12549183
12549184
12549185
12549186
12549187
12549188
12549189
12549190
12549191
12549192
12549193
12549194
12549195
12549196
12549197
12549198
12549199
12549200
12549201
12549202
12549203
12549204
12549205
12549206
12549207
12549208
12549209
12549210
12549211
12549212
12549213
12549214
12549215
12549216
12549217
12549218
12549219
12549220
12549221
12549222
12549223
12549224
12549225
12549226
12549227
12549228
12549229
12549230
12549231
12549232
12549233
12549234
12549235
12549236
12549237
12549238
12549239
12549240
12549241
12549242
12549243
12549244
12549245
12549246
12549247
12549248
12549249
12549250
12549251
12549252
12549253
12549254
12549255
12549256
12549257
12549258
12549259
12549260
12549261
12549262
12549263
12549264
12549265
12549266
12549267
12549268
12549269
12549270
12549271
12549272
12549273
12549274
12549275
12549276
12549277
12549278
12549279
12549280
12549281
12549282
12549283
12549284
12549285
12549286
12549287
12549288
12549289
12549290
12549291
12549292
12549293
12549294
12549295
12549296
12549297
12549298
12549299
12549300
12549301
12549302
12549303
12549304
12549305
12549306
12549307
12549308
12549309
12549310
12549311
12549312
12549313
12549314
12549315
12549316
12549317
12549318
12549319
12549320
12549321
12549322
12549323
12549324
12549325
12549326
12549327
12549328
12549329
12549330
12549331
12549332
12549333
12549334
12549335
12549336
12549337
12549338
12549339
12549340
12549341
12549342
12549343
12549344
12549345
12549346
12549347
12549348
12549349
12549350
12549351
12549352
12549353
12549354
12549355
12549356
12549357
12549358
12549359
12549360
12549361
12549362
12549363
12549364
12549365
12549366
12549367
12549368
12549369
12549370
12549371
12549372
12549373
12549374
12549375
12549376
12549377
12549378
12549379
12549380
12549381
12549382
12549383
12549384
12549385
12549386
12549387
12549388
12549389
12549390
12549391
12549392
12549393
12549394
12549395
12549396
12549397
12549398
12549399
12549400
12549401
12549402
12549403
12549404
12549405
12549406
12549407
12549408
12549409
12549410
12549411
12549412
12549413
12549414
12549415
12549416
12549417
12549418
12549419
12549420
12549421
12549422
12549423
12549424
12549425
12549426
12549427
12549428
12549429
12549430
12549431
12549432
12549433
12549434
12549435
12549436
12549437
12549438
12549439
12549440
12549441
12549442
12549443
12549444
12549445
12549446
12549447
12549448
12549449
12549450
12549451
12549452
12549453
12549454
12549455
12549456
12549457
12549458
12549459
12549460
12549461
12549462
12549463
12549464
12549465
12549466
12549467
12549468
12549469
12549470
12549471
12549472
12549473
12549474
12549475
12549476
12549477
12549478
12549479
12549480
12549481
12549482
12549483
12549484
12549485
12549486
12549487
12549488
12549489
12549490
12549491
12549492
12549493
12549494
12549495
12549496
12549497
12549498
12549499
12549500
12549501
12549502
12549503
12549504
12549505
12549506
12549507
12549508
12549509
12549510
12549511
12549512
12549513
12549514
12549515
12549516
12549517
12549518
12549519
12549520
12549521
12549522
12549523
12549524
12549525
12549526
12549527
12549528
12549529
12549530
12549531
12549532
12549533
12549534
12549535
12549536
12549537
12549538
12549539
12549540
12549541
12549542
12549543
12549544
12549545
12549546
12549547
12549548
12549549
12549550
12549551
12549552
12549553
12549554
12549555
12549556
12549557
12549558
12549559
12549560
12549561
12549562
12549563
12549564
12549565
12549566
12549567
12549568
12549569
12549570
12549571
12549572
12549573
12549574
12549575
12549576
12549577
12549578
12549579
12549580
12549581
12549582
12549583
12549584
12549585
12549586
12549587
12549588
12549589
12549590
12549591
12549592
12549593
12549594
12549595
12549596
12549597
12549598
12549599
12549600
12549601
12549602
12549603
12549604
12549605
12549606
12549607
12549608
12549609
12549610
12549611
12549612
12549613
12549614
12549615
12549616
12549617
12549618
12549619
12549620
12549621
12549622
12549623
12549624
12549625
12549626
12549627
12549628
12549629
12549630
12549631
12549632
12549633
12549634
12549635
12549636
12549637
12549638
12549639
12549640
12549641
12549642
12549643
12549644
12549645
12549646
12549647
12549648
12549649
12549650
12549651
12549652
12549653
12549654
12549655
12549656
12549657
12549658
12549659
12549660
12549661
12549662
12549663
12549664
12549665
12549666
12549667
12549668
12549669
12549670
12549671
12549672
12549673
12549674
12549675
12549676
12549677
12549678
12549679
12549680
12549681
12549682
12549683
12549684
12549685
12549686
12549687
12549688
12549689
12549690
12549691
12549692
12549693
12549694
12549695
12549696
12549697
12549698
12549699
12549700
12549701
12549702
12549703
12549704
12549705
12549706
12549707
12549708
12549709
12549710
12549711
12549712
12549713
12549714
12549715
12549716
12549717
12549718
12549719
12549720
12549721
12549722
12549723
12549724
12549725
12549726
12549727
12549728
12549729
12549730
12549731
12549732
12549733
12549734
12549735
12549736
12549737
12549738
12549739
12549740
12549741
12549742
12549743
12549744
12549745
12549746
12549747
12549748
12549749
12549750
12549751
12549752
12549753
12549754
12549755
12549756
12549757
12549758
12549759
12549760
12549761
12549762
12549763
12549764
12549765
12549766
12549767
12549768
12549769
12549770
12549771
12549772
12549773
12549774
12549775
12549776
12549777
12549778
12549779
12549780
12549781
12549782
12549783
12549784
12549785
12549786
12549787
12549788
12549789
12549790
12549791
12549792
12549793
12549794
12549795
12549796
12549797
12549798
12549799
12549800
12549801
12549802
12549803
12549804
12549805
12549806
12549807
12549808
12549809
12549810
12549811
12549812
12549813
12549814
12549815
12549816
12549817
12549818
12549819
12549820
12549821
12549822
12549823
12549824
12549825
12549826
12549827
12549828
12549829
12549830
12549831
12549832
12549833
12549834
12549835
12549836
12549837
12549838
12549839
12549840
12549841
12549842
12549843
12549844
12549845
12549846
12549847
12549848
12549849
12549850
12549851
12549852
12549853
12549854
12549855
12549856
12549857
12549858
12549859
12549860
12549861
12549862
12549863
12549864
12549865
12549866
12549867
12549868
12549869
12549870
12549871
12549872
12549873
12549874
12549875
12549876
12549877
12549878
12549879
12549880
12549881
12549882
12549883
12549884
12549885
12549886
12549887
12549888
12549889
12549890
12549891
12549892
12549893
12549894
12549895
12549896
12549897
12549898
12549899
12549900
12549901
12549902
12549903
12549904
12549905
12549906
12549907
12549908
12549909
12549910
12549911
12549912
12549913
12549914
12549915
12549916
12549917
12549918
12549919
12549920
12549921
12549922
12549923
12549924
12549925
12549926
12549927
12549928
12549929
12549930
12549931
12549932
12549933
12549934
12549935
12549936
12549937
12549938
12549939
12549940
12549941
12549942
12549943
12549944
12549945
12549946
12549947
12549948
12549949
12549950
12549951
12549952
12549953
12549954
12549955
12549956
12549957
12549958
12549959
12549960
12549961
12549962
12549963
12549964
12549965
12549966
12549967
12549968
12549969
12549970
12549971
12549972
12549973
12549974
12549975
12549976
12549977
12549978
12549979
12549980
12549981
12549982
12549983
12549984
12549985
12549986
12549987
12549988
12549989
12549990
12549991
12549992
12549993
12549994
12549995
12549996
12549997
12549998
12549999
12550000
12550001
12550002
12550003
12550004
12550005
12550006
12550007
12550008
12550009
12550010
12550011
12550012
12550013
12550014
12550015
12550016
12550017
12550018
12550019
12550020
12550021
12550022
12550023
12550024
12550025
12550026
12550027
12550028
12550029
12550030
12550031
12550032
12550033
12550034
12550035
12550036
12550037
12550038
12550039
12550040
12550041
12550042
12550043
12550044
12550045
12550046
12550047
12550048
12550049
12550050
12550051
12550052
12550053
12550054
12550055
12550056
12550057
12550058
12550059
12550060
12550061
12550062
12550063
12550064
12550065
12550066
12550067
12550068
12550069
12550070
12550071
12550072
12550073
12550074
12550075
12550076
12550077
12550078
12550079
12550080
12550081
12550082
12550083
12550084
12550085
12550086
12550087
12550088
12550089
12550090
12550091
12550092
12550093
12550094
12550095
12550096
12550097
12550098
12550099
12550100
12550101
12550102
12550103
12550104
12550105
12550106
12550107
12550108
12550109
12550110
12550111
12550112
12550113
12550114
12550115
12550116
12550117
12550118
12550119
12550120
12550121
12550122
12550123
12550124
12550125
12550126
12550127
12550128
12550129
12550130
12550131
12550132
12550133
12550134
12550135
12550136
12550137
12550138
12550139
12550140
12550141
12550142
12550143
12550144
12550145
12550146
12550147
12550148
12550149
12550150
12550151
12550152
12550153
12550154
12550155
12550156
12550157
12550158
12550159
12550160
12550161
12550162
12550163
12550164
12550165
12550166
12550167
12550168
12550169
12550170
12550171
12550172
12550173
12550174
12550175
12550176
12550177
12550178
12550179
12550180
12550181
12550182
12550183
12550184
12550185
12550186
12550187
12550188
12550189
12550190
12550191
12550192
12550193
12550194
12550195
12550196
12550197
12550198
12550199
12550200
12550201
12550202
12550203
12550204
12550205
12550206
12550207
12550208
12550209
12550210
12550211
12550212
12550213
12550214
12550215
12550216
12550217
12550218
12550219
12550220
12550221
12550222
12550223
12550224
12550225
12550226
12550227
12550228
12550229
12550230
12550231
12550232
12550233
12550234
12550235
12550236
12550237
12550238
12550239
12550240
12550241
12550242
12550243
12550244
12550245
12550246
12550247
12550248
12550249
12550250
12550251
12550252
12550253
12550254
12550255
12550256
12550257
12550258
12550259
12550260
12550261
12550262
12550263
12550264
12550265
12550266
12550267
12550268
12550269
12550270
12550271
12550272
12550273
12550274
12550275
12550276
12550277
12550278
12550279
12550280
12550281
12550282
12550283
12550284
12550285
12550286
12550287
12550288
12550289
12550290
12550291
12550292
12550293
12550294
12550295
12550296
12550297
12550298
12550299
12550300
12550301
12550302
12550303
12550304
12550305
12550306
12550307
12550308
12550309
12550310
12550311
12550312
12550313
12550314
12550315
12550316
12550317
12550318
12550319
12550320
12550321
12550322
12550323
12550324
12550325
12550326
12550327
12550328
12550329
12550330
12550331
12550332
12550333
12550334
12550335
12550336
12550337
12550338
12550339
12550340
12550341
12550342
12550343
12550344
12550345
12550346
12550347
12550348
12550349
12550350
12550351
12550352
12550353
12550354
12550355
12550356
12550357
12550358
12550359
12550360
12550361
12550362
12550363
12550364
12550365
12550366
12550367
12550368
12550369
12550370
12550371
12550372
12550373
12550374
12550375
12550376
12550377
12550378
12550379
12550380
12550381
12550382
12550383
12550384
12550385
12550386
12550387
12550388
12550389
12550390
12550391
12550392
12550393
12550394
12550395
12550396
12550397
12550398
12550399
12550400
12550401
12550402
12550403
12550404
12550405
12550406
12550407
12550408
12550409
12550410
12550411
12550412
12550413
12550414
12550415
12550416
12550417
12550418
12550419
12550420
12550421
12550422
12550423
12550424
12550425
12550426
12550427
12550428
12550429
12550430
12550431
12550432
12550433
12550434
12550435
12550436
12550437
12550438
12550439
12550440
12550441
12550442
12550443
12550444
12550445
12550446
12550447
12550448
12550449
12550450
12550451
12550452
12550453
12550454
12550455
12550456
12550457
12550458
12550459
12550460
12550461
12550462
12550463
12550464
12550465
12550466
12550467
12550468
12550469
12550470
12550471
12550472
12550473
12550474
12550475
12550476
12550477
12550478
12550479
12550480
12550481
12550482
12550483
12550484
12550485
12550486
12550487
12550488
12550489
12550490
12550491
12550492
12550493
12550494
12550495
12550496
12550497
12550498
12550499
12550500
12550501
12550502
12550503
12550504
12550505
12550506
12550507
12550508
12550509
12550510
12550511
12550512
12550513
12550514
12550515
12550516
12550517
12550518
12550519
12550520
12550521
12550522
12550523
12550524
12550525
12550526
12550527
12550528
12550529
12550530
12550531
12550532
12550533
12550534
12550535
12550536
12550537
12550538
12550539
12550540
12550541
12550542
12550543
12550544
12550545
12550546
12550547
12550548
12550549
12550550
12550551
12550552
12550553
12550554
12550555
12550556
12550557
12550558
12550559
12550560
12550561
12550562
12550563
12550564
12550565
12550566
12550567
12550568
12550569
12550570
12550571
12550572
12550573
12550574
12550575
12550576
12550577
12550578
12550579
12550580
12550581
12550582
12550583
12550584
12550585
12550586
12550587
12550588
12550589
12550590
12550591
12550592
12550593
12550594
12550595
12550596
12550597
12550598
12550599
12550600
12550601
12550602
12550603
12550604
12550605
12550606
12550607
12550608
12550609
12550610
12550611
12550612
12550613
12550614
12550615
12550616
12550617
12550618
12550619
12550620
12550621
12550622
12550623
12550624
12550625
12550626
12550627
12550628
12550629
12550630
12550631
12550632
12550633
12550634
12550635
12550636
12550637
12550638
12550639
12550640
12550641
12550642
12550643
12550644
12550645
12550646
12550647
12550648
12550649
12550650
12550651
12550652
12550653
12550654
12550655
12550656
12550657
12550658
12550659
12550660
12550661
12550662
12550663
12550664
12550665
12550666
12550667
12550668
12550669
12550670
12550671
12550672
12550673
12550674
12550675
12550676
12550677
12550678
12550679
12550680
12550681
12550682
12550683
12550684
12550685
12550686
12550687
12550688
12550689
12550690
12550691
12550692
12550693
12550694
12550695
12550696
12550697
12550698
12550699
12550700
12550701
12550702
12550703
12550704
12550705
12550706
12550707
12550708
12550709
12550710
12550711
12550712
12550713
12550714
12550715
12550716
12550717
12550718
12550719
12550720
12550721
12550722
12550723
12550724
12550725
12550726
12550727
12550728
12550729
12550730
12550731
12550732
12550733
12550734
12550735
12550736
12550737
12550738
12550739
12550740
12550741
12550742
12550743
12550744
12550745
12550746
12550747
12550748
12550749
12550750
12550751
12550752
12550753
12550754
12550755
12550756
12550757
12550758
12550759
12550760
12550761
12550762
12550763
12550764
12550765
12550766
12550767
12550768
12550769
12550770
12550771
12550772
12550773
12550774
12550775
12550776
12550777
12550778
12550779
12550780
12550781
12550782
12550783
12550784
12550785
12550786
12550787
12550788
12550789
12550790
12550791
12550792
12550793
12550794
12550795
12550796
12550797
12550798
12550799
12550800
12550801
12550802
12550803
12550804
12550805
12550806
12550807
12550808
12550809
12550810
12550811
12550812
12550813
12550814
12550815
12550816
12550817
12550818
12550819
12550820
12550821
12550822
12550823
12550824
12550825
12550826
12550827
12550828
12550829
12550830
12550831
12550832
12550833
12550834
12550835
12550836
12550837
12550838
12550839
12550840
12550841
12550842
12550843
12550844
12550845
12550846
12550847
12550848
12550849
12550850
12550851
12550852
12550853
12550854
12550855
12550856
12550857
12550858
12550859
12550860
12550861
12550862
12550863
12550864
12550865
12550866
12550867
12550868
12550869
12550870
12550871
12550872
12550873
12550874
12550875
12550876
12550877
12550878
12550879
12550880
12550881
12550882
12550883
12550884
12550885
12550886
12550887
12550888
12550889
12550890
12550891
12550892
12550893
12550894
12550895
12550896
12550897
12550898
12550899
12550900
12550901
12550902
12550903
12550904
12550905
12550906
12550907
12550908
12550909
12550910
12550911
12550912
12550913
12550914
12550915
12550916
12550917
12550918
12550919
12550920
12550921
12550922
12550923
12550924
12550925
12550926
12550927
12550928
12550929
12550930
12550931
12550932
12550933
12550934
12550935
12550936
12550937
12550938
12550939
12550940
12550941
12550942
12550943
12550944
12550945
12550946
12550947
12550948
12550949
12550950
12550951
12550952
12550953
12550954
12550955
12550956
12550957
12550958
12550959
12550960
12550961
12550962
12550963
12550964
12550965
12550966
12550967
12550968
12550969
12550970
12550971
12550972
12550973
12550974
12550975
12550976
12550977
12550978
12550979
12550980
12550981
12550982
12550983
12550984
12550985
12550986
12550987
12550988
12550989
12550990
12550991
12550992
12550993
12550994
12550995
12550996
12550997
12550998
12550999
12551000
12551001
12551002
12551003
12551004
12551005
12551006
12551007
12551008
12551009
12551010
12551011
12551012
12551013
12551014
12551015
12551016
12551017
12551018
12551019
12551020
12551021
12551022
12551023
12551024
12551025
12551026
12551027
12551028
12551029
12551030
12551031
12551032
12551033
12551034
12551035
12551036
12551037
12551038
12551039
12551040
12551041
12551042
12551043
12551044
12551045
12551046
12551047
12551048
12551049
12551050
12551051
12551052
12551053
12551054
12551055
12551056
12551057
12551058
12551059
12551060
12551061
12551062
12551063
12551064
12551065
12551066
12551067
12551068
12551069
12551070
12551071
12551072
12551073
12551074
12551075
12551076
12551077
12551078
12551079
12551080
12551081
12551082
12551083
12551084
12551085
12551086
12551087
12551088
12551089
12551090
12551091
12551092
12551093
12551094
12551095
12551096
12551097
12551098
12551099
12551100
12551101
12551102
12551103
12551104
12551105
12551106
12551107
12551108
12551109
12551110
12551111
12551112
12551113
12551114
12551115
12551116
12551117
12551118
12551119
12551120
12551121
12551122
12551123
12551124
12551125
12551126
12551127
12551128
12551129
12551130
12551131
12551132
12551133
12551134
12551135
12551136
12551137
12551138
12551139
12551140
12551141
12551142
12551143
12551144
12551145
12551146
12551147
12551148
12551149
12551150
12551151
12551152
12551153
12551154
12551155
12551156
12551157
12551158
12551159
12551160
12551161
12551162
12551163
12551164
12551165
12551166
12551167
12551168
12551169
12551170
12551171
12551172
12551173
12551174
12551175
12551176
12551177
12551178
12551179
12551180
12551181
12551182
12551183
12551184
12551185
12551186
12551187
12551188
12551189
12551190
12551191
12551192
12551193
12551194
12551195
12551196
12551197
12551198
12551199
12551200
12551201
12551202
12551203
12551204
12551205
12551206
12551207
12551208
12551209
12551210
12551211
12551212
12551213
12551214
12551215
12551216
12551217
12551218
12551219
12551220
12551221
12551222
12551223
12551224
12551225
12551226
12551227
12551228
12551229
12551230
12551231
12551232
12551233
12551234
12551235
12551236
12551237
12551238
12551239
12551240
12551241
12551242
12551243
12551244
12551245
12551246
12551247
12551248
12551249
12551250
12551251
12551252
12551253
12551254
12551255
12551256
12551257
12551258
12551259
12551260
12551261
12551262
12551263
12551264
12551265
12551266
12551267
12551268
12551269
12551270
12551271
12551272
12551273
12551274
12551275
12551276
12551277
12551278
12551279
12551280
12551281
12551282
12551283
12551284
12551285
12551286
12551287
12551288
12551289
12551290
12551291
12551292
12551293
12551294
12551295
12551296
12551297
12551298
12551299
12551300
12551301
12551302
12551303
12551304
12551305
12551306
12551307
12551308
12551309
12551310
12551311
12551312
12551313
12551314
12551315
12551316
12551317
12551318
12551319
12551320
12551321
12551322
12551323
12551324
12551325
12551326
12551327
12551328
12551329
12551330
12551331
12551332
12551333
12551334
12551335
12551336
12551337
12551338
12551339
12551340
12551341
12551342
12551343
12551344
12551345
12551346
12551347
12551348
12551349
12551350
12551351
12551352
12551353
12551354
12551355
12551356
12551357
12551358
12551359
12551360
12551361
12551362
12551363
12551364
12551365
12551366
12551367
12551368
12551369
12551370
12551371
12551372
12551373
12551374
12551375
12551376
12551377
12551378
12551379
12551380
12551381
12551382
12551383
12551384
12551385
12551386
12551387
12551388
12551389
12551390
12551391
12551392
12551393
12551394
12551395
12551396
12551397
12551398
12551399
12551400
12551401
12551402
12551403
12551404
12551405
12551406
12551407
12551408
12551409
12551410
12551411
12551412
12551413
12551414
12551415
12551416
12551417
12551418
12551419
12551420
12551421
12551422
12551423
12551424
12551425
12551426
12551427
12551428
12551429
12551430
12551431
12551432
12551433
12551434
12551435
12551436
12551437
12551438
12551439
12551440
12551441
12551442
12551443
12551444
12551445
12551446
12551447
12551448
12551449
12551450
12551451
12551452
12551453
12551454
12551455
12551456
12551457
12551458
12551459
12551460
12551461
12551462
12551463
12551464
12551465
12551466
12551467
12551468
12551469
12551470
12551471
12551472
12551473
12551474
12551475
12551476
12551477
12551478
12551479
12551480
12551481
12551482
12551483
12551484
12551485
12551486
12551487
12551488
12551489
12551490
12551491
12551492
12551493
12551494
12551495
12551496
12551497
12551498
12551499
12551500
12551501
12551502
12551503
12551504
12551505
12551506
12551507
12551508
12551509
12551510
12551511
12551512
12551513
12551514
12551515
12551516
12551517
12551518
12551519
12551520
12551521
12551522
12551523
12551524
12551525
12551526
12551527
12551528
12551529
12551530
12551531
12551532
12551533
12551534
12551535
12551536
12551537
12551538
12551539
12551540
12551541
12551542
12551543
12551544
12551545
12551546
12551547
12551548
12551549
12551550
12551551
12551552
12551553
12551554
12551555
12551556
12551557
12551558
12551559
12551560
12551561
12551562
12551563
12551564
12551565
12551566
12551567
12551568
12551569
12551570
12551571
12551572
12551573
12551574
12551575
12551576
12551577
12551578
12551579
12551580
12551581
12551582
12551583
12551584
12551585
12551586
12551587
12551588
12551589
12551590
12551591
12551592
12551593
12551594
12551595
12551596
12551597
12551598
12551599
12551600
12551601
12551602
12551603
12551604
12551605
12551606
12551607
12551608
12551609
12551610
12551611
12551612
12551613
12551614
12551615
12551616
12551617
12551618
12551619
12551620
12551621
12551622
12551623
12551624
12551625
12551626
12551627
12551628
12551629
12551630
12551631
12551632
12551633
12551634
12551635
12551636
12551637
12551638
12551639
12551640
12551641
12551642
12551643
12551644
12551645
12551646
12551647
12551648
12551649
12551650
12551651
12551652
12551653
12551654
12551655
12551656
12551657
12551658
12551659
12551660
12551661
12551662
12551663
12551664
12551665
12551666
12551667
12551668
12551669
12551670
12551671
12551672
12551673
12551674
12551675
12551676
12551677
12551678
12551679
12551680
12551681
12551682
12551683
12551684
12551685
12551686
12551687
12551688
12551689
12551690
12551691
12551692
12551693
12551694
12551695
12551696
12551697
12551698
12551699
12551700
12551701
12551702
12551703
12551704
12551705
12551706
12551707
12551708
12551709
12551710
12551711
12551712
12551713
12551714
12551715
12551716
12551717
12551718
12551719
12551720
12551721
12551722
12551723
12551724
12551725
12551726
12551727
12551728
12551729
12551730
12551731
12551732
12551733
12551734
12551735
12551736
12551737
12551738
12551739
12551740
12551741
12551742
12551743
12551744
12551745
12551746
12551747
12551748
12551749
12551750
12551751
12551752
12551753
12551754
12551755
12551756
12551757
12551758
12551759
12551760
12551761
12551762
12551763
12551764
12551765
12551766
12551767
12551768
12551769
12551770
12551771
12551772
12551773
12551774
12551775
12551776
12551777
12551778
12551779
12551780
12551781
12551782
12551783
12551784
12551785
12551786
12551787
12551788
12551789
12551790
12551791
12551792
12551793
12551794
12551795
12551796
12551797
12551798
12551799
12551800
12551801
12551802
12551803
12551804
12551805
12551806
12551807
12551808
12551809
12551810
12551811
12551812
12551813
12551814
12551815
12551816
12551817
12551818
12551819
12551820
12551821
12551822
12551823
12551824
12551825
12551826
12551827
12551828
12551829
12551830
12551831
12551832
12551833
12551834
12551835
12551836
12551837
12551838
12551839
12551840
12551841
12551842
12551843
12551844
12551845
12551846
12551847
12551848
12551849
12551850
12551851
12551852
12551853
12551854
12551855
12551856
12551857
12551858
12551859
12551860
12551861
12551862
12551863
12551864
12551865
12551866
12551867
12551868
12551869
12551870
12551871
12551872
12551873
12551874
12551875
12551876
12551877
12551878
12551879
12551880
12551881
12551882
12551883
12551884
12551885
12551886
12551887
12551888
12551889
12551890
12551891
12551892
12551893
12551894
12551895
12551896
12551897
12551898
12551899
12551900
12551901
12551902
12551903
12551904
12551905
12551906
12551907
12551908
12551909
12551910
12551911
12551912
12551913
12551914
12551915
12551916
12551917
12551918
12551919
12551920
12551921
12551922
12551923
12551924
12551925
12551926
12551927
12551928
12551929
12551930
12551931
12551932
12551933
12551934
12551935
12551936
12551937
12551938
12551939
12551940
12551941
12551942
12551943
12551944
12551945
12551946
12551947
12551948
12551949
12551950
12551951
12551952
12551953
12551954
12551955
12551956
12551957
12551958
12551959
12551960
12551961
12551962
12551963
12551964
12551965
12551966
12551967
12551968
12551969
12551970
12551971
12551972
12551973
12551974
12551975
12551976
12551977
12551978
12551979
12551980
12551981
12551982
12551983
12551984
12551985
12551986
12551987
12551988
12551989
12551990
12551991
12551992
12551993
12551994
12551995
12551996
12551997
12551998
12551999
12552000
12552001
12552002
12552003
12552004
12552005
12552006
12552007
12552008
12552009
12552010
12552011
12552012
12552013
12552014
12552015
12552016
12552017
12552018
12552019
12552020
12552021
12552022
12552023
12552024
12552025
12552026
12552027
12552028
12552029
12552030
12552031
12552032
12552033
12552034
12552035
12552036
12552037
12552038
12552039
12552040
12552041
12552042
12552043
12552044
12552045
12552046
12552047
12552048
12552049
12552050
12552051
12552052
12552053
12552054
12552055
12552056
12552057
12552058
12552059
12552060
12552061
12552062
12552063
12552064
12552065
12552066
12552067
12552068
12552069
12552070
12552071
12552072
12552073
12552074
12552075
12552076
12552077
12552078
12552079
12552080
12552081
12552082
12552083
12552084
12552085
12552086
12552087
12552088
12552089
12552090
12552091
12552092
12552093
12552094
12552095
12552096
12552097
12552098
12552099
12552100
12552101
12552102
12552103
12552104
12552105
12552106
12552107
12552108
12552109
12552110
12552111
12552112
12552113
12552114
12552115
12552116
12552117
12552118
12552119
12552120
12552121
12552122
12552123
12552124
12552125
12552126
12552127
12552128
12552129
12552130
12552131
12552132
12552133
12552134
12552135
12552136
12552137
12552138
12552139
12552140
12552141
12552142
12552143
12552144
12552145
12552146
12552147
12552148
12552149
12552150
12552151
12552152
12552153
12552154
12552155
12552156
12552157
12552158
12552159
12552160
12552161
12552162
12552163
12552164
12552165
12552166
12552167
12552168
12552169
12552170
12552171
12552172
12552173
12552174
12552175
12552176
12552177
12552178
12552179
12552180
12552181
12552182
12552183
12552184
12552185
12552186
12552187
12552188
12552189
12552190
12552191
12552192
12552193
12552194
12552195
12552196
12552197
12552198
12552199
12552200
12552201
12552202
12552203
12552204
12552205
12552206
12552207
12552208
12552209
12552210
12552211
12552212
12552213
12552214
12552215
12552216
12552217
12552218
12552219
12552220
12552221
12552222
12552223
12552224
12552225
12552226
12552227
12552228
12552229
12552230
12552231
12552232
12552233
12552234
12552235
12552236
12552237
12552238
12552239
12552240
12552241
12552242
12552243
12552244
12552245
12552246
12552247
12552248
12552249
12552250
12552251
12552252
12552253
12552254
12552255
12552256
12552257
12552258
12552259
12552260
12552261
12552262
12552263
12552264
12552265
12552266
12552267
12552268
12552269
12552270
12552271
12552272
12552273
12552274
12552275
12552276
12552277
12552278
12552279
12552280
12552281
12552282
12552283
12552284
12552285
12552286
12552287
12552288
12552289
12552290
12552291
12552292
12552293
12552294
12552295
12552296
12552297
12552298
12552299
12552300
12552301
12552302
12552303
12552304
12552305
12552306
12552307
12552308
12552309
12552310
12552311
12552312
12552313
12552314
12552315
12552316
12552317
12552318
12552319
12552320
12552321
12552322
12552323
12552324
12552325
12552326
12552327
12552328
12552329
12552330
12552331
12552332
12552333
12552334
12552335
12552336
12552337
12552338
12552339
12552340
12552341
12552342
12552343
12552344
12552345
12552346
12552347
12552348
12552349
12552350
12552351
12552352
12552353
12552354
12552355
12552356
12552357
12552358
12552359
12552360
12552361
12552362
12552363
12552364
12552365
12552366
12552367
12552368
12552369
12552370
12552371
12552372
12552373
12552374
12552375
12552376
12552377
12552378
12552379
12552380
12552381
12552382
12552383
12552384
12552385
12552386
12552387
12552388
12552389
12552390
12552391
12552392
12552393
12552394
12552395
12552396
12552397
12552398
12552399
12552400
12552401
12552402
12552403
12552404
12552405
12552406
12552407
12552408
12552409
12552410
12552411
12552412
12552413
12552414
12552415
12552416
12552417
12552418
12552419
12552420
12552421
12552422
12552423
12552424
12552425
12552426
12552427
12552428
12552429
12552430
12552431
12552432
12552433
12552434
12552435
12552436
12552437
12552438
12552439
12552440
12552441
12552442
12552443
12552444
12552445
12552446
12552447
12552448
12552449
12552450
12552451
12552452
12552453
12552454
12552455
12552456
12552457
12552458
12552459
12552460
12552461
12552462
12552463
12552464
12552465
12552466
12552467
12552468
12552469
12552470
12552471
12552472
12552473
12552474
12552475
12552476
12552477
12552478
12552479
12552480
12552481
12552482
12552483
12552484
12552485
12552486
12552487
12552488
12552489
12552490
12552491
12552492
12552493
12552494
12552495
12552496
12552497
12552498
12552499
12552500
12552501
12552502
12552503
12552504
12552505
12552506
12552507
12552508
12552509
12552510
12552511
12552512
12552513
12552514
12552515
12552516
12552517
12552518
12552519
12552520
12552521
12552522
12552523
12552524
12552525
12552526
12552527
12552528
12552529
12552530
12552531
12552532
12552533
12552534
12552535
12552536
12552537
12552538
12552539
12552540
12552541
12552542
12552543
12552544
12552545
12552546
12552547
12552548
12552549
12552550
12552551
12552552
12552553
12552554
12552555
12552556
12552557
12552558
12552559
12552560
12552561
12552562
12552563
12552564
12552565
12552566
12552567
12552568
12552569
12552570
12552571
12552572
12552573
12552574
12552575
12552576
12552577
12552578
12552579
12552580
12552581
12552582
12552583
12552584
12552585
12552586
12552587
12552588
12552589
12552590
12552591
12552592
12552593
12552594
12552595
12552596
12552597
12552598
12552599
12552600
12552601
12552602
12552603
12552604
12552605
12552606
12552607
12552608
12552609
12552610
12552611
12552612
12552613
12552614
12552615
12552616
12552617
12552618
12552619
12552620
12552621
12552622
12552623
12552624
12552625
12552626
12552627
12552628
12552629
12552630
12552631
12552632
12552633
12552634
12552635
12552636
12552637
12552638
12552639
12552640
12552641
12552642
12552643
12552644
12552645
12552646
12552647
12552648
12552649
12552650
12552651
12552652
12552653
12552654
12552655
12552656
12552657
12552658
12552659
12552660
12552661
12552662
12552663
12552664
12552665
12552666
12552667
12552668
12552669
12552670
12552671
12552672
12552673
12552674
12552675
12552676
12552677
12552678
12552679
12552680
12552681
12552682
12552683
12552684
12552685
12552686
12552687
12552688
12552689
12552690
12552691
12552692
12552693
12552694
12552695
12552696
12552697
12552698
12552699
12552700
12552701
12552702
12552703
12552704
12552705
12552706
12552707
12552708
12552709
12552710
12552711
12552712
12552713
12552714
12552715
12552716
12552717
12552718
12552719
12552720
12552721
12552722
12552723
12552724
12552725
12552726
12552727
12552728
12552729
12552730
12552731
12552732
12552733
12552734
12552735
12552736
12552737
12552738
12552739
12552740
12552741
12552742
12552743
12552744
12552745
12552746
12552747
12552748
12552749
12552750
12552751
12552752
12552753
12552754
12552755
12552756
12552757
12552758
12552759
12552760
12552761
12552762
12552763
12552764
12552765
12552766
12552767
12552768
12552769
12552770
12552771
12552772
12552773
12552774
12552775
12552776
12552777
12552778
12552779
12552780
12552781
12552782
12552783
12552784
12552785
12552786
12552787
12552788
12552789
12552790
12552791
12552792
12552793
12552794
12552795
12552796
12552797
12552798
12552799
12552800
12552801
12552802
12552803
12552804
12552805
12552806
12552807
12552808
12552809
12552810
12552811
12552812
12552813
12552814
12552815
12552816
12552817
12552818
12552819
12552820
12552821
12552822
12552823
12552824
12552825
12552826
12552827
12552828
12552829
12552830
12552831
12552832
12552833
12552834
12552835
12552836
12552837
12552838
12552839
12552840
12552841
12552842
12552843
12552844
12552845
12552846
12552847
12552848
12552849
12552850
12552851
12552852
12552853
12552854
12552855
12552856
12552857
12552858
12552859
12552860
12552861
12552862
12552863
12552864
12552865
12552866
12552867
12552868
12552869
12552870
12552871
12552872
12552873
12552874
12552875
12552876
12552877
12552878
12552879
12552880
12552881
12552882
12552883
12552884
12552885
12552886
12552887
12552888
12552889
12552890
12552891
12552892
12552893
12552894
12552895
12552896
12552897
12552898
12552899
12552900
12552901
12552902
12552903
12552904
12552905
12552906
12552907
12552908
12552909
12552910
12552911
12552912
12552913
12552914
12552915
12552916
12552917
12552918
12552919
12552920
12552921
12552922
12552923
12552924
12552925
12552926
12552927
12552928
12552929
12552930
12552931
12552932
12552933
12552934
12552935
12552936
12552937
12552938
12552939
12552940
12552941
12552942
12552943
12552944
12552945
12552946
12552947
12552948
12552949
12552950
12552951
12552952
12552953
12552954
12552955
12552956
12552957
12552958
12552959
12552960
12552961
12552962
12552963
12552964
12552965
12552966
12552967
12552968
12552969
12552970
12552971
12552972
12552973
12552974
12552975
12552976
12552977
12552978
12552979
12552980
12552981
12552982
12552983
12552984
12552985
12552986
12552987
12552988
12552989
12552990
12552991
12552992
12552993
12552994
12552995
12552996
12552997
12552998
12552999
12553000
12553001
12553002
12553003
12553004
12553005
12553006
12553007
12553008
12553009
12553010
12553011
12553012
12553013
12553014
12553015
12553016
12553017
12553018
12553019
12553020
12553021
12553022
12553023
12553024
12553025
12553026
12553027
12553028
12553029
12553030
12553031
12553032
12553033
12553034
12553035
12553036
12553037
12553038
12553039
12553040
12553041
12553042
12553043
12553044
12553045
12553046
12553047
12553048
12553049
12553050
12553051
12553052
12553053
12553054
12553055
12553056
12553057
12553058
12553059
12553060
12553061
12553062
12553063
12553064
12553065
12553066
12553067
12553068
12553069
12553070
12553071
12553072
12553073
12553074
12553075
12553076
12553077
12553078
12553079
12553080
12553081
12553082
12553083
12553084
12553085
12553086
12553087
12553088
12553089
12553090
12553091
12553092
12553093
12553094
12553095
12553096
12553097
12553098
12553099
12553100
12553101
12553102
12553103
12553104
12553105
12553106
12553107
12553108
12553109
12553110
12553111
12553112
12553113
12553114
12553115
12553116
12553117
12553118
12553119
12553120
12553121
12553122
12553123
12553124
12553125
12553126
12553127
12553128
12553129
12553130
12553131
12553132
12553133
12553134
12553135
12553136
12553137
12553138
12553139
12553140
12553141
12553142
12553143
12553144
12553145
12553146
12553147
12553148
12553149
12553150
12553151
12553152
12553153
12553154
12553155
12553156
12553157
12553158
12553159
12553160
12553161
12553162
12553163
12553164
12553165
12553166
12553167
12553168
12553169
12553170
12553171
12553172
12553173
12553174
12553175
12553176
12553177
12553178
12553179
12553180
12553181
12553182
12553183
12553184
12553185
12553186
12553187
12553188
12553189
12553190
12553191
12553192
12553193
12553194
12553195
12553196
12553197
12553198
12553199
12553200
12553201
12553202
12553203
12553204
12553205
12553206
12553207
12553208
12553209
12553210
12553211
12553212
12553213
12553214
12553215
12553216
12553217
12553218
12553219
12553220
12553221
12553222
12553223
12553224
12553225
12553226
12553227
12553228
12553229
12553230
12553231
12553232
12553233
12553234
12553235
12553236
12553237
12553238
12553239
12553240
12553241
12553242
12553243
12553244
12553245
12553246
12553247
12553248
12553249
12553250
12553251
12553252
12553253
12553254
12553255
12553256
12553257
12553258
12553259
12553260
12553261
12553262
12553263
12553264
12553265
12553266
12553267
12553268
12553269
12553270
12553271
12553272
12553273
12553274
12553275
12553276
12553277
12553278
12553279
12553280
12553281
12553282
12553283
12553284
12553285
12553286
12553287
12553288
12553289
12553290
12553291
12553292
12553293
12553294
12553295
12553296
12553297
12553298
12553299
12553300
12553301
12553302
12553303
12553304
12553305
12553306
12553307
12553308
12553309
12553310
12553311
12553312
12553313
12553314
12553315
12553316
12553317
12553318
12553319
12553320
12553321
12553322
12553323
12553324
12553325
12553326
12553327
12553328
12553329
12553330
12553331
12553332
12553333
12553334
12553335
12553336
12553337
12553338
12553339
12553340
12553341
12553342
12553343
12553344
12553345
12553346
12553347
12553348
12553349
12553350
12553351
12553352
12553353
12553354
12553355
12553356
12553357
12553358
12553359
12553360
12553361
12553362
12553363
12553364
12553365
12553366
12553367
12553368
12553369
12553370
12553371
12553372
12553373
12553374
12553375
12553376
12553377
12553378
12553379
12553380
12553381
12553382
12553383
12553384
12553385
12553386
12553387
12553388
12553389
12553390
12553391
12553392
12553393
12553394
12553395
12553396
12553397
12553398
12553399
12553400
12553401
12553402
12553403
12553404
12553405
12553406
12553407
12553408
12553409
12553410
12553411
12553412
12553413
12553414
12553415
12553416
12553417
12553418
12553419
12553420
12553421
12553422
12553423
12553424
12553425
12553426
12553427
12553428
12553429
12553430
12553431
12553432
12553433
12553434
12553435
12553436
12553437
12553438
12553439
12553440
12553441
12553442
12553443
12553444
12553445
12553446
12553447
12553448
12553449
12553450
12553451
12553452
12553453
12553454
12553455
12553456
12553457
12553458
12553459
12553460
12553461
12553462
12553463
12553464
12553465
12553466
12553467
12553468
12553469
12553470
12553471
12553472
12553473
12553474
12553475
12553476
12553477
12553478
12553479
12553480
12553481
12553482
12553483
12553484
12553485
12553486
12553487
12553488
12553489
12553490
12553491
12553492
12553493
12553494
12553495
12553496
12553497
12553498
12553499
12553500
12553501
12553502
12553503
12553504
12553505
12553506
12553507
12553508
12553509
12553510
12553511
12553512
12553513
12553514
12553515
12553516
12553517
12553518
12553519
12553520
12553521
12553522
12553523
12553524
12553525
12553526
12553527
12553528
12553529
12553530
12553531
12553532
12553533
12553534
12553535
12553536
12553537
12553538
12553539
12553540
12553541
12553542
12553543
12553544
12553545
12553546
12553547
12553548
12553549
12553550
12553551
12553552
12553553
12553554
12553555
12553556
12553557
12553558
12553559
12553560
12553561
12553562
12553563
12553564
12553565
12553566
12553567
12553568
12553569
12553570
12553571
12553572
12553573
12553574
12553575
12553576
12553577
12553578
12553579
12553580
12553581
12553582
12553583
12553584
12553585
12553586
12553587
12553588
12553589
12553590
12553591
12553592
12553593
12553594
12553595
12553596
12553597
12553598
12553599
12553600
12553601
12553602
12553603
12553604
12553605
12553606
12553607
12553608
12553609
12553610
12553611
12553612
12553613
12553614
12553615
12553616
12553617
12553618
12553619
12553620
12553621
12553622
12553623
12553624
12553625
12553626
12553627
12553628
12553629
12553630
12553631
12553632
12553633
12553634
12553635
12553636
12553637
12553638
12553639
12553640
12553641
12553642
12553643
12553644
12553645
12553646
12553647
12553648
12553649
12553650
12553651
12553652
12553653
12553654
12553655
12553656
12553657
12553658
12553659
12553660
12553661
12553662
12553663
12553664
12553665
12553666
12553667
12553668
12553669
12553670
12553671
12553672
12553673
12553674
12553675
12553676
12553677
12553678
12553679
12553680
12553681
12553682
12553683
12553684
12553685
12553686
12553687
12553688
12553689
12553690
12553691
12553692
12553693
12553694
12553695
12553696
12553697
12553698
12553699
12553700
12553701
12553702
12553703
12553704
12553705
12553706
12553707
12553708
12553709
12553710
12553711
12553712
12553713
12553714
12553715
12553716
12553717
12553718
12553719
12553720
12553721
12553722
12553723
12553724
12553725
12553726
12553727
12553728
12553729
12553730
12553731
12553732
12553733
12553734
12553735
12553736
12553737
12553738
12553739
12553740
12553741
12553742
12553743
12553744
12553745
12553746
12553747
12553748
12553749
12553750
12553751
12553752
12553753
12553754
12553755
12553756
12553757
12553758
12553759
12553760
12553761
12553762
12553763
12553764
12553765
12553766
12553767
12553768
12553769
12553770
12553771
12553772
12553773
12553774
12553775
12553776
12553777
12553778
12553779
12553780
12553781
12553782
12553783
12553784
12553785
12553786
12553787
12553788
12553789
12553790
12553791
12553792
12553793
12553794
12553795
12553796
12553797
12553798
12553799
12553800
12553801
12553802
12553803
12553804
12553805
12553806
12553807
12553808
12553809
12553810
12553811
12553812
12553813
12553814
12553815
12553816
12553817
12553818
12553819
12553820
12553821
12553822
12553823
12553824
12553825
12553826
12553827
12553828
12553829
12553830
12553831
12553832
12553833
12553834
12553835
12553836
12553837
12553838
12553839
12553840
12553841
12553842
12553843
12553844
12553845
12553846
12553847
12553848
12553849
12553850
12553851
12553852
12553853
12553854
12553855
12553856
12553857
12553858
12553859
12553860
12553861
12553862
12553863
12553864
12553865
12553866
12553867
12553868
12553869
12553870
12553871
12553872
12553873
12553874
12553875
12553876
12553877
12553878
12553879
12553880
12553881
12553882
12553883
12553884
12553885
12553886
12553887
12553888
12553889
12553890
12553891
12553892
12553893
12553894
12553895
12553896
12553897
12553898
12553899
12553900
12553901
12553902
12553903
12553904
12553905
12553906
12553907
12553908
12553909
12553910
12553911
12553912
12553913
12553914
12553915
12553916
12553917
12553918
12553919
12553920
12553921
12553922
12553923
12553924
12553925
12553926
12553927
12553928
12553929
12553930
12553931
12553932
12553933
12553934
12553935
12553936
12553937
12553938
12553939
12553940
12553941
12553942
12553943
12553944
12553945
12553946
12553947
12553948
12553949
12553950
12553951
12553952
12553953
12553954
12553955
12553956
12553957
12553958
12553959
12553960
12553961
12553962
12553963
12553964
12553965
12553966
12553967
12553968
12553969
12553970
12553971
12553972
12553973
12553974
12553975
12553976
12553977
12553978
12553979
12553980
12553981
12553982
12553983
12553984
12553985
12553986
12553987
12553988
12553989
12553990
12553991
12553992
12553993
12553994
12553995
12553996
12553997
12553998
12553999
12554000
12554001
12554002
12554003
12554004
12554005
12554006
12554007
12554008
12554009
12554010
12554011
12554012
12554013
12554014
12554015
12554016
12554017
12554018
12554019
12554020
12554021
12554022
12554023
12554024
12554025
12554026
12554027
12554028
12554029
12554030
12554031
12554032
12554033
12554034
12554035
12554036
12554037
12554038
12554039
12554040
12554041
12554042
12554043
12554044
12554045
12554046
12554047
12554048
12554049
12554050
12554051
12554052
12554053
12554054
12554055
12554056
12554057
12554058
12554059
12554060
12554061
12554062
12554063
12554064
12554065
12554066
12554067
12554068
12554069
12554070
12554071
12554072
12554073
12554074
12554075
12554076
12554077
12554078
12554079
12554080
12554081
12554082
12554083
12554084
12554085
12554086
12554087
12554088
12554089
12554090
12554091
12554092
12554093
12554094
12554095
12554096
12554097
12554098
12554099
12554100
12554101
12554102
12554103
12554104
12554105
12554106
12554107
12554108
12554109
12554110
12554111
12554112
12554113
12554114
12554115
12554116
12554117
12554118
12554119
12554120
12554121
12554122
12554123
12554124
12554125
12554126
12554127
12554128
12554129
12554130
12554131
12554132
12554133
12554134
12554135
12554136
12554137
12554138
12554139
12554140
12554141
12554142
12554143
12554144
12554145
12554146
12554147
12554148
12554149
12554150
12554151
12554152
12554153
12554154
12554155
12554156
12554157
12554158
12554159
12554160
12554161
12554162
12554163
12554164
12554165
12554166
12554167
12554168
12554169
12554170
12554171
12554172
12554173
12554174
12554175
12554176
12554177
12554178
12554179
12554180
12554181
12554182
12554183
12554184
12554185
12554186
12554187
12554188
12554189
12554190
12554191
12554192
12554193
12554194
12554195
12554196
12554197
12554198
12554199
12554200
12554201
12554202
12554203
12554204
12554205
12554206
12554207
12554208
12554209
12554210
12554211
12554212
12554213
12554214
12554215
12554216
12554217
12554218
12554219
12554220
12554221
12554222
12554223
12554224
12554225
12554226
12554227
12554228
12554229
12554230
12554231
12554232
12554233
12554234
12554235
12554236
12554237
12554238
12554239
12554240
12554241
12554242
12554243
12554244
12554245
12554246
12554247
12554248
12554249
12554250
12554251
12554252
12554253
12554254
12554255
12554256
12554257
12554258
12554259
12554260
12554261
12554262
12554263
12554264
12554265
12554266
12554267
12554268
12554269
12554270
12554271
12554272
12554273
12554274
12554275
12554276
12554277
12554278
12554279
12554280
12554281
12554282
12554283
12554284
12554285
12554286
12554287
12554288
12554289
12554290
12554291
12554292
12554293
12554294
12554295
12554296
12554297
12554298
12554299
12554300
12554301
12554302
12554303
12554304
12554305
12554306
12554307
12554308
12554309
12554310
12554311
12554312
12554313
12554314
12554315
12554316
12554317
12554318
12554319
12554320
12554321
12554322
12554323
12554324
12554325
12554326
12554327
12554328
12554329
12554330
12554331
12554332
12554333
12554334
12554335
12554336
12554337
12554338
12554339
12554340
12554341
12554342
12554343
12554344
12554345
12554346
12554347
12554348
12554349
12554350
12554351
12554352
12554353
12554354
12554355
12554356
12554357
12554358
12554359
12554360
12554361
12554362
12554363
12554364
12554365
12554366
12554367
12554368
12554369
12554370
12554371
12554372
12554373
12554374
12554375
12554376
12554377
12554378
12554379
12554380
12554381
12554382
12554383
12554384
12554385
12554386
12554387
12554388
12554389
12554390
12554391
12554392
12554393
12554394
12554395
12554396
12554397
12554398
12554399
12554400
12554401
12554402
12554403
12554404
12554405
12554406
12554407
12554408
12554409
12554410
12554411
12554412
12554413
12554414
12554415
12554416
12554417
12554418
12554419
12554420
12554421
12554422
12554423
12554424
12554425
12554426
12554427
12554428
12554429
12554430
12554431
12554432
12554433
12554434
12554435
12554436
12554437
12554438
12554439
12554440
12554441
12554442
12554443
12554444
12554445
12554446
12554447
12554448
12554449
12554450
12554451
12554452
12554453
12554454
12554455
12554456
12554457
12554458
12554459
12554460
12554461
12554462
12554463
12554464
12554465
12554466
12554467
12554468
12554469
12554470
12554471
12554472
12554473
12554474
12554475
12554476
12554477
12554478
12554479
12554480
12554481
12554482
12554483
12554484
12554485
12554486
12554487
12554488
12554489
12554490
12554491
12554492
12554493
12554494
12554495
12554496
12554497
12554498
12554499
12554500
12554501
12554502
12554503
12554504
12554505
12554506
12554507
12554508
12554509
12554510
12554511
12554512
12554513
12554514
12554515
12554516
12554517
12554518
12554519
12554520
12554521
12554522
12554523
12554524
12554525
12554526
12554527
12554528
12554529
12554530
12554531
12554532
12554533
12554534
12554535
12554536
12554537
12554538
12554539
12554540
12554541
12554542
12554543
12554544
12554545
12554546
12554547
12554548
12554549
12554550
12554551
12554552
12554553
12554554
12554555
12554556
12554557
12554558
12554559
12554560
12554561
12554562
12554563
12554564
12554565
12554566
12554567
12554568
12554569
12554570
12554571
12554572
12554573
12554574
12554575
12554576
12554577
12554578
12554579
12554580
12554581
12554582
12554583
12554584
12554585
12554586
12554587
12554588
12554589
12554590
12554591
12554592
12554593
12554594
12554595
12554596
12554597
12554598
12554599
12554600
12554601
12554602
12554603
12554604
12554605
12554606
12554607
12554608
12554609
12554610
12554611
12554612
12554613
12554614
12554615
12554616
12554617
12554618
12554619
12554620
12554621
12554622
12554623
12554624
12554625
12554626
12554627
12554628
12554629
12554630
12554631
12554632
12554633
12554634
12554635
12554636
12554637
12554638
12554639
12554640
12554641
12554642
12554643
12554644
12554645
12554646
12554647
12554648
12554649
12554650
12554651
12554652
12554653
12554654
12554655
12554656
12554657
12554658
12554659
12554660
12554661
12554662
12554663
12554664
12554665
12554666
12554667
12554668
12554669
12554670
12554671
12554672
12554673
12554674
12554675
12554676
12554677
12554678
12554679
12554680
12554681
12554682
12554683
12554684
12554685
12554686
12554687
12554688
12554689
12554690
12554691
12554692
12554693
12554694
12554695
12554696
12554697
12554698
12554699
12554700
12554701
12554702
12554703
12554704
12554705
12554706
12554707
12554708
12554709
12554710
12554711
12554712
12554713
12554714
12554715
12554716
12554717
12554718
12554719
12554720
12554721
12554722
12554723
12554724
12554725
12554726
12554727
12554728
12554729
12554730
12554731
12554732
12554733
12554734
12554735
12554736
12554737
12554738
12554739
12554740
12554741
12554742
12554743
12554744
12554745
12554746
12554747
12554748
12554749
12554750
12554751
12554752
12554753
12554754
12554755
12554756
12554757
12554758
12554759
12554760
12554761
12554762
12554763
12554764
12554765
12554766
12554767
12554768
12554769
12554770
12554771
12554772
12554773
12554774
12554775
12554776
12554777
12554778
12554779
12554780
12554781
12554782
12554783
12554784
12554785
12554786
12554787
12554788
12554789
12554790
12554791
12554792
12554793
12554794
12554795
12554796
12554797
12554798
12554799
12554800
12554801
12554802
12554803
12554804
12554805
12554806
12554807
12554808
12554809
12554810
12554811
12554812
12554813
12554814
12554815
12554816
12554817
12554818
12554819
12554820
12554821
12554822
12554823
12554824
12554825
12554826
12554827
12554828
12554829
12554830
12554831
12554832
12554833
12554834
12554835
12554836
12554837
12554838
12554839
12554840
12554841
12554842
12554843
12554844
12554845
12554846
12554847
12554848
12554849
12554850
12554851
12554852
12554853
12554854
12554855
12554856
12554857
12554858
12554859
12554860
12554861
12554862
12554863
12554864
12554865
12554866
12554867
12554868
12554869
12554870
12554871
12554872
12554873
12554874
12554875
12554876
12554877
12554878
12554879
12554880
12554881
12554882
12554883
12554884
12554885
12554886
12554887
12554888
12554889
12554890
12554891
12554892
12554893
12554894
12554895
12554896
12554897
12554898
12554899
12554900
12554901
12554902
12554903
12554904
12554905
12554906
12554907
12554908
12554909
12554910
12554911
12554912
12554913
12554914
12554915
12554916
12554917
12554918
12554919
12554920
12554921
12554922
12554923
12554924
12554925
12554926
12554927
12554928
12554929
12554930
12554931
12554932
12554933
12554934
12554935
12554936
12554937
12554938
12554939
12554940
12554941
12554942
12554943
12554944
12554945
12554946
12554947
12554948
12554949
12554950
12554951
12554952
12554953
12554954
12554955
12554956
12554957
12554958
12554959
12554960
12554961
12554962
12554963
12554964
12554965
12554966
12554967
12554968
12554969
12554970
12554971
12554972
12554973
12554974
12554975
12554976
12554977
12554978
12554979
12554980
12554981
12554982
12554983
12554984
12554985
12554986
12554987
12554988
12554989
12554990
12554991
12554992
12554993
12554994
12554995
12554996
12554997
12554998
12554999
12555000
12555001
12555002
12555003
12555004
12555005
12555006
12555007
12555008
12555009
12555010
12555011
12555012
12555013
12555014
12555015
12555016
12555017
12555018
12555019
12555020
12555021
12555022
12555023
12555024
12555025
12555026
12555027
12555028
12555029
12555030
12555031
12555032
12555033
12555034
12555035
12555036
12555037
12555038
12555039
12555040
12555041
12555042
12555043
12555044
12555045
12555046
12555047
12555048
12555049
12555050
12555051
12555052
12555053
12555054
12555055
12555056
12555057
12555058
12555059
12555060
12555061
12555062
12555063
12555064
12555065
12555066
12555067
12555068
12555069
12555070
12555071
12555072
12555073
12555074
12555075
12555076
12555077
12555078
12555079
12555080
12555081
12555082
12555083
12555084
12555085
12555086
12555087
12555088
12555089
12555090
12555091
12555092
12555093
12555094
12555095
12555096
12555097
12555098
12555099
12555100
12555101
12555102
12555103
12555104
12555105
12555106
12555107
12555108
12555109
12555110
12555111
12555112
12555113
12555114
12555115
12555116
12555117
12555118
12555119
12555120
12555121
12555122
12555123
12555124
12555125
12555126
12555127
12555128
12555129
12555130
12555131
12555132
12555133
12555134
12555135
12555136
12555137
12555138
12555139
12555140
12555141
12555142
12555143
12555144
12555145
12555146
12555147
12555148
12555149
12555150
12555151
12555152
12555153
12555154
12555155
12555156
12555157
12555158
12555159
12555160
12555161
12555162
12555163
12555164
12555165
12555166
12555167
12555168
12555169
12555170
12555171
12555172
12555173
12555174
12555175
12555176
12555177
12555178
12555179
12555180
12555181
12555182
12555183
12555184
12555185
12555186
12555187
12555188
12555189
12555190
12555191
12555192
12555193
12555194
12555195
12555196
12555197
12555198
12555199
12555200
12555201
12555202
12555203
12555204
12555205
12555206
12555207
12555208
12555209
12555210
12555211
12555212
12555213
12555214
12555215
12555216
12555217
12555218
12555219
12555220
12555221
12555222
12555223
12555224
12555225
12555226
12555227
12555228
12555229
12555230
12555231
12555232
12555233
12555234
12555235
12555236
12555237
12555238
12555239
12555240
12555241
12555242
12555243
12555244
12555245
12555246
12555247
12555248
12555249
12555250
12555251
12555252
12555253
12555254
12555255
12555256
12555257
12555258
12555259
12555260
12555261
12555262
12555263
12555264
12555265
12555266
12555267
12555268
12555269
12555270
12555271
12555272
12555273
12555274
12555275
12555276
12555277
12555278
12555279
12555280
12555281
12555282
12555283
12555284
12555285
12555286
12555287
12555288
12555289
12555290
12555291
12555292
12555293
12555294
12555295
12555296
12555297
12555298
12555299
12555300
12555301
12555302
12555303
12555304
12555305
12555306
12555307
12555308
12555309
12555310
12555311
12555312
12555313
12555314
12555315
12555316
12555317
12555318
12555319
12555320
12555321
12555322
12555323
12555324
12555325
12555326
12555327
12555328
12555329
12555330
12555331
12555332
12555333
12555334
12555335
12555336
12555337
12555338
12555339
12555340
12555341
12555342
12555343
12555344
12555345
12555346
12555347
12555348
12555349
12555350
12555351
12555352
12555353
12555354
12555355
12555356
12555357
12555358
12555359
12555360
12555361
12555362
12555363
12555364
12555365
12555366
12555367
12555368
12555369
12555370
12555371
12555372
12555373
12555374
12555375
12555376
12555377
12555378
12555379
12555380
12555381
12555382
12555383
12555384
12555385
12555386
12555387
12555388
12555389
12555390
12555391
12555392
12555393
12555394
12555395
12555396
12555397
12555398
12555399
12555400
12555401
12555402
12555403
12555404
12555405
12555406
12555407
12555408
12555409
12555410
12555411
12555412
12555413
12555414
12555415
12555416
12555417
12555418
12555419
12555420
12555421
12555422
12555423
12555424
12555425
12555426
12555427
12555428
12555429
12555430
12555431
12555432
12555433
12555434
12555435
12555436
12555437
12555438
12555439
12555440
12555441
12555442
12555443
12555444
12555445
12555446
12555447
12555448
12555449
12555450
12555451
12555452
12555453
12555454
12555455
12555456
12555457
12555458
12555459
12555460
12555461
12555462
12555463
12555464
12555465
12555466
12555467
12555468
12555469
12555470
12555471
12555472
12555473
12555474
12555475
12555476
12555477
12555478
12555479
12555480
12555481
12555482
12555483
12555484
12555485
12555486
12555487
12555488
12555489
12555490
12555491
12555492
12555493
12555494
12555495
12555496
12555497
12555498
12555499
12555500
12555501
12555502
12555503
12555504
12555505
12555506
12555507
12555508
12555509
12555510
12555511
12555512
12555513
12555514
12555515
12555516
12555517
12555518
12555519
12555520
12555521
12555522
12555523
12555524
12555525
12555526
12555527
12555528
12555529
12555530
12555531
12555532
12555533
12555534
12555535
12555536
12555537
12555538
12555539
12555540
12555541
12555542
12555543
12555544
12555545
12555546
12555547
12555548
12555549
12555550
12555551
12555552
12555553
12555554
12555555
12555556
12555557
12555558
12555559
12555560
12555561
12555562
12555563
12555564
12555565
12555566
12555567
12555568
12555569
12555570
12555571
12555572
12555573
12555574
12555575
12555576
12555577
12555578
12555579
12555580
12555581
12555582
12555583
12555584
12555585
12555586
12555587
12555588
12555589
12555590
12555591
12555592
12555593
12555594
12555595
12555596
12555597
12555598
12555599
12555600
12555601
12555602
12555603
12555604
12555605
12555606
12555607
12555608
12555609
12555610
12555611
12555612
12555613
12555614
12555615
12555616
12555617
12555618
12555619
12555620
12555621
12555622
12555623
12555624
12555625
12555626
12555627
12555628
12555629
12555630
12555631
12555632
12555633
12555634
12555635
12555636
12555637
12555638
12555639
12555640
12555641
12555642
12555643
12555644
12555645
12555646
12555647
12555648
12555649
12555650
12555651
12555652
12555653
12555654
12555655
12555656
12555657
12555658
12555659
12555660
12555661
12555662
12555663
12555664
12555665
12555666
12555667
12555668
12555669
12555670
12555671
12555672
12555673
12555674
12555675
12555676
12555677
12555678
12555679
12555680
12555681
12555682
12555683
12555684
12555685
12555686
12555687
12555688
12555689
12555690
12555691
12555692
12555693
12555694
12555695
12555696
12555697
12555698
12555699
12555700
12555701
12555702
12555703
12555704
12555705
12555706
12555707
12555708
12555709
12555710
12555711
12555712
12555713
12555714
12555715
12555716
12555717
12555718
12555719
12555720
12555721
12555722
12555723
12555724
12555725
12555726
12555727
12555728
12555729
12555730
12555731
12555732
12555733
12555734
12555735
12555736
12555737
12555738
12555739
12555740
12555741
12555742
12555743
12555744
12555745
12555746
12555747
12555748
12555749
12555750
12555751
12555752
12555753
12555754
12555755
12555756
12555757
12555758
12555759
12555760
12555761
12555762
12555763
12555764
12555765
12555766
12555767
12555768
12555769
12555770
12555771
12555772
12555773
12555774
12555775
12555776
12555777
12555778
12555779
12555780
12555781
12555782
12555783
12555784
12555785
12555786
12555787
12555788
12555789
12555790
12555791
12555792
12555793
12555794
12555795
12555796
12555797
12555798
12555799
12555800
12555801
12555802
12555803
12555804
12555805
12555806
12555807
12555808
12555809
12555810
12555811
12555812
12555813
12555814
12555815
12555816
12555817
12555818
12555819
12555820
12555821
12555822
12555823
12555824
12555825
12555826
12555827
12555828
12555829
12555830
12555831
12555832
12555833
12555834
12555835
12555836
12555837
12555838
12555839
12555840
12555841
12555842
12555843
12555844
12555845
12555846
12555847
12555848
12555849
12555850
12555851
12555852
12555853
12555854
12555855
12555856
12555857
12555858
12555859
12555860
12555861
12555862
12555863
12555864
12555865
12555866
12555867
12555868
12555869
12555870
12555871
12555872
12555873
12555874
12555875
12555876
12555877
12555878
12555879
12555880
12555881
12555882
12555883
12555884
12555885
12555886
12555887
12555888
12555889
12555890
12555891
12555892
12555893
12555894
12555895
12555896
12555897
12555898
12555899
12555900
12555901
12555902
12555903
12555904
12555905
12555906
12555907
12555908
12555909
12555910
12555911
12555912
12555913
12555914
12555915
12555916
12555917
12555918
12555919
12555920
12555921
12555922
12555923
12555924
12555925
12555926
12555927
12555928
12555929
12555930
12555931
12555932
12555933
12555934
12555935
12555936
12555937
12555938
12555939
12555940
12555941
12555942
12555943
12555944
12555945
12555946
12555947
12555948
12555949
12555950
12555951
12555952
12555953
12555954
12555955
12555956
12555957
12555958
12555959
12555960
12555961
12555962
12555963
12555964
12555965
12555966
12555967
12555968
12555969
12555970
12555971
12555972
12555973
12555974
12555975
12555976
12555977
12555978
12555979
12555980
12555981
12555982
12555983
12555984
12555985
12555986
12555987
12555988
12555989
12555990
12555991
12555992
12555993
12555994
12555995
12555996
12555997
12555998
12555999
12556000
12556001
12556002
12556003
12556004
12556005
12556006
12556007
12556008
12556009
12556010
12556011
12556012
12556013
12556014
12556015
12556016
12556017
12556018
12556019
12556020
12556021
12556022
12556023
12556024
12556025
12556026
12556027
12556028
12556029
12556030
12556031
12556032
12556033
12556034
12556035
12556036
12556037
12556038
12556039
12556040
12556041
12556042
12556043
12556044
12556045
12556046
12556047
12556048
12556049
12556050
12556051
12556052
12556053
12556054
12556055
12556056
12556057
12556058
12556059
12556060
12556061
12556062
12556063
12556064
12556065
12556066
12556067
12556068
12556069
12556070
12556071
12556072
12556073
12556074
12556075
12556076
12556077
12556078
12556079
12556080
12556081
12556082
12556083
12556084
12556085
12556086
12556087
12556088
12556089
12556090
12556091
12556092
12556093
12556094
12556095
12556096
12556097
12556098
12556099
12556100
12556101
12556102
12556103
12556104
12556105
12556106
12556107
12556108
12556109
12556110
12556111
12556112
12556113
12556114
12556115
12556116
12556117
12556118
12556119
12556120
12556121
12556122
12556123
12556124
12556125
12556126
12556127
12556128
12556129
12556130
12556131
12556132
12556133
12556134
12556135
12556136
12556137
12556138
12556139
12556140
12556141
12556142
12556143
12556144
12556145
12556146
12556147
12556148
12556149
12556150
12556151
12556152
12556153
12556154
12556155
12556156
12556157
12556158
12556159
12556160
12556161
12556162
12556163
12556164
12556165
12556166
12556167
12556168
12556169
12556170
12556171
12556172
12556173
12556174
12556175
12556176
12556177
12556178
12556179
12556180
12556181
12556182
12556183
12556184
12556185
12556186
12556187
12556188
12556189
12556190
12556191
12556192
12556193
12556194
12556195
12556196
12556197
12556198
12556199
12556200
12556201
12556202
12556203
12556204
12556205
12556206
12556207
12556208
12556209
12556210
12556211
12556212
12556213
12556214
12556215
12556216
12556217
12556218
12556219
12556220
12556221
12556222
12556223
12556224
12556225
12556226
12556227
12556228
12556229
12556230
12556231
12556232
12556233
12556234
12556235
12556236
12556237
12556238
12556239
12556240
12556241
12556242
12556243
12556244
12556245
12556246
12556247
12556248
12556249
12556250
12556251
12556252
12556253
12556254
12556255
12556256
12556257
12556258
12556259
12556260
12556261
12556262
12556263
12556264
12556265
12556266
12556267
12556268
12556269
12556270
12556271
12556272
12556273
12556274
12556275
12556276
12556277
12556278
12556279
12556280
12556281
12556282
12556283
12556284
12556285
12556286
12556287
12556288
12556289
12556290
12556291
12556292
12556293
12556294
12556295
12556296
12556297
12556298
12556299
12556300
12556301
12556302
12556303
12556304
12556305
12556306
12556307
12556308
12556309
12556310
12556311
12556312
12556313
12556314
12556315
12556316
12556317
12556318
12556319
12556320
12556321
12556322
12556323
12556324
12556325
12556326
12556327
12556328
12556329
12556330
12556331
12556332
12556333
12556334
12556335
12556336
12556337
12556338
12556339
12556340
12556341
12556342
12556343
12556344
12556345
12556346
12556347
12556348
12556349
12556350
12556351
12556352
12556353
12556354
12556355
12556356
12556357
12556358
12556359
12556360
12556361
12556362
12556363
12556364
12556365
12556366
12556367
12556368
12556369
12556370
12556371
12556372
12556373
12556374
12556375
12556376
12556377
12556378
12556379
12556380
12556381
12556382
12556383
12556384
12556385
12556386
12556387
12556388
12556389
12556390
12556391
12556392
12556393
12556394
12556395
12556396
12556397
12556398
12556399
12556400
12556401
12556402
12556403
12556404
12556405
12556406
12556407
12556408
12556409
12556410
12556411
12556412
12556413
12556414
12556415
12556416
12556417
12556418
12556419
12556420
12556421
12556422
12556423
12556424
12556425
12556426
12556427
12556428
12556429
12556430
12556431
12556432
12556433
12556434
12556435
12556436
12556437
12556438
12556439
12556440
12556441
12556442
12556443
12556444
12556445
12556446
12556447
12556448
12556449
12556450
12556451
12556452
12556453
12556454
12556455
12556456
12556457
12556458
12556459
12556460
12556461
12556462
12556463
12556464
12556465
12556466
12556467
12556468
12556469
12556470
12556471
12556472
12556473
12556474
12556475
12556476
12556477
12556478
12556479
12556480
12556481
12556482
12556483
12556484
12556485
12556486
12556487
12556488
12556489
12556490
12556491
12556492
12556493
12556494
12556495
12556496
12556497
12556498
12556499
12556500
12556501
12556502
12556503
12556504
12556505
12556506
12556507
12556508
12556509
12556510
12556511
12556512
12556513
12556514
12556515
12556516
12556517
12556518
12556519
12556520
12556521
12556522
12556523
12556524
12556525
12556526
12556527
12556528
12556529
12556530
12556531
12556532
12556533
12556534
12556535
12556536
12556537
12556538
12556539
12556540
12556541
12556542
12556543
12556544
12556545
12556546
12556547
12556548
12556549
12556550
12556551
12556552
12556553
12556554
12556555
12556556
12556557
12556558
12556559
12556560
12556561
12556562
12556563
12556564
12556565
12556566
12556567
12556568
12556569
12556570
12556571
12556572
12556573
12556574
12556575
12556576
12556577
12556578
12556579
12556580
12556581
12556582
12556583
12556584
12556585
12556586
12556587
12556588
12556589
12556590
12556591
12556592
12556593
12556594
12556595
12556596
12556597
12556598
12556599
12556600
12556601
12556602
12556603
12556604
12556605
12556606
12556607
12556608
12556609
12556610
12556611
12556612
12556613
12556614
12556615
12556616
12556617
12556618
12556619
12556620
12556621
12556622
12556623
12556624
12556625
12556626
12556627
12556628
12556629
12556630
12556631
12556632
12556633
12556634
12556635
12556636
12556637
12556638
12556639
12556640
12556641
12556642
12556643
12556644
12556645
12556646
12556647
12556648
12556649
12556650
12556651
12556652
12556653
12556654
12556655
12556656
12556657
12556658
12556659
12556660
12556661
12556662
12556663
12556664
12556665
12556666
12556667
12556668
12556669
12556670
12556671
12556672
12556673
12556674
12556675
12556676
12556677
12556678
12556679
12556680
12556681
12556682
12556683
12556684
12556685
12556686
12556687
12556688
12556689
12556690
12556691
12556692
12556693
12556694
12556695
12556696
12556697
12556698
12556699
12556700
12556701
12556702
12556703
12556704
12556705
12556706
12556707
12556708
12556709
12556710
12556711
12556712
12556713
12556714
12556715
12556716
12556717
12556718
12556719
12556720
12556721
12556722
12556723
12556724
12556725
12556726
12556727
12556728
12556729
12556730
12556731
12556732
12556733
12556734
12556735
12556736
12556737
12556738
12556739
12556740
12556741
12556742
12556743
12556744
12556745
12556746
12556747
12556748
12556749
12556750
12556751
12556752
12556753
12556754
12556755
12556756
12556757
12556758
12556759
12556760
12556761
12556762
12556763
12556764
12556765
12556766
12556767
12556768
12556769
12556770
12556771
12556772
12556773
12556774
12556775
12556776
12556777
12556778
12556779
12556780
12556781
12556782
12556783
12556784
12556785
12556786
12556787
12556788
12556789
12556790
12556791
12556792
12556793
12556794
12556795
12556796
12556797
12556798
12556799
12556800
12556801
12556802
12556803
12556804
12556805
12556806
12556807
12556808
12556809
12556810
12556811
12556812
12556813
12556814
12556815
12556816
12556817
12556818
12556819
12556820
12556821
12556822
12556823
12556824
12556825
12556826
12556827
12556828
12556829
12556830
12556831
12556832
12556833
12556834
12556835
12556836
12556837
12556838
12556839
12556840
12556841
12556842
12556843
12556844
12556845
12556846
12556847
12556848
12556849
12556850
12556851
12556852
12556853
12556854
12556855
12556856
12556857
12556858
12556859
12556860
12556861
12556862
12556863
12556864
12556865
12556866
12556867
12556868
12556869
12556870
12556871
12556872
12556873
12556874
12556875
12556876
12556877
12556878
12556879
12556880
12556881
12556882
12556883
12556884
12556885
12556886
12556887
12556888
12556889
12556890
12556891
12556892
12556893
12556894
12556895
12556896
12556897
12556898
12556899
12556900
12556901
12556902
12556903
12556904
12556905
12556906
12556907
12556908
12556909
12556910
12556911
12556912
12556913
12556914
12556915
12556916
12556917
12556918
12556919
12556920
12556921
12556922
12556923
12556924
12556925
12556926
12556927
12556928
12556929
12556930
12556931
12556932
12556933
12556934
12556935
12556936
12556937
12556938
12556939
12556940
12556941
12556942
12556943
12556944
12556945
12556946
12556947
12556948
12556949
12556950
12556951
12556952
12556953
12556954
12556955
12556956
12556957
12556958
12556959
12556960
12556961
12556962
12556963
12556964
12556965
12556966
12556967
12556968
12556969
12556970
12556971
12556972
12556973
12556974
12556975
12556976
12556977
12556978
12556979
12556980
12556981
12556982
12556983
12556984
12556985
12556986
12556987
12556988
12556989
12556990
12556991
12556992
12556993
12556994
12556995
12556996
12556997
12556998
12556999
12557000
12557001
12557002
12557003
12557004
12557005
12557006
12557007
12557008
12557009
12557010
12557011
12557012
12557013
12557014
12557015
12557016
12557017
12557018
12557019
12557020
12557021
12557022
12557023
12557024
12557025
12557026
12557027
12557028
12557029
12557030
12557031
12557032
12557033
12557034
12557035
12557036
12557037
12557038
12557039
12557040
12557041
12557042
12557043
12557044
12557045
12557046
12557047
12557048
12557049
12557050
12557051
12557052
12557053
12557054
12557055
12557056
12557057
12557058
12557059
12557060
12557061
12557062
12557063
12557064
12557065
12557066
12557067
12557068
12557069
12557070
12557071
12557072
12557073
12557074
12557075
12557076
12557077
12557078
12557079
12557080
12557081
12557082
12557083
12557084
12557085
12557086
12557087
12557088
12557089
12557090
12557091
12557092
12557093
12557094
12557095
12557096
12557097
12557098
12557099
12557100
12557101
12557102
12557103
12557104
12557105
12557106
12557107
12557108
12557109
12557110
12557111
12557112
12557113
12557114
12557115
12557116
12557117
12557118
12557119
12557120
12557121
12557122
12557123
12557124
12557125
12557126
12557127
12557128
12557129
12557130
12557131
12557132
12557133
12557134
12557135
12557136
12557137
12557138
12557139
12557140
12557141
12557142
12557143
12557144
12557145
12557146
12557147
12557148
12557149
12557150
12557151
12557152
12557153
12557154
12557155
12557156
12557157
12557158
12557159
12557160
12557161
12557162
12557163
12557164
12557165
12557166
12557167
12557168
12557169
12557170
12557171
12557172
12557173
12557174
12557175
12557176
12557177
12557178
12557179
12557180
12557181
12557182
12557183
12557184
12557185
12557186
12557187
12557188
12557189
12557190
12557191
12557192
12557193
12557194
12557195
12557196
12557197
12557198
12557199
12557200
12557201
12557202
12557203
12557204
12557205
12557206
12557207
12557208
12557209
12557210
12557211
12557212
12557213
12557214
12557215
12557216
12557217
12557218
12557219
12557220
12557221
12557222
12557223
12557224
12557225
12557226
12557227
12557228
12557229
12557230
12557231
12557232
12557233
12557234
12557235
12557236
12557237
12557238
12557239
12557240
12557241
12557242
12557243
12557244
12557245
12557246
12557247
12557248
12557249
12557250
12557251
12557252
12557253
12557254
12557255
12557256
12557257
12557258
12557259
12557260
12557261
12557262
12557263
12557264
12557265
12557266
12557267
12557268
12557269
12557270
12557271
12557272
12557273
12557274
12557275
12557276
12557277
12557278
12557279
12557280
12557281
12557282
12557283
12557284
12557285
12557286
12557287
12557288
12557289
12557290
12557291
12557292
12557293
12557294
12557295
12557296
12557297
12557298
12557299
12557300
12557301
12557302
12557303
12557304
12557305
12557306
12557307
12557308
12557309
12557310
12557311
12557312
12557313
12557314
12557315
12557316
12557317
12557318
12557319
12557320
12557321
12557322
12557323
12557324
12557325
12557326
12557327
12557328
12557329
12557330
12557331
12557332
12557333
12557334
12557335
12557336
12557337
12557338
12557339
12557340
12557341
12557342
12557343
12557344
12557345
12557346
12557347
12557348
12557349
12557350
12557351
12557352
12557353
12557354
12557355
12557356
12557357
12557358
12557359
12557360
12557361
12557362
12557363
12557364
12557365
12557366
12557367
12557368
12557369
12557370
12557371
12557372
12557373
12557374
12557375
12557376
12557377
12557378
12557379
12557380
12557381
12557382
12557383
12557384
12557385
12557386
12557387
12557388
12557389
12557390
12557391
12557392
12557393
12557394
12557395
12557396
12557397
12557398
12557399
12557400
12557401
12557402
12557403
12557404
12557405
12557406
12557407
12557408
12557409
12557410
12557411
12557412
12557413
12557414
12557415
12557416
12557417
12557418
12557419
12557420
12557421
12557422
12557423
12557424
12557425
12557426
12557427
12557428
12557429
12557430
12557431
12557432
12557433
12557434
12557435
12557436
12557437
12557438
12557439
12557440
12557441
12557442
12557443
12557444
12557445
12557446
12557447
12557448
12557449
12557450
12557451
12557452
12557453
12557454
12557455
12557456
12557457
12557458
12557459
12557460
12557461
12557462
12557463
12557464
12557465
12557466
12557467
12557468
12557469
12557470
12557471
12557472
12557473
12557474
12557475
12557476
12557477
12557478
12557479
12557480
12557481
12557482
12557483
12557484
12557485
12557486
12557487
12557488
12557489
12557490
12557491
12557492
12557493
12557494
12557495
12557496
12557497
12557498
12557499
12557500
12557501
12557502
12557503
12557504
12557505
12557506
12557507
12557508
12557509
12557510
12557511
12557512
12557513
12557514
12557515
12557516
12557517
12557518
12557519
12557520
12557521
12557522
12557523
12557524
12557525
12557526
12557527
12557528
12557529
12557530
12557531
12557532
12557533
12557534
12557535
12557536
12557537
12557538
12557539
12557540
12557541
12557542
12557543
12557544
12557545
12557546
12557547
12557548
12557549
12557550
12557551
12557552
12557553
12557554
12557555
12557556
12557557
12557558
12557559
12557560
12557561
12557562
12557563
12557564
12557565
12557566
12557567
12557568
12557569
12557570
12557571
12557572
12557573
12557574
12557575
12557576
12557577
12557578
12557579
12557580
12557581
12557582
12557583
12557584
12557585
12557586
12557587
12557588
12557589
12557590
12557591
12557592
12557593
12557594
12557595
12557596
12557597
12557598
12557599
12557600
12557601
12557602
12557603
12557604
12557605
12557606
12557607
12557608
12557609
12557610
12557611
12557612
12557613
12557614
12557615
12557616
12557617
12557618
12557619
12557620
12557621
12557622
12557623
12557624
12557625
12557626
12557627
12557628
12557629
12557630
12557631
12557632
12557633
12557634
12557635
12557636
12557637
12557638
12557639
12557640
12557641
12557642
12557643
12557644
12557645
12557646
12557647
12557648
12557649
12557650
12557651
12557652
12557653
12557654
12557655
12557656
12557657
12557658
12557659
12557660
12557661
12557662
12557663
12557664
12557665
12557666
12557667
12557668
12557669
12557670
12557671
12557672
12557673
12557674
12557675
12557676
12557677
12557678
12557679
12557680
12557681
12557682
12557683
12557684
12557685
12557686
12557687
12557688
12557689
12557690
12557691
12557692
12557693
12557694
12557695
12557696
12557697
12557698
12557699
12557700
12557701
12557702
12557703
12557704
12557705
12557706
12557707
12557708
12557709
12557710
12557711
12557712
12557713
12557714
12557715
12557716
12557717
12557718
12557719
12557720
12557721
12557722
12557723
12557724
12557725
12557726
12557727
12557728
12557729
12557730
12557731
12557732
12557733
12557734
12557735
12557736
12557737
12557738
12557739
12557740
12557741
12557742
12557743
12557744
12557745
12557746
12557747
12557748
12557749
12557750
12557751
12557752
12557753
12557754
12557755
12557756
12557757
12557758
12557759
12557760
12557761
12557762
12557763
12557764
12557765
12557766
12557767
12557768
12557769
12557770
12557771
12557772
12557773
12557774
12557775
12557776
12557777
12557778
12557779
12557780
12557781
12557782
12557783
12557784
12557785
12557786
12557787
12557788
12557789
12557790
12557791
12557792
12557793
12557794
12557795
12557796
12557797
12557798
12557799
12557800
12557801
12557802
12557803
12557804
12557805
12557806
12557807
12557808
12557809
12557810
12557811
12557812
12557813
12557814
12557815
12557816
12557817
12557818
12557819
12557820
12557821
12557822
12557823
12557824
12557825
12557826
12557827
12557828
12557829
12557830
12557831
12557832
12557833
12557834
12557835
12557836
12557837
12557838
12557839
12557840
12557841
12557842
12557843
12557844
12557845
12557846
12557847
12557848
12557849
12557850
12557851
12557852
12557853
12557854
12557855
12557856
12557857
12557858
12557859
12557860
12557861
12557862
12557863
12557864
12557865
12557866
12557867
12557868
12557869
12557870
12557871
12557872
12557873
12557874
12557875
12557876
12557877
12557878
12557879
12557880
12557881
12557882
12557883
12557884
12557885
12557886
12557887
12557888
12557889
12557890
12557891
12557892
12557893
12557894
12557895
12557896
12557897
12557898
12557899
12557900
12557901
12557902
12557903
12557904
12557905
12557906
12557907
12557908
12557909
12557910
12557911
12557912
12557913
12557914
12557915
12557916
12557917
12557918
12557919
12557920
12557921
12557922
12557923
12557924
12557925
12557926
12557927
12557928
12557929
12557930
12557931
12557932
12557933
12557934
12557935
12557936
12557937
12557938
12557939
12557940
12557941
12557942
12557943
12557944
12557945
12557946
12557947
12557948
12557949
12557950
12557951
12557952
12557953
12557954
12557955
12557956
12557957
12557958
12557959
12557960
12557961
12557962
12557963
12557964
12557965
12557966
12557967
12557968
12557969
12557970
12557971
12557972
12557973
12557974
12557975
12557976
12557977
12557978
12557979
12557980
12557981
12557982
12557983
12557984
12557985
12557986
12557987
12557988
12557989
12557990
12557991
12557992
12557993
12557994
12557995
12557996
12557997
12557998
12557999
12558000
12558001
12558002
12558003
12558004
12558005
12558006
12558007
12558008
12558009
12558010
12558011
12558012
12558013
12558014
12558015
12558016
12558017
12558018
12558019
12558020
12558021
12558022
12558023
12558024
12558025
12558026
12558027
12558028
12558029
12558030
12558031
12558032
12558033
12558034
12558035
12558036
12558037
12558038
12558039
12558040
12558041
12558042
12558043
12558044
12558045
12558046
12558047
12558048
12558049
12558050
12558051
12558052
12558053
12558054
12558055
12558056
12558057
12558058
12558059
12558060
12558061
12558062
12558063
12558064
12558065
12558066
12558067
12558068
12558069
12558070
12558071
12558072
12558073
12558074
12558075
12558076
12558077
12558078
12558079
12558080
12558081
12558082
12558083
12558084
12558085
12558086
12558087
12558088
12558089
12558090
12558091
12558092
12558093
12558094
12558095
12558096
12558097
12558098
12558099
12558100
12558101
12558102
12558103
12558104
12558105
12558106
12558107
12558108
12558109
12558110
12558111
12558112
12558113
12558114
12558115
12558116
12558117
12558118
12558119
12558120
12558121
12558122
12558123
12558124
12558125
12558126
12558127
12558128
12558129
12558130
12558131
12558132
12558133
12558134
12558135
12558136
12558137
12558138
12558139
12558140
12558141
12558142
12558143
12558144
12558145
12558146
12558147
12558148
12558149
12558150
12558151
12558152
12558153
12558154
12558155
12558156
12558157
12558158
12558159
12558160
12558161
12558162
12558163
12558164
12558165
12558166
12558167
12558168
12558169
12558170
12558171
12558172
12558173
12558174
12558175
12558176
12558177
12558178
12558179
12558180
12558181
12558182
12558183
12558184
12558185
12558186
12558187
12558188
12558189
12558190
12558191
12558192
12558193
12558194
12558195
12558196
12558197
12558198
12558199
12558200
12558201
12558202
12558203
12558204
12558205
12558206
12558207
12558208
12558209
12558210
12558211
12558212
12558213
12558214
12558215
12558216
12558217
12558218
12558219
12558220
12558221
12558222
12558223
12558224
12558225
12558226
12558227
12558228
12558229
12558230
12558231
12558232
12558233
12558234
12558235
12558236
12558237
12558238
12558239
12558240
12558241
12558242
12558243
12558244
12558245
12558246
12558247
12558248
12558249
12558250
12558251
12558252
12558253
12558254
12558255
12558256
12558257
12558258
12558259
12558260
12558261
12558262
12558263
12558264
12558265
12558266
12558267
12558268
12558269
12558270
12558271
12558272
12558273
12558274
12558275
12558276
12558277
12558278
12558279
12558280
12558281
12558282
12558283
12558284
12558285
12558286
12558287
12558288
12558289
12558290
12558291
12558292
12558293
12558294
12558295
12558296
12558297
12558298
12558299
12558300
12558301
12558302
12558303
12558304
12558305
12558306
12558307
12558308
12558309
12558310
12558311
12558312
12558313
12558314
12558315
12558316
12558317
12558318
12558319
12558320
12558321
12558322
12558323
12558324
12558325
12558326
12558327
12558328
12558329
12558330
12558331
12558332
12558333
12558334
12558335
12558336
12558337
12558338
12558339
12558340
12558341
12558342
12558343
12558344
12558345
12558346
12558347
12558348
12558349
12558350
12558351
12558352
12558353
12558354
12558355
12558356
12558357
12558358
12558359
12558360
12558361
12558362
12558363
12558364
12558365
12558366
12558367
12558368
12558369
12558370
12558371
12558372
12558373
12558374
12558375
12558376
12558377
12558378
12558379
12558380
12558381
12558382
12558383
12558384
12558385
12558386
12558387
12558388
12558389
12558390
12558391
12558392
12558393
12558394
12558395
12558396
12558397
12558398
12558399
12558400
12558401
12558402
12558403
12558404
12558405
12558406
12558407
12558408
12558409
12558410
12558411
12558412
12558413
12558414
12558415
12558416
12558417
12558418
12558419
12558420
12558421
12558422
12558423
12558424
12558425
12558426
12558427
12558428
12558429
12558430
12558431
12558432
12558433
12558434
12558435
12558436
12558437
12558438
12558439
12558440
12558441
12558442
12558443
12558444
12558445
12558446
12558447
12558448
12558449
12558450
12558451
12558452
12558453
12558454
12558455
12558456
12558457
12558458
12558459
12558460
12558461
12558462
12558463
12558464
12558465
12558466
12558467
12558468
12558469
12558470
12558471
12558472
12558473
12558474
12558475
12558476
12558477
12558478
12558479
12558480
12558481
12558482
12558483
12558484
12558485
12558486
12558487
12558488
12558489
12558490
12558491
12558492
12558493
12558494
12558495
12558496
12558497
12558498
12558499
12558500
12558501
12558502
12558503
12558504
12558505
12558506
12558507
12558508
12558509
12558510
12558511
12558512
12558513
12558514
12558515
12558516
12558517
12558518
12558519
12558520
12558521
12558522
12558523
12558524
12558525
12558526
12558527
12558528
12558529
12558530
12558531
12558532
12558533
12558534
12558535
12558536
12558537
12558538
12558539
12558540
12558541
12558542
12558543
12558544
12558545
12558546
12558547
12558548
12558549
12558550
12558551
12558552
12558553
12558554
12558555
12558556
12558557
12558558
12558559
12558560
12558561
12558562
12558563
12558564
12558565
12558566
12558567
12558568
12558569
12558570
12558571
12558572
12558573
12558574
12558575
12558576
12558577
12558578
12558579
12558580
12558581
12558582
12558583
12558584
12558585
12558586
12558587
12558588
12558589
12558590
12558591
12558592
12558593
12558594
12558595
12558596
12558597
12558598
12558599
12558600
12558601
12558602
12558603
12558604
12558605
12558606
12558607
12558608
12558609
12558610
12558611
12558612
12558613
12558614
12558615
12558616
12558617
12558618
12558619
12558620
12558621
12558622
12558623
12558624
12558625
12558626
12558627
12558628
12558629
12558630
12558631
12558632
12558633
12558634
12558635
12558636
12558637
12558638
12558639
12558640
12558641
12558642
12558643
12558644
12558645
12558646
12558647
12558648
12558649
12558650
12558651
12558652
12558653
12558654
12558655
12558656
12558657
12558658
12558659
12558660
12558661
12558662
12558663
12558664
12558665
12558666
12558667
12558668
12558669
12558670
12558671
12558672
12558673
12558674
12558675
12558676
12558677
12558678
12558679
12558680
12558681
12558682
12558683
12558684
12558685
12558686
12558687
12558688
12558689
12558690
12558691
12558692
12558693
12558694
12558695
12558696
12558697
12558698
12558699
12558700
12558701
12558702
12558703
12558704
12558705
12558706
12558707
12558708
12558709
12558710
12558711
12558712
12558713
12558714
12558715
12558716
12558717
12558718
12558719
12558720
12558721
12558722
12558723
12558724
12558725
12558726
12558727
12558728
12558729
12558730
12558731
12558732
12558733
12558734
12558735
12558736
12558737
12558738
12558739
12558740
12558741
12558742
12558743
12558744
12558745
12558746
12558747
12558748
12558749
12558750
12558751
12558752
12558753
12558754
12558755
12558756
12558757
12558758
12558759
12558760
12558761
12558762
12558763
12558764
12558765
12558766
12558767
12558768
12558769
12558770
12558771
12558772
12558773
12558774
12558775
12558776
12558777
12558778
12558779
12558780
12558781
12558782
12558783
12558784
12558785
12558786
12558787
12558788
12558789
12558790
12558791
12558792
12558793
12558794
12558795
12558796
12558797
12558798
12558799
12558800
12558801
12558802
12558803
12558804
12558805
12558806
12558807
12558808
12558809
12558810
12558811
12558812
12558813
12558814
12558815
12558816
12558817
12558818
12558819
12558820
12558821
12558822
12558823
12558824
12558825
12558826
12558827
12558828
12558829
12558830
12558831
12558832
12558833
12558834
12558835
12558836
12558837
12558838
12558839
12558840
12558841
12558842
12558843
12558844
12558845
12558846
12558847
12558848
12558849
12558850
12558851
12558852
12558853
12558854
12558855
12558856
12558857
12558858
12558859
12558860
12558861
12558862
12558863
12558864
12558865
12558866
12558867
12558868
12558869
12558870
12558871
12558872
12558873
12558874
12558875
12558876
12558877
12558878
12558879
12558880
12558881
12558882
12558883
12558884
12558885
12558886
12558887
12558888
12558889
