12848890
12848891
12848892
12848893
12848894
12848895
12848896
12848897
12848898
12848899
12848900
12848901
12848902
12848903
12848904
12848905
12848906
12848907
12848908
12848909
12848910
12848911
12848912
12848913
12848914
12848915
12848916
12848917
12848918
12848919
12848920
12848921
12848922
12848923
12848924
12848925
12848926
12848927
12848928
12848929
12848930
12848931
12848932
12848933
12848934
12848935
12848936
12848937
12848938
12848939
12848940
12848941
12848942
12848943
12848944
12848945
12848946
12848947
12848948
12848949
12848950
12848951
12848952
12848953
12848954
12848955
12848956
12848957
12848958
12848959
12848960
12848961
12848962
12848963
12848964
12848965
12848966
12848967
12848968
12848969
12848970
12848971
12848972
12848973
12848974
12848975
12848976
12848977
12848978
12848979
12848980
12848981
12848982
12848983
12848984
12848985
12848986
12848987
12848988
12848989
12848990
12848991
12848992
12848993
12848994
12848995
12848996
12848997
12848998
12848999
12849000
12849001
12849002
12849003
12849004
12849005
12849006
12849007
12849008
12849009
12849010
12849011
12849012
12849013
12849014
12849015
12849016
12849017
12849018
12849019
12849020
12849021
12849022
12849023
12849024
12849025
12849026
12849027
12849028
12849029
12849030
12849031
12849032
12849033
12849034
12849035
12849036
12849037
12849038
12849039
12849040
12849041
12849042
12849043
12849044
12849045
12849046
12849047
12849048
12849049
12849050
12849051
12849052
12849053
12849054
12849055
12849056
12849057
12849058
12849059
12849060
12849061
12849062
12849063
12849064
12849065
12849066
12849067
12849068
12849069
12849070
12849071
12849072
12849073
12849074
12849075
12849076
12849077
12849078
12849079
12849080
12849081
12849082
12849083
12849084
12849085
12849086
12849087
12849088
12849089
12849090
12849091
12849092
12849093
12849094
12849095
12849096
12849097
12849098
12849099
12849100
12849101
12849102
12849103
12849104
12849105
12849106
12849107
12849108
12849109
12849110
12849111
12849112
12849113
12849114
12849115
12849116
12849117
12849118
12849119
12849120
12849121
12849122
12849123
12849124
12849125
12849126
12849127
12849128
12849129
12849130
12849131
12849132
12849133
12849134
12849135
12849136
12849137
12849138
12849139
12849140
12849141
12849142
12849143
12849144
12849145
12849146
12849147
12849148
12849149
12849150
12849151
12849152
12849153
12849154
12849155
12849156
12849157
12849158
12849159
12849160
12849161
12849162
12849163
12849164
12849165
12849166
12849167
12849168
12849169
12849170
12849171
12849172
12849173
12849174
12849175
12849176
12849177
12849178
12849179
12849180
12849181
12849182
12849183
12849184
12849185
12849186
12849187
12849188
12849189
12849190
12849191
12849192
12849193
12849194
12849195
12849196
12849197
12849198
12849199
12849200
12849201
12849202
12849203
12849204
12849205
12849206
12849207
12849208
12849209
12849210
12849211
12849212
12849213
12849214
12849215
12849216
12849217
12849218
12849219
12849220
12849221
12849222
12849223
12849224
12849225
12849226
12849227
12849228
12849229
12849230
12849231
12849232
12849233
12849234
12849235
12849236
12849237
12849238
12849239
12849240
12849241
12849242
12849243
12849244
12849245
12849246
12849247
12849248
12849249
12849250
12849251
12849252
12849253
12849254
12849255
12849256
12849257
12849258
12849259
12849260
12849261
12849262
12849263
12849264
12849265
12849266
12849267
12849268
12849269
12849270
12849271
12849272
12849273
12849274
12849275
12849276
12849277
12849278
12849279
12849280
12849281
12849282
12849283
12849284
12849285
12849286
12849287
12849288
12849289
12849290
12849291
12849292
12849293
12849294
12849295
12849296
12849297
12849298
12849299
12849300
12849301
12849302
12849303
12849304
12849305
12849306
12849307
12849308
12849309
12849310
12849311
12849312
12849313
12849314
12849315
12849316
12849317
12849318
12849319
12849320
12849321
12849322
12849323
12849324
12849325
12849326
12849327
12849328
12849329
12849330
12849331
12849332
12849333
12849334
12849335
12849336
12849337
12849338
12849339
12849340
12849341
12849342
12849343
12849344
12849345
12849346
12849347
12849348
12849349
12849350
12849351
12849352
12849353
12849354
12849355
12849356
12849357
12849358
12849359
12849360
12849361
12849362
12849363
12849364
12849365
12849366
12849367
12849368
12849369
12849370
12849371
12849372
12849373
12849374
12849375
12849376
12849377
12849378
12849379
12849380
12849381
12849382
12849383
12849384
12849385
12849386
12849387
12849388
12849389
12849390
12849391
12849392
12849393
12849394
12849395
12849396
12849397
12849398
12849399
12849400
12849401
12849402
12849403
12849404
12849405
12849406
12849407
12849408
12849409
12849410
12849411
12849412
12849413
12849414
12849415
12849416
12849417
12849418
12849419
12849420
12849421
12849422
12849423
12849424
12849425
12849426
12849427
12849428
12849429
12849430
12849431
12849432
12849433
12849434
12849435
12849436
12849437
12849438
12849439
12849440
12849441
12849442
12849443
12849444
12849445
12849446
12849447
12849448
12849449
12849450
12849451
12849452
12849453
12849454
12849455
12849456
12849457
12849458
12849459
12849460
12849461
12849462
12849463
12849464
12849465
12849466
12849467
12849468
12849469
12849470
12849471
12849472
12849473
12849474
12849475
12849476
12849477
12849478
12849479
12849480
12849481
12849482
12849483
12849484
12849485
12849486
12849487
12849488
12849489
12849490
12849491
12849492
12849493
12849494
12849495
12849496
12849497
12849498
12849499
12849500
12849501
12849502
12849503
12849504
12849505
12849506
12849507
12849508
12849509
12849510
12849511
12849512
12849513
12849514
12849515
12849516
12849517
12849518
12849519
12849520
12849521
12849522
12849523
12849524
12849525
12849526
12849527
12849528
12849529
12849530
12849531
12849532
12849533
12849534
12849535
12849536
12849537
12849538
12849539
12849540
12849541
12849542
12849543
12849544
12849545
12849546
12849547
12849548
12849549
12849550
12849551
12849552
12849553
12849554
12849555
12849556
12849557
12849558
12849559
12849560
12849561
12849562
12849563
12849564
12849565
12849566
12849567
12849568
12849569
12849570
12849571
12849572
12849573
12849574
12849575
12849576
12849577
12849578
12849579
12849580
12849581
12849582
12849583
12849584
12849585
12849586
12849587
12849588
12849589
12849590
12849591
12849592
12849593
12849594
12849595
12849596
12849597
12849598
12849599
12849600
12849601
12849602
12849603
12849604
12849605
12849606
12849607
12849608
12849609
12849610
12849611
12849612
12849613
12849614
12849615
12849616
12849617
12849618
12849619
12849620
12849621
12849622
12849623
12849624
12849625
12849626
12849627
12849628
12849629
12849630
12849631
12849632
12849633
12849634
12849635
12849636
12849637
12849638
12849639
12849640
12849641
12849642
12849643
12849644
12849645
12849646
12849647
12849648
12849649
12849650
12849651
12849652
12849653
12849654
12849655
12849656
12849657
12849658
12849659
12849660
12849661
12849662
12849663
12849664
12849665
12849666
12849667
12849668
12849669
12849670
12849671
12849672
12849673
12849674
12849675
12849676
12849677
12849678
12849679
12849680
12849681
12849682
12849683
12849684
12849685
12849686
12849687
12849688
12849689
12849690
12849691
12849692
12849693
12849694
12849695
12849696
12849697
12849698
12849699
12849700
12849701
12849702
12849703
12849704
12849705
12849706
12849707
12849708
12849709
12849710
12849711
12849712
12849713
12849714
12849715
12849716
12849717
12849718
12849719
12849720
12849721
12849722
12849723
12849724
12849725
12849726
12849727
12849728
12849729
12849730
12849731
12849732
12849733
12849734
12849735
12849736
12849737
12849738
12849739
12849740
12849741
12849742
12849743
12849744
12849745
12849746
12849747
12849748
12849749
12849750
12849751
12849752
12849753
12849754
12849755
12849756
12849757
12849758
12849759
12849760
12849761
12849762
12849763
12849764
12849765
12849766
12849767
12849768
12849769
12849770
12849771
12849772
12849773
12849774
12849775
12849776
12849777
12849778
12849779
12849780
12849781
12849782
12849783
12849784
12849785
12849786
12849787
12849788
12849789
12849790
12849791
12849792
12849793
12849794
12849795
12849796
12849797
12849798
12849799
12849800
12849801
12849802
12849803
12849804
12849805
12849806
12849807
12849808
12849809
12849810
12849811
12849812
12849813
12849814
12849815
12849816
12849817
12849818
12849819
12849820
12849821
12849822
12849823
12849824
12849825
12849826
12849827
12849828
12849829
12849830
12849831
12849832
12849833
12849834
12849835
12849836
12849837
12849838
12849839
12849840
12849841
12849842
12849843
12849844
12849845
12849846
12849847
12849848
12849849
12849850
12849851
12849852
12849853
12849854
12849855
12849856
12849857
12849858
12849859
12849860
12849861
12849862
12849863
12849864
12849865
12849866
12849867
12849868
12849869
12849870
12849871
12849872
12849873
12849874
12849875
12849876
12849877
12849878
12849879
12849880
12849881
12849882
12849883
12849884
12849885
12849886
12849887
12849888
12849889
12849890
12849891
12849892
12849893
12849894
12849895
12849896
12849897
12849898
12849899
12849900
12849901
12849902
12849903
12849904
12849905
12849906
12849907
12849908
12849909
12849910
12849911
12849912
12849913
12849914
12849915
12849916
12849917
12849918
12849919
12849920
12849921
12849922
12849923
12849924
12849925
12849926
12849927
12849928
12849929
12849930
12849931
12849932
12849933
12849934
12849935
12849936
12849937
12849938
12849939
12849940
12849941
12849942
12849943
12849944
12849945
12849946
12849947
12849948
12849949
12849950
12849951
12849952
12849953
12849954
12849955
12849956
12849957
12849958
12849959
12849960
12849961
12849962
12849963
12849964
12849965
12849966
12849967
12849968
12849969
12849970
12849971
12849972
12849973
12849974
12849975
12849976
12849977
12849978
12849979
12849980
12849981
12849982
12849983
12849984
12849985
12849986
12849987
12849988
12849989
12849990
12849991
12849992
12849993
12849994
12849995
12849996
12849997
12849998
12849999
12850000
12850001
12850002
12850003
12850004
12850005
12850006
12850007
12850008
12850009
12850010
12850011
12850012
12850013
12850014
12850015
12850016
12850017
12850018
12850019
12850020
12850021
12850022
12850023
12850024
12850025
12850026
12850027
12850028
12850029
12850030
12850031
12850032
12850033
12850034
12850035
12850036
12850037
12850038
12850039
12850040
12850041
12850042
12850043
12850044
12850045
12850046
12850047
12850048
12850049
12850050
12850051
12850052
12850053
12850054
12850055
12850056
12850057
12850058
12850059
12850060
12850061
12850062
12850063
12850064
12850065
12850066
12850067
12850068
12850069
12850070
12850071
12850072
12850073
12850074
12850075
12850076
12850077
12850078
12850079
12850080
12850081
12850082
12850083
12850084
12850085
12850086
12850087
12850088
12850089
12850090
12850091
12850092
12850093
12850094
12850095
12850096
12850097
12850098
12850099
12850100
12850101
12850102
12850103
12850104
12850105
12850106
12850107
12850108
12850109
12850110
12850111
12850112
12850113
12850114
12850115
12850116
12850117
12850118
12850119
12850120
12850121
12850122
12850123
12850124
12850125
12850126
12850127
12850128
12850129
12850130
12850131
12850132
12850133
12850134
12850135
12850136
12850137
12850138
12850139
12850140
12850141
12850142
12850143
12850144
12850145
12850146
12850147
12850148
12850149
12850150
12850151
12850152
12850153
12850154
12850155
12850156
12850157
12850158
12850159
12850160
12850161
12850162
12850163
12850164
12850165
12850166
12850167
12850168
12850169
12850170
12850171
12850172
12850173
12850174
12850175
12850176
12850177
12850178
12850179
12850180
12850181
12850182
12850183
12850184
12850185
12850186
12850187
12850188
12850189
12850190
12850191
12850192
12850193
12850194
12850195
12850196
12850197
12850198
12850199
12850200
12850201
12850202
12850203
12850204
12850205
12850206
12850207
12850208
12850209
12850210
12850211
12850212
12850213
12850214
12850215
12850216
12850217
12850218
12850219
12850220
12850221
12850222
12850223
12850224
12850225
12850226
12850227
12850228
12850229
12850230
12850231
12850232
12850233
12850234
12850235
12850236
12850237
12850238
12850239
12850240
12850241
12850242
12850243
12850244
12850245
12850246
12850247
12850248
12850249
12850250
12850251
12850252
12850253
12850254
12850255
12850256
12850257
12850258
12850259
12850260
12850261
12850262
12850263
12850264
12850265
12850266
12850267
12850268
12850269
12850270
12850271
12850272
12850273
12850274
12850275
12850276
12850277
12850278
12850279
12850280
12850281
12850282
12850283
12850284
12850285
12850286
12850287
12850288
12850289
12850290
12850291
12850292
12850293
12850294
12850295
12850296
12850297
12850298
12850299
12850300
12850301
12850302
12850303
12850304
12850305
12850306
12850307
12850308
12850309
12850310
12850311
12850312
12850313
12850314
12850315
12850316
12850317
12850318
12850319
12850320
12850321
12850322
12850323
12850324
12850325
12850326
12850327
12850328
12850329
12850330
12850331
12850332
12850333
12850334
12850335
12850336
12850337
12850338
12850339
12850340
12850341
12850342
12850343
12850344
12850345
12850346
12850347
12850348
12850349
12850350
12850351
12850352
12850353
12850354
12850355
12850356
12850357
12850358
12850359
12850360
12850361
12850362
12850363
12850364
12850365
12850366
12850367
12850368
12850369
12850370
12850371
12850372
12850373
12850374
12850375
12850376
12850377
12850378
12850379
12850380
12850381
12850382
12850383
12850384
12850385
12850386
12850387
12850388
12850389
12850390
12850391
12850392
12850393
12850394
12850395
12850396
12850397
12850398
12850399
12850400
12850401
12850402
12850403
12850404
12850405
12850406
12850407
12850408
12850409
12850410
12850411
12850412
12850413
12850414
12850415
12850416
12850417
12850418
12850419
12850420
12850421
12850422
12850423
12850424
12850425
12850426
12850427
12850428
12850429
12850430
12850431
12850432
12850433
12850434
12850435
12850436
12850437
12850438
12850439
12850440
12850441
12850442
12850443
12850444
12850445
12850446
12850447
12850448
12850449
12850450
12850451
12850452
12850453
12850454
12850455
12850456
12850457
12850458
12850459
12850460
12850461
12850462
12850463
12850464
12850465
12850466
12850467
12850468
12850469
12850470
12850471
12850472
12850473
12850474
12850475
12850476
12850477
12850478
12850479
12850480
12850481
12850482
12850483
12850484
12850485
12850486
12850487
12850488
12850489
12850490
12850491
12850492
12850493
12850494
12850495
12850496
12850497
12850498
12850499
12850500
12850501
12850502
12850503
12850504
12850505
12850506
12850507
12850508
12850509
12850510
12850511
12850512
12850513
12850514
12850515
12850516
12850517
12850518
12850519
12850520
12850521
12850522
12850523
12850524
12850525
12850526
12850527
12850528
12850529
12850530
12850531
12850532
12850533
12850534
12850535
12850536
12850537
12850538
12850539
12850540
12850541
12850542
12850543
12850544
12850545
12850546
12850547
12850548
12850549
12850550
12850551
12850552
12850553
12850554
12850555
12850556
12850557
12850558
12850559
12850560
12850561
12850562
12850563
12850564
12850565
12850566
12850567
12850568
12850569
12850570
12850571
12850572
12850573
12850574
12850575
12850576
12850577
12850578
12850579
12850580
12850581
12850582
12850583
12850584
12850585
12850586
12850587
12850588
12850589
12850590
12850591
12850592
12850593
12850594
12850595
12850596
12850597
12850598
12850599
12850600
12850601
12850602
12850603
12850604
12850605
12850606
12850607
12850608
12850609
12850610
12850611
12850612
12850613
12850614
12850615
12850616
12850617
12850618
12850619
12850620
12850621
12850622
12850623
12850624
12850625
12850626
12850627
12850628
12850629
12850630
12850631
12850632
12850633
12850634
12850635
12850636
12850637
12850638
12850639
12850640
12850641
12850642
12850643
12850644
12850645
12850646
12850647
12850648
12850649
12850650
12850651
12850652
12850653
12850654
12850655
12850656
12850657
12850658
12850659
12850660
12850661
12850662
12850663
12850664
12850665
12850666
12850667
12850668
12850669
12850670
12850671
12850672
12850673
12850674
12850675
12850676
12850677
12850678
12850679
12850680
12850681
12850682
12850683
12850684
12850685
12850686
12850687
12850688
12850689
12850690
12850691
12850692
12850693
12850694
12850695
12850696
12850697
12850698
12850699
12850700
12850701
12850702
12850703
12850704
12850705
12850706
12850707
12850708
12850709
12850710
12850711
12850712
12850713
12850714
12850715
12850716
12850717
12850718
12850719
12850720
12850721
12850722
12850723
12850724
12850725
12850726
12850727
12850728
12850729
12850730
12850731
12850732
12850733
12850734
12850735
12850736
12850737
12850738
12850739
12850740
12850741
12850742
12850743
12850744
12850745
12850746
12850747
12850748
12850749
12850750
12850751
12850752
12850753
12850754
12850755
12850756
12850757
12850758
12850759
12850760
12850761
12850762
12850763
12850764
12850765
12850766
12850767
12850768
12850769
12850770
12850771
12850772
12850773
12850774
12850775
12850776
12850777
12850778
12850779
12850780
12850781
12850782
12850783
12850784
12850785
12850786
12850787
12850788
12850789
12850790
12850791
12850792
12850793
12850794
12850795
12850796
12850797
12850798
12850799
12850800
12850801
12850802
12850803
12850804
12850805
12850806
12850807
12850808
12850809
12850810
12850811
12850812
12850813
12850814
12850815
12850816
12850817
12850818
12850819
12850820
12850821
12850822
12850823
12850824
12850825
12850826
12850827
12850828
12850829
12850830
12850831
12850832
12850833
12850834
12850835
12850836
12850837
12850838
12850839
12850840
12850841
12850842
12850843
12850844
12850845
12850846
12850847
12850848
12850849
12850850
12850851
12850852
12850853
12850854
12850855
12850856
12850857
12850858
12850859
12850860
12850861
12850862
12850863
12850864
12850865
12850866
12850867
12850868
12850869
12850870
12850871
12850872
12850873
12850874
12850875
12850876
12850877
12850878
12850879
12850880
12850881
12850882
12850883
12850884
12850885
12850886
12850887
12850888
12850889
12850890
12850891
12850892
12850893
12850894
12850895
12850896
12850897
12850898
12850899
12850900
12850901
12850902
12850903
12850904
12850905
12850906
12850907
12850908
12850909
12850910
12850911
12850912
12850913
12850914
12850915
12850916
12850917
12850918
12850919
12850920
12850921
12850922
12850923
12850924
12850925
12850926
12850927
12850928
12850929
12850930
12850931
12850932
12850933
12850934
12850935
12850936
12850937
12850938
12850939
12850940
12850941
12850942
12850943
12850944
12850945
12850946
12850947
12850948
12850949
12850950
12850951
12850952
12850953
12850954
12850955
12850956
12850957
12850958
12850959
12850960
12850961
12850962
12850963
12850964
12850965
12850966
12850967
12850968
12850969
12850970
12850971
12850972
12850973
12850974
12850975
12850976
12850977
12850978
12850979
12850980
12850981
12850982
12850983
12850984
12850985
12850986
12850987
12850988
12850989
12850990
12850991
12850992
12850993
12850994
12850995
12850996
12850997
12850998
12850999
12851000
12851001
12851002
12851003
12851004
12851005
12851006
12851007
12851008
12851009
12851010
12851011
12851012
12851013
12851014
12851015
12851016
12851017
12851018
12851019
12851020
12851021
12851022
12851023
12851024
12851025
12851026
12851027
12851028
12851029
12851030
12851031
12851032
12851033
12851034
12851035
12851036
12851037
12851038
12851039
12851040
12851041
12851042
12851043
12851044
12851045
12851046
12851047
12851048
12851049
12851050
12851051
12851052
12851053
12851054
12851055
12851056
12851057
12851058
12851059
12851060
12851061
12851062
12851063
12851064
12851065
12851066
12851067
12851068
12851069
12851070
12851071
12851072
12851073
12851074
12851075
12851076
12851077
12851078
12851079
12851080
12851081
12851082
12851083
12851084
12851085
12851086
12851087
12851088
12851089
12851090
12851091
12851092
12851093
12851094
12851095
12851096
12851097
12851098
12851099
12851100
12851101
12851102
12851103
12851104
12851105
12851106
12851107
12851108
12851109
12851110
12851111
12851112
12851113
12851114
12851115
12851116
12851117
12851118
12851119
12851120
12851121
12851122
12851123
12851124
12851125
12851126
12851127
12851128
12851129
12851130
12851131
12851132
12851133
12851134
12851135
12851136
12851137
12851138
12851139
12851140
12851141
12851142
12851143
12851144
12851145
12851146
12851147
12851148
12851149
12851150
12851151
12851152
12851153
12851154
12851155
12851156
12851157
12851158
12851159
12851160
12851161
12851162
12851163
12851164
12851165
12851166
12851167
12851168
12851169
12851170
12851171
12851172
12851173
12851174
12851175
12851176
12851177
12851178
12851179
12851180
12851181
12851182
12851183
12851184
12851185
12851186
12851187
12851188
12851189
12851190
12851191
12851192
12851193
12851194
12851195
12851196
12851197
12851198
12851199
12851200
12851201
12851202
12851203
12851204
12851205
12851206
12851207
12851208
12851209
12851210
12851211
12851212
12851213
12851214
12851215
12851216
12851217
12851218
12851219
12851220
12851221
12851222
12851223
12851224
12851225
12851226
12851227
12851228
12851229
12851230
12851231
12851232
12851233
12851234
12851235
12851236
12851237
12851238
12851239
12851240
12851241
12851242
12851243
12851244
12851245
12851246
12851247
12851248
12851249
12851250
12851251
12851252
12851253
12851254
12851255
12851256
12851257
12851258
12851259
12851260
12851261
12851262
12851263
12851264
12851265
12851266
12851267
12851268
12851269
12851270
12851271
12851272
12851273
12851274
12851275
12851276
12851277
12851278
12851279
12851280
12851281
12851282
12851283
12851284
12851285
12851286
12851287
12851288
12851289
12851290
12851291
12851292
12851293
12851294
12851295
12851296
12851297
12851298
12851299
12851300
12851301
12851302
12851303
12851304
12851305
12851306
12851307
12851308
12851309
12851310
12851311
12851312
12851313
12851314
12851315
12851316
12851317
12851318
12851319
12851320
12851321
12851322
12851323
12851324
12851325
12851326
12851327
12851328
12851329
12851330
12851331
12851332
12851333
12851334
12851335
12851336
12851337
12851338
12851339
12851340
12851341
12851342
12851343
12851344
12851345
12851346
12851347
12851348
12851349
12851350
12851351
12851352
12851353
12851354
12851355
12851356
12851357
12851358
12851359
12851360
12851361
12851362
12851363
12851364
12851365
12851366
12851367
12851368
12851369
12851370
12851371
12851372
12851373
12851374
12851375
12851376
12851377
12851378
12851379
12851380
12851381
12851382
12851383
12851384
12851385
12851386
12851387
12851388
12851389
12851390
12851391
12851392
12851393
12851394
12851395
12851396
12851397
12851398
12851399
12851400
12851401
12851402
12851403
12851404
12851405
12851406
12851407
12851408
12851409
12851410
12851411
12851412
12851413
12851414
12851415
12851416
12851417
12851418
12851419
12851420
12851421
12851422
12851423
12851424
12851425
12851426
12851427
12851428
12851429
12851430
12851431
12851432
12851433
12851434
12851435
12851436
12851437
12851438
12851439
12851440
12851441
12851442
12851443
12851444
12851445
12851446
12851447
12851448
12851449
12851450
12851451
12851452
12851453
12851454
12851455
12851456
12851457
12851458
12851459
12851460
12851461
12851462
12851463
12851464
12851465
12851466
12851467
12851468
12851469
12851470
12851471
12851472
12851473
12851474
12851475
12851476
12851477
12851478
12851479
12851480
12851481
12851482
12851483
12851484
12851485
12851486
12851487
12851488
12851489
12851490
12851491
12851492
12851493
12851494
12851495
12851496
12851497
12851498
12851499
12851500
12851501
12851502
12851503
12851504
12851505
12851506
12851507
12851508
12851509
12851510
12851511
12851512
12851513
12851514
12851515
12851516
12851517
12851518
12851519
12851520
12851521
12851522
12851523
12851524
12851525
12851526
12851527
12851528
12851529
12851530
12851531
12851532
12851533
12851534
12851535
12851536
12851537
12851538
12851539
12851540
12851541
12851542
12851543
12851544
12851545
12851546
12851547
12851548
12851549
12851550
12851551
12851552
12851553
12851554
12851555
12851556
12851557
12851558
12851559
12851560
12851561
12851562
12851563
12851564
12851565
12851566
12851567
12851568
12851569
12851570
12851571
12851572
12851573
12851574
12851575
12851576
12851577
12851578
12851579
12851580
12851581
12851582
12851583
12851584
12851585
12851586
12851587
12851588
12851589
12851590
12851591
12851592
12851593
12851594
12851595
12851596
12851597
12851598
12851599
12851600
12851601
12851602
12851603
12851604
12851605
12851606
12851607
12851608
12851609
12851610
12851611
12851612
12851613
12851614
12851615
12851616
12851617
12851618
12851619
12851620
12851621
12851622
12851623
12851624
12851625
12851626
12851627
12851628
12851629
12851630
12851631
12851632
12851633
12851634
12851635
12851636
12851637
12851638
12851639
12851640
12851641
12851642
12851643
12851644
12851645
12851646
12851647
12851648
12851649
12851650
12851651
12851652
12851653
12851654
12851655
12851656
12851657
12851658
12851659
12851660
12851661
12851662
12851663
12851664
12851665
12851666
12851667
12851668
12851669
12851670
12851671
12851672
12851673
12851674
12851675
12851676
12851677
12851678
12851679
12851680
12851681
12851682
12851683
12851684
12851685
12851686
12851687
12851688
12851689
12851690
12851691
12851692
12851693
12851694
12851695
12851696
12851697
12851698
12851699
12851700
12851701
12851702
12851703
12851704
12851705
12851706
12851707
12851708
12851709
12851710
12851711
12851712
12851713
12851714
12851715
12851716
12851717
12851718
12851719
12851720
12851721
12851722
12851723
12851724
12851725
12851726
12851727
12851728
12851729
12851730
12851731
12851732
12851733
12851734
12851735
12851736
12851737
12851738
12851739
12851740
12851741
12851742
12851743
12851744
12851745
12851746
12851747
12851748
12851749
12851750
12851751
12851752
12851753
12851754
12851755
12851756
12851757
12851758
12851759
12851760
12851761
12851762
12851763
12851764
12851765
12851766
12851767
12851768
12851769
12851770
12851771
12851772
12851773
12851774
12851775
12851776
12851777
12851778
12851779
12851780
12851781
12851782
12851783
12851784
12851785
12851786
12851787
12851788
12851789
12851790
12851791
12851792
12851793
12851794
12851795
12851796
12851797
12851798
12851799
12851800
12851801
12851802
12851803
12851804
12851805
12851806
12851807
12851808
12851809
12851810
12851811
12851812
12851813
12851814
12851815
12851816
12851817
12851818
12851819
12851820
12851821
12851822
12851823
12851824
12851825
12851826
12851827
12851828
12851829
12851830
12851831
12851832
12851833
12851834
12851835
12851836
12851837
12851838
12851839
12851840
12851841
12851842
12851843
12851844
12851845
12851846
12851847
12851848
12851849
12851850
12851851
12851852
12851853
12851854
12851855
12851856
12851857
12851858
12851859
12851860
12851861
12851862
12851863
12851864
12851865
12851866
12851867
12851868
12851869
12851870
12851871
12851872
12851873
12851874
12851875
12851876
12851877
12851878
12851879
12851880
12851881
12851882
12851883
12851884
12851885
12851886
12851887
12851888
12851889
12851890
12851891
12851892
12851893
12851894
12851895
12851896
12851897
12851898
12851899
12851900
12851901
12851902
12851903
12851904
12851905
12851906
12851907
12851908
12851909
12851910
12851911
12851912
12851913
12851914
12851915
12851916
12851917
12851918
12851919
12851920
12851921
12851922
12851923
12851924
12851925
12851926
12851927
12851928
12851929
12851930
12851931
12851932
12851933
12851934
12851935
12851936
12851937
12851938
12851939
12851940
12851941
12851942
12851943
12851944
12851945
12851946
12851947
12851948
12851949
12851950
12851951
12851952
12851953
12851954
12851955
12851956
12851957
12851958
12851959
12851960
12851961
12851962
12851963
12851964
12851965
12851966
12851967
12851968
12851969
12851970
12851971
12851972
12851973
12851974
12851975
12851976
12851977
12851978
12851979
12851980
12851981
12851982
12851983
12851984
12851985
12851986
12851987
12851988
12851989
12851990
12851991
12851992
12851993
12851994
12851995
12851996
12851997
12851998
12851999
12852000
12852001
12852002
12852003
12852004
12852005
12852006
12852007
12852008
12852009
12852010
12852011
12852012
12852013
12852014
12852015
12852016
12852017
12852018
12852019
12852020
12852021
12852022
12852023
12852024
12852025
12852026
12852027
12852028
12852029
12852030
12852031
12852032
12852033
12852034
12852035
12852036
12852037
12852038
12852039
12852040
12852041
12852042
12852043
12852044
12852045
12852046
12852047
12852048
12852049
12852050
12852051
12852052
12852053
12852054
12852055
12852056
12852057
12852058
12852059
12852060
12852061
12852062
12852063
12852064
12852065
12852066
12852067
12852068
12852069
12852070
12852071
12852072
12852073
12852074
12852075
12852076
12852077
12852078
12852079
12852080
12852081
12852082
12852083
12852084
12852085
12852086
12852087
12852088
12852089
12852090
12852091
12852092
12852093
12852094
12852095
12852096
12852097
12852098
12852099
12852100
12852101
12852102
12852103
12852104
12852105
12852106
12852107
12852108
12852109
12852110
12852111
12852112
12852113
12852114
12852115
12852116
12852117
12852118
12852119
12852120
12852121
12852122
12852123
12852124
12852125
12852126
12852127
12852128
12852129
12852130
12852131
12852132
12852133
12852134
12852135
12852136
12852137
12852138
12852139
12852140
12852141
12852142
12852143
12852144
12852145
12852146
12852147
12852148
12852149
12852150
12852151
12852152
12852153
12852154
12852155
12852156
12852157
12852158
12852159
12852160
12852161
12852162
12852163
12852164
12852165
12852166
12852167
12852168
12852169
12852170
12852171
12852172
12852173
12852174
12852175
12852176
12852177
12852178
12852179
12852180
12852181
12852182
12852183
12852184
12852185
12852186
12852187
12852188
12852189
12852190
12852191
12852192
12852193
12852194
12852195
12852196
12852197
12852198
12852199
12852200
12852201
12852202
12852203
12852204
12852205
12852206
12852207
12852208
12852209
12852210
12852211
12852212
12852213
12852214
12852215
12852216
12852217
12852218
12852219
12852220
12852221
12852222
12852223
12852224
12852225
12852226
12852227
12852228
12852229
12852230
12852231
12852232
12852233
12852234
12852235
12852236
12852237
12852238
12852239
12852240
12852241
12852242
12852243
12852244
12852245
12852246
12852247
12852248
12852249
12852250
12852251
12852252
12852253
12852254
12852255
12852256
12852257
12852258
12852259
12852260
12852261
12852262
12852263
12852264
12852265
12852266
12852267
12852268
12852269
12852270
12852271
12852272
12852273
12852274
12852275
12852276
12852277
12852278
12852279
12852280
12852281
12852282
12852283
12852284
12852285
12852286
12852287
12852288
12852289
12852290
12852291
12852292
12852293
12852294
12852295
12852296
12852297
12852298
12852299
12852300
12852301
12852302
12852303
12852304
12852305
12852306
12852307
12852308
12852309
12852310
12852311
12852312
12852313
12852314
12852315
12852316
12852317
12852318
12852319
12852320
12852321
12852322
12852323
12852324
12852325
12852326
12852327
12852328
12852329
12852330
12852331
12852332
12852333
12852334
12852335
12852336
12852337
12852338
12852339
12852340
12852341
12852342
12852343
12852344
12852345
12852346
12852347
12852348
12852349
12852350
12852351
12852352
12852353
12852354
12852355
12852356
12852357
12852358
12852359
12852360
12852361
12852362
12852363
12852364
12852365
12852366
12852367
12852368
12852369
12852370
12852371
12852372
12852373
12852374
12852375
12852376
12852377
12852378
12852379
12852380
12852381
12852382
12852383
12852384
12852385
12852386
12852387
12852388
12852389
12852390
12852391
12852392
12852393
12852394
12852395
12852396
12852397
12852398
12852399
12852400
12852401
12852402
12852403
12852404
12852405
12852406
12852407
12852408
12852409
12852410
12852411
12852412
12852413
12852414
12852415
12852416
12852417
12852418
12852419
12852420
12852421
12852422
12852423
12852424
12852425
12852426
12852427
12852428
12852429
12852430
12852431
12852432
12852433
12852434
12852435
12852436
12852437
12852438
12852439
12852440
12852441
12852442
12852443
12852444
12852445
12852446
12852447
12852448
12852449
12852450
12852451
12852452
12852453
12852454
12852455
12852456
12852457
12852458
12852459
12852460
12852461
12852462
12852463
12852464
12852465
12852466
12852467
12852468
12852469
12852470
12852471
12852472
12852473
12852474
12852475
12852476
12852477
12852478
12852479
12852480
12852481
12852482
12852483
12852484
12852485
12852486
12852487
12852488
12852489
12852490
12852491
12852492
12852493
12852494
12852495
12852496
12852497
12852498
12852499
12852500
12852501
12852502
12852503
12852504
12852505
12852506
12852507
12852508
12852509
12852510
12852511
12852512
12852513
12852514
12852515
12852516
12852517
12852518
12852519
12852520
12852521
12852522
12852523
12852524
12852525
12852526
12852527
12852528
12852529
12852530
12852531
12852532
12852533
12852534
12852535
12852536
12852537
12852538
12852539
12852540
12852541
12852542
12852543
12852544
12852545
12852546
12852547
12852548
12852549
12852550
12852551
12852552
12852553
12852554
12852555
12852556
12852557
12852558
12852559
12852560
12852561
12852562
12852563
12852564
12852565
12852566
12852567
12852568
12852569
12852570
12852571
12852572
12852573
12852574
12852575
12852576
12852577
12852578
12852579
12852580
12852581
12852582
12852583
12852584
12852585
12852586
12852587
12852588
12852589
12852590
12852591
12852592
12852593
12852594
12852595
12852596
12852597
12852598
12852599
12852600
12852601
12852602
12852603
12852604
12852605
12852606
12852607
12852608
12852609
12852610
12852611
12852612
12852613
12852614
12852615
12852616
12852617
12852618
12852619
12852620
12852621
12852622
12852623
12852624
12852625
12852626
12852627
12852628
12852629
12852630
12852631
12852632
12852633
12852634
12852635
12852636
12852637
12852638
12852639
12852640
12852641
12852642
12852643
12852644
12852645
12852646
12852647
12852648
12852649
12852650
12852651
12852652
12852653
12852654
12852655
12852656
12852657
12852658
12852659
12852660
12852661
12852662
12852663
12852664
12852665
12852666
12852667
12852668
12852669
12852670
12852671
12852672
12852673
12852674
12852675
12852676
12852677
12852678
12852679
12852680
12852681
12852682
12852683
12852684
12852685
12852686
12852687
12852688
12852689
12852690
12852691
12852692
12852693
12852694
12852695
12852696
12852697
12852698
12852699
12852700
12852701
12852702
12852703
12852704
12852705
12852706
12852707
12852708
12852709
12852710
12852711
12852712
12852713
12852714
12852715
12852716
12852717
12852718
12852719
12852720
12852721
12852722
12852723
12852724
12852725
12852726
12852727
12852728
12852729
12852730
12852731
12852732
12852733
12852734
12852735
12852736
12852737
12852738
12852739
12852740
12852741
12852742
12852743
12852744
12852745
12852746
12852747
12852748
12852749
12852750
12852751
12852752
12852753
12852754
12852755
12852756
12852757
12852758
12852759
12852760
12852761
12852762
12852763
12852764
12852765
12852766
12852767
12852768
12852769
12852770
12852771
12852772
12852773
12852774
12852775
12852776
12852777
12852778
12852779
12852780
12852781
12852782
12852783
12852784
12852785
12852786
12852787
12852788
12852789
12852790
12852791
12852792
12852793
12852794
12852795
12852796
12852797
12852798
12852799
12852800
12852801
12852802
12852803
12852804
12852805
12852806
12852807
12852808
12852809
12852810
12852811
12852812
12852813
12852814
12852815
12852816
12852817
12852818
12852819
12852820
12852821
12852822
12852823
12852824
12852825
12852826
12852827
12852828
12852829
12852830
12852831
12852832
12852833
12852834
12852835
12852836
12852837
12852838
12852839
12852840
12852841
12852842
12852843
12852844
12852845
12852846
12852847
12852848
12852849
12852850
12852851
12852852
12852853
12852854
12852855
12852856
12852857
12852858
12852859
12852860
12852861
12852862
12852863
12852864
12852865
12852866
12852867
12852868
12852869
12852870
12852871
12852872
12852873
12852874
12852875
12852876
12852877
12852878
12852879
12852880
12852881
12852882
12852883
12852884
12852885
12852886
12852887
12852888
12852889
12852890
12852891
12852892
12852893
12852894
12852895
12852896
12852897
12852898
12852899
12852900
12852901
12852902
12852903
12852904
12852905
12852906
12852907
12852908
12852909
12852910
12852911
12852912
12852913
12852914
12852915
12852916
12852917
12852918
12852919
12852920
12852921
12852922
12852923
12852924
12852925
12852926
12852927
12852928
12852929
12852930
12852931
12852932
12852933
12852934
12852935
12852936
12852937
12852938
12852939
12852940
12852941
12852942
12852943
12852944
12852945
12852946
12852947
12852948
12852949
12852950
12852951
12852952
12852953
12852954
12852955
12852956
12852957
12852958
12852959
12852960
12852961
12852962
12852963
12852964
12852965
12852966
12852967
12852968
12852969
12852970
12852971
12852972
12852973
12852974
12852975
12852976
12852977
12852978
12852979
12852980
12852981
12852982
12852983
12852984
12852985
12852986
12852987
12852988
12852989
12852990
12852991
12852992
12852993
12852994
12852995
12852996
12852997
12852998
12852999
12853000
12853001
12853002
12853003
12853004
12853005
12853006
12853007
12853008
12853009
12853010
12853011
12853012
12853013
12853014
12853015
12853016
12853017
12853018
12853019
12853020
12853021
12853022
12853023
12853024
12853025
12853026
12853027
12853028
12853029
12853030
12853031
12853032
12853033
12853034
12853035
12853036
12853037
12853038
12853039
12853040
12853041
12853042
12853043
12853044
12853045
12853046
12853047
12853048
12853049
12853050
12853051
12853052
12853053
12853054
12853055
12853056
12853057
12853058
12853059
12853060
12853061
12853062
12853063
12853064
12853065
12853066
12853067
12853068
12853069
12853070
12853071
12853072
12853073
12853074
12853075
12853076
12853077
12853078
12853079
12853080
12853081
12853082
12853083
12853084
12853085
12853086
12853087
12853088
12853089
12853090
12853091
12853092
12853093
12853094
12853095
12853096
12853097
12853098
12853099
12853100
12853101
12853102
12853103
12853104
12853105
12853106
12853107
12853108
12853109
12853110
12853111
12853112
12853113
12853114
12853115
12853116
12853117
12853118
12853119
12853120
12853121
12853122
12853123
12853124
12853125
12853126
12853127
12853128
12853129
12853130
12853131
12853132
12853133
12853134
12853135
12853136
12853137
12853138
12853139
12853140
12853141
12853142
12853143
12853144
12853145
12853146
12853147
12853148
12853149
12853150
12853151
12853152
12853153
12853154
12853155
12853156
12853157
12853158
12853159
12853160
12853161
12853162
12853163
12853164
12853165
12853166
12853167
12853168
12853169
12853170
12853171
12853172
12853173
12853174
12853175
12853176
12853177
12853178
12853179
12853180
12853181
12853182
12853183
12853184
12853185
12853186
12853187
12853188
12853189
12853190
12853191
12853192
12853193
12853194
12853195
12853196
12853197
12853198
12853199
12853200
12853201
12853202
12853203
12853204
12853205
12853206
12853207
12853208
12853209
12853210
12853211
12853212
12853213
12853214
12853215
12853216
12853217
12853218
12853219
12853220
12853221
12853222
12853223
12853224
12853225
12853226
12853227
12853228
12853229
12853230
12853231
12853232
12853233
12853234
12853235
12853236
12853237
12853238
12853239
12853240
12853241
12853242
12853243
12853244
12853245
12853246
12853247
12853248
12853249
12853250
12853251
12853252
12853253
12853254
12853255
12853256
12853257
12853258
12853259
12853260
12853261
12853262
12853263
12853264
12853265
12853266
12853267
12853268
12853269
12853270
12853271
12853272
12853273
12853274
12853275
12853276
12853277
12853278
12853279
12853280
12853281
12853282
12853283
12853284
12853285
12853286
12853287
12853288
12853289
12853290
12853291
12853292
12853293
12853294
12853295
12853296
12853297
12853298
12853299
12853300
12853301
12853302
12853303
12853304
12853305
12853306
12853307
12853308
12853309
12853310
12853311
12853312
12853313
12853314
12853315
12853316
12853317
12853318
12853319
12853320
12853321
12853322
12853323
12853324
12853325
12853326
12853327
12853328
12853329
12853330
12853331
12853332
12853333
12853334
12853335
12853336
12853337
12853338
12853339
12853340
12853341
12853342
12853343
12853344
12853345
12853346
12853347
12853348
12853349
12853350
12853351
12853352
12853353
12853354
12853355
12853356
12853357
12853358
12853359
12853360
12853361
12853362
12853363
12853364
12853365
12853366
12853367
12853368
12853369
12853370
12853371
12853372
12853373
12853374
12853375
12853376
12853377
12853378
12853379
12853380
12853381
12853382
12853383
12853384
12853385
12853386
12853387
12853388
12853389
12853390
12853391
12853392
12853393
12853394
12853395
12853396
12853397
12853398
12853399
12853400
12853401
12853402
12853403
12853404
12853405
12853406
12853407
12853408
12853409
12853410
12853411
12853412
12853413
12853414
12853415
12853416
12853417
12853418
12853419
12853420
12853421
12853422
12853423
12853424
12853425
12853426
12853427
12853428
12853429
12853430
12853431
12853432
12853433
12853434
12853435
12853436
12853437
12853438
12853439
12853440
12853441
12853442
12853443
12853444
12853445
12853446
12853447
12853448
12853449
12853450
12853451
12853452
12853453
12853454
12853455
12853456
12853457
12853458
12853459
12853460
12853461
12853462
12853463
12853464
12853465
12853466
12853467
12853468
12853469
12853470
12853471
12853472
12853473
12853474
12853475
12853476
12853477
12853478
12853479
12853480
12853481
12853482
12853483
12853484
12853485
12853486
12853487
12853488
12853489
12853490
12853491
12853492
12853493
12853494
12853495
12853496
12853497
12853498
12853499
12853500
12853501
12853502
12853503
12853504
12853505
12853506
12853507
12853508
12853509
12853510
12853511
12853512
12853513
12853514
12853515
12853516
12853517
12853518
12853519
12853520
12853521
12853522
12853523
12853524
12853525
12853526
12853527
12853528
12853529
12853530
12853531
12853532
12853533
12853534
12853535
12853536
12853537
12853538
12853539
12853540
12853541
12853542
12853543
12853544
12853545
12853546
12853547
12853548
12853549
12853550
12853551
12853552
12853553
12853554
12853555
12853556
12853557
12853558
12853559
12853560
12853561
12853562
12853563
12853564
12853565
12853566
12853567
12853568
12853569
12853570
12853571
12853572
12853573
12853574
12853575
12853576
12853577
12853578
12853579
12853580
12853581
12853582
12853583
12853584
12853585
12853586
12853587
12853588
12853589
12853590
12853591
12853592
12853593
12853594
12853595
12853596
12853597
12853598
12853599
12853600
12853601
12853602
12853603
12853604
12853605
12853606
12853607
12853608
12853609
12853610
12853611
12853612
12853613
12853614
12853615
12853616
12853617
12853618
12853619
12853620
12853621
12853622
12853623
12853624
12853625
12853626
12853627
12853628
12853629
12853630
12853631
12853632
12853633
12853634
12853635
12853636
12853637
12853638
12853639
12853640
12853641
12853642
12853643
12853644
12853645
12853646
12853647
12853648
12853649
12853650
12853651
12853652
12853653
12853654
12853655
12853656
12853657
12853658
12853659
12853660
12853661
12853662
12853663
12853664
12853665
12853666
12853667
12853668
12853669
12853670
12853671
12853672
12853673
12853674
12853675
12853676
12853677
12853678
12853679
12853680
12853681
12853682
12853683
12853684
12853685
12853686
12853687
12853688
12853689
12853690
12853691
12853692
12853693
12853694
12853695
12853696
12853697
12853698
12853699
12853700
12853701
12853702
12853703
12853704
12853705
12853706
12853707
12853708
12853709
12853710
12853711
12853712
12853713
12853714
12853715
12853716
12853717
12853718
12853719
12853720
12853721
12853722
12853723
12853724
12853725
12853726
12853727
12853728
12853729
12853730
12853731
12853732
12853733
12853734
12853735
12853736
12853737
12853738
12853739
12853740
12853741
12853742
12853743
12853744
12853745
12853746
12853747
12853748
12853749
12853750
12853751
12853752
12853753
12853754
12853755
12853756
12853757
12853758
12853759
12853760
12853761
12853762
12853763
12853764
12853765
12853766
12853767
12853768
12853769
12853770
12853771
12853772
12853773
12853774
12853775
12853776
12853777
12853778
12853779
12853780
12853781
12853782
12853783
12853784
12853785
12853786
12853787
12853788
12853789
12853790
12853791
12853792
12853793
12853794
12853795
12853796
12853797
12853798
12853799
12853800
12853801
12853802
12853803
12853804
12853805
12853806
12853807
12853808
12853809
12853810
12853811
12853812
12853813
12853814
12853815
12853816
12853817
12853818
12853819
12853820
12853821
12853822
12853823
12853824
12853825
12853826
12853827
12853828
12853829
12853830
12853831
12853832
12853833
12853834
12853835
12853836
12853837
12853838
12853839
12853840
12853841
12853842
12853843
12853844
12853845
12853846
12853847
12853848
12853849
12853850
12853851
12853852
12853853
12853854
12853855
12853856
12853857
12853858
12853859
12853860
12853861
12853862
12853863
12853864
12853865
12853866
12853867
12853868
12853869
12853870
12853871
12853872
12853873
12853874
12853875
12853876
12853877
12853878
12853879
12853880
12853881
12853882
12853883
12853884
12853885
12853886
12853887
12853888
12853889
12853890
12853891
12853892
12853893
12853894
12853895
12853896
12853897
12853898
12853899
12853900
12853901
12853902
12853903
12853904
12853905
12853906
12853907
12853908
12853909
12853910
12853911
12853912
12853913
12853914
12853915
12853916
12853917
12853918
12853919
12853920
12853921
12853922
12853923
12853924
12853925
12853926
12853927
12853928
12853929
12853930
12853931
12853932
12853933
12853934
12853935
12853936
12853937
12853938
12853939
12853940
12853941
12853942
12853943
12853944
12853945
12853946
12853947
12853948
12853949
12853950
12853951
12853952
12853953
12853954
12853955
12853956
12853957
12853958
12853959
12853960
12853961
12853962
12853963
12853964
12853965
12853966
12853967
12853968
12853969
12853970
12853971
12853972
12853973
12853974
12853975
12853976
12853977
12853978
12853979
12853980
12853981
12853982
12853983
12853984
12853985
12853986
12853987
12853988
12853989
12853990
12853991
12853992
12853993
12853994
12853995
12853996
12853997
12853998
12853999
12854000
12854001
12854002
12854003
12854004
12854005
12854006
12854007
12854008
12854009
12854010
12854011
12854012
12854013
12854014
12854015
12854016
12854017
12854018
12854019
12854020
12854021
12854022
12854023
12854024
12854025
12854026
12854027
12854028
12854029
12854030
12854031
12854032
12854033
12854034
12854035
12854036
12854037
12854038
12854039
12854040
12854041
12854042
12854043
12854044
12854045
12854046
12854047
12854048
12854049
12854050
12854051
12854052
12854053
12854054
12854055
12854056
12854057
12854058
12854059
12854060
12854061
12854062
12854063
12854064
12854065
12854066
12854067
12854068
12854069
12854070
12854071
12854072
12854073
12854074
12854075
12854076
12854077
12854078
12854079
12854080
12854081
12854082
12854083
12854084
12854085
12854086
12854087
12854088
12854089
12854090
12854091
12854092
12854093
12854094
12854095
12854096
12854097
12854098
12854099
12854100
12854101
12854102
12854103
12854104
12854105
12854106
12854107
12854108
12854109
12854110
12854111
12854112
12854113
12854114
12854115
12854116
12854117
12854118
12854119
12854120
12854121
12854122
12854123
12854124
12854125
12854126
12854127
12854128
12854129
12854130
12854131
12854132
12854133
12854134
12854135
12854136
12854137
12854138
12854139
12854140
12854141
12854142
12854143
12854144
12854145
12854146
12854147
12854148
12854149
12854150
12854151
12854152
12854153
12854154
12854155
12854156
12854157
12854158
12854159
12854160
12854161
12854162
12854163
12854164
12854165
12854166
12854167
12854168
12854169
12854170
12854171
12854172
12854173
12854174
12854175
12854176
12854177
12854178
12854179
12854180
12854181
12854182
12854183
12854184
12854185
12854186
12854187
12854188
12854189
12854190
12854191
12854192
12854193
12854194
12854195
12854196
12854197
12854198
12854199
12854200
12854201
12854202
12854203
12854204
12854205
12854206
12854207
12854208
12854209
12854210
12854211
12854212
12854213
12854214
12854215
12854216
12854217
12854218
12854219
12854220
12854221
12854222
12854223
12854224
12854225
12854226
12854227
12854228
12854229
12854230
12854231
12854232
12854233
12854234
12854235
12854236
12854237
12854238
12854239
12854240
12854241
12854242
12854243
12854244
12854245
12854246
12854247
12854248
12854249
12854250
12854251
12854252
12854253
12854254
12854255
12854256
12854257
12854258
12854259
12854260
12854261
12854262
12854263
12854264
12854265
12854266
12854267
12854268
12854269
12854270
12854271
12854272
12854273
12854274
12854275
12854276
12854277
12854278
12854279
12854280
12854281
12854282
12854283
12854284
12854285
12854286
12854287
12854288
12854289
12854290
12854291
12854292
12854293
12854294
12854295
12854296
12854297
12854298
12854299
12854300
12854301
12854302
12854303
12854304
12854305
12854306
12854307
12854308
12854309
12854310
12854311
12854312
12854313
12854314
12854315
12854316
12854317
12854318
12854319
12854320
12854321
12854322
12854323
12854324
12854325
12854326
12854327
12854328
12854329
12854330
12854331
12854332
12854333
12854334
12854335
12854336
12854337
12854338
12854339
12854340
12854341
12854342
12854343
12854344
12854345
12854346
12854347
12854348
12854349
12854350
12854351
12854352
12854353
12854354
12854355
12854356
12854357
12854358
12854359
12854360
12854361
12854362
12854363
12854364
12854365
12854366
12854367
12854368
12854369
12854370
12854371
12854372
12854373
12854374
12854375
12854376
12854377
12854378
12854379
12854380
12854381
12854382
12854383
12854384
12854385
12854386
12854387
12854388
12854389
12854390
12854391
12854392
12854393
12854394
12854395
12854396
12854397
12854398
12854399
12854400
12854401
12854402
12854403
12854404
12854405
12854406
12854407
12854408
12854409
12854410
12854411
12854412
12854413
12854414
12854415
12854416
12854417
12854418
12854419
12854420
12854421
12854422
12854423
12854424
12854425
12854426
12854427
12854428
12854429
12854430
12854431
12854432
12854433
12854434
12854435
12854436
12854437
12854438
12854439
12854440
12854441
12854442
12854443
12854444
12854445
12854446
12854447
12854448
12854449
12854450
12854451
12854452
12854453
12854454
12854455
12854456
12854457
12854458
12854459
12854460
12854461
12854462
12854463
12854464
12854465
12854466
12854467
12854468
12854469
12854470
12854471
12854472
12854473
12854474
12854475
12854476
12854477
12854478
12854479
12854480
12854481
12854482
12854483
12854484
12854485
12854486
12854487
12854488
12854489
12854490
12854491
12854492
12854493
12854494
12854495
12854496
12854497
12854498
12854499
12854500
12854501
12854502
12854503
12854504
12854505
12854506
12854507
12854508
12854509
12854510
12854511
12854512
12854513
12854514
12854515
12854516
12854517
12854518
12854519
12854520
12854521
12854522
12854523
12854524
12854525
12854526
12854527
12854528
12854529
12854530
12854531
12854532
12854533
12854534
12854535
12854536
12854537
12854538
12854539
12854540
12854541
12854542
12854543
12854544
12854545
12854546
12854547
12854548
12854549
12854550
12854551
12854552
12854553
12854554
12854555
12854556
12854557
12854558
12854559
12854560
12854561
12854562
12854563
12854564
12854565
12854566
12854567
12854568
12854569
12854570
12854571
12854572
12854573
12854574
12854575
12854576
12854577
12854578
12854579
12854580
12854581
12854582
12854583
12854584
12854585
12854586
12854587
12854588
12854589
12854590
12854591
12854592
12854593
12854594
12854595
12854596
12854597
12854598
12854599
12854600
12854601
12854602
12854603
12854604
12854605
12854606
12854607
12854608
12854609
12854610
12854611
12854612
12854613
12854614
12854615
12854616
12854617
12854618
12854619
12854620
12854621
12854622
12854623
12854624
12854625
12854626
12854627
12854628
12854629
12854630
12854631
12854632
12854633
12854634
12854635
12854636
12854637
12854638
12854639
12854640
12854641
12854642
12854643
12854644
12854645
12854646
12854647
12854648
12854649
12854650
12854651
12854652
12854653
12854654
12854655
12854656
12854657
12854658
12854659
12854660
12854661
12854662
12854663
12854664
12854665
12854666
12854667
12854668
12854669
12854670
12854671
12854672
12854673
12854674
12854675
12854676
12854677
12854678
12854679
12854680
12854681
12854682
12854683
12854684
12854685
12854686
12854687
12854688
12854689
12854690
12854691
12854692
12854693
12854694
12854695
12854696
12854697
12854698
12854699
12854700
12854701
12854702
12854703
12854704
12854705
12854706
12854707
12854708
12854709
12854710
12854711
12854712
12854713
12854714
12854715
12854716
12854717
12854718
12854719
12854720
12854721
12854722
12854723
12854724
12854725
12854726
12854727
12854728
12854729
12854730
12854731
12854732
12854733
12854734
12854735
12854736
12854737
12854738
12854739
12854740
12854741
12854742
12854743
12854744
12854745
12854746
12854747
12854748
12854749
12854750
12854751
12854752
12854753
12854754
12854755
12854756
12854757
12854758
12854759
12854760
12854761
12854762
12854763
12854764
12854765
12854766
12854767
12854768
12854769
12854770
12854771
12854772
12854773
12854774
12854775
12854776
12854777
12854778
12854779
12854780
12854781
12854782
12854783
12854784
12854785
12854786
12854787
12854788
12854789
12854790
12854791
12854792
12854793
12854794
12854795
12854796
12854797
12854798
12854799
12854800
12854801
12854802
12854803
12854804
12854805
12854806
12854807
12854808
12854809
12854810
12854811
12854812
12854813
12854814
12854815
12854816
12854817
12854818
12854819
12854820
12854821
12854822
12854823
12854824
12854825
12854826
12854827
12854828
12854829
12854830
12854831
12854832
12854833
12854834
12854835
12854836
12854837
12854838
12854839
12854840
12854841
12854842
12854843
12854844
12854845
12854846
12854847
12854848
12854849
12854850
12854851
12854852
12854853
12854854
12854855
12854856
12854857
12854858
12854859
12854860
12854861
12854862
12854863
12854864
12854865
12854866
12854867
12854868
12854869
12854870
12854871
12854872
12854873
12854874
12854875
12854876
12854877
12854878
12854879
12854880
12854881
12854882
12854883
12854884
12854885
12854886
12854887
12854888
12854889
12854890
12854891
12854892
12854893
12854894
12854895
12854896
12854897
12854898
12854899
12854900
12854901
12854902
12854903
12854904
12854905
12854906
12854907
12854908
12854909
12854910
12854911
12854912
12854913
12854914
12854915
12854916
12854917
12854918
12854919
12854920
12854921
12854922
12854923
12854924
12854925
12854926
12854927
12854928
12854929
12854930
12854931
12854932
12854933
12854934
12854935
12854936
12854937
12854938
12854939
12854940
12854941
12854942
12854943
12854944
12854945
12854946
12854947
12854948
12854949
12854950
12854951
12854952
12854953
12854954
12854955
12854956
12854957
12854958
12854959
12854960
12854961
12854962
12854963
12854964
12854965
12854966
12854967
12854968
12854969
12854970
12854971
12854972
12854973
12854974
12854975
12854976
12854977
12854978
12854979
12854980
12854981
12854982
12854983
12854984
12854985
12854986
12854987
12854988
12854989
12854990
12854991
12854992
12854993
12854994
12854995
12854996
12854997
12854998
12854999
12855000
12855001
12855002
12855003
12855004
12855005
12855006
12855007
12855008
12855009
12855010
12855011
12855012
12855013
12855014
12855015
12855016
12855017
12855018
12855019
12855020
12855021
12855022
12855023
12855024
12855025
12855026
12855027
12855028
12855029
12855030
12855031
12855032
12855033
12855034
12855035
12855036
12855037
12855038
12855039
12855040
12855041
12855042
12855043
12855044
12855045
12855046
12855047
12855048
12855049
12855050
12855051
12855052
12855053
12855054
12855055
12855056
12855057
12855058
12855059
12855060
12855061
12855062
12855063
12855064
12855065
12855066
12855067
12855068
12855069
12855070
12855071
12855072
12855073
12855074
12855075
12855076
12855077
12855078
12855079
12855080
12855081
12855082
12855083
12855084
12855085
12855086
12855087
12855088
12855089
12855090
12855091
12855092
12855093
12855094
12855095
12855096
12855097
12855098
12855099
12855100
12855101
12855102
12855103
12855104
12855105
12855106
12855107
12855108
12855109
12855110
12855111
12855112
12855113
12855114
12855115
12855116
12855117
12855118
12855119
12855120
12855121
12855122
12855123
12855124
12855125
12855126
12855127
12855128
12855129
12855130
12855131
12855132
12855133
12855134
12855135
12855136
12855137
12855138
12855139
12855140
12855141
12855142
12855143
12855144
12855145
12855146
12855147
12855148
12855149
12855150
12855151
12855152
12855153
12855154
12855155
12855156
12855157
12855158
12855159
12855160
12855161
12855162
12855163
12855164
12855165
12855166
12855167
12855168
12855169
12855170
12855171
12855172
12855173
12855174
12855175
12855176
12855177
12855178
12855179
12855180
12855181
12855182
12855183
12855184
12855185
12855186
12855187
12855188
12855189
12855190
12855191
12855192
12855193
12855194
12855195
12855196
12855197
12855198
12855199
12855200
12855201
12855202
12855203
12855204
12855205
12855206
12855207
12855208
12855209
12855210
12855211
12855212
12855213
12855214
12855215
12855216
12855217
12855218
12855219
12855220
12855221
12855222
12855223
12855224
12855225
12855226
12855227
12855228
12855229
12855230
12855231
12855232
12855233
12855234
12855235
12855236
12855237
12855238
12855239
12855240
12855241
12855242
12855243
12855244
12855245
12855246
12855247
12855248
12855249
12855250
12855251
12855252
12855253
12855254
12855255
12855256
12855257
12855258
12855259
12855260
12855261
12855262
12855263
12855264
12855265
12855266
12855267
12855268
12855269
12855270
12855271
12855272
12855273
12855274
12855275
12855276
12855277
12855278
12855279
12855280
12855281
12855282
12855283
12855284
12855285
12855286
12855287
12855288
12855289
12855290
12855291
12855292
12855293
12855294
12855295
12855296
12855297
12855298
12855299
12855300
12855301
12855302
12855303
12855304
12855305
12855306
12855307
12855308
12855309
12855310
12855311
12855312
12855313
12855314
12855315
12855316
12855317
12855318
12855319
12855320
12855321
12855322
12855323
12855324
12855325
12855326
12855327
12855328
12855329
12855330
12855331
12855332
12855333
12855334
12855335
12855336
12855337
12855338
12855339
12855340
12855341
12855342
12855343
12855344
12855345
12855346
12855347
12855348
12855349
12855350
12855351
12855352
12855353
12855354
12855355
12855356
12855357
12855358
12855359
12855360
12855361
12855362
12855363
12855364
12855365
12855366
12855367
12855368
12855369
12855370
12855371
12855372
12855373
12855374
12855375
12855376
12855377
12855378
12855379
12855380
12855381
12855382
12855383
12855384
12855385
12855386
12855387
12855388
12855389
12855390
12855391
12855392
12855393
12855394
12855395
12855396
12855397
12855398
12855399
12855400
12855401
12855402
12855403
12855404
12855405
12855406
12855407
12855408
12855409
12855410
12855411
12855412
12855413
12855414
12855415
12855416
12855417
12855418
12855419
12855420
12855421
12855422
12855423
12855424
12855425
12855426
12855427
12855428
12855429
12855430
12855431
12855432
12855433
12855434
12855435
12855436
12855437
12855438
12855439
12855440
12855441
12855442
12855443
12855444
12855445
12855446
12855447
12855448
12855449
12855450
12855451
12855452
12855453
12855454
12855455
12855456
12855457
12855458
12855459
12855460
12855461
12855462
12855463
12855464
12855465
12855466
12855467
12855468
12855469
12855470
12855471
12855472
12855473
12855474
12855475
12855476
12855477
12855478
12855479
12855480
12855481
12855482
12855483
12855484
12855485
12855486
12855487
12855488
12855489
12855490
12855491
12855492
12855493
12855494
12855495
12855496
12855497
12855498
12855499
12855500
12855501
12855502
12855503
12855504
12855505
12855506
12855507
12855508
12855509
12855510
12855511
12855512
12855513
12855514
12855515
12855516
12855517
12855518
12855519
12855520
12855521
12855522
12855523
12855524
12855525
12855526
12855527
12855528
12855529
12855530
12855531
12855532
12855533
12855534
12855535
12855536
12855537
12855538
12855539
12855540
12855541
12855542
12855543
12855544
12855545
12855546
12855547
12855548
12855549
12855550
12855551
12855552
12855553
12855554
12855555
12855556
12855557
12855558
12855559
12855560
12855561
12855562
12855563
12855564
12855565
12855566
12855567
12855568
12855569
12855570
12855571
12855572
12855573
12855574
12855575
12855576
12855577
12855578
12855579
12855580
12855581
12855582
12855583
12855584
12855585
12855586
12855587
12855588
12855589
12855590
12855591
12855592
12855593
12855594
12855595
12855596
12855597
12855598
12855599
12855600
12855601
12855602
12855603
12855604
12855605
12855606
12855607
12855608
12855609
12855610
12855611
12855612
12855613
12855614
12855615
12855616
12855617
12855618
12855619
12855620
12855621
12855622
12855623
12855624
12855625
12855626
12855627
12855628
12855629
12855630
12855631
12855632
12855633
12855634
12855635
12855636
12855637
12855638
12855639
12855640
12855641
12855642
12855643
12855644
12855645
12855646
12855647
12855648
12855649
12855650
12855651
12855652
12855653
12855654
12855655
12855656
12855657
12855658
12855659
12855660
12855661
12855662
12855663
12855664
12855665
12855666
12855667
12855668
12855669
12855670
12855671
12855672
12855673
12855674
12855675
12855676
12855677
12855678
12855679
12855680
12855681
12855682
12855683
12855684
12855685
12855686
12855687
12855688
12855689
12855690
12855691
12855692
12855693
12855694
12855695
12855696
12855697
12855698
12855699
12855700
12855701
12855702
12855703
12855704
12855705
12855706
12855707
12855708
12855709
12855710
12855711
12855712
12855713
12855714
12855715
12855716
12855717
12855718
12855719
12855720
12855721
12855722
12855723
12855724
12855725
12855726
12855727
12855728
12855729
12855730
12855731
12855732
12855733
12855734
12855735
12855736
12855737
12855738
12855739
12855740
12855741
12855742
12855743
12855744
12855745
12855746
12855747
12855748
12855749
12855750
12855751
12855752
12855753
12855754
12855755
12855756
12855757
12855758
12855759
12855760
12855761
12855762
12855763
12855764
12855765
12855766
12855767
12855768
12855769
12855770
12855771
12855772
12855773
12855774
12855775
12855776
12855777
12855778
12855779
12855780
12855781
12855782
12855783
12855784
12855785
12855786
12855787
12855788
12855789
12855790
12855791
12855792
12855793
12855794
12855795
12855796
12855797
12855798
12855799
12855800
12855801
12855802
12855803
12855804
12855805
12855806
12855807
12855808
12855809
12855810
12855811
12855812
12855813
12855814
12855815
12855816
12855817
12855818
12855819
12855820
12855821
12855822
12855823
12855824
12855825
12855826
12855827
12855828
12855829
12855830
12855831
12855832
12855833
12855834
12855835
12855836
12855837
12855838
12855839
12855840
12855841
12855842
12855843
12855844
12855845
12855846
12855847
12855848
12855849
12855850
12855851
12855852
12855853
12855854
12855855
12855856
12855857
12855858
12855859
12855860
12855861
12855862
12855863
12855864
12855865
12855866
12855867
12855868
12855869
12855870
12855871
12855872
12855873
12855874
12855875
12855876
12855877
12855878
12855879
12855880
12855881
12855882
12855883
12855884
12855885
12855886
12855887
12855888
12855889
12855890
12855891
12855892
12855893
12855894
12855895
12855896
12855897
12855898
12855899
12855900
12855901
12855902
12855903
12855904
12855905
12855906
12855907
12855908
12855909
12855910
12855911
12855912
12855913
12855914
12855915
12855916
12855917
12855918
12855919
12855920
12855921
12855922
12855923
12855924
12855925
12855926
12855927
12855928
12855929
12855930
12855931
12855932
12855933
12855934
12855935
12855936
12855937
12855938
12855939
12855940
12855941
12855942
12855943
12855944
12855945
12855946
12855947
12855948
12855949
12855950
12855951
12855952
12855953
12855954
12855955
12855956
12855957
12855958
12855959
12855960
12855961
12855962
12855963
12855964
12855965
12855966
12855967
12855968
12855969
12855970
12855971
12855972
12855973
12855974
12855975
12855976
12855977
12855978
12855979
12855980
12855981
12855982
12855983
12855984
12855985
12855986
12855987
12855988
12855989
12855990
12855991
12855992
12855993
12855994
12855995
12855996
12855997
12855998
12855999
12856000
12856001
12856002
12856003
12856004
12856005
12856006
12856007
12856008
12856009
12856010
12856011
12856012
12856013
12856014
12856015
12856016
12856017
12856018
12856019
12856020
12856021
12856022
12856023
12856024
12856025
12856026
12856027
12856028
12856029
12856030
12856031
12856032
12856033
12856034
12856035
12856036
12856037
12856038
12856039
12856040
12856041
12856042
12856043
12856044
12856045
12856046
12856047
12856048
12856049
12856050
12856051
12856052
12856053
12856054
12856055
12856056
12856057
12856058
12856059
12856060
12856061
12856062
12856063
12856064
12856065
12856066
12856067
12856068
12856069
12856070
12856071
12856072
12856073
12856074
12856075
12856076
12856077
12856078
12856079
12856080
12856081
12856082
12856083
12856084
12856085
12856086
12856087
12856088
12856089
12856090
12856091
12856092
12856093
12856094
12856095
12856096
12856097
12856098
12856099
12856100
12856101
12856102
12856103
12856104
12856105
12856106
12856107
12856108
12856109
12856110
12856111
12856112
12856113
12856114
12856115
12856116
12856117
12856118
12856119
12856120
12856121
12856122
12856123
12856124
12856125
12856126
12856127
12856128
12856129
12856130
12856131
12856132
12856133
12856134
12856135
12856136
12856137
12856138
12856139
12856140
12856141
12856142
12856143
12856144
12856145
12856146
12856147
12856148
12856149
12856150
12856151
12856152
12856153
12856154
12856155
12856156
12856157
12856158
12856159
12856160
12856161
12856162
12856163
12856164
12856165
12856166
12856167
12856168
12856169
12856170
12856171
12856172
12856173
12856174
12856175
12856176
12856177
12856178
12856179
12856180
12856181
12856182
12856183
12856184
12856185
12856186
12856187
12856188
12856189
12856190
12856191
12856192
12856193
12856194
12856195
12856196
12856197
12856198
12856199
12856200
12856201
12856202
12856203
12856204
12856205
12856206
12856207
12856208
12856209
12856210
12856211
12856212
12856213
12856214
12856215
12856216
12856217
12856218
12856219
12856220
12856221
12856222
12856223
12856224
12856225
12856226
12856227
12856228
12856229
12856230
12856231
12856232
12856233
12856234
12856235
12856236
12856237
12856238
12856239
12856240
12856241
12856242
12856243
12856244
12856245
12856246
12856247
12856248
12856249
12856250
12856251
12856252
12856253
12856254
12856255
12856256
12856257
12856258
12856259
12856260
12856261
12856262
12856263
12856264
12856265
12856266
12856267
12856268
12856269
12856270
12856271
12856272
12856273
12856274
12856275
12856276
12856277
12856278
12856279
12856280
12856281
12856282
12856283
12856284
12856285
12856286
12856287
12856288
12856289
12856290
12856291
12856292
12856293
12856294
12856295
12856296
12856297
12856298
12856299
12856300
12856301
12856302
12856303
12856304
12856305
12856306
12856307
12856308
12856309
12856310
12856311
12856312
12856313
12856314
12856315
12856316
12856317
12856318
12856319
12856320
12856321
12856322
12856323
12856324
12856325
12856326
12856327
12856328
12856329
12856330
12856331
12856332
12856333
12856334
12856335
12856336
12856337
12856338
12856339
12856340
12856341
12856342
12856343
12856344
12856345
12856346
12856347
12856348
12856349
12856350
12856351
12856352
12856353
12856354
12856355
12856356
12856357
12856358
12856359
12856360
12856361
12856362
12856363
12856364
12856365
12856366
12856367
12856368
12856369
12856370
12856371
12856372
12856373
12856374
12856375
12856376
12856377
12856378
12856379
12856380
12856381
12856382
12856383
12856384
12856385
12856386
12856387
12856388
12856389
12856390
12856391
12856392
12856393
12856394
12856395
12856396
12856397
12856398
12856399
12856400
12856401
12856402
12856403
12856404
12856405
12856406
12856407
12856408
12856409
12856410
12856411
12856412
12856413
12856414
12856415
12856416
12856417
12856418
12856419
12856420
12856421
12856422
12856423
12856424
12856425
12856426
12856427
12856428
12856429
12856430
12856431
12856432
12856433
12856434
12856435
12856436
12856437
12856438
12856439
12856440
12856441
12856442
12856443
12856444
12856445
12856446
12856447
12856448
12856449
12856450
12856451
12856452
12856453
12856454
12856455
12856456
12856457
12856458
12856459
12856460
12856461
12856462
12856463
12856464
12856465
12856466
12856467
12856468
12856469
12856470
12856471
12856472
12856473
12856474
12856475
12856476
12856477
12856478
12856479
12856480
12856481
12856482
12856483
12856484
12856485
12856486
12856487
12856488
12856489
12856490
12856491
12856492
12856493
12856494
12856495
12856496
12856497
12856498
12856499
12856500
12856501
12856502
12856503
12856504
12856505
12856506
12856507
12856508
12856509
12856510
12856511
12856512
12856513
12856514
12856515
12856516
12856517
12856518
12856519
12856520
12856521
12856522
12856523
12856524
12856525
12856526
12856527
12856528
12856529
12856530
12856531
12856532
12856533
12856534
12856535
12856536
12856537
12856538
12856539
12856540
12856541
12856542
12856543
12856544
12856545
12856546
12856547
12856548
12856549
12856550
12856551
12856552
12856553
12856554
12856555
12856556
12856557
12856558
12856559
12856560
12856561
12856562
12856563
12856564
12856565
12856566
12856567
12856568
12856569
12856570
12856571
12856572
12856573
12856574
12856575
12856576
12856577
12856578
12856579
12856580
12856581
12856582
12856583
12856584
12856585
12856586
12856587
12856588
12856589
12856590
12856591
12856592
12856593
12856594
12856595
12856596
12856597
12856598
12856599
12856600
12856601
12856602
12856603
12856604
12856605
12856606
12856607
12856608
12856609
12856610
12856611
12856612
12856613
12856614
12856615
12856616
12856617
12856618
12856619
12856620
12856621
12856622
12856623
12856624
12856625
12856626
12856627
12856628
12856629
12856630
12856631
12856632
12856633
12856634
12856635
12856636
12856637
12856638
12856639
12856640
12856641
12856642
12856643
12856644
12856645
12856646
12856647
12856648
12856649
12856650
12856651
12856652
12856653
12856654
12856655
12856656
12856657
12856658
12856659
12856660
12856661
12856662
12856663
12856664
12856665
12856666
12856667
12856668
12856669
12856670
12856671
12856672
12856673
12856674
12856675
12856676
12856677
12856678
12856679
12856680
12856681
12856682
12856683
12856684
12856685
12856686
12856687
12856688
12856689
12856690
12856691
12856692
12856693
12856694
12856695
12856696
12856697
12856698
12856699
12856700
12856701
12856702
12856703
12856704
12856705
12856706
12856707
12856708
12856709
12856710
12856711
12856712
12856713
12856714
12856715
12856716
12856717
12856718
12856719
12856720
12856721
12856722
12856723
12856724
12856725
12856726
12856727
12856728
12856729
12856730
12856731
12856732
12856733
12856734
12856735
12856736
12856737
12856738
12856739
12856740
12856741
12856742
12856743
12856744
12856745
12856746
12856747
12856748
12856749
12856750
12856751
12856752
12856753
12856754
12856755
12856756
12856757
12856758
12856759
12856760
12856761
12856762
12856763
12856764
12856765
12856766
12856767
12856768
12856769
12856770
12856771
12856772
12856773
12856774
12856775
12856776
12856777
12856778
12856779
12856780
12856781
12856782
12856783
12856784
12856785
12856786
12856787
12856788
12856789
12856790
12856791
12856792
12856793
12856794
12856795
12856796
12856797
12856798
12856799
12856800
12856801
12856802
12856803
12856804
12856805
12856806
12856807
12856808
12856809
12856810
12856811
12856812
12856813
12856814
12856815
12856816
12856817
12856818
12856819
12856820
12856821
12856822
12856823
12856824
12856825
12856826
12856827
12856828
12856829
12856830
12856831
12856832
12856833
12856834
12856835
12856836
12856837
12856838
12856839
12856840
12856841
12856842
12856843
12856844
12856845
12856846
12856847
12856848
12856849
12856850
12856851
12856852
12856853
12856854
12856855
12856856
12856857
12856858
12856859
12856860
12856861
12856862
12856863
12856864
12856865
12856866
12856867
12856868
12856869
12856870
12856871
12856872
12856873
12856874
12856875
12856876
12856877
12856878
12856879
12856880
12856881
12856882
12856883
12856884
12856885
12856886
12856887
12856888
12856889
12856890
12856891
12856892
12856893
12856894
12856895
12856896
12856897
12856898
12856899
12856900
12856901
12856902
12856903
12856904
12856905
12856906
12856907
12856908
12856909
12856910
12856911
12856912
12856913
12856914
12856915
12856916
12856917
12856918
12856919
12856920
12856921
12856922
12856923
12856924
12856925
12856926
12856927
12856928
12856929
12856930
12856931
12856932
12856933
12856934
12856935
12856936
12856937
12856938
12856939
12856940
12856941
12856942
12856943
12856944
12856945
12856946
12856947
12856948
12856949
12856950
12856951
12856952
12856953
12856954
12856955
12856956
12856957
12856958
12856959
12856960
12856961
12856962
12856963
12856964
12856965
12856966
12856967
12856968
12856969
12856970
12856971
12856972
12856973
12856974
12856975
12856976
12856977
12856978
12856979
12856980
12856981
12856982
12856983
12856984
12856985
12856986
12856987
12856988
12856989
12856990
12856991
12856992
12856993
12856994
12856995
12856996
12856997
12856998
12856999
12857000
12857001
12857002
12857003
12857004
12857005
12857006
12857007
12857008
12857009
12857010
12857011
12857012
12857013
12857014
12857015
12857016
12857017
12857018
12857019
12857020
12857021
12857022
12857023
12857024
12857025
12857026
12857027
12857028
12857029
12857030
12857031
12857032
12857033
12857034
12857035
12857036
12857037
12857038
12857039
12857040
12857041
12857042
12857043
12857044
12857045
12857046
12857047
12857048
12857049
12857050
12857051
12857052
12857053
12857054
12857055
12857056
12857057
12857058
12857059
12857060
12857061
12857062
12857063
12857064
12857065
12857066
12857067
12857068
12857069
12857070
12857071
12857072
12857073
12857074
12857075
12857076
12857077
12857078
12857079
12857080
12857081
12857082
12857083
12857084
12857085
12857086
12857087
12857088
12857089
12857090
12857091
12857092
12857093
12857094
12857095
12857096
12857097
12857098
12857099
12857100
12857101
12857102
12857103
12857104
12857105
12857106
12857107
12857108
12857109
12857110
12857111
12857112
12857113
12857114
12857115
12857116
12857117
12857118
12857119
12857120
12857121
12857122
12857123
12857124
12857125
12857126
12857127
12857128
12857129
12857130
12857131
12857132
12857133
12857134
12857135
12857136
12857137
12857138
12857139
12857140
12857141
12857142
12857143
12857144
12857145
12857146
12857147
12857148
12857149
12857150
12857151
12857152
12857153
12857154
12857155
12857156
12857157
12857158
12857159
12857160
12857161
12857162
12857163
12857164
12857165
12857166
12857167
12857168
12857169
12857170
12857171
12857172
12857173
12857174
12857175
12857176
12857177
12857178
12857179
12857180
12857181
12857182
12857183
12857184
12857185
12857186
12857187
12857188
12857189
12857190
12857191
12857192
12857193
12857194
12857195
12857196
12857197
12857198
12857199
12857200
12857201
12857202
12857203
12857204
12857205
12857206
12857207
12857208
12857209
12857210
12857211
12857212
12857213
12857214
12857215
12857216
12857217
12857218
12857219
12857220
12857221
12857222
12857223
12857224
12857225
12857226
12857227
12857228
12857229
12857230
12857231
12857232
12857233
12857234
12857235
12857236
12857237
12857238
12857239
12857240
12857241
12857242
12857243
12857244
12857245
12857246
12857247
12857248
12857249
12857250
12857251
12857252
12857253
12857254
12857255
12857256
12857257
12857258
12857259
12857260
12857261
12857262
12857263
12857264
12857265
12857266
12857267
12857268
12857269
12857270
12857271
12857272
12857273
12857274
12857275
12857276
12857277
12857278
12857279
12857280
12857281
12857282
12857283
12857284
12857285
12857286
12857287
12857288
12857289
12857290
12857291
12857292
12857293
12857294
12857295
12857296
12857297
12857298
12857299
12857300
12857301
12857302
12857303
12857304
12857305
12857306
12857307
12857308
12857309
12857310
12857311
12857312
12857313
12857314
12857315
12857316
12857317
12857318
12857319
12857320
12857321
12857322
12857323
12857324
12857325
12857326
12857327
12857328
12857329
12857330
12857331
12857332
12857333
12857334
12857335
12857336
12857337
12857338
12857339
12857340
12857341
12857342
12857343
12857344
12857345
12857346
12857347
12857348
12857349
12857350
12857351
12857352
12857353
12857354
12857355
12857356
12857357
12857358
12857359
12857360
12857361
12857362
12857363
12857364
12857365
12857366
12857367
12857368
12857369
12857370
12857371
12857372
12857373
12857374
12857375
12857376
12857377
12857378
12857379
12857380
12857381
12857382
12857383
12857384
12857385
12857386
12857387
12857388
12857389
12857390
12857391
12857392
12857393
12857394
12857395
12857396
12857397
12857398
12857399
12857400
12857401
12857402
12857403
12857404
12857405
12857406
12857407
12857408
12857409
12857410
12857411
12857412
12857413
12857414
12857415
12857416
12857417
12857418
12857419
12857420
12857421
12857422
12857423
12857424
12857425
12857426
12857427
12857428
12857429
12857430
12857431
12857432
12857433
12857434
12857435
12857436
12857437
12857438
12857439
12857440
12857441
12857442
12857443
12857444
12857445
12857446
12857447
12857448
12857449
12857450
12857451
12857452
12857453
12857454
12857455
12857456
12857457
12857458
12857459
12857460
12857461
12857462
12857463
12857464
12857465
12857466
12857467
12857468
12857469
12857470
12857471
12857472
12857473
12857474
12857475
12857476
12857477
12857478
12857479
12857480
12857481
12857482
12857483
12857484
12857485
12857486
12857487
12857488
12857489
12857490
12857491
12857492
12857493
12857494
12857495
12857496
12857497
12857498
12857499
12857500
12857501
12857502
12857503
12857504
12857505
12857506
12857507
12857508
12857509
12857510
12857511
12857512
12857513
12857514
12857515
12857516
12857517
12857518
12857519
12857520
12857521
12857522
12857523
12857524
12857525
12857526
12857527
12857528
12857529
12857530
12857531
12857532
12857533
12857534
12857535
12857536
12857537
12857538
12857539
12857540
12857541
12857542
12857543
12857544
12857545
12857546
12857547
12857548
12857549
12857550
12857551
12857552
12857553
12857554
12857555
12857556
12857557
12857558
12857559
12857560
12857561
12857562
12857563
12857564
12857565
12857566
12857567
12857568
12857569
12857570
12857571
12857572
12857573
12857574
12857575
12857576
12857577
12857578
12857579
12857580
12857581
12857582
12857583
12857584
12857585
12857586
12857587
12857588
12857589
12857590
12857591
12857592
12857593
12857594
12857595
12857596
12857597
12857598
12857599
12857600
12857601
12857602
12857603
12857604
12857605
12857606
12857607
12857608
12857609
12857610
12857611
12857612
12857613
12857614
12857615
12857616
12857617
12857618
12857619
12857620
12857621
12857622
12857623
12857624
12857625
12857626
12857627
12857628
12857629
12857630
12857631
12857632
12857633
12857634
12857635
12857636
12857637
12857638
12857639
12857640
12857641
12857642
12857643
12857644
12857645
12857646
12857647
12857648
12857649
12857650
12857651
12857652
12857653
12857654
12857655
12857656
12857657
12857658
12857659
12857660
12857661
12857662
12857663
12857664
12857665
12857666
12857667
12857668
12857669
12857670
12857671
12857672
12857673
12857674
12857675
12857676
12857677
12857678
12857679
12857680
12857681
12857682
12857683
12857684
12857685
12857686
12857687
12857688
12857689
12857690
12857691
12857692
12857693
12857694
12857695
12857696
12857697
12857698
12857699
12857700
12857701
12857702
12857703
12857704
12857705
12857706
12857707
12857708
12857709
12857710
12857711
12857712
12857713
12857714
12857715
12857716
12857717
12857718
12857719
12857720
12857721
12857722
12857723
12857724
12857725
12857726
12857727
12857728
12857729
12857730
12857731
12857732
12857733
12857734
12857735
12857736
12857737
12857738
12857739
12857740
12857741
12857742
12857743
12857744
12857745
12857746
12857747
12857748
12857749
12857750
12857751
12857752
12857753
12857754
12857755
12857756
12857757
12857758
12857759
12857760
12857761
12857762
12857763
12857764
12857765
12857766
12857767
12857768
12857769
12857770
12857771
12857772
12857773
12857774
12857775
12857776
12857777
12857778
12857779
12857780
12857781
12857782
12857783
12857784
12857785
12857786
12857787
12857788
12857789
12857790
12857791
12857792
12857793
12857794
12857795
12857796
12857797
12857798
12857799
12857800
12857801
12857802
12857803
12857804
12857805
12857806
12857807
12857808
12857809
12857810
12857811
12857812
12857813
12857814
12857815
12857816
12857817
12857818
12857819
12857820
12857821
12857822
12857823
12857824
12857825
12857826
12857827
12857828
12857829
12857830
12857831
12857832
12857833
12857834
12857835
12857836
12857837
12857838
12857839
12857840
12857841
12857842
12857843
12857844
12857845
12857846
12857847
12857848
12857849
12857850
12857851
12857852
12857853
12857854
12857855
12857856
12857857
12857858
12857859
12857860
12857861
12857862
12857863
12857864
12857865
12857866
12857867
12857868
12857869
12857870
12857871
12857872
12857873
12857874
12857875
12857876
12857877
12857878
12857879
12857880
12857881
12857882
12857883
12857884
12857885
12857886
12857887
12857888
12857889
12857890
12857891
12857892
12857893
12857894
12857895
12857896
12857897
12857898
12857899
12857900
12857901
12857902
12857903
12857904
12857905
12857906
12857907
12857908
12857909
12857910
12857911
12857912
12857913
12857914
12857915
12857916
12857917
12857918
12857919
12857920
12857921
12857922
12857923
12857924
12857925
12857926
12857927
12857928
12857929
12857930
12857931
12857932
12857933
12857934
12857935
12857936
12857937
12857938
12857939
12857940
12857941
12857942
12857943
12857944
12857945
12857946
12857947
12857948
12857949
12857950
12857951
12857952
12857953
12857954
12857955
12857956
12857957
12857958
12857959
12857960
12857961
12857962
12857963
12857964
12857965
12857966
12857967
12857968
12857969
12857970
12857971
12857972
12857973
12857974
12857975
12857976
12857977
12857978
12857979
12857980
12857981
12857982
12857983
12857984
12857985
12857986
12857987
12857988
12857989
12857990
12857991
12857992
12857993
12857994
12857995
12857996
12857997
12857998
12857999
12858000
12858001
12858002
12858003
12858004
12858005
12858006
12858007
12858008
12858009
12858010
12858011
12858012
12858013
12858014
12858015
12858016
12858017
12858018
12858019
12858020
12858021
12858022
12858023
12858024
12858025
12858026
12858027
12858028
12858029
12858030
12858031
12858032
12858033
12858034
12858035
12858036
12858037
12858038
12858039
12858040
12858041
12858042
12858043
12858044
12858045
12858046
12858047
12858048
12858049
12858050
12858051
12858052
12858053
12858054
12858055
12858056
12858057
12858058
12858059
12858060
12858061
12858062
12858063
12858064
12858065
12858066
12858067
12858068
12858069
12858070
12858071
12858072
12858073
12858074
12858075
12858076
12858077
12858078
12858079
12858080
12858081
12858082
12858083
12858084
12858085
12858086
12858087
12858088
12858089
12858090
12858091
12858092
12858093
12858094
12858095
12858096
12858097
12858098
12858099
12858100
12858101
12858102
12858103
12858104
12858105
12858106
12858107
12858108
12858109
12858110
12858111
12858112
12858113
12858114
12858115
12858116
12858117
12858118
12858119
12858120
12858121
12858122
12858123
12858124
12858125
12858126
12858127
12858128
12858129
12858130
12858131
12858132
12858133
12858134
12858135
12858136
12858137
12858138
12858139
12858140
12858141
12858142
12858143
12858144
12858145
12858146
12858147
12858148
12858149
12858150
12858151
12858152
12858153
12858154
12858155
12858156
12858157
12858158
12858159
12858160
12858161
12858162
12858163
12858164
12858165
12858166
12858167
12858168
12858169
12858170
12858171
12858172
12858173
12858174
12858175
12858176
12858177
12858178
12858179
12858180
12858181
12858182
12858183
12858184
12858185
12858186
12858187
12858188
12858189
12858190
12858191
12858192
12858193
12858194
12858195
12858196
12858197
12858198
12858199
12858200
12858201
12858202
12858203
12858204
12858205
12858206
12858207
12858208
12858209
12858210
12858211
12858212
12858213
12858214
12858215
12858216
12858217
12858218
12858219
12858220
12858221
12858222
12858223
12858224
12858225
12858226
12858227
12858228
12858229
12858230
12858231
12858232
12858233
12858234
12858235
12858236
12858237
12858238
12858239
12858240
12858241
12858242
12858243
12858244
12858245
12858246
12858247
12858248
12858249
12858250
12858251
12858252
12858253
12858254
12858255
12858256
12858257
12858258
12858259
12858260
12858261
12858262
12858263
12858264
12858265
12858266
12858267
12858268
12858269
12858270
12858271
12858272
12858273
12858274
12858275
12858276
12858277
12858278
12858279
12858280
12858281
12858282
12858283
12858284
12858285
12858286
12858287
12858288
12858289
12858290
12858291
12858292
12858293
12858294
12858295
12858296
12858297
12858298
12858299
12858300
12858301
12858302
12858303
12858304
12858305
12858306
12858307
12858308
12858309
12858310
12858311
12858312
12858313
12858314
12858315
12858316
12858317
12858318
12858319
12858320
12858321
12858322
12858323
12858324
12858325
12858326
12858327
12858328
12858329
12858330
12858331
12858332
12858333
12858334
12858335
12858336
12858337
12858338
12858339
12858340
12858341
12858342
12858343
12858344
12858345
12858346
12858347
12858348
12858349
12858350
12858351
12858352
12858353
12858354
12858355
12858356
12858357
12858358
12858359
12858360
12858361
12858362
12858363
12858364
12858365
12858366
12858367
12858368
12858369
12858370
12858371
12858372
12858373
12858374
12858375
12858376
12858377
12858378
12858379
12858380
12858381
12858382
12858383
12858384
12858385
12858386
12858387
12858388
12858389
12858390
12858391
12858392
12858393
12858394
12858395
12858396
12858397
12858398
12858399
12858400
12858401
12858402
12858403
12858404
12858405
12858406
12858407
12858408
12858409
12858410
12858411
12858412
12858413
12858414
12858415
12858416
12858417
12858418
12858419
12858420
12858421
12858422
12858423
12858424
12858425
12858426
12858427
12858428
12858429
12858430
12858431
12858432
12858433
12858434
12858435
12858436
12858437
12858438
12858439
12858440
12858441
12858442
12858443
12858444
12858445
12858446
12858447
12858448
12858449
12858450
12858451
12858452
12858453
12858454
12858455
12858456
12858457
12858458
12858459
12858460
12858461
12858462
12858463
12858464
12858465
12858466
12858467
12858468
12858469
12858470
12858471
12858472
12858473
12858474
12858475
12858476
12858477
12858478
12858479
12858480
12858481
12858482
12858483
12858484
12858485
12858486
12858487
12858488
12858489
12858490
12858491
12858492
12858493
12858494
12858495
12858496
12858497
12858498
12858499
12858500
12858501
12858502
12858503
12858504
12858505
12858506
12858507
12858508
12858509
12858510
12858511
12858512
12858513
12858514
12858515
12858516
12858517
12858518
12858519
12858520
12858521
12858522
12858523
12858524
12858525
12858526
12858527
12858528
12858529
12858530
12858531
12858532
12858533
12858534
12858535
12858536
12858537
12858538
12858539
12858540
12858541
12858542
12858543
12858544
12858545
12858546
12858547
12858548
12858549
12858550
12858551
12858552
12858553
12858554
12858555
12858556
12858557
12858558
12858559
12858560
12858561
12858562
12858563
12858564
12858565
12858566
12858567
12858568
12858569
12858570
12858571
12858572
12858573
12858574
12858575
12858576
12858577
12858578
12858579
12858580
12858581
12858582
12858583
12858584
12858585
12858586
12858587
12858588
12858589
12858590
12858591
12858592
12858593
12858594
12858595
12858596
12858597
12858598
12858599
12858600
12858601
12858602
12858603
12858604
12858605
12858606
12858607
12858608
12858609
12858610
12858611
12858612
12858613
12858614
12858615
12858616
12858617
12858618
12858619
12858620
12858621
12858622
12858623
12858624
12858625
12858626
12858627
12858628
12858629
12858630
12858631
12858632
12858633
12858634
12858635
12858636
12858637
12858638
12858639
12858640
12858641
12858642
12858643
12858644
12858645
12858646
12858647
12858648
12858649
12858650
12858651
12858652
12858653
12858654
12858655
12858656
12858657
12858658
12858659
12858660
12858661
12858662
12858663
12858664
12858665
12858666
12858667
12858668
12858669
12858670
12858671
12858672
12858673
12858674
12858675
12858676
12858677
12858678
12858679
12858680
12858681
12858682
12858683
12858684
12858685
12858686
12858687
12858688
12858689
12858690
12858691
12858692
12858693
12858694
12858695
12858696
12858697
12858698
12858699
12858700
12858701
12858702
12858703
12858704
12858705
12858706
12858707
12858708
12858709
12858710
12858711
12858712
12858713
12858714
12858715
12858716
12858717
12858718
12858719
12858720
12858721
12858722
12858723
12858724
12858725
12858726
12858727
12858728
12858729
12858730
12858731
12858732
12858733
12858734
12858735
12858736
12858737
12858738
12858739
12858740
12858741
12858742
12858743
12858744
12858745
12858746
12858747
12858748
12858749
12858750
12858751
12858752
12858753
12858754
12858755
12858756
12858757
12858758
12858759
12858760
12858761
12858762
12858763
12858764
12858765
12858766
12858767
12858768
12858769
12858770
12858771
12858772
12858773
12858774
12858775
12858776
12858777
12858778
12858779
12858780
12858781
12858782
12858783
12858784
12858785
12858786
12858787
12858788
12858789
12858790
12858791
12858792
12858793
12858794
12858795
12858796
12858797
12858798
12858799
12858800
12858801
12858802
12858803
12858804
12858805
12858806
12858807
12858808
12858809
12858810
12858811
12858812
12858813
12858814
12858815
12858816
12858817
12858818
12858819
12858820
12858821
12858822
12858823
12858824
12858825
12858826
12858827
12858828
12858829
12858830
12858831
12858832
12858833
12858834
12858835
12858836
12858837
12858838
12858839
12858840
12858841
12858842
12858843
12858844
12858845
12858846
12858847
12858848
12858849
12858850
12858851
12858852
12858853
12858854
12858855
12858856
12858857
12858858
12858859
12858860
12858861
12858862
12858863
12858864
12858865
12858866
12858867
12858868
12858869
12858870
12858871
12858872
12858873
12858874
12858875
12858876
12858877
12858878
12858879
12858880
12858881
12858882
12858883
12858884
12858885
12858886
12858887
12858888
12858889
