12978890
12978891
12978892
12978893
12978894
12978895
12978896
12978897
12978898
12978899
12978900
12978901
12978902
12978903
12978904
12978905
12978906
12978907
12978908
12978909
12978910
12978911
12978912
12978913
12978914
12978915
12978916
12978917
12978918
12978919
12978920
12978921
12978922
12978923
12978924
12978925
12978926
12978927
12978928
12978929
12978930
12978931
12978932
12978933
12978934
12978935
12978936
12978937
12978938
12978939
12978940
12978941
12978942
12978943
12978944
12978945
12978946
12978947
12978948
12978949
12978950
12978951
12978952
12978953
12978954
12978955
12978956
12978957
12978958
12978959
12978960
12978961
12978962
12978963
12978964
12978965
12978966
12978967
12978968
12978969
12978970
12978971
12978972
12978973
12978974
12978975
12978976
12978977
12978978
12978979
12978980
12978981
12978982
12978983
12978984
12978985
12978986
12978987
12978988
12978989
12978990
12978991
12978992
12978993
12978994
12978995
12978996
12978997
12978998
12978999
12979000
12979001
12979002
12979003
12979004
12979005
12979006
12979007
12979008
12979009
12979010
12979011
12979012
12979013
12979014
12979015
12979016
12979017
12979018
12979019
12979020
12979021
12979022
12979023
12979024
12979025
12979026
12979027
12979028
12979029
12979030
12979031
12979032
12979033
12979034
12979035
12979036
12979037
12979038
12979039
12979040
12979041
12979042
12979043
12979044
12979045
12979046
12979047
12979048
12979049
12979050
12979051
12979052
12979053
12979054
12979055
12979056
12979057
12979058
12979059
12979060
12979061
12979062
12979063
12979064
12979065
12979066
12979067
12979068
12979069
12979070
12979071
12979072
12979073
12979074
12979075
12979076
12979077
12979078
12979079
12979080
12979081
12979082
12979083
12979084
12979085
12979086
12979087
12979088
12979089
12979090
12979091
12979092
12979093
12979094
12979095
12979096
12979097
12979098
12979099
12979100
12979101
12979102
12979103
12979104
12979105
12979106
12979107
12979108
12979109
12979110
12979111
12979112
12979113
12979114
12979115
12979116
12979117
12979118
12979119
12979120
12979121
12979122
12979123
12979124
12979125
12979126
12979127
12979128
12979129
12979130
12979131
12979132
12979133
12979134
12979135
12979136
12979137
12979138
12979139
12979140
12979141
12979142
12979143
12979144
12979145
12979146
12979147
12979148
12979149
12979150
12979151
12979152
12979153
12979154
12979155
12979156
12979157
12979158
12979159
12979160
12979161
12979162
12979163
12979164
12979165
12979166
12979167
12979168
12979169
12979170
12979171
12979172
12979173
12979174
12979175
12979176
12979177
12979178
12979179
12979180
12979181
12979182
12979183
12979184
12979185
12979186
12979187
12979188
12979189
12979190
12979191
12979192
12979193
12979194
12979195
12979196
12979197
12979198
12979199
12979200
12979201
12979202
12979203
12979204
12979205
12979206
12979207
12979208
12979209
12979210
12979211
12979212
12979213
12979214
12979215
12979216
12979217
12979218
12979219
12979220
12979221
12979222
12979223
12979224
12979225
12979226
12979227
12979228
12979229
12979230
12979231
12979232
12979233
12979234
12979235
12979236
12979237
12979238
12979239
12979240
12979241
12979242
12979243
12979244
12979245
12979246
12979247
12979248
12979249
12979250
12979251
12979252
12979253
12979254
12979255
12979256
12979257
12979258
12979259
12979260
12979261
12979262
12979263
12979264
12979265
12979266
12979267
12979268
12979269
12979270
12979271
12979272
12979273
12979274
12979275
12979276
12979277
12979278
12979279
12979280
12979281
12979282
12979283
12979284
12979285
12979286
12979287
12979288
12979289
12979290
12979291
12979292
12979293
12979294
12979295
12979296
12979297
12979298
12979299
12979300
12979301
12979302
12979303
12979304
12979305
12979306
12979307
12979308
12979309
12979310
12979311
12979312
12979313
12979314
12979315
12979316
12979317
12979318
12979319
12979320
12979321
12979322
12979323
12979324
12979325
12979326
12979327
12979328
12979329
12979330
12979331
12979332
12979333
12979334
12979335
12979336
12979337
12979338
12979339
12979340
12979341
12979342
12979343
12979344
12979345
12979346
12979347
12979348
12979349
12979350
12979351
12979352
12979353
12979354
12979355
12979356
12979357
12979358
12979359
12979360
12979361
12979362
12979363
12979364
12979365
12979366
12979367
12979368
12979369
12979370
12979371
12979372
12979373
12979374
12979375
12979376
12979377
12979378
12979379
12979380
12979381
12979382
12979383
12979384
12979385
12979386
12979387
12979388
12979389
12979390
12979391
12979392
12979393
12979394
12979395
12979396
12979397
12979398
12979399
12979400
12979401
12979402
12979403
12979404
12979405
12979406
12979407
12979408
12979409
12979410
12979411
12979412
12979413
12979414
12979415
12979416
12979417
12979418
12979419
12979420
12979421
12979422
12979423
12979424
12979425
12979426
12979427
12979428
12979429
12979430
12979431
12979432
12979433
12979434
12979435
12979436
12979437
12979438
12979439
12979440
12979441
12979442
12979443
12979444
12979445
12979446
12979447
12979448
12979449
12979450
12979451
12979452
12979453
12979454
12979455
12979456
12979457
12979458
12979459
12979460
12979461
12979462
12979463
12979464
12979465
12979466
12979467
12979468
12979469
12979470
12979471
12979472
12979473
12979474
12979475
12979476
12979477
12979478
12979479
12979480
12979481
12979482
12979483
12979484
12979485
12979486
12979487
12979488
12979489
12979490
12979491
12979492
12979493
12979494
12979495
12979496
12979497
12979498
12979499
12979500
12979501
12979502
12979503
12979504
12979505
12979506
12979507
12979508
12979509
12979510
12979511
12979512
12979513
12979514
12979515
12979516
12979517
12979518
12979519
12979520
12979521
12979522
12979523
12979524
12979525
12979526
12979527
12979528
12979529
12979530
12979531
12979532
12979533
12979534
12979535
12979536
12979537
12979538
12979539
12979540
12979541
12979542
12979543
12979544
12979545
12979546
12979547
12979548
12979549
12979550
12979551
12979552
12979553
12979554
12979555
12979556
12979557
12979558
12979559
12979560
12979561
12979562
12979563
12979564
12979565
12979566
12979567
12979568
12979569
12979570
12979571
12979572
12979573
12979574
12979575
12979576
12979577
12979578
12979579
12979580
12979581
12979582
12979583
12979584
12979585
12979586
12979587
12979588
12979589
12979590
12979591
12979592
12979593
12979594
12979595
12979596
12979597
12979598
12979599
12979600
12979601
12979602
12979603
12979604
12979605
12979606
12979607
12979608
12979609
12979610
12979611
12979612
12979613
12979614
12979615
12979616
12979617
12979618
12979619
12979620
12979621
12979622
12979623
12979624
12979625
12979626
12979627
12979628
12979629
12979630
12979631
12979632
12979633
12979634
12979635
12979636
12979637
12979638
12979639
12979640
12979641
12979642
12979643
12979644
12979645
12979646
12979647
12979648
12979649
12979650
12979651
12979652
12979653
12979654
12979655
12979656
12979657
12979658
12979659
12979660
12979661
12979662
12979663
12979664
12979665
12979666
12979667
12979668
12979669
12979670
12979671
12979672
12979673
12979674
12979675
12979676
12979677
12979678
12979679
12979680
12979681
12979682
12979683
12979684
12979685
12979686
12979687
12979688
12979689
12979690
12979691
12979692
12979693
12979694
12979695
12979696
12979697
12979698
12979699
12979700
12979701
12979702
12979703
12979704
12979705
12979706
12979707
12979708
12979709
12979710
12979711
12979712
12979713
12979714
12979715
12979716
12979717
12979718
12979719
12979720
12979721
12979722
12979723
12979724
12979725
12979726
12979727
12979728
12979729
12979730
12979731
12979732
12979733
12979734
12979735
12979736
12979737
12979738
12979739
12979740
12979741
12979742
12979743
12979744
12979745
12979746
12979747
12979748
12979749
12979750
12979751
12979752
12979753
12979754
12979755
12979756
12979757
12979758
12979759
12979760
12979761
12979762
12979763
12979764
12979765
12979766
12979767
12979768
12979769
12979770
12979771
12979772
12979773
12979774
12979775
12979776
12979777
12979778
12979779
12979780
12979781
12979782
12979783
12979784
12979785
12979786
12979787
12979788
12979789
12979790
12979791
12979792
12979793
12979794
12979795
12979796
12979797
12979798
12979799
12979800
12979801
12979802
12979803
12979804
12979805
12979806
12979807
12979808
12979809
12979810
12979811
12979812
12979813
12979814
12979815
12979816
12979817
12979818
12979819
12979820
12979821
12979822
12979823
12979824
12979825
12979826
12979827
12979828
12979829
12979830
12979831
12979832
12979833
12979834
12979835
12979836
12979837
12979838
12979839
12979840
12979841
12979842
12979843
12979844
12979845
12979846
12979847
12979848
12979849
12979850
12979851
12979852
12979853
12979854
12979855
12979856
12979857
12979858
12979859
12979860
12979861
12979862
12979863
12979864
12979865
12979866
12979867
12979868
12979869
12979870
12979871
12979872
12979873
12979874
12979875
12979876
12979877
12979878
12979879
12979880
12979881
12979882
12979883
12979884
12979885
12979886
12979887
12979888
12979889
12979890
12979891
12979892
12979893
12979894
12979895
12979896
12979897
12979898
12979899
12979900
12979901
12979902
12979903
12979904
12979905
12979906
12979907
12979908
12979909
12979910
12979911
12979912
12979913
12979914
12979915
12979916
12979917
12979918
12979919
12979920
12979921
12979922
12979923
12979924
12979925
12979926
12979927
12979928
12979929
12979930
12979931
12979932
12979933
12979934
12979935
12979936
12979937
12979938
12979939
12979940
12979941
12979942
12979943
12979944
12979945
12979946
12979947
12979948
12979949
12979950
12979951
12979952
12979953
12979954
12979955
12979956
12979957
12979958
12979959
12979960
12979961
12979962
12979963
12979964
12979965
12979966
12979967
12979968
12979969
12979970
12979971
12979972
12979973
12979974
12979975
12979976
12979977
12979978
12979979
12979980
12979981
12979982
12979983
12979984
12979985
12979986
12979987
12979988
12979989
12979990
12979991
12979992
12979993
12979994
12979995
12979996
12979997
12979998
12979999
12980000
12980001
12980002
12980003
12980004
12980005
12980006
12980007
12980008
12980009
12980010
12980011
12980012
12980013
12980014
12980015
12980016
12980017
12980018
12980019
12980020
12980021
12980022
12980023
12980024
12980025
12980026
12980027
12980028
12980029
12980030
12980031
12980032
12980033
12980034
12980035
12980036
12980037
12980038
12980039
12980040
12980041
12980042
12980043
12980044
12980045
12980046
12980047
12980048
12980049
12980050
12980051
12980052
12980053
12980054
12980055
12980056
12980057
12980058
12980059
12980060
12980061
12980062
12980063
12980064
12980065
12980066
12980067
12980068
12980069
12980070
12980071
12980072
12980073
12980074
12980075
12980076
12980077
12980078
12980079
12980080
12980081
12980082
12980083
12980084
12980085
12980086
12980087
12980088
12980089
12980090
12980091
12980092
12980093
12980094
12980095
12980096
12980097
12980098
12980099
12980100
12980101
12980102
12980103
12980104
12980105
12980106
12980107
12980108
12980109
12980110
12980111
12980112
12980113
12980114
12980115
12980116
12980117
12980118
12980119
12980120
12980121
12980122
12980123
12980124
12980125
12980126
12980127
12980128
12980129
12980130
12980131
12980132
12980133
12980134
12980135
12980136
12980137
12980138
12980139
12980140
12980141
12980142
12980143
12980144
12980145
12980146
12980147
12980148
12980149
12980150
12980151
12980152
12980153
12980154
12980155
12980156
12980157
12980158
12980159
12980160
12980161
12980162
12980163
12980164
12980165
12980166
12980167
12980168
12980169
12980170
12980171
12980172
12980173
12980174
12980175
12980176
12980177
12980178
12980179
12980180
12980181
12980182
12980183
12980184
12980185
12980186
12980187
12980188
12980189
12980190
12980191
12980192
12980193
12980194
12980195
12980196
12980197
12980198
12980199
12980200
12980201
12980202
12980203
12980204
12980205
12980206
12980207
12980208
12980209
12980210
12980211
12980212
12980213
12980214
12980215
12980216
12980217
12980218
12980219
12980220
12980221
12980222
12980223
12980224
12980225
12980226
12980227
12980228
12980229
12980230
12980231
12980232
12980233
12980234
12980235
12980236
12980237
12980238
12980239
12980240
12980241
12980242
12980243
12980244
12980245
12980246
12980247
12980248
12980249
12980250
12980251
12980252
12980253
12980254
12980255
12980256
12980257
12980258
12980259
12980260
12980261
12980262
12980263
12980264
12980265
12980266
12980267
12980268
12980269
12980270
12980271
12980272
12980273
12980274
12980275
12980276
12980277
12980278
12980279
12980280
12980281
12980282
12980283
12980284
12980285
12980286
12980287
12980288
12980289
12980290
12980291
12980292
12980293
12980294
12980295
12980296
12980297
12980298
12980299
12980300
12980301
12980302
12980303
12980304
12980305
12980306
12980307
12980308
12980309
12980310
12980311
12980312
12980313
12980314
12980315
12980316
12980317
12980318
12980319
12980320
12980321
12980322
12980323
12980324
12980325
12980326
12980327
12980328
12980329
12980330
12980331
12980332
12980333
12980334
12980335
12980336
12980337
12980338
12980339
12980340
12980341
12980342
12980343
12980344
12980345
12980346
12980347
12980348
12980349
12980350
12980351
12980352
12980353
12980354
12980355
12980356
12980357
12980358
12980359
12980360
12980361
12980362
12980363
12980364
12980365
12980366
12980367
12980368
12980369
12980370
12980371
12980372
12980373
12980374
12980375
12980376
12980377
12980378
12980379
12980380
12980381
12980382
12980383
12980384
12980385
12980386
12980387
12980388
12980389
12980390
12980391
12980392
12980393
12980394
12980395
12980396
12980397
12980398
12980399
12980400
12980401
12980402
12980403
12980404
12980405
12980406
12980407
12980408
12980409
12980410
12980411
12980412
12980413
12980414
12980415
12980416
12980417
12980418
12980419
12980420
12980421
12980422
12980423
12980424
12980425
12980426
12980427
12980428
12980429
12980430
12980431
12980432
12980433
12980434
12980435
12980436
12980437
12980438
12980439
12980440
12980441
12980442
12980443
12980444
12980445
12980446
12980447
12980448
12980449
12980450
12980451
12980452
12980453
12980454
12980455
12980456
12980457
12980458
12980459
12980460
12980461
12980462
12980463
12980464
12980465
12980466
12980467
12980468
12980469
12980470
12980471
12980472
12980473
12980474
12980475
12980476
12980477
12980478
12980479
12980480
12980481
12980482
12980483
12980484
12980485
12980486
12980487
12980488
12980489
12980490
12980491
12980492
12980493
12980494
12980495
12980496
12980497
12980498
12980499
12980500
12980501
12980502
12980503
12980504
12980505
12980506
12980507
12980508
12980509
12980510
12980511
12980512
12980513
12980514
12980515
12980516
12980517
12980518
12980519
12980520
12980521
12980522
12980523
12980524
12980525
12980526
12980527
12980528
12980529
12980530
12980531
12980532
12980533
12980534
12980535
12980536
12980537
12980538
12980539
12980540
12980541
12980542
12980543
12980544
12980545
12980546
12980547
12980548
12980549
12980550
12980551
12980552
12980553
12980554
12980555
12980556
12980557
12980558
12980559
12980560
12980561
12980562
12980563
12980564
12980565
12980566
12980567
12980568
12980569
12980570
12980571
12980572
12980573
12980574
12980575
12980576
12980577
12980578
12980579
12980580
12980581
12980582
12980583
12980584
12980585
12980586
12980587
12980588
12980589
12980590
12980591
12980592
12980593
12980594
12980595
12980596
12980597
12980598
12980599
12980600
12980601
12980602
12980603
12980604
12980605
12980606
12980607
12980608
12980609
12980610
12980611
12980612
12980613
12980614
12980615
12980616
12980617
12980618
12980619
12980620
12980621
12980622
12980623
12980624
12980625
12980626
12980627
12980628
12980629
12980630
12980631
12980632
12980633
12980634
12980635
12980636
12980637
12980638
12980639
12980640
12980641
12980642
12980643
12980644
12980645
12980646
12980647
12980648
12980649
12980650
12980651
12980652
12980653
12980654
12980655
12980656
12980657
12980658
12980659
12980660
12980661
12980662
12980663
12980664
12980665
12980666
12980667
12980668
12980669
12980670
12980671
12980672
12980673
12980674
12980675
12980676
12980677
12980678
12980679
12980680
12980681
12980682
12980683
12980684
12980685
12980686
12980687
12980688
12980689
12980690
12980691
12980692
12980693
12980694
12980695
12980696
12980697
12980698
12980699
12980700
12980701
12980702
12980703
12980704
12980705
12980706
12980707
12980708
12980709
12980710
12980711
12980712
12980713
12980714
12980715
12980716
12980717
12980718
12980719
12980720
12980721
12980722
12980723
12980724
12980725
12980726
12980727
12980728
12980729
12980730
12980731
12980732
12980733
12980734
12980735
12980736
12980737
12980738
12980739
12980740
12980741
12980742
12980743
12980744
12980745
12980746
12980747
12980748
12980749
12980750
12980751
12980752
12980753
12980754
12980755
12980756
12980757
12980758
12980759
12980760
12980761
12980762
12980763
12980764
12980765
12980766
12980767
12980768
12980769
12980770
12980771
12980772
12980773
12980774
12980775
12980776
12980777
12980778
12980779
12980780
12980781
12980782
12980783
12980784
12980785
12980786
12980787
12980788
12980789
12980790
12980791
12980792
12980793
12980794
12980795
12980796
12980797
12980798
12980799
12980800
12980801
12980802
12980803
12980804
12980805
12980806
12980807
12980808
12980809
12980810
12980811
12980812
12980813
12980814
12980815
12980816
12980817
12980818
12980819
12980820
12980821
12980822
12980823
12980824
12980825
12980826
12980827
12980828
12980829
12980830
12980831
12980832
12980833
12980834
12980835
12980836
12980837
12980838
12980839
12980840
12980841
12980842
12980843
12980844
12980845
12980846
12980847
12980848
12980849
12980850
12980851
12980852
12980853
12980854
12980855
12980856
12980857
12980858
12980859
12980860
12980861
12980862
12980863
12980864
12980865
12980866
12980867
12980868
12980869
12980870
12980871
12980872
12980873
12980874
12980875
12980876
12980877
12980878
12980879
12980880
12980881
12980882
12980883
12980884
12980885
12980886
12980887
12980888
12980889
12980890
12980891
12980892
12980893
12980894
12980895
12980896
12980897
12980898
12980899
12980900
12980901
12980902
12980903
12980904
12980905
12980906
12980907
12980908
12980909
12980910
12980911
12980912
12980913
12980914
12980915
12980916
12980917
12980918
12980919
12980920
12980921
12980922
12980923
12980924
12980925
12980926
12980927
12980928
12980929
12980930
12980931
12980932
12980933
12980934
12980935
12980936
12980937
12980938
12980939
12980940
12980941
12980942
12980943
12980944
12980945
12980946
12980947
12980948
12980949
12980950
12980951
12980952
12980953
12980954
12980955
12980956
12980957
12980958
12980959
12980960
12980961
12980962
12980963
12980964
12980965
12980966
12980967
12980968
12980969
12980970
12980971
12980972
12980973
12980974
12980975
12980976
12980977
12980978
12980979
12980980
12980981
12980982
12980983
12980984
12980985
12980986
12980987
12980988
12980989
12980990
12980991
12980992
12980993
12980994
12980995
12980996
12980997
12980998
12980999
12981000
12981001
12981002
12981003
12981004
12981005
12981006
12981007
12981008
12981009
12981010
12981011
12981012
12981013
12981014
12981015
12981016
12981017
12981018
12981019
12981020
12981021
12981022
12981023
12981024
12981025
12981026
12981027
12981028
12981029
12981030
12981031
12981032
12981033
12981034
12981035
12981036
12981037
12981038
12981039
12981040
12981041
12981042
12981043
12981044
12981045
12981046
12981047
12981048
12981049
12981050
12981051
12981052
12981053
12981054
12981055
12981056
12981057
12981058
12981059
12981060
12981061
12981062
12981063
12981064
12981065
12981066
12981067
12981068
12981069
12981070
12981071
12981072
12981073
12981074
12981075
12981076
12981077
12981078
12981079
12981080
12981081
12981082
12981083
12981084
12981085
12981086
12981087
12981088
12981089
12981090
12981091
12981092
12981093
12981094
12981095
12981096
12981097
12981098
12981099
12981100
12981101
12981102
12981103
12981104
12981105
12981106
12981107
12981108
12981109
12981110
12981111
12981112
12981113
12981114
12981115
12981116
12981117
12981118
12981119
12981120
12981121
12981122
12981123
12981124
12981125
12981126
12981127
12981128
12981129
12981130
12981131
12981132
12981133
12981134
12981135
12981136
12981137
12981138
12981139
12981140
12981141
12981142
12981143
12981144
12981145
12981146
12981147
12981148
12981149
12981150
12981151
12981152
12981153
12981154
12981155
12981156
12981157
12981158
12981159
12981160
12981161
12981162
12981163
12981164
12981165
12981166
12981167
12981168
12981169
12981170
12981171
12981172
12981173
12981174
12981175
12981176
12981177
12981178
12981179
12981180
12981181
12981182
12981183
12981184
12981185
12981186
12981187
12981188
12981189
12981190
12981191
12981192
12981193
12981194
12981195
12981196
12981197
12981198
12981199
12981200
12981201
12981202
12981203
12981204
12981205
12981206
12981207
12981208
12981209
12981210
12981211
12981212
12981213
12981214
12981215
12981216
12981217
12981218
12981219
12981220
12981221
12981222
12981223
12981224
12981225
12981226
12981227
12981228
12981229
12981230
12981231
12981232
12981233
12981234
12981235
12981236
12981237
12981238
12981239
12981240
12981241
12981242
12981243
12981244
12981245
12981246
12981247
12981248
12981249
12981250
12981251
12981252
12981253
12981254
12981255
12981256
12981257
12981258
12981259
12981260
12981261
12981262
12981263
12981264
12981265
12981266
12981267
12981268
12981269
12981270
12981271
12981272
12981273
12981274
12981275
12981276
12981277
12981278
12981279
12981280
12981281
12981282
12981283
12981284
12981285
12981286
12981287
12981288
12981289
12981290
12981291
12981292
12981293
12981294
12981295
12981296
12981297
12981298
12981299
12981300
12981301
12981302
12981303
12981304
12981305
12981306
12981307
12981308
12981309
12981310
12981311
12981312
12981313
12981314
12981315
12981316
12981317
12981318
12981319
12981320
12981321
12981322
12981323
12981324
12981325
12981326
12981327
12981328
12981329
12981330
12981331
12981332
12981333
12981334
12981335
12981336
12981337
12981338
12981339
12981340
12981341
12981342
12981343
12981344
12981345
12981346
12981347
12981348
12981349
12981350
12981351
12981352
12981353
12981354
12981355
12981356
12981357
12981358
12981359
12981360
12981361
12981362
12981363
12981364
12981365
12981366
12981367
12981368
12981369
12981370
12981371
12981372
12981373
12981374
12981375
12981376
12981377
12981378
12981379
12981380
12981381
12981382
12981383
12981384
12981385
12981386
12981387
12981388
12981389
12981390
12981391
12981392
12981393
12981394
12981395
12981396
12981397
12981398
12981399
12981400
12981401
12981402
12981403
12981404
12981405
12981406
12981407
12981408
12981409
12981410
12981411
12981412
12981413
12981414
12981415
12981416
12981417
12981418
12981419
12981420
12981421
12981422
12981423
12981424
12981425
12981426
12981427
12981428
12981429
12981430
12981431
12981432
12981433
12981434
12981435
12981436
12981437
12981438
12981439
12981440
12981441
12981442
12981443
12981444
12981445
12981446
12981447
12981448
12981449
12981450
12981451
12981452
12981453
12981454
12981455
12981456
12981457
12981458
12981459
12981460
12981461
12981462
12981463
12981464
12981465
12981466
12981467
12981468
12981469
12981470
12981471
12981472
12981473
12981474
12981475
12981476
12981477
12981478
12981479
12981480
12981481
12981482
12981483
12981484
12981485
12981486
12981487
12981488
12981489
12981490
12981491
12981492
12981493
12981494
12981495
12981496
12981497
12981498
12981499
12981500
12981501
12981502
12981503
12981504
12981505
12981506
12981507
12981508
12981509
12981510
12981511
12981512
12981513
12981514
12981515
12981516
12981517
12981518
12981519
12981520
12981521
12981522
12981523
12981524
12981525
12981526
12981527
12981528
12981529
12981530
12981531
12981532
12981533
12981534
12981535
12981536
12981537
12981538
12981539
12981540
12981541
12981542
12981543
12981544
12981545
12981546
12981547
12981548
12981549
12981550
12981551
12981552
12981553
12981554
12981555
12981556
12981557
12981558
12981559
12981560
12981561
12981562
12981563
12981564
12981565
12981566
12981567
12981568
12981569
12981570
12981571
12981572
12981573
12981574
12981575
12981576
12981577
12981578
12981579
12981580
12981581
12981582
12981583
12981584
12981585
12981586
12981587
12981588
12981589
12981590
12981591
12981592
12981593
12981594
12981595
12981596
12981597
12981598
12981599
12981600
12981601
12981602
12981603
12981604
12981605
12981606
12981607
12981608
12981609
12981610
12981611
12981612
12981613
12981614
12981615
12981616
12981617
12981618
12981619
12981620
12981621
12981622
12981623
12981624
12981625
12981626
12981627
12981628
12981629
12981630
12981631
12981632
12981633
12981634
12981635
12981636
12981637
12981638
12981639
12981640
12981641
12981642
12981643
12981644
12981645
12981646
12981647
12981648
12981649
12981650
12981651
12981652
12981653
12981654
12981655
12981656
12981657
12981658
12981659
12981660
12981661
12981662
12981663
12981664
12981665
12981666
12981667
12981668
12981669
12981670
12981671
12981672
12981673
12981674
12981675
12981676
12981677
12981678
12981679
12981680
12981681
12981682
12981683
12981684
12981685
12981686
12981687
12981688
12981689
12981690
12981691
12981692
12981693
12981694
12981695
12981696
12981697
12981698
12981699
12981700
12981701
12981702
12981703
12981704
12981705
12981706
12981707
12981708
12981709
12981710
12981711
12981712
12981713
12981714
12981715
12981716
12981717
12981718
12981719
12981720
12981721
12981722
12981723
12981724
12981725
12981726
12981727
12981728
12981729
12981730
12981731
12981732
12981733
12981734
12981735
12981736
12981737
12981738
12981739
12981740
12981741
12981742
12981743
12981744
12981745
12981746
12981747
12981748
12981749
12981750
12981751
12981752
12981753
12981754
12981755
12981756
12981757
12981758
12981759
12981760
12981761
12981762
12981763
12981764
12981765
12981766
12981767
12981768
12981769
12981770
12981771
12981772
12981773
12981774
12981775
12981776
12981777
12981778
12981779
12981780
12981781
12981782
12981783
12981784
12981785
12981786
12981787
12981788
12981789
12981790
12981791
12981792
12981793
12981794
12981795
12981796
12981797
12981798
12981799
12981800
12981801
12981802
12981803
12981804
12981805
12981806
12981807
12981808
12981809
12981810
12981811
12981812
12981813
12981814
12981815
12981816
12981817
12981818
12981819
12981820
12981821
12981822
12981823
12981824
12981825
12981826
12981827
12981828
12981829
12981830
12981831
12981832
12981833
12981834
12981835
12981836
12981837
12981838
12981839
12981840
12981841
12981842
12981843
12981844
12981845
12981846
12981847
12981848
12981849
12981850
12981851
12981852
12981853
12981854
12981855
12981856
12981857
12981858
12981859
12981860
12981861
12981862
12981863
12981864
12981865
12981866
12981867
12981868
12981869
12981870
12981871
12981872
12981873
12981874
12981875
12981876
12981877
12981878
12981879
12981880
12981881
12981882
12981883
12981884
12981885
12981886
12981887
12981888
12981889
12981890
12981891
12981892
12981893
12981894
12981895
12981896
12981897
12981898
12981899
12981900
12981901
12981902
12981903
12981904
12981905
12981906
12981907
12981908
12981909
12981910
12981911
12981912
12981913
12981914
12981915
12981916
12981917
12981918
12981919
12981920
12981921
12981922
12981923
12981924
12981925
12981926
12981927
12981928
12981929
12981930
12981931
12981932
12981933
12981934
12981935
12981936
12981937
12981938
12981939
12981940
12981941
12981942
12981943
12981944
12981945
12981946
12981947
12981948
12981949
12981950
12981951
12981952
12981953
12981954
12981955
12981956
12981957
12981958
12981959
12981960
12981961
12981962
12981963
12981964
12981965
12981966
12981967
12981968
12981969
12981970
12981971
12981972
12981973
12981974
12981975
12981976
12981977
12981978
12981979
12981980
12981981
12981982
12981983
12981984
12981985
12981986
12981987
12981988
12981989
12981990
12981991
12981992
12981993
12981994
12981995
12981996
12981997
12981998
12981999
12982000
12982001
12982002
12982003
12982004
12982005
12982006
12982007
12982008
12982009
12982010
12982011
12982012
12982013
12982014
12982015
12982016
12982017
12982018
12982019
12982020
12982021
12982022
12982023
12982024
12982025
12982026
12982027
12982028
12982029
12982030
12982031
12982032
12982033
12982034
12982035
12982036
12982037
12982038
12982039
12982040
12982041
12982042
12982043
12982044
12982045
12982046
12982047
12982048
12982049
12982050
12982051
12982052
12982053
12982054
12982055
12982056
12982057
12982058
12982059
12982060
12982061
12982062
12982063
12982064
12982065
12982066
12982067
12982068
12982069
12982070
12982071
12982072
12982073
12982074
12982075
12982076
12982077
12982078
12982079
12982080
12982081
12982082
12982083
12982084
12982085
12982086
12982087
12982088
12982089
12982090
12982091
12982092
12982093
12982094
12982095
12982096
12982097
12982098
12982099
12982100
12982101
12982102
12982103
12982104
12982105
12982106
12982107
12982108
12982109
12982110
12982111
12982112
12982113
12982114
12982115
12982116
12982117
12982118
12982119
12982120
12982121
12982122
12982123
12982124
12982125
12982126
12982127
12982128
12982129
12982130
12982131
12982132
12982133
12982134
12982135
12982136
12982137
12982138
12982139
12982140
12982141
12982142
12982143
12982144
12982145
12982146
12982147
12982148
12982149
12982150
12982151
12982152
12982153
12982154
12982155
12982156
12982157
12982158
12982159
12982160
12982161
12982162
12982163
12982164
12982165
12982166
12982167
12982168
12982169
12982170
12982171
12982172
12982173
12982174
12982175
12982176
12982177
12982178
12982179
12982180
12982181
12982182
12982183
12982184
12982185
12982186
12982187
12982188
12982189
12982190
12982191
12982192
12982193
12982194
12982195
12982196
12982197
12982198
12982199
12982200
12982201
12982202
12982203
12982204
12982205
12982206
12982207
12982208
12982209
12982210
12982211
12982212
12982213
12982214
12982215
12982216
12982217
12982218
12982219
12982220
12982221
12982222
12982223
12982224
12982225
12982226
12982227
12982228
12982229
12982230
12982231
12982232
12982233
12982234
12982235
12982236
12982237
12982238
12982239
12982240
12982241
12982242
12982243
12982244
12982245
12982246
12982247
12982248
12982249
12982250
12982251
12982252
12982253
12982254
12982255
12982256
12982257
12982258
12982259
12982260
12982261
12982262
12982263
12982264
12982265
12982266
12982267
12982268
12982269
12982270
12982271
12982272
12982273
12982274
12982275
12982276
12982277
12982278
12982279
12982280
12982281
12982282
12982283
12982284
12982285
12982286
12982287
12982288
12982289
12982290
12982291
12982292
12982293
12982294
12982295
12982296
12982297
12982298
12982299
12982300
12982301
12982302
12982303
12982304
12982305
12982306
12982307
12982308
12982309
12982310
12982311
12982312
12982313
12982314
12982315
12982316
12982317
12982318
12982319
12982320
12982321
12982322
12982323
12982324
12982325
12982326
12982327
12982328
12982329
12982330
12982331
12982332
12982333
12982334
12982335
12982336
12982337
12982338
12982339
12982340
12982341
12982342
12982343
12982344
12982345
12982346
12982347
12982348
12982349
12982350
12982351
12982352
12982353
12982354
12982355
12982356
12982357
12982358
12982359
12982360
12982361
12982362
12982363
12982364
12982365
12982366
12982367
12982368
12982369
12982370
12982371
12982372
12982373
12982374
12982375
12982376
12982377
12982378
12982379
12982380
12982381
12982382
12982383
12982384
12982385
12982386
12982387
12982388
12982389
12982390
12982391
12982392
12982393
12982394
12982395
12982396
12982397
12982398
12982399
12982400
12982401
12982402
12982403
12982404
12982405
12982406
12982407
12982408
12982409
12982410
12982411
12982412
12982413
12982414
12982415
12982416
12982417
12982418
12982419
12982420
12982421
12982422
12982423
12982424
12982425
12982426
12982427
12982428
12982429
12982430
12982431
12982432
12982433
12982434
12982435
12982436
12982437
12982438
12982439
12982440
12982441
12982442
12982443
12982444
12982445
12982446
12982447
12982448
12982449
12982450
12982451
12982452
12982453
12982454
12982455
12982456
12982457
12982458
12982459
12982460
12982461
12982462
12982463
12982464
12982465
12982466
12982467
12982468
12982469
12982470
12982471
12982472
12982473
12982474
12982475
12982476
12982477
12982478
12982479
12982480
12982481
12982482
12982483
12982484
12982485
12982486
12982487
12982488
12982489
12982490
12982491
12982492
12982493
12982494
12982495
12982496
12982497
12982498
12982499
12982500
12982501
12982502
12982503
12982504
12982505
12982506
12982507
12982508
12982509
12982510
12982511
12982512
12982513
12982514
12982515
12982516
12982517
12982518
12982519
12982520
12982521
12982522
12982523
12982524
12982525
12982526
12982527
12982528
12982529
12982530
12982531
12982532
12982533
12982534
12982535
12982536
12982537
12982538
12982539
12982540
12982541
12982542
12982543
12982544
12982545
12982546
12982547
12982548
12982549
12982550
12982551
12982552
12982553
12982554
12982555
12982556
12982557
12982558
12982559
12982560
12982561
12982562
12982563
12982564
12982565
12982566
12982567
12982568
12982569
12982570
12982571
12982572
12982573
12982574
12982575
12982576
12982577
12982578
12982579
12982580
12982581
12982582
12982583
12982584
12982585
12982586
12982587
12982588
12982589
12982590
12982591
12982592
12982593
12982594
12982595
12982596
12982597
12982598
12982599
12982600
12982601
12982602
12982603
12982604
12982605
12982606
12982607
12982608
12982609
12982610
12982611
12982612
12982613
12982614
12982615
12982616
12982617
12982618
12982619
12982620
12982621
12982622
12982623
12982624
12982625
12982626
12982627
12982628
12982629
12982630
12982631
12982632
12982633
12982634
12982635
12982636
12982637
12982638
12982639
12982640
12982641
12982642
12982643
12982644
12982645
12982646
12982647
12982648
12982649
12982650
12982651
12982652
12982653
12982654
12982655
12982656
12982657
12982658
12982659
12982660
12982661
12982662
12982663
12982664
12982665
12982666
12982667
12982668
12982669
12982670
12982671
12982672
12982673
12982674
12982675
12982676
12982677
12982678
12982679
12982680
12982681
12982682
12982683
12982684
12982685
12982686
12982687
12982688
12982689
12982690
12982691
12982692
12982693
12982694
12982695
12982696
12982697
12982698
12982699
12982700
12982701
12982702
12982703
12982704
12982705
12982706
12982707
12982708
12982709
12982710
12982711
12982712
12982713
12982714
12982715
12982716
12982717
12982718
12982719
12982720
12982721
12982722
12982723
12982724
12982725
12982726
12982727
12982728
12982729
12982730
12982731
12982732
12982733
12982734
12982735
12982736
12982737
12982738
12982739
12982740
12982741
12982742
12982743
12982744
12982745
12982746
12982747
12982748
12982749
12982750
12982751
12982752
12982753
12982754
12982755
12982756
12982757
12982758
12982759
12982760
12982761
12982762
12982763
12982764
12982765
12982766
12982767
12982768
12982769
12982770
12982771
12982772
12982773
12982774
12982775
12982776
12982777
12982778
12982779
12982780
12982781
12982782
12982783
12982784
12982785
12982786
12982787
12982788
12982789
12982790
12982791
12982792
12982793
12982794
12982795
12982796
12982797
12982798
12982799
12982800
12982801
12982802
12982803
12982804
12982805
12982806
12982807
12982808
12982809
12982810
12982811
12982812
12982813
12982814
12982815
12982816
12982817
12982818
12982819
12982820
12982821
12982822
12982823
12982824
12982825
12982826
12982827
12982828
12982829
12982830
12982831
12982832
12982833
12982834
12982835
12982836
12982837
12982838
12982839
12982840
12982841
12982842
12982843
12982844
12982845
12982846
12982847
12982848
12982849
12982850
12982851
12982852
12982853
12982854
12982855
12982856
12982857
12982858
12982859
12982860
12982861
12982862
12982863
12982864
12982865
12982866
12982867
12982868
12982869
12982870
12982871
12982872
12982873
12982874
12982875
12982876
12982877
12982878
12982879
12982880
12982881
12982882
12982883
12982884
12982885
12982886
12982887
12982888
12982889
12982890
12982891
12982892
12982893
12982894
12982895
12982896
12982897
12982898
12982899
12982900
12982901
12982902
12982903
12982904
12982905
12982906
12982907
12982908
12982909
12982910
12982911
12982912
12982913
12982914
12982915
12982916
12982917
12982918
12982919
12982920
12982921
12982922
12982923
12982924
12982925
12982926
12982927
12982928
12982929
12982930
12982931
12982932
12982933
12982934
12982935
12982936
12982937
12982938
12982939
12982940
12982941
12982942
12982943
12982944
12982945
12982946
12982947
12982948
12982949
12982950
12982951
12982952
12982953
12982954
12982955
12982956
12982957
12982958
12982959
12982960
12982961
12982962
12982963
12982964
12982965
12982966
12982967
12982968
12982969
12982970
12982971
12982972
12982973
12982974
12982975
12982976
12982977
12982978
12982979
12982980
12982981
12982982
12982983
12982984
12982985
12982986
12982987
12982988
12982989
12982990
12982991
12982992
12982993
12982994
12982995
12982996
12982997
12982998
12982999
12983000
12983001
12983002
12983003
12983004
12983005
12983006
12983007
12983008
12983009
12983010
12983011
12983012
12983013
12983014
12983015
12983016
12983017
12983018
12983019
12983020
12983021
12983022
12983023
12983024
12983025
12983026
12983027
12983028
12983029
12983030
12983031
12983032
12983033
12983034
12983035
12983036
12983037
12983038
12983039
12983040
12983041
12983042
12983043
12983044
12983045
12983046
12983047
12983048
12983049
12983050
12983051
12983052
12983053
12983054
12983055
12983056
12983057
12983058
12983059
12983060
12983061
12983062
12983063
12983064
12983065
12983066
12983067
12983068
12983069
12983070
12983071
12983072
12983073
12983074
12983075
12983076
12983077
12983078
12983079
12983080
12983081
12983082
12983083
12983084
12983085
12983086
12983087
12983088
12983089
12983090
12983091
12983092
12983093
12983094
12983095
12983096
12983097
12983098
12983099
12983100
12983101
12983102
12983103
12983104
12983105
12983106
12983107
12983108
12983109
12983110
12983111
12983112
12983113
12983114
12983115
12983116
12983117
12983118
12983119
12983120
12983121
12983122
12983123
12983124
12983125
12983126
12983127
12983128
12983129
12983130
12983131
12983132
12983133
12983134
12983135
12983136
12983137
12983138
12983139
12983140
12983141
12983142
12983143
12983144
12983145
12983146
12983147
12983148
12983149
12983150
12983151
12983152
12983153
12983154
12983155
12983156
12983157
12983158
12983159
12983160
12983161
12983162
12983163
12983164
12983165
12983166
12983167
12983168
12983169
12983170
12983171
12983172
12983173
12983174
12983175
12983176
12983177
12983178
12983179
12983180
12983181
12983182
12983183
12983184
12983185
12983186
12983187
12983188
12983189
12983190
12983191
12983192
12983193
12983194
12983195
12983196
12983197
12983198
12983199
12983200
12983201
12983202
12983203
12983204
12983205
12983206
12983207
12983208
12983209
12983210
12983211
12983212
12983213
12983214
12983215
12983216
12983217
12983218
12983219
12983220
12983221
12983222
12983223
12983224
12983225
12983226
12983227
12983228
12983229
12983230
12983231
12983232
12983233
12983234
12983235
12983236
12983237
12983238
12983239
12983240
12983241
12983242
12983243
12983244
12983245
12983246
12983247
12983248
12983249
12983250
12983251
12983252
12983253
12983254
12983255
12983256
12983257
12983258
12983259
12983260
12983261
12983262
12983263
12983264
12983265
12983266
12983267
12983268
12983269
12983270
12983271
12983272
12983273
12983274
12983275
12983276
12983277
12983278
12983279
12983280
12983281
12983282
12983283
12983284
12983285
12983286
12983287
12983288
12983289
12983290
12983291
12983292
12983293
12983294
12983295
12983296
12983297
12983298
12983299
12983300
12983301
12983302
12983303
12983304
12983305
12983306
12983307
12983308
12983309
12983310
12983311
12983312
12983313
12983314
12983315
12983316
12983317
12983318
12983319
12983320
12983321
12983322
12983323
12983324
12983325
12983326
12983327
12983328
12983329
12983330
12983331
12983332
12983333
12983334
12983335
12983336
12983337
12983338
12983339
12983340
12983341
12983342
12983343
12983344
12983345
12983346
12983347
12983348
12983349
12983350
12983351
12983352
12983353
12983354
12983355
12983356
12983357
12983358
12983359
12983360
12983361
12983362
12983363
12983364
12983365
12983366
12983367
12983368
12983369
12983370
12983371
12983372
12983373
12983374
12983375
12983376
12983377
12983378
12983379
12983380
12983381
12983382
12983383
12983384
12983385
12983386
12983387
12983388
12983389
12983390
12983391
12983392
12983393
12983394
12983395
12983396
12983397
12983398
12983399
12983400
12983401
12983402
12983403
12983404
12983405
12983406
12983407
12983408
12983409
12983410
12983411
12983412
12983413
12983414
12983415
12983416
12983417
12983418
12983419
12983420
12983421
12983422
12983423
12983424
12983425
12983426
12983427
12983428
12983429
12983430
12983431
12983432
12983433
12983434
12983435
12983436
12983437
12983438
12983439
12983440
12983441
12983442
12983443
12983444
12983445
12983446
12983447
12983448
12983449
12983450
12983451
12983452
12983453
12983454
12983455
12983456
12983457
12983458
12983459
12983460
12983461
12983462
12983463
12983464
12983465
12983466
12983467
12983468
12983469
12983470
12983471
12983472
12983473
12983474
12983475
12983476
12983477
12983478
12983479
12983480
12983481
12983482
12983483
12983484
12983485
12983486
12983487
12983488
12983489
12983490
12983491
12983492
12983493
12983494
12983495
12983496
12983497
12983498
12983499
12983500
12983501
12983502
12983503
12983504
12983505
12983506
12983507
12983508
12983509
12983510
12983511
12983512
12983513
12983514
12983515
12983516
12983517
12983518
12983519
12983520
12983521
12983522
12983523
12983524
12983525
12983526
12983527
12983528
12983529
12983530
12983531
12983532
12983533
12983534
12983535
12983536
12983537
12983538
12983539
12983540
12983541
12983542
12983543
12983544
12983545
12983546
12983547
12983548
12983549
12983550
12983551
12983552
12983553
12983554
12983555
12983556
12983557
12983558
12983559
12983560
12983561
12983562
12983563
12983564
12983565
12983566
12983567
12983568
12983569
12983570
12983571
12983572
12983573
12983574
12983575
12983576
12983577
12983578
12983579
12983580
12983581
12983582
12983583
12983584
12983585
12983586
12983587
12983588
12983589
12983590
12983591
12983592
12983593
12983594
12983595
12983596
12983597
12983598
12983599
12983600
12983601
12983602
12983603
12983604
12983605
12983606
12983607
12983608
12983609
12983610
12983611
12983612
12983613
12983614
12983615
12983616
12983617
12983618
12983619
12983620
12983621
12983622
12983623
12983624
12983625
12983626
12983627
12983628
12983629
12983630
12983631
12983632
12983633
12983634
12983635
12983636
12983637
12983638
12983639
12983640
12983641
12983642
12983643
12983644
12983645
12983646
12983647
12983648
12983649
12983650
12983651
12983652
12983653
12983654
12983655
12983656
12983657
12983658
12983659
12983660
12983661
12983662
12983663
12983664
12983665
12983666
12983667
12983668
12983669
12983670
12983671
12983672
12983673
12983674
12983675
12983676
12983677
12983678
12983679
12983680
12983681
12983682
12983683
12983684
12983685
12983686
12983687
12983688
12983689
12983690
12983691
12983692
12983693
12983694
12983695
12983696
12983697
12983698
12983699
12983700
12983701
12983702
12983703
12983704
12983705
12983706
12983707
12983708
12983709
12983710
12983711
12983712
12983713
12983714
12983715
12983716
12983717
12983718
12983719
12983720
12983721
12983722
12983723
12983724
12983725
12983726
12983727
12983728
12983729
12983730
12983731
12983732
12983733
12983734
12983735
12983736
12983737
12983738
12983739
12983740
12983741
12983742
12983743
12983744
12983745
12983746
12983747
12983748
12983749
12983750
12983751
12983752
12983753
12983754
12983755
12983756
12983757
12983758
12983759
12983760
12983761
12983762
12983763
12983764
12983765
12983766
12983767
12983768
12983769
12983770
12983771
12983772
12983773
12983774
12983775
12983776
12983777
12983778
12983779
12983780
12983781
12983782
12983783
12983784
12983785
12983786
12983787
12983788
12983789
12983790
12983791
12983792
12983793
12983794
12983795
12983796
12983797
12983798
12983799
12983800
12983801
12983802
12983803
12983804
12983805
12983806
12983807
12983808
12983809
12983810
12983811
12983812
12983813
12983814
12983815
12983816
12983817
12983818
12983819
12983820
12983821
12983822
12983823
12983824
12983825
12983826
12983827
12983828
12983829
12983830
12983831
12983832
12983833
12983834
12983835
12983836
12983837
12983838
12983839
12983840
12983841
12983842
12983843
12983844
12983845
12983846
12983847
12983848
12983849
12983850
12983851
12983852
12983853
12983854
12983855
12983856
12983857
12983858
12983859
12983860
12983861
12983862
12983863
12983864
12983865
12983866
12983867
12983868
12983869
12983870
12983871
12983872
12983873
12983874
12983875
12983876
12983877
12983878
12983879
12983880
12983881
12983882
12983883
12983884
12983885
12983886
12983887
12983888
12983889
12983890
12983891
12983892
12983893
12983894
12983895
12983896
12983897
12983898
12983899
12983900
12983901
12983902
12983903
12983904
12983905
12983906
12983907
12983908
12983909
12983910
12983911
12983912
12983913
12983914
12983915
12983916
12983917
12983918
12983919
12983920
12983921
12983922
12983923
12983924
12983925
12983926
12983927
12983928
12983929
12983930
12983931
12983932
12983933
12983934
12983935
12983936
12983937
12983938
12983939
12983940
12983941
12983942
12983943
12983944
12983945
12983946
12983947
12983948
12983949
12983950
12983951
12983952
12983953
12983954
12983955
12983956
12983957
12983958
12983959
12983960
12983961
12983962
12983963
12983964
12983965
12983966
12983967
12983968
12983969
12983970
12983971
12983972
12983973
12983974
12983975
12983976
12983977
12983978
12983979
12983980
12983981
12983982
12983983
12983984
12983985
12983986
12983987
12983988
12983989
12983990
12983991
12983992
12983993
12983994
12983995
12983996
12983997
12983998
12983999
12984000
12984001
12984002
12984003
12984004
12984005
12984006
12984007
12984008
12984009
12984010
12984011
12984012
12984013
12984014
12984015
12984016
12984017
12984018
12984019
12984020
12984021
12984022
12984023
12984024
12984025
12984026
12984027
12984028
12984029
12984030
12984031
12984032
12984033
12984034
12984035
12984036
12984037
12984038
12984039
12984040
12984041
12984042
12984043
12984044
12984045
12984046
12984047
12984048
12984049
12984050
12984051
12984052
12984053
12984054
12984055
12984056
12984057
12984058
12984059
12984060
12984061
12984062
12984063
12984064
12984065
12984066
12984067
12984068
12984069
12984070
12984071
12984072
12984073
12984074
12984075
12984076
12984077
12984078
12984079
12984080
12984081
12984082
12984083
12984084
12984085
12984086
12984087
12984088
12984089
12984090
12984091
12984092
12984093
12984094
12984095
12984096
12984097
12984098
12984099
12984100
12984101
12984102
12984103
12984104
12984105
12984106
12984107
12984108
12984109
12984110
12984111
12984112
12984113
12984114
12984115
12984116
12984117
12984118
12984119
12984120
12984121
12984122
12984123
12984124
12984125
12984126
12984127
12984128
12984129
12984130
12984131
12984132
12984133
12984134
12984135
12984136
12984137
12984138
12984139
12984140
12984141
12984142
12984143
12984144
12984145
12984146
12984147
12984148
12984149
12984150
12984151
12984152
12984153
12984154
12984155
12984156
12984157
12984158
12984159
12984160
12984161
12984162
12984163
12984164
12984165
12984166
12984167
12984168
12984169
12984170
12984171
12984172
12984173
12984174
12984175
12984176
12984177
12984178
12984179
12984180
12984181
12984182
12984183
12984184
12984185
12984186
12984187
12984188
12984189
12984190
12984191
12984192
12984193
12984194
12984195
12984196
12984197
12984198
12984199
12984200
12984201
12984202
12984203
12984204
12984205
12984206
12984207
12984208
12984209
12984210
12984211
12984212
12984213
12984214
12984215
12984216
12984217
12984218
12984219
12984220
12984221
12984222
12984223
12984224
12984225
12984226
12984227
12984228
12984229
12984230
12984231
12984232
12984233
12984234
12984235
12984236
12984237
12984238
12984239
12984240
12984241
12984242
12984243
12984244
12984245
12984246
12984247
12984248
12984249
12984250
12984251
12984252
12984253
12984254
12984255
12984256
12984257
12984258
12984259
12984260
12984261
12984262
12984263
12984264
12984265
12984266
12984267
12984268
12984269
12984270
12984271
12984272
12984273
12984274
12984275
12984276
12984277
12984278
12984279
12984280
12984281
12984282
12984283
12984284
12984285
12984286
12984287
12984288
12984289
12984290
12984291
12984292
12984293
12984294
12984295
12984296
12984297
12984298
12984299
12984300
12984301
12984302
12984303
12984304
12984305
12984306
12984307
12984308
12984309
12984310
12984311
12984312
12984313
12984314
12984315
12984316
12984317
12984318
12984319
12984320
12984321
12984322
12984323
12984324
12984325
12984326
12984327
12984328
12984329
12984330
12984331
12984332
12984333
12984334
12984335
12984336
12984337
12984338
12984339
12984340
12984341
12984342
12984343
12984344
12984345
12984346
12984347
12984348
12984349
12984350
12984351
12984352
12984353
12984354
12984355
12984356
12984357
12984358
12984359
12984360
12984361
12984362
12984363
12984364
12984365
12984366
12984367
12984368
12984369
12984370
12984371
12984372
12984373
12984374
12984375
12984376
12984377
12984378
12984379
12984380
12984381
12984382
12984383
12984384
12984385
12984386
12984387
12984388
12984389
12984390
12984391
12984392
12984393
12984394
12984395
12984396
12984397
12984398
12984399
12984400
12984401
12984402
12984403
12984404
12984405
12984406
12984407
12984408
12984409
12984410
12984411
12984412
12984413
12984414
12984415
12984416
12984417
12984418
12984419
12984420
12984421
12984422
12984423
12984424
12984425
12984426
12984427
12984428
12984429
12984430
12984431
12984432
12984433
12984434
12984435
12984436
12984437
12984438
12984439
12984440
12984441
12984442
12984443
12984444
12984445
12984446
12984447
12984448
12984449
12984450
12984451
12984452
12984453
12984454
12984455
12984456
12984457
12984458
12984459
12984460
12984461
12984462
12984463
12984464
12984465
12984466
12984467
12984468
12984469
12984470
12984471
12984472
12984473
12984474
12984475
12984476
12984477
12984478
12984479
12984480
12984481
12984482
12984483
12984484
12984485
12984486
12984487
12984488
12984489
12984490
12984491
12984492
12984493
12984494
12984495
12984496
12984497
12984498
12984499
12984500
12984501
12984502
12984503
12984504
12984505
12984506
12984507
12984508
12984509
12984510
12984511
12984512
12984513
12984514
12984515
12984516
12984517
12984518
12984519
12984520
12984521
12984522
12984523
12984524
12984525
12984526
12984527
12984528
12984529
12984530
12984531
12984532
12984533
12984534
12984535
12984536
12984537
12984538
12984539
12984540
12984541
12984542
12984543
12984544
12984545
12984546
12984547
12984548
12984549
12984550
12984551
12984552
12984553
12984554
12984555
12984556
12984557
12984558
12984559
12984560
12984561
12984562
12984563
12984564
12984565
12984566
12984567
12984568
12984569
12984570
12984571
12984572
12984573
12984574
12984575
12984576
12984577
12984578
12984579
12984580
12984581
12984582
12984583
12984584
12984585
12984586
12984587
12984588
12984589
12984590
12984591
12984592
12984593
12984594
12984595
12984596
12984597
12984598
12984599
12984600
12984601
12984602
12984603
12984604
12984605
12984606
12984607
12984608
12984609
12984610
12984611
12984612
12984613
12984614
12984615
12984616
12984617
12984618
12984619
12984620
12984621
12984622
12984623
12984624
12984625
12984626
12984627
12984628
12984629
12984630
12984631
12984632
12984633
12984634
12984635
12984636
12984637
12984638
12984639
12984640
12984641
12984642
12984643
12984644
12984645
12984646
12984647
12984648
12984649
12984650
12984651
12984652
12984653
12984654
12984655
12984656
12984657
12984658
12984659
12984660
12984661
12984662
12984663
12984664
12984665
12984666
12984667
12984668
12984669
12984670
12984671
12984672
12984673
12984674
12984675
12984676
12984677
12984678
12984679
12984680
12984681
12984682
12984683
12984684
12984685
12984686
12984687
12984688
12984689
12984690
12984691
12984692
12984693
12984694
12984695
12984696
12984697
12984698
12984699
12984700
12984701
12984702
12984703
12984704
12984705
12984706
12984707
12984708
12984709
12984710
12984711
12984712
12984713
12984714
12984715
12984716
12984717
12984718
12984719
12984720
12984721
12984722
12984723
12984724
12984725
12984726
12984727
12984728
12984729
12984730
12984731
12984732
12984733
12984734
12984735
12984736
12984737
12984738
12984739
12984740
12984741
12984742
12984743
12984744
12984745
12984746
12984747
12984748
12984749
12984750
12984751
12984752
12984753
12984754
12984755
12984756
12984757
12984758
12984759
12984760
12984761
12984762
12984763
12984764
12984765
12984766
12984767
12984768
12984769
12984770
12984771
12984772
12984773
12984774
12984775
12984776
12984777
12984778
12984779
12984780
12984781
12984782
12984783
12984784
12984785
12984786
12984787
12984788
12984789
12984790
12984791
12984792
12984793
12984794
12984795
12984796
12984797
12984798
12984799
12984800
12984801
12984802
12984803
12984804
12984805
12984806
12984807
12984808
12984809
12984810
12984811
12984812
12984813
12984814
12984815
12984816
12984817
12984818
12984819
12984820
12984821
12984822
12984823
12984824
12984825
12984826
12984827
12984828
12984829
12984830
12984831
12984832
12984833
12984834
12984835
12984836
12984837
12984838
12984839
12984840
12984841
12984842
12984843
12984844
12984845
12984846
12984847
12984848
12984849
12984850
12984851
12984852
12984853
12984854
12984855
12984856
12984857
12984858
12984859
12984860
12984861
12984862
12984863
12984864
12984865
12984866
12984867
12984868
12984869
12984870
12984871
12984872
12984873
12984874
12984875
12984876
12984877
12984878
12984879
12984880
12984881
12984882
12984883
12984884
12984885
12984886
12984887
12984888
12984889
12984890
12984891
12984892
12984893
12984894
12984895
12984896
12984897
12984898
12984899
12984900
12984901
12984902
12984903
12984904
12984905
12984906
12984907
12984908
12984909
12984910
12984911
12984912
12984913
12984914
12984915
12984916
12984917
12984918
12984919
12984920
12984921
12984922
12984923
12984924
12984925
12984926
12984927
12984928
12984929
12984930
12984931
12984932
12984933
12984934
12984935
12984936
12984937
12984938
12984939
12984940
12984941
12984942
12984943
12984944
12984945
12984946
12984947
12984948
12984949
12984950
12984951
12984952
12984953
12984954
12984955
12984956
12984957
12984958
12984959
12984960
12984961
12984962
12984963
12984964
12984965
12984966
12984967
12984968
12984969
12984970
12984971
12984972
12984973
12984974
12984975
12984976
12984977
12984978
12984979
12984980
12984981
12984982
12984983
12984984
12984985
12984986
12984987
12984988
12984989
12984990
12984991
12984992
12984993
12984994
12984995
12984996
12984997
12984998
12984999
12985000
12985001
12985002
12985003
12985004
12985005
12985006
12985007
12985008
12985009
12985010
12985011
12985012
12985013
12985014
12985015
12985016
12985017
12985018
12985019
12985020
12985021
12985022
12985023
12985024
12985025
12985026
12985027
12985028
12985029
12985030
12985031
12985032
12985033
12985034
12985035
12985036
12985037
12985038
12985039
12985040
12985041
12985042
12985043
12985044
12985045
12985046
12985047
12985048
12985049
12985050
12985051
12985052
12985053
12985054
12985055
12985056
12985057
12985058
12985059
12985060
12985061
12985062
12985063
12985064
12985065
12985066
12985067
12985068
12985069
12985070
12985071
12985072
12985073
12985074
12985075
12985076
12985077
12985078
12985079
12985080
12985081
12985082
12985083
12985084
12985085
12985086
12985087
12985088
12985089
12985090
12985091
12985092
12985093
12985094
12985095
12985096
12985097
12985098
12985099
12985100
12985101
12985102
12985103
12985104
12985105
12985106
12985107
12985108
12985109
12985110
12985111
12985112
12985113
12985114
12985115
12985116
12985117
12985118
12985119
12985120
12985121
12985122
12985123
12985124
12985125
12985126
12985127
12985128
12985129
12985130
12985131
12985132
12985133
12985134
12985135
12985136
12985137
12985138
12985139
12985140
12985141
12985142
12985143
12985144
12985145
12985146
12985147
12985148
12985149
12985150
12985151
12985152
12985153
12985154
12985155
12985156
12985157
12985158
12985159
12985160
12985161
12985162
12985163
12985164
12985165
12985166
12985167
12985168
12985169
12985170
12985171
12985172
12985173
12985174
12985175
12985176
12985177
12985178
12985179
12985180
12985181
12985182
12985183
12985184
12985185
12985186
12985187
12985188
12985189
12985190
12985191
12985192
12985193
12985194
12985195
12985196
12985197
12985198
12985199
12985200
12985201
12985202
12985203
12985204
12985205
12985206
12985207
12985208
12985209
12985210
12985211
12985212
12985213
12985214
12985215
12985216
12985217
12985218
12985219
12985220
12985221
12985222
12985223
12985224
12985225
12985226
12985227
12985228
12985229
12985230
12985231
12985232
12985233
12985234
12985235
12985236
12985237
12985238
12985239
12985240
12985241
12985242
12985243
12985244
12985245
12985246
12985247
12985248
12985249
12985250
12985251
12985252
12985253
12985254
12985255
12985256
12985257
12985258
12985259
12985260
12985261
12985262
12985263
12985264
12985265
12985266
12985267
12985268
12985269
12985270
12985271
12985272
12985273
12985274
12985275
12985276
12985277
12985278
12985279
12985280
12985281
12985282
12985283
12985284
12985285
12985286
12985287
12985288
12985289
12985290
12985291
12985292
12985293
12985294
12985295
12985296
12985297
12985298
12985299
12985300
12985301
12985302
12985303
12985304
12985305
12985306
12985307
12985308
12985309
12985310
12985311
12985312
12985313
12985314
12985315
12985316
12985317
12985318
12985319
12985320
12985321
12985322
12985323
12985324
12985325
12985326
12985327
12985328
12985329
12985330
12985331
12985332
12985333
12985334
12985335
12985336
12985337
12985338
12985339
12985340
12985341
12985342
12985343
12985344
12985345
12985346
12985347
12985348
12985349
12985350
12985351
12985352
12985353
12985354
12985355
12985356
12985357
12985358
12985359
12985360
12985361
12985362
12985363
12985364
12985365
12985366
12985367
12985368
12985369
12985370
12985371
12985372
12985373
12985374
12985375
12985376
12985377
12985378
12985379
12985380
12985381
12985382
12985383
12985384
12985385
12985386
12985387
12985388
12985389
12985390
12985391
12985392
12985393
12985394
12985395
12985396
12985397
12985398
12985399
12985400
12985401
12985402
12985403
12985404
12985405
12985406
12985407
12985408
12985409
12985410
12985411
12985412
12985413
12985414
12985415
12985416
12985417
12985418
12985419
12985420
12985421
12985422
12985423
12985424
12985425
12985426
12985427
12985428
12985429
12985430
12985431
12985432
12985433
12985434
12985435
12985436
12985437
12985438
12985439
12985440
12985441
12985442
12985443
12985444
12985445
12985446
12985447
12985448
12985449
12985450
12985451
12985452
12985453
12985454
12985455
12985456
12985457
12985458
12985459
12985460
12985461
12985462
12985463
12985464
12985465
12985466
12985467
12985468
12985469
12985470
12985471
12985472
12985473
12985474
12985475
12985476
12985477
12985478
12985479
12985480
12985481
12985482
12985483
12985484
12985485
12985486
12985487
12985488
12985489
12985490
12985491
12985492
12985493
12985494
12985495
12985496
12985497
12985498
12985499
12985500
12985501
12985502
12985503
12985504
12985505
12985506
12985507
12985508
12985509
12985510
12985511
12985512
12985513
12985514
12985515
12985516
12985517
12985518
12985519
12985520
12985521
12985522
12985523
12985524
12985525
12985526
12985527
12985528
12985529
12985530
12985531
12985532
12985533
12985534
12985535
12985536
12985537
12985538
12985539
12985540
12985541
12985542
12985543
12985544
12985545
12985546
12985547
12985548
12985549
12985550
12985551
12985552
12985553
12985554
12985555
12985556
12985557
12985558
12985559
12985560
12985561
12985562
12985563
12985564
12985565
12985566
12985567
12985568
12985569
12985570
12985571
12985572
12985573
12985574
12985575
12985576
12985577
12985578
12985579
12985580
12985581
12985582
12985583
12985584
12985585
12985586
12985587
12985588
12985589
12985590
12985591
12985592
12985593
12985594
12985595
12985596
12985597
12985598
12985599
12985600
12985601
12985602
12985603
12985604
12985605
12985606
12985607
12985608
12985609
12985610
12985611
12985612
12985613
12985614
12985615
12985616
12985617
12985618
12985619
12985620
12985621
12985622
12985623
12985624
12985625
12985626
12985627
12985628
12985629
12985630
12985631
12985632
12985633
12985634
12985635
12985636
12985637
12985638
12985639
12985640
12985641
12985642
12985643
12985644
12985645
12985646
12985647
12985648
12985649
12985650
12985651
12985652
12985653
12985654
12985655
12985656
12985657
12985658
12985659
12985660
12985661
12985662
12985663
12985664
12985665
12985666
12985667
12985668
12985669
12985670
12985671
12985672
12985673
12985674
12985675
12985676
12985677
12985678
12985679
12985680
12985681
12985682
12985683
12985684
12985685
12985686
12985687
12985688
12985689
12985690
12985691
12985692
12985693
12985694
12985695
12985696
12985697
12985698
12985699
12985700
12985701
12985702
12985703
12985704
12985705
12985706
12985707
12985708
12985709
12985710
12985711
12985712
12985713
12985714
12985715
12985716
12985717
12985718
12985719
12985720
12985721
12985722
12985723
12985724
12985725
12985726
12985727
12985728
12985729
12985730
12985731
12985732
12985733
12985734
12985735
12985736
12985737
12985738
12985739
12985740
12985741
12985742
12985743
12985744
12985745
12985746
12985747
12985748
12985749
12985750
12985751
12985752
12985753
12985754
12985755
12985756
12985757
12985758
12985759
12985760
12985761
12985762
12985763
12985764
12985765
12985766
12985767
12985768
12985769
12985770
12985771
12985772
12985773
12985774
12985775
12985776
12985777
12985778
12985779
12985780
12985781
12985782
12985783
12985784
12985785
12985786
12985787
12985788
12985789
12985790
12985791
12985792
12985793
12985794
12985795
12985796
12985797
12985798
12985799
12985800
12985801
12985802
12985803
12985804
12985805
12985806
12985807
12985808
12985809
12985810
12985811
12985812
12985813
12985814
12985815
12985816
12985817
12985818
12985819
12985820
12985821
12985822
12985823
12985824
12985825
12985826
12985827
12985828
12985829
12985830
12985831
12985832
12985833
12985834
12985835
12985836
12985837
12985838
12985839
12985840
12985841
12985842
12985843
12985844
12985845
12985846
12985847
12985848
12985849
12985850
12985851
12985852
12985853
12985854
12985855
12985856
12985857
12985858
12985859
12985860
12985861
12985862
12985863
12985864
12985865
12985866
12985867
12985868
12985869
12985870
12985871
12985872
12985873
12985874
12985875
12985876
12985877
12985878
12985879
12985880
12985881
12985882
12985883
12985884
12985885
12985886
12985887
12985888
12985889
12985890
12985891
12985892
12985893
12985894
12985895
12985896
12985897
12985898
12985899
12985900
12985901
12985902
12985903
12985904
12985905
12985906
12985907
12985908
12985909
12985910
12985911
12985912
12985913
12985914
12985915
12985916
12985917
12985918
12985919
12985920
12985921
12985922
12985923
12985924
12985925
12985926
12985927
12985928
12985929
12985930
12985931
12985932
12985933
12985934
12985935
12985936
12985937
12985938
12985939
12985940
12985941
12985942
12985943
12985944
12985945
12985946
12985947
12985948
12985949
12985950
12985951
12985952
12985953
12985954
12985955
12985956
12985957
12985958
12985959
12985960
12985961
12985962
12985963
12985964
12985965
12985966
12985967
12985968
12985969
12985970
12985971
12985972
12985973
12985974
12985975
12985976
12985977
12985978
12985979
12985980
12985981
12985982
12985983
12985984
12985985
12985986
12985987
12985988
12985989
12985990
12985991
12985992
12985993
12985994
12985995
12985996
12985997
12985998
12985999
12986000
12986001
12986002
12986003
12986004
12986005
12986006
12986007
12986008
12986009
12986010
12986011
12986012
12986013
12986014
12986015
12986016
12986017
12986018
12986019
12986020
12986021
12986022
12986023
12986024
12986025
12986026
12986027
12986028
12986029
12986030
12986031
12986032
12986033
12986034
12986035
12986036
12986037
12986038
12986039
12986040
12986041
12986042
12986043
12986044
12986045
12986046
12986047
12986048
12986049
12986050
12986051
12986052
12986053
12986054
12986055
12986056
12986057
12986058
12986059
12986060
12986061
12986062
12986063
12986064
12986065
12986066
12986067
12986068
12986069
12986070
12986071
12986072
12986073
12986074
12986075
12986076
12986077
12986078
12986079
12986080
12986081
12986082
12986083
12986084
12986085
12986086
12986087
12986088
12986089
12986090
12986091
12986092
12986093
12986094
12986095
12986096
12986097
12986098
12986099
12986100
12986101
12986102
12986103
12986104
12986105
12986106
12986107
12986108
12986109
12986110
12986111
12986112
12986113
12986114
12986115
12986116
12986117
12986118
12986119
12986120
12986121
12986122
12986123
12986124
12986125
12986126
12986127
12986128
12986129
12986130
12986131
12986132
12986133
12986134
12986135
12986136
12986137
12986138
12986139
12986140
12986141
12986142
12986143
12986144
12986145
12986146
12986147
12986148
12986149
12986150
12986151
12986152
12986153
12986154
12986155
12986156
12986157
12986158
12986159
12986160
12986161
12986162
12986163
12986164
12986165
12986166
12986167
12986168
12986169
12986170
12986171
12986172
12986173
12986174
12986175
12986176
12986177
12986178
12986179
12986180
12986181
12986182
12986183
12986184
12986185
12986186
12986187
12986188
12986189
12986190
12986191
12986192
12986193
12986194
12986195
12986196
12986197
12986198
12986199
12986200
12986201
12986202
12986203
12986204
12986205
12986206
12986207
12986208
12986209
12986210
12986211
12986212
12986213
12986214
12986215
12986216
12986217
12986218
12986219
12986220
12986221
12986222
12986223
12986224
12986225
12986226
12986227
12986228
12986229
12986230
12986231
12986232
12986233
12986234
12986235
12986236
12986237
12986238
12986239
12986240
12986241
12986242
12986243
12986244
12986245
12986246
12986247
12986248
12986249
12986250
12986251
12986252
12986253
12986254
12986255
12986256
12986257
12986258
12986259
12986260
12986261
12986262
12986263
12986264
12986265
12986266
12986267
12986268
12986269
12986270
12986271
12986272
12986273
12986274
12986275
12986276
12986277
12986278
12986279
12986280
12986281
12986282
12986283
12986284
12986285
12986286
12986287
12986288
12986289
12986290
12986291
12986292
12986293
12986294
12986295
12986296
12986297
12986298
12986299
12986300
12986301
12986302
12986303
12986304
12986305
12986306
12986307
12986308
12986309
12986310
12986311
12986312
12986313
12986314
12986315
12986316
12986317
12986318
12986319
12986320
12986321
12986322
12986323
12986324
12986325
12986326
12986327
12986328
12986329
12986330
12986331
12986332
12986333
12986334
12986335
12986336
12986337
12986338
12986339
12986340
12986341
12986342
12986343
12986344
12986345
12986346
12986347
12986348
12986349
12986350
12986351
12986352
12986353
12986354
12986355
12986356
12986357
12986358
12986359
12986360
12986361
12986362
12986363
12986364
12986365
12986366
12986367
12986368
12986369
12986370
12986371
12986372
12986373
12986374
12986375
12986376
12986377
12986378
12986379
12986380
12986381
12986382
12986383
12986384
12986385
12986386
12986387
12986388
12986389
12986390
12986391
12986392
12986393
12986394
12986395
12986396
12986397
12986398
12986399
12986400
12986401
12986402
12986403
12986404
12986405
12986406
12986407
12986408
12986409
12986410
12986411
12986412
12986413
12986414
12986415
12986416
12986417
12986418
12986419
12986420
12986421
12986422
12986423
12986424
12986425
12986426
12986427
12986428
12986429
12986430
12986431
12986432
12986433
12986434
12986435
12986436
12986437
12986438
12986439
12986440
12986441
12986442
12986443
12986444
12986445
12986446
12986447
12986448
12986449
12986450
12986451
12986452
12986453
12986454
12986455
12986456
12986457
12986458
12986459
12986460
12986461
12986462
12986463
12986464
12986465
12986466
12986467
12986468
12986469
12986470
12986471
12986472
12986473
12986474
12986475
12986476
12986477
12986478
12986479
12986480
12986481
12986482
12986483
12986484
12986485
12986486
12986487
12986488
12986489
12986490
12986491
12986492
12986493
12986494
12986495
12986496
12986497
12986498
12986499
12986500
12986501
12986502
12986503
12986504
12986505
12986506
12986507
12986508
12986509
12986510
12986511
12986512
12986513
12986514
12986515
12986516
12986517
12986518
12986519
12986520
12986521
12986522
12986523
12986524
12986525
12986526
12986527
12986528
12986529
12986530
12986531
12986532
12986533
12986534
12986535
12986536
12986537
12986538
12986539
12986540
12986541
12986542
12986543
12986544
12986545
12986546
12986547
12986548
12986549
12986550
12986551
12986552
12986553
12986554
12986555
12986556
12986557
12986558
12986559
12986560
12986561
12986562
12986563
12986564
12986565
12986566
12986567
12986568
12986569
12986570
12986571
12986572
12986573
12986574
12986575
12986576
12986577
12986578
12986579
12986580
12986581
12986582
12986583
12986584
12986585
12986586
12986587
12986588
12986589
12986590
12986591
12986592
12986593
12986594
12986595
12986596
12986597
12986598
12986599
12986600
12986601
12986602
12986603
12986604
12986605
12986606
12986607
12986608
12986609
12986610
12986611
12986612
12986613
12986614
12986615
12986616
12986617
12986618
12986619
12986620
12986621
12986622
12986623
12986624
12986625
12986626
12986627
12986628
12986629
12986630
12986631
12986632
12986633
12986634
12986635
12986636
12986637
12986638
12986639
12986640
12986641
12986642
12986643
12986644
12986645
12986646
12986647
12986648
12986649
12986650
12986651
12986652
12986653
12986654
12986655
12986656
12986657
12986658
12986659
12986660
12986661
12986662
12986663
12986664
12986665
12986666
12986667
12986668
12986669
12986670
12986671
12986672
12986673
12986674
12986675
12986676
12986677
12986678
12986679
12986680
12986681
12986682
12986683
12986684
12986685
12986686
12986687
12986688
12986689
12986690
12986691
12986692
12986693
12986694
12986695
12986696
12986697
12986698
12986699
12986700
12986701
12986702
12986703
12986704
12986705
12986706
12986707
12986708
12986709
12986710
12986711
12986712
12986713
12986714
12986715
12986716
12986717
12986718
12986719
12986720
12986721
12986722
12986723
12986724
12986725
12986726
12986727
12986728
12986729
12986730
12986731
12986732
12986733
12986734
12986735
12986736
12986737
12986738
12986739
12986740
12986741
12986742
12986743
12986744
12986745
12986746
12986747
12986748
12986749
12986750
12986751
12986752
12986753
12986754
12986755
12986756
12986757
12986758
12986759
12986760
12986761
12986762
12986763
12986764
12986765
12986766
12986767
12986768
12986769
12986770
12986771
12986772
12986773
12986774
12986775
12986776
12986777
12986778
12986779
12986780
12986781
12986782
12986783
12986784
12986785
12986786
12986787
12986788
12986789
12986790
12986791
12986792
12986793
12986794
12986795
12986796
12986797
12986798
12986799
12986800
12986801
12986802
12986803
12986804
12986805
12986806
12986807
12986808
12986809
12986810
12986811
12986812
12986813
12986814
12986815
12986816
12986817
12986818
12986819
12986820
12986821
12986822
12986823
12986824
12986825
12986826
12986827
12986828
12986829
12986830
12986831
12986832
12986833
12986834
12986835
12986836
12986837
12986838
12986839
12986840
12986841
12986842
12986843
12986844
12986845
12986846
12986847
12986848
12986849
12986850
12986851
12986852
12986853
12986854
12986855
12986856
12986857
12986858
12986859
12986860
12986861
12986862
12986863
12986864
12986865
12986866
12986867
12986868
12986869
12986870
12986871
12986872
12986873
12986874
12986875
12986876
12986877
12986878
12986879
12986880
12986881
12986882
12986883
12986884
12986885
12986886
12986887
12986888
12986889
12986890
12986891
12986892
12986893
12986894
12986895
12986896
12986897
12986898
12986899
12986900
12986901
12986902
12986903
12986904
12986905
12986906
12986907
12986908
12986909
12986910
12986911
12986912
12986913
12986914
12986915
12986916
12986917
12986918
12986919
12986920
12986921
12986922
12986923
12986924
12986925
12986926
12986927
12986928
12986929
12986930
12986931
12986932
12986933
12986934
12986935
12986936
12986937
12986938
12986939
12986940
12986941
12986942
12986943
12986944
12986945
12986946
12986947
12986948
12986949
12986950
12986951
12986952
12986953
12986954
12986955
12986956
12986957
12986958
12986959
12986960
12986961
12986962
12986963
12986964
12986965
12986966
12986967
12986968
12986969
12986970
12986971
12986972
12986973
12986974
12986975
12986976
12986977
12986978
12986979
12986980
12986981
12986982
12986983
12986984
12986985
12986986
12986987
12986988
12986989
12986990
12986991
12986992
12986993
12986994
12986995
12986996
12986997
12986998
12986999
12987000
12987001
12987002
12987003
12987004
12987005
12987006
12987007
12987008
12987009
12987010
12987011
12987012
12987013
12987014
12987015
12987016
12987017
12987018
12987019
12987020
12987021
12987022
12987023
12987024
12987025
12987026
12987027
12987028
12987029
12987030
12987031
12987032
12987033
12987034
12987035
12987036
12987037
12987038
12987039
12987040
12987041
12987042
12987043
12987044
12987045
12987046
12987047
12987048
12987049
12987050
12987051
12987052
12987053
12987054
12987055
12987056
12987057
12987058
12987059
12987060
12987061
12987062
12987063
12987064
12987065
12987066
12987067
12987068
12987069
12987070
12987071
12987072
12987073
12987074
12987075
12987076
12987077
12987078
12987079
12987080
12987081
12987082
12987083
12987084
12987085
12987086
12987087
12987088
12987089
12987090
12987091
12987092
12987093
12987094
12987095
12987096
12987097
12987098
12987099
12987100
12987101
12987102
12987103
12987104
12987105
12987106
12987107
12987108
12987109
12987110
12987111
12987112
12987113
12987114
12987115
12987116
12987117
12987118
12987119
12987120
12987121
12987122
12987123
12987124
12987125
12987126
12987127
12987128
12987129
12987130
12987131
12987132
12987133
12987134
12987135
12987136
12987137
12987138
12987139
12987140
12987141
12987142
12987143
12987144
12987145
12987146
12987147
12987148
12987149
12987150
12987151
12987152
12987153
12987154
12987155
12987156
12987157
12987158
12987159
12987160
12987161
12987162
12987163
12987164
12987165
12987166
12987167
12987168
12987169
12987170
12987171
12987172
12987173
12987174
12987175
12987176
12987177
12987178
12987179
12987180
12987181
12987182
12987183
12987184
12987185
12987186
12987187
12987188
12987189
12987190
12987191
12987192
12987193
12987194
12987195
12987196
12987197
12987198
12987199
12987200
12987201
12987202
12987203
12987204
12987205
12987206
12987207
12987208
12987209
12987210
12987211
12987212
12987213
12987214
12987215
12987216
12987217
12987218
12987219
12987220
12987221
12987222
12987223
12987224
12987225
12987226
12987227
12987228
12987229
12987230
12987231
12987232
12987233
12987234
12987235
12987236
12987237
12987238
12987239
12987240
12987241
12987242
12987243
12987244
12987245
12987246
12987247
12987248
12987249
12987250
12987251
12987252
12987253
12987254
12987255
12987256
12987257
12987258
12987259
12987260
12987261
12987262
12987263
12987264
12987265
12987266
12987267
12987268
12987269
12987270
12987271
12987272
12987273
12987274
12987275
12987276
12987277
12987278
12987279
12987280
12987281
12987282
12987283
12987284
12987285
12987286
12987287
12987288
12987289
12987290
12987291
12987292
12987293
12987294
12987295
12987296
12987297
12987298
12987299
12987300
12987301
12987302
12987303
12987304
12987305
12987306
12987307
12987308
12987309
12987310
12987311
12987312
12987313
12987314
12987315
12987316
12987317
12987318
12987319
12987320
12987321
12987322
12987323
12987324
12987325
12987326
12987327
12987328
12987329
12987330
12987331
12987332
12987333
12987334
12987335
12987336
12987337
12987338
12987339
12987340
12987341
12987342
12987343
12987344
12987345
12987346
12987347
12987348
12987349
12987350
12987351
12987352
12987353
12987354
12987355
12987356
12987357
12987358
12987359
12987360
12987361
12987362
12987363
12987364
12987365
12987366
12987367
12987368
12987369
12987370
12987371
12987372
12987373
12987374
12987375
12987376
12987377
12987378
12987379
12987380
12987381
12987382
12987383
12987384
12987385
12987386
12987387
12987388
12987389
12987390
12987391
12987392
12987393
12987394
12987395
12987396
12987397
12987398
12987399
12987400
12987401
12987402
12987403
12987404
12987405
12987406
12987407
12987408
12987409
12987410
12987411
12987412
12987413
12987414
12987415
12987416
12987417
12987418
12987419
12987420
12987421
12987422
12987423
12987424
12987425
12987426
12987427
12987428
12987429
12987430
12987431
12987432
12987433
12987434
12987435
12987436
12987437
12987438
12987439
12987440
12987441
12987442
12987443
12987444
12987445
12987446
12987447
12987448
12987449
12987450
12987451
12987452
12987453
12987454
12987455
12987456
12987457
12987458
12987459
12987460
12987461
12987462
12987463
12987464
12987465
12987466
12987467
12987468
12987469
12987470
12987471
12987472
12987473
12987474
12987475
12987476
12987477
12987478
12987479
12987480
12987481
12987482
12987483
12987484
12987485
12987486
12987487
12987488
12987489
12987490
12987491
12987492
12987493
12987494
12987495
12987496
12987497
12987498
12987499
12987500
12987501
12987502
12987503
12987504
12987505
12987506
12987507
12987508
12987509
12987510
12987511
12987512
12987513
12987514
12987515
12987516
12987517
12987518
12987519
12987520
12987521
12987522
12987523
12987524
12987525
12987526
12987527
12987528
12987529
12987530
12987531
12987532
12987533
12987534
12987535
12987536
12987537
12987538
12987539
12987540
12987541
12987542
12987543
12987544
12987545
12987546
12987547
12987548
12987549
12987550
12987551
12987552
12987553
12987554
12987555
12987556
12987557
12987558
12987559
12987560
12987561
12987562
12987563
12987564
12987565
12987566
12987567
12987568
12987569
12987570
12987571
12987572
12987573
12987574
12987575
12987576
12987577
12987578
12987579
12987580
12987581
12987582
12987583
12987584
12987585
12987586
12987587
12987588
12987589
12987590
12987591
12987592
12987593
12987594
12987595
12987596
12987597
12987598
12987599
12987600
12987601
12987602
12987603
12987604
12987605
12987606
12987607
12987608
12987609
12987610
12987611
12987612
12987613
12987614
12987615
12987616
12987617
12987618
12987619
12987620
12987621
12987622
12987623
12987624
12987625
12987626
12987627
12987628
12987629
12987630
12987631
12987632
12987633
12987634
12987635
12987636
12987637
12987638
12987639
12987640
12987641
12987642
12987643
12987644
12987645
12987646
12987647
12987648
12987649
12987650
12987651
12987652
12987653
12987654
12987655
12987656
12987657
12987658
12987659
12987660
12987661
12987662
12987663
12987664
12987665
12987666
12987667
12987668
12987669
12987670
12987671
12987672
12987673
12987674
12987675
12987676
12987677
12987678
12987679
12987680
12987681
12987682
12987683
12987684
12987685
12987686
12987687
12987688
12987689
12987690
12987691
12987692
12987693
12987694
12987695
12987696
12987697
12987698
12987699
12987700
12987701
12987702
12987703
12987704
12987705
12987706
12987707
12987708
12987709
12987710
12987711
12987712
12987713
12987714
12987715
12987716
12987717
12987718
12987719
12987720
12987721
12987722
12987723
12987724
12987725
12987726
12987727
12987728
12987729
12987730
12987731
12987732
12987733
12987734
12987735
12987736
12987737
12987738
12987739
12987740
12987741
12987742
12987743
12987744
12987745
12987746
12987747
12987748
12987749
12987750
12987751
12987752
12987753
12987754
12987755
12987756
12987757
12987758
12987759
12987760
12987761
12987762
12987763
12987764
12987765
12987766
12987767
12987768
12987769
12987770
12987771
12987772
12987773
12987774
12987775
12987776
12987777
12987778
12987779
12987780
12987781
12987782
12987783
12987784
12987785
12987786
12987787
12987788
12987789
12987790
12987791
12987792
12987793
12987794
12987795
12987796
12987797
12987798
12987799
12987800
12987801
12987802
12987803
12987804
12987805
12987806
12987807
12987808
12987809
12987810
12987811
12987812
12987813
12987814
12987815
12987816
12987817
12987818
12987819
12987820
12987821
12987822
12987823
12987824
12987825
12987826
12987827
12987828
12987829
12987830
12987831
12987832
12987833
12987834
12987835
12987836
12987837
12987838
12987839
12987840
12987841
12987842
12987843
12987844
12987845
12987846
12987847
12987848
12987849
12987850
12987851
12987852
12987853
12987854
12987855
12987856
12987857
12987858
12987859
12987860
12987861
12987862
12987863
12987864
12987865
12987866
12987867
12987868
12987869
12987870
12987871
12987872
12987873
12987874
12987875
12987876
12987877
12987878
12987879
12987880
12987881
12987882
12987883
12987884
12987885
12987886
12987887
12987888
12987889
12987890
12987891
12987892
12987893
12987894
12987895
12987896
12987897
12987898
12987899
12987900
12987901
12987902
12987903
12987904
12987905
12987906
12987907
12987908
12987909
12987910
12987911
12987912
12987913
12987914
12987915
12987916
12987917
12987918
12987919
12987920
12987921
12987922
12987923
12987924
12987925
12987926
12987927
12987928
12987929
12987930
12987931
12987932
12987933
12987934
12987935
12987936
12987937
12987938
12987939
12987940
12987941
12987942
12987943
12987944
12987945
12987946
12987947
12987948
12987949
12987950
12987951
12987952
12987953
12987954
12987955
12987956
12987957
12987958
12987959
12987960
12987961
12987962
12987963
12987964
12987965
12987966
12987967
12987968
12987969
12987970
12987971
12987972
12987973
12987974
12987975
12987976
12987977
12987978
12987979
12987980
12987981
12987982
12987983
12987984
12987985
12987986
12987987
12987988
12987989
12987990
12987991
12987992
12987993
12987994
12987995
12987996
12987997
12987998
12987999
12988000
12988001
12988002
12988003
12988004
12988005
12988006
12988007
12988008
12988009
12988010
12988011
12988012
12988013
12988014
12988015
12988016
12988017
12988018
12988019
12988020
12988021
12988022
12988023
12988024
12988025
12988026
12988027
12988028
12988029
12988030
12988031
12988032
12988033
12988034
12988035
12988036
12988037
12988038
12988039
12988040
12988041
12988042
12988043
12988044
12988045
12988046
12988047
12988048
12988049
12988050
12988051
12988052
12988053
12988054
12988055
12988056
12988057
12988058
12988059
12988060
12988061
12988062
12988063
12988064
12988065
12988066
12988067
12988068
12988069
12988070
12988071
12988072
12988073
12988074
12988075
12988076
12988077
12988078
12988079
12988080
12988081
12988082
12988083
12988084
12988085
12988086
12988087
12988088
12988089
12988090
12988091
12988092
12988093
12988094
12988095
12988096
12988097
12988098
12988099
12988100
12988101
12988102
12988103
12988104
12988105
12988106
12988107
12988108
12988109
12988110
12988111
12988112
12988113
12988114
12988115
12988116
12988117
12988118
12988119
12988120
12988121
12988122
12988123
12988124
12988125
12988126
12988127
12988128
12988129
12988130
12988131
12988132
12988133
12988134
12988135
12988136
12988137
12988138
12988139
12988140
12988141
12988142
12988143
12988144
12988145
12988146
12988147
12988148
12988149
12988150
12988151
12988152
12988153
12988154
12988155
12988156
12988157
12988158
12988159
12988160
12988161
12988162
12988163
12988164
12988165
12988166
12988167
12988168
12988169
12988170
12988171
12988172
12988173
12988174
12988175
12988176
12988177
12988178
12988179
12988180
12988181
12988182
12988183
12988184
12988185
12988186
12988187
12988188
12988189
12988190
12988191
12988192
12988193
12988194
12988195
12988196
12988197
12988198
12988199
12988200
12988201
12988202
12988203
12988204
12988205
12988206
12988207
12988208
12988209
12988210
12988211
12988212
12988213
12988214
12988215
12988216
12988217
12988218
12988219
12988220
12988221
12988222
12988223
12988224
12988225
12988226
12988227
12988228
12988229
12988230
12988231
12988232
12988233
12988234
12988235
12988236
12988237
12988238
12988239
12988240
12988241
12988242
12988243
12988244
12988245
12988246
12988247
12988248
12988249
12988250
12988251
12988252
12988253
12988254
12988255
12988256
12988257
12988258
12988259
12988260
12988261
12988262
12988263
12988264
12988265
12988266
12988267
12988268
12988269
12988270
12988271
12988272
12988273
12988274
12988275
12988276
12988277
12988278
12988279
12988280
12988281
12988282
12988283
12988284
12988285
12988286
12988287
12988288
12988289
12988290
12988291
12988292
12988293
12988294
12988295
12988296
12988297
12988298
12988299
12988300
12988301
12988302
12988303
12988304
12988305
12988306
12988307
12988308
12988309
12988310
12988311
12988312
12988313
12988314
12988315
12988316
12988317
12988318
12988319
12988320
12988321
12988322
12988323
12988324
12988325
12988326
12988327
12988328
12988329
12988330
12988331
12988332
12988333
12988334
12988335
12988336
12988337
12988338
12988339
12988340
12988341
12988342
12988343
12988344
12988345
12988346
12988347
12988348
12988349
12988350
12988351
12988352
12988353
12988354
12988355
12988356
12988357
12988358
12988359
12988360
12988361
12988362
12988363
12988364
12988365
12988366
12988367
12988368
12988369
12988370
12988371
12988372
12988373
12988374
12988375
12988376
12988377
12988378
12988379
12988380
12988381
12988382
12988383
12988384
12988385
12988386
12988387
12988388
12988389
12988390
12988391
12988392
12988393
12988394
12988395
12988396
12988397
12988398
12988399
12988400
12988401
12988402
12988403
12988404
12988405
12988406
12988407
12988408
12988409
12988410
12988411
12988412
12988413
12988414
12988415
12988416
12988417
12988418
12988419
12988420
12988421
12988422
12988423
12988424
12988425
12988426
12988427
12988428
12988429
12988430
12988431
12988432
12988433
12988434
12988435
12988436
12988437
12988438
12988439
12988440
12988441
12988442
12988443
12988444
12988445
12988446
12988447
12988448
12988449
12988450
12988451
12988452
12988453
12988454
12988455
12988456
12988457
12988458
12988459
12988460
12988461
12988462
12988463
12988464
12988465
12988466
12988467
12988468
12988469
12988470
12988471
12988472
12988473
12988474
12988475
12988476
12988477
12988478
12988479
12988480
12988481
12988482
12988483
12988484
12988485
12988486
12988487
12988488
12988489
12988490
12988491
12988492
12988493
12988494
12988495
12988496
12988497
12988498
12988499
12988500
12988501
12988502
12988503
12988504
12988505
12988506
12988507
12988508
12988509
12988510
12988511
12988512
12988513
12988514
12988515
12988516
12988517
12988518
12988519
12988520
12988521
12988522
12988523
12988524
12988525
12988526
12988527
12988528
12988529
12988530
12988531
12988532
12988533
12988534
12988535
12988536
12988537
12988538
12988539
12988540
12988541
12988542
12988543
12988544
12988545
12988546
12988547
12988548
12988549
12988550
12988551
12988552
12988553
12988554
12988555
12988556
12988557
12988558
12988559
12988560
12988561
12988562
12988563
12988564
12988565
12988566
12988567
12988568
12988569
12988570
12988571
12988572
12988573
12988574
12988575
12988576
12988577
12988578
12988579
12988580
12988581
12988582
12988583
12988584
12988585
12988586
12988587
12988588
12988589
12988590
12988591
12988592
12988593
12988594
12988595
12988596
12988597
12988598
12988599
12988600
12988601
12988602
12988603
12988604
12988605
12988606
12988607
12988608
12988609
12988610
12988611
12988612
12988613
12988614
12988615
12988616
12988617
12988618
12988619
12988620
12988621
12988622
12988623
12988624
12988625
12988626
12988627
12988628
12988629
12988630
12988631
12988632
12988633
12988634
12988635
12988636
12988637
12988638
12988639
12988640
12988641
12988642
12988643
12988644
12988645
12988646
12988647
12988648
12988649
12988650
12988651
12988652
12988653
12988654
12988655
12988656
12988657
12988658
12988659
12988660
12988661
12988662
12988663
12988664
12988665
12988666
12988667
12988668
12988669
12988670
12988671
12988672
12988673
12988674
12988675
12988676
12988677
12988678
12988679
12988680
12988681
12988682
12988683
12988684
12988685
12988686
12988687
12988688
12988689
12988690
12988691
12988692
12988693
12988694
12988695
12988696
12988697
12988698
12988699
12988700
12988701
12988702
12988703
12988704
12988705
12988706
12988707
12988708
12988709
12988710
12988711
12988712
12988713
12988714
12988715
12988716
12988717
12988718
12988719
12988720
12988721
12988722
12988723
12988724
12988725
12988726
12988727
12988728
12988729
12988730
12988731
12988732
12988733
12988734
12988735
12988736
12988737
12988738
12988739
12988740
12988741
12988742
12988743
12988744
12988745
12988746
12988747
12988748
12988749
12988750
12988751
12988752
12988753
12988754
12988755
12988756
12988757
12988758
12988759
12988760
12988761
12988762
12988763
12988764
12988765
12988766
12988767
12988768
12988769
12988770
12988771
12988772
12988773
12988774
12988775
12988776
12988777
12988778
12988779
12988780
12988781
12988782
12988783
12988784
12988785
12988786
12988787
12988788
12988789
12988790
12988791
12988792
12988793
12988794
12988795
12988796
12988797
12988798
12988799
12988800
12988801
12988802
12988803
12988804
12988805
12988806
12988807
12988808
12988809
12988810
12988811
12988812
12988813
12988814
12988815
12988816
12988817
12988818
12988819
12988820
12988821
12988822
12988823
12988824
12988825
12988826
12988827
12988828
12988829
12988830
12988831
12988832
12988833
12988834
12988835
12988836
12988837
12988838
12988839
12988840
12988841
12988842
12988843
12988844
12988845
12988846
12988847
12988848
12988849
12988850
12988851
12988852
12988853
12988854
12988855
12988856
12988857
12988858
12988859
12988860
12988861
12988862
12988863
12988864
12988865
12988866
12988867
12988868
12988869
12988870
12988871
12988872
12988873
12988874
12988875
12988876
12988877
12988878
12988879
12988880
12988881
12988882
12988883
12988884
12988885
12988886
12988887
12988888
12988889
