15058890
15058891
15058892
15058893
15058894
15058895
15058896
15058897
15058898
15058899
15058900
15058901
15058902
15058903
15058904
15058905
15058906
15058907
15058908
15058909
15058910
15058911
15058912
15058913
15058914
15058915
15058916
15058917
15058918
15058919
15058920
15058921
15058922
15058923
15058924
15058925
15058926
15058927
15058928
15058929
15058930
15058931
15058932
15058933
15058934
15058935
15058936
15058937
15058938
15058939
15058940
15058941
15058942
15058943
15058944
15058945
15058946
15058947
15058948
15058949
15058950
15058951
15058952
15058953
15058954
15058955
15058956
15058957
15058958
15058959
15058960
15058961
15058962
15058963
15058964
15058965
15058966
15058967
15058968
15058969
15058970
15058971
15058972
15058973
15058974
15058975
15058976
15058977
15058978
15058979
15058980
15058981
15058982
15058983
15058984
15058985
15058986
15058987
15058988
15058989
15058990
15058991
15058992
15058993
15058994
15058995
15058996
15058997
15058998
15058999
15059000
15059001
15059002
15059003
15059004
15059005
15059006
15059007
15059008
15059009
15059010
15059011
15059012
15059013
15059014
15059015
15059016
15059017
15059018
15059019
15059020
15059021
15059022
15059023
15059024
15059025
15059026
15059027
15059028
15059029
15059030
15059031
15059032
15059033
15059034
15059035
15059036
15059037
15059038
15059039
15059040
15059041
15059042
15059043
15059044
15059045
15059046
15059047
15059048
15059049
15059050
15059051
15059052
15059053
15059054
15059055
15059056
15059057
15059058
15059059
15059060
15059061
15059062
15059063
15059064
15059065
15059066
15059067
15059068
15059069
15059070
15059071
15059072
15059073
15059074
15059075
15059076
15059077
15059078
15059079
15059080
15059081
15059082
15059083
15059084
15059085
15059086
15059087
15059088
15059089
15059090
15059091
15059092
15059093
15059094
15059095
15059096
15059097
15059098
15059099
15059100
15059101
15059102
15059103
15059104
15059105
15059106
15059107
15059108
15059109
15059110
15059111
15059112
15059113
15059114
15059115
15059116
15059117
15059118
15059119
15059120
15059121
15059122
15059123
15059124
15059125
15059126
15059127
15059128
15059129
15059130
15059131
15059132
15059133
15059134
15059135
15059136
15059137
15059138
15059139
15059140
15059141
15059142
15059143
15059144
15059145
15059146
15059147
15059148
15059149
15059150
15059151
15059152
15059153
15059154
15059155
15059156
15059157
15059158
15059159
15059160
15059161
15059162
15059163
15059164
15059165
15059166
15059167
15059168
15059169
15059170
15059171
15059172
15059173
15059174
15059175
15059176
15059177
15059178
15059179
15059180
15059181
15059182
15059183
15059184
15059185
15059186
15059187
15059188
15059189
15059190
15059191
15059192
15059193
15059194
15059195
15059196
15059197
15059198
15059199
15059200
15059201
15059202
15059203
15059204
15059205
15059206
15059207
15059208
15059209
15059210
15059211
15059212
15059213
15059214
15059215
15059216
15059217
15059218
15059219
15059220
15059221
15059222
15059223
15059224
15059225
15059226
15059227
15059228
15059229
15059230
15059231
15059232
15059233
15059234
15059235
15059236
15059237
15059238
15059239
15059240
15059241
15059242
15059243
15059244
15059245
15059246
15059247
15059248
15059249
15059250
15059251
15059252
15059253
15059254
15059255
15059256
15059257
15059258
15059259
15059260
15059261
15059262
15059263
15059264
15059265
15059266
15059267
15059268
15059269
15059270
15059271
15059272
15059273
15059274
15059275
15059276
15059277
15059278
15059279
15059280
15059281
15059282
15059283
15059284
15059285
15059286
15059287
15059288
15059289
15059290
15059291
15059292
15059293
15059294
15059295
15059296
15059297
15059298
15059299
15059300
15059301
15059302
15059303
15059304
15059305
15059306
15059307
15059308
15059309
15059310
15059311
15059312
15059313
15059314
15059315
15059316
15059317
15059318
15059319
15059320
15059321
15059322
15059323
15059324
15059325
15059326
15059327
15059328
15059329
15059330
15059331
15059332
15059333
15059334
15059335
15059336
15059337
15059338
15059339
15059340
15059341
15059342
15059343
15059344
15059345
15059346
15059347
15059348
15059349
15059350
15059351
15059352
15059353
15059354
15059355
15059356
15059357
15059358
15059359
15059360
15059361
15059362
15059363
15059364
15059365
15059366
15059367
15059368
15059369
15059370
15059371
15059372
15059373
15059374
15059375
15059376
15059377
15059378
15059379
15059380
15059381
15059382
15059383
15059384
15059385
15059386
15059387
15059388
15059389
15059390
15059391
15059392
15059393
15059394
15059395
15059396
15059397
15059398
15059399
15059400
15059401
15059402
15059403
15059404
15059405
15059406
15059407
15059408
15059409
15059410
15059411
15059412
15059413
15059414
15059415
15059416
15059417
15059418
15059419
15059420
15059421
15059422
15059423
15059424
15059425
15059426
15059427
15059428
15059429
15059430
15059431
15059432
15059433
15059434
15059435
15059436
15059437
15059438
15059439
15059440
15059441
15059442
15059443
15059444
15059445
15059446
15059447
15059448
15059449
15059450
15059451
15059452
15059453
15059454
15059455
15059456
15059457
15059458
15059459
15059460
15059461
15059462
15059463
15059464
15059465
15059466
15059467
15059468
15059469
15059470
15059471
15059472
15059473
15059474
15059475
15059476
15059477
15059478
15059479
15059480
15059481
15059482
15059483
15059484
15059485
15059486
15059487
15059488
15059489
15059490
15059491
15059492
15059493
15059494
15059495
15059496
15059497
15059498
15059499
15059500
15059501
15059502
15059503
15059504
15059505
15059506
15059507
15059508
15059509
15059510
15059511
15059512
15059513
15059514
15059515
15059516
15059517
15059518
15059519
15059520
15059521
15059522
15059523
15059524
15059525
15059526
15059527
15059528
15059529
15059530
15059531
15059532
15059533
15059534
15059535
15059536
15059537
15059538
15059539
15059540
15059541
15059542
15059543
15059544
15059545
15059546
15059547
15059548
15059549
15059550
15059551
15059552
15059553
15059554
15059555
15059556
15059557
15059558
15059559
15059560
15059561
15059562
15059563
15059564
15059565
15059566
15059567
15059568
15059569
15059570
15059571
15059572
15059573
15059574
15059575
15059576
15059577
15059578
15059579
15059580
15059581
15059582
15059583
15059584
15059585
15059586
15059587
15059588
15059589
15059590
15059591
15059592
15059593
15059594
15059595
15059596
15059597
15059598
15059599
15059600
15059601
15059602
15059603
15059604
15059605
15059606
15059607
15059608
15059609
15059610
15059611
15059612
15059613
15059614
15059615
15059616
15059617
15059618
15059619
15059620
15059621
15059622
15059623
15059624
15059625
15059626
15059627
15059628
15059629
15059630
15059631
15059632
15059633
15059634
15059635
15059636
15059637
15059638
15059639
15059640
15059641
15059642
15059643
15059644
15059645
15059646
15059647
15059648
15059649
15059650
15059651
15059652
15059653
15059654
15059655
15059656
15059657
15059658
15059659
15059660
15059661
15059662
15059663
15059664
15059665
15059666
15059667
15059668
15059669
15059670
15059671
15059672
15059673
15059674
15059675
15059676
15059677
15059678
15059679
15059680
15059681
15059682
15059683
15059684
15059685
15059686
15059687
15059688
15059689
15059690
15059691
15059692
15059693
15059694
15059695
15059696
15059697
15059698
15059699
15059700
15059701
15059702
15059703
15059704
15059705
15059706
15059707
15059708
15059709
15059710
15059711
15059712
15059713
15059714
15059715
15059716
15059717
15059718
15059719
15059720
15059721
15059722
15059723
15059724
15059725
15059726
15059727
15059728
15059729
15059730
15059731
15059732
15059733
15059734
15059735
15059736
15059737
15059738
15059739
15059740
15059741
15059742
15059743
15059744
15059745
15059746
15059747
15059748
15059749
15059750
15059751
15059752
15059753
15059754
15059755
15059756
15059757
15059758
15059759
15059760
15059761
15059762
15059763
15059764
15059765
15059766
15059767
15059768
15059769
15059770
15059771
15059772
15059773
15059774
15059775
15059776
15059777
15059778
15059779
15059780
15059781
15059782
15059783
15059784
15059785
15059786
15059787
15059788
15059789
15059790
15059791
15059792
15059793
15059794
15059795
15059796
15059797
15059798
15059799
15059800
15059801
15059802
15059803
15059804
15059805
15059806
15059807
15059808
15059809
15059810
15059811
15059812
15059813
15059814
15059815
15059816
15059817
15059818
15059819
15059820
15059821
15059822
15059823
15059824
15059825
15059826
15059827
15059828
15059829
15059830
15059831
15059832
15059833
15059834
15059835
15059836
15059837
15059838
15059839
15059840
15059841
15059842
15059843
15059844
15059845
15059846
15059847
15059848
15059849
15059850
15059851
15059852
15059853
15059854
15059855
15059856
15059857
15059858
15059859
15059860
15059861
15059862
15059863
15059864
15059865
15059866
15059867
15059868
15059869
15059870
15059871
15059872
15059873
15059874
15059875
15059876
15059877
15059878
15059879
15059880
15059881
15059882
15059883
15059884
15059885
15059886
15059887
15059888
15059889
15059890
15059891
15059892
15059893
15059894
15059895
15059896
15059897
15059898
15059899
15059900
15059901
15059902
15059903
15059904
15059905
15059906
15059907
15059908
15059909
15059910
15059911
15059912
15059913
15059914
15059915
15059916
15059917
15059918
15059919
15059920
15059921
15059922
15059923
15059924
15059925
15059926
15059927
15059928
15059929
15059930
15059931
15059932
15059933
15059934
15059935
15059936
15059937
15059938
15059939
15059940
15059941
15059942
15059943
15059944
15059945
15059946
15059947
15059948
15059949
15059950
15059951
15059952
15059953
15059954
15059955
15059956
15059957
15059958
15059959
15059960
15059961
15059962
15059963
15059964
15059965
15059966
15059967
15059968
15059969
15059970
15059971
15059972
15059973
15059974
15059975
15059976
15059977
15059978
15059979
15059980
15059981
15059982
15059983
15059984
15059985
15059986
15059987
15059988
15059989
15059990
15059991
15059992
15059993
15059994
15059995
15059996
15059997
15059998
15059999
15060000
15060001
15060002
15060003
15060004
15060005
15060006
15060007
15060008
15060009
15060010
15060011
15060012
15060013
15060014
15060015
15060016
15060017
15060018
15060019
15060020
15060021
15060022
15060023
15060024
15060025
15060026
15060027
15060028
15060029
15060030
15060031
15060032
15060033
15060034
15060035
15060036
15060037
15060038
15060039
15060040
15060041
15060042
15060043
15060044
15060045
15060046
15060047
15060048
15060049
15060050
15060051
15060052
15060053
15060054
15060055
15060056
15060057
15060058
15060059
15060060
15060061
15060062
15060063
15060064
15060065
15060066
15060067
15060068
15060069
15060070
15060071
15060072
15060073
15060074
15060075
15060076
15060077
15060078
15060079
15060080
15060081
15060082
15060083
15060084
15060085
15060086
15060087
15060088
15060089
15060090
15060091
15060092
15060093
15060094
15060095
15060096
15060097
15060098
15060099
15060100
15060101
15060102
15060103
15060104
15060105
15060106
15060107
15060108
15060109
15060110
15060111
15060112
15060113
15060114
15060115
15060116
15060117
15060118
15060119
15060120
15060121
15060122
15060123
15060124
15060125
15060126
15060127
15060128
15060129
15060130
15060131
15060132
15060133
15060134
15060135
15060136
15060137
15060138
15060139
15060140
15060141
15060142
15060143
15060144
15060145
15060146
15060147
15060148
15060149
15060150
15060151
15060152
15060153
15060154
15060155
15060156
15060157
15060158
15060159
15060160
15060161
15060162
15060163
15060164
15060165
15060166
15060167
15060168
15060169
15060170
15060171
15060172
15060173
15060174
15060175
15060176
15060177
15060178
15060179
15060180
15060181
15060182
15060183
15060184
15060185
15060186
15060187
15060188
15060189
15060190
15060191
15060192
15060193
15060194
15060195
15060196
15060197
15060198
15060199
15060200
15060201
15060202
15060203
15060204
15060205
15060206
15060207
15060208
15060209
15060210
15060211
15060212
15060213
15060214
15060215
15060216
15060217
15060218
15060219
15060220
15060221
15060222
15060223
15060224
15060225
15060226
15060227
15060228
15060229
15060230
15060231
15060232
15060233
15060234
15060235
15060236
15060237
15060238
15060239
15060240
15060241
15060242
15060243
15060244
15060245
15060246
15060247
15060248
15060249
15060250
15060251
15060252
15060253
15060254
15060255
15060256
15060257
15060258
15060259
15060260
15060261
15060262
15060263
15060264
15060265
15060266
15060267
15060268
15060269
15060270
15060271
15060272
15060273
15060274
15060275
15060276
15060277
15060278
15060279
15060280
15060281
15060282
15060283
15060284
15060285
15060286
15060287
15060288
15060289
15060290
15060291
15060292
15060293
15060294
15060295
15060296
15060297
15060298
15060299
15060300
15060301
15060302
15060303
15060304
15060305
15060306
15060307
15060308
15060309
15060310
15060311
15060312
15060313
15060314
15060315
15060316
15060317
15060318
15060319
15060320
15060321
15060322
15060323
15060324
15060325
15060326
15060327
15060328
15060329
15060330
15060331
15060332
15060333
15060334
15060335
15060336
15060337
15060338
15060339
15060340
15060341
15060342
15060343
15060344
15060345
15060346
15060347
15060348
15060349
15060350
15060351
15060352
15060353
15060354
15060355
15060356
15060357
15060358
15060359
15060360
15060361
15060362
15060363
15060364
15060365
15060366
15060367
15060368
15060369
15060370
15060371
15060372
15060373
15060374
15060375
15060376
15060377
15060378
15060379
15060380
15060381
15060382
15060383
15060384
15060385
15060386
15060387
15060388
15060389
15060390
15060391
15060392
15060393
15060394
15060395
15060396
15060397
15060398
15060399
15060400
15060401
15060402
15060403
15060404
15060405
15060406
15060407
15060408
15060409
15060410
15060411
15060412
15060413
15060414
15060415
15060416
15060417
15060418
15060419
15060420
15060421
15060422
15060423
15060424
15060425
15060426
15060427
15060428
15060429
15060430
15060431
15060432
15060433
15060434
15060435
15060436
15060437
15060438
15060439
15060440
15060441
15060442
15060443
15060444
15060445
15060446
15060447
15060448
15060449
15060450
15060451
15060452
15060453
15060454
15060455
15060456
15060457
15060458
15060459
15060460
15060461
15060462
15060463
15060464
15060465
15060466
15060467
15060468
15060469
15060470
15060471
15060472
15060473
15060474
15060475
15060476
15060477
15060478
15060479
15060480
15060481
15060482
15060483
15060484
15060485
15060486
15060487
15060488
15060489
15060490
15060491
15060492
15060493
15060494
15060495
15060496
15060497
15060498
15060499
15060500
15060501
15060502
15060503
15060504
15060505
15060506
15060507
15060508
15060509
15060510
15060511
15060512
15060513
15060514
15060515
15060516
15060517
15060518
15060519
15060520
15060521
15060522
15060523
15060524
15060525
15060526
15060527
15060528
15060529
15060530
15060531
15060532
15060533
15060534
15060535
15060536
15060537
15060538
15060539
15060540
15060541
15060542
15060543
15060544
15060545
15060546
15060547
15060548
15060549
15060550
15060551
15060552
15060553
15060554
15060555
15060556
15060557
15060558
15060559
15060560
15060561
15060562
15060563
15060564
15060565
15060566
15060567
15060568
15060569
15060570
15060571
15060572
15060573
15060574
15060575
15060576
15060577
15060578
15060579
15060580
15060581
15060582
15060583
15060584
15060585
15060586
15060587
15060588
15060589
15060590
15060591
15060592
15060593
15060594
15060595
15060596
15060597
15060598
15060599
15060600
15060601
15060602
15060603
15060604
15060605
15060606
15060607
15060608
15060609
15060610
15060611
15060612
15060613
15060614
15060615
15060616
15060617
15060618
15060619
15060620
15060621
15060622
15060623
15060624
15060625
15060626
15060627
15060628
15060629
15060630
15060631
15060632
15060633
15060634
15060635
15060636
15060637
15060638
15060639
15060640
15060641
15060642
15060643
15060644
15060645
15060646
15060647
15060648
15060649
15060650
15060651
15060652
15060653
15060654
15060655
15060656
15060657
15060658
15060659
15060660
15060661
15060662
15060663
15060664
15060665
15060666
15060667
15060668
15060669
15060670
15060671
15060672
15060673
15060674
15060675
15060676
15060677
15060678
15060679
15060680
15060681
15060682
15060683
15060684
15060685
15060686
15060687
15060688
15060689
15060690
15060691
15060692
15060693
15060694
15060695
15060696
15060697
15060698
15060699
15060700
15060701
15060702
15060703
15060704
15060705
15060706
15060707
15060708
15060709
15060710
15060711
15060712
15060713
15060714
15060715
15060716
15060717
15060718
15060719
15060720
15060721
15060722
15060723
15060724
15060725
15060726
15060727
15060728
15060729
15060730
15060731
15060732
15060733
15060734
15060735
15060736
15060737
15060738
15060739
15060740
15060741
15060742
15060743
15060744
15060745
15060746
15060747
15060748
15060749
15060750
15060751
15060752
15060753
15060754
15060755
15060756
15060757
15060758
15060759
15060760
15060761
15060762
15060763
15060764
15060765
15060766
15060767
15060768
15060769
15060770
15060771
15060772
15060773
15060774
15060775
15060776
15060777
15060778
15060779
15060780
15060781
15060782
15060783
15060784
15060785
15060786
15060787
15060788
15060789
15060790
15060791
15060792
15060793
15060794
15060795
15060796
15060797
15060798
15060799
15060800
15060801
15060802
15060803
15060804
15060805
15060806
15060807
15060808
15060809
15060810
15060811
15060812
15060813
15060814
15060815
15060816
15060817
15060818
15060819
15060820
15060821
15060822
15060823
15060824
15060825
15060826
15060827
15060828
15060829
15060830
15060831
15060832
15060833
15060834
15060835
15060836
15060837
15060838
15060839
15060840
15060841
15060842
15060843
15060844
15060845
15060846
15060847
15060848
15060849
15060850
15060851
15060852
15060853
15060854
15060855
15060856
15060857
15060858
15060859
15060860
15060861
15060862
15060863
15060864
15060865
15060866
15060867
15060868
15060869
15060870
15060871
15060872
15060873
15060874
15060875
15060876
15060877
15060878
15060879
15060880
15060881
15060882
15060883
15060884
15060885
15060886
15060887
15060888
15060889
15060890
15060891
15060892
15060893
15060894
15060895
15060896
15060897
15060898
15060899
15060900
15060901
15060902
15060903
15060904
15060905
15060906
15060907
15060908
15060909
15060910
15060911
15060912
15060913
15060914
15060915
15060916
15060917
15060918
15060919
15060920
15060921
15060922
15060923
15060924
15060925
15060926
15060927
15060928
15060929
15060930
15060931
15060932
15060933
15060934
15060935
15060936
15060937
15060938
15060939
15060940
15060941
15060942
15060943
15060944
15060945
15060946
15060947
15060948
15060949
15060950
15060951
15060952
15060953
15060954
15060955
15060956
15060957
15060958
15060959
15060960
15060961
15060962
15060963
15060964
15060965
15060966
15060967
15060968
15060969
15060970
15060971
15060972
15060973
15060974
15060975
15060976
15060977
15060978
15060979
15060980
15060981
15060982
15060983
15060984
15060985
15060986
15060987
15060988
15060989
15060990
15060991
15060992
15060993
15060994
15060995
15060996
15060997
15060998
15060999
15061000
15061001
15061002
15061003
15061004
15061005
15061006
15061007
15061008
15061009
15061010
15061011
15061012
15061013
15061014
15061015
15061016
15061017
15061018
15061019
15061020
15061021
15061022
15061023
15061024
15061025
15061026
15061027
15061028
15061029
15061030
15061031
15061032
15061033
15061034
15061035
15061036
15061037
15061038
15061039
15061040
15061041
15061042
15061043
15061044
15061045
15061046
15061047
15061048
15061049
15061050
15061051
15061052
15061053
15061054
15061055
15061056
15061057
15061058
15061059
15061060
15061061
15061062
15061063
15061064
15061065
15061066
15061067
15061068
15061069
15061070
15061071
15061072
15061073
15061074
15061075
15061076
15061077
15061078
15061079
15061080
15061081
15061082
15061083
15061084
15061085
15061086
15061087
15061088
15061089
15061090
15061091
15061092
15061093
15061094
15061095
15061096
15061097
15061098
15061099
15061100
15061101
15061102
15061103
15061104
15061105
15061106
15061107
15061108
15061109
15061110
15061111
15061112
15061113
15061114
15061115
15061116
15061117
15061118
15061119
15061120
15061121
15061122
15061123
15061124
15061125
15061126
15061127
15061128
15061129
15061130
15061131
15061132
15061133
15061134
15061135
15061136
15061137
15061138
15061139
15061140
15061141
15061142
15061143
15061144
15061145
15061146
15061147
15061148
15061149
15061150
15061151
15061152
15061153
15061154
15061155
15061156
15061157
15061158
15061159
15061160
15061161
15061162
15061163
15061164
15061165
15061166
15061167
15061168
15061169
15061170
15061171
15061172
15061173
15061174
15061175
15061176
15061177
15061178
15061179
15061180
15061181
15061182
15061183
15061184
15061185
15061186
15061187
15061188
15061189
15061190
15061191
15061192
15061193
15061194
15061195
15061196
15061197
15061198
15061199
15061200
15061201
15061202
15061203
15061204
15061205
15061206
15061207
15061208
15061209
15061210
15061211
15061212
15061213
15061214
15061215
15061216
15061217
15061218
15061219
15061220
15061221
15061222
15061223
15061224
15061225
15061226
15061227
15061228
15061229
15061230
15061231
15061232
15061233
15061234
15061235
15061236
15061237
15061238
15061239
15061240
15061241
15061242
15061243
15061244
15061245
15061246
15061247
15061248
15061249
15061250
15061251
15061252
15061253
15061254
15061255
15061256
15061257
15061258
15061259
15061260
15061261
15061262
15061263
15061264
15061265
15061266
15061267
15061268
15061269
15061270
15061271
15061272
15061273
15061274
15061275
15061276
15061277
15061278
15061279
15061280
15061281
15061282
15061283
15061284
15061285
15061286
15061287
15061288
15061289
15061290
15061291
15061292
15061293
15061294
15061295
15061296
15061297
15061298
15061299
15061300
15061301
15061302
15061303
15061304
15061305
15061306
15061307
15061308
15061309
15061310
15061311
15061312
15061313
15061314
15061315
15061316
15061317
15061318
15061319
15061320
15061321
15061322
15061323
15061324
15061325
15061326
15061327
15061328
15061329
15061330
15061331
15061332
15061333
15061334
15061335
15061336
15061337
15061338
15061339
15061340
15061341
15061342
15061343
15061344
15061345
15061346
15061347
15061348
15061349
15061350
15061351
15061352
15061353
15061354
15061355
15061356
15061357
15061358
15061359
15061360
15061361
15061362
15061363
15061364
15061365
15061366
15061367
15061368
15061369
15061370
15061371
15061372
15061373
15061374
15061375
15061376
15061377
15061378
15061379
15061380
15061381
15061382
15061383
15061384
15061385
15061386
15061387
15061388
15061389
15061390
15061391
15061392
15061393
15061394
15061395
15061396
15061397
15061398
15061399
15061400
15061401
15061402
15061403
15061404
15061405
15061406
15061407
15061408
15061409
15061410
15061411
15061412
15061413
15061414
15061415
15061416
15061417
15061418
15061419
15061420
15061421
15061422
15061423
15061424
15061425
15061426
15061427
15061428
15061429
15061430
15061431
15061432
15061433
15061434
15061435
15061436
15061437
15061438
15061439
15061440
15061441
15061442
15061443
15061444
15061445
15061446
15061447
15061448
15061449
15061450
15061451
15061452
15061453
15061454
15061455
15061456
15061457
15061458
15061459
15061460
15061461
15061462
15061463
15061464
15061465
15061466
15061467
15061468
15061469
15061470
15061471
15061472
15061473
15061474
15061475
15061476
15061477
15061478
15061479
15061480
15061481
15061482
15061483
15061484
15061485
15061486
15061487
15061488
15061489
15061490
15061491
15061492
15061493
15061494
15061495
15061496
15061497
15061498
15061499
15061500
15061501
15061502
15061503
15061504
15061505
15061506
15061507
15061508
15061509
15061510
15061511
15061512
15061513
15061514
15061515
15061516
15061517
15061518
15061519
15061520
15061521
15061522
15061523
15061524
15061525
15061526
15061527
15061528
15061529
15061530
15061531
15061532
15061533
15061534
15061535
15061536
15061537
15061538
15061539
15061540
15061541
15061542
15061543
15061544
15061545
15061546
15061547
15061548
15061549
15061550
15061551
15061552
15061553
15061554
15061555
15061556
15061557
15061558
15061559
15061560
15061561
15061562
15061563
15061564
15061565
15061566
15061567
15061568
15061569
15061570
15061571
15061572
15061573
15061574
15061575
15061576
15061577
15061578
15061579
15061580
15061581
15061582
15061583
15061584
15061585
15061586
15061587
15061588
15061589
15061590
15061591
15061592
15061593
15061594
15061595
15061596
15061597
15061598
15061599
15061600
15061601
15061602
15061603
15061604
15061605
15061606
15061607
15061608
15061609
15061610
15061611
15061612
15061613
15061614
15061615
15061616
15061617
15061618
15061619
15061620
15061621
15061622
15061623
15061624
15061625
15061626
15061627
15061628
15061629
15061630
15061631
15061632
15061633
15061634
15061635
15061636
15061637
15061638
15061639
15061640
15061641
15061642
15061643
15061644
15061645
15061646
15061647
15061648
15061649
15061650
15061651
15061652
15061653
15061654
15061655
15061656
15061657
15061658
15061659
15061660
15061661
15061662
15061663
15061664
15061665
15061666
15061667
15061668
15061669
15061670
15061671
15061672
15061673
15061674
15061675
15061676
15061677
15061678
15061679
15061680
15061681
15061682
15061683
15061684
15061685
15061686
15061687
15061688
15061689
15061690
15061691
15061692
15061693
15061694
15061695
15061696
15061697
15061698
15061699
15061700
15061701
15061702
15061703
15061704
15061705
15061706
15061707
15061708
15061709
15061710
15061711
15061712
15061713
15061714
15061715
15061716
15061717
15061718
15061719
15061720
15061721
15061722
15061723
15061724
15061725
15061726
15061727
15061728
15061729
15061730
15061731
15061732
15061733
15061734
15061735
15061736
15061737
15061738
15061739
15061740
15061741
15061742
15061743
15061744
15061745
15061746
15061747
15061748
15061749
15061750
15061751
15061752
15061753
15061754
15061755
15061756
15061757
15061758
15061759
15061760
15061761
15061762
15061763
15061764
15061765
15061766
15061767
15061768
15061769
15061770
15061771
15061772
15061773
15061774
15061775
15061776
15061777
15061778
15061779
15061780
15061781
15061782
15061783
15061784
15061785
15061786
15061787
15061788
15061789
15061790
15061791
15061792
15061793
15061794
15061795
15061796
15061797
15061798
15061799
15061800
15061801
15061802
15061803
15061804
15061805
15061806
15061807
15061808
15061809
15061810
15061811
15061812
15061813
15061814
15061815
15061816
15061817
15061818
15061819
15061820
15061821
15061822
15061823
15061824
15061825
15061826
15061827
15061828
15061829
15061830
15061831
15061832
15061833
15061834
15061835
15061836
15061837
15061838
15061839
15061840
15061841
15061842
15061843
15061844
15061845
15061846
15061847
15061848
15061849
15061850
15061851
15061852
15061853
15061854
15061855
15061856
15061857
15061858
15061859
15061860
15061861
15061862
15061863
15061864
15061865
15061866
15061867
15061868
15061869
15061870
15061871
15061872
15061873
15061874
15061875
15061876
15061877
15061878
15061879
15061880
15061881
15061882
15061883
15061884
15061885
15061886
15061887
15061888
15061889
15061890
15061891
15061892
15061893
15061894
15061895
15061896
15061897
15061898
15061899
15061900
15061901
15061902
15061903
15061904
15061905
15061906
15061907
15061908
15061909
15061910
15061911
15061912
15061913
15061914
15061915
15061916
15061917
15061918
15061919
15061920
15061921
15061922
15061923
15061924
15061925
15061926
15061927
15061928
15061929
15061930
15061931
15061932
15061933
15061934
15061935
15061936
15061937
15061938
15061939
15061940
15061941
15061942
15061943
15061944
15061945
15061946
15061947
15061948
15061949
15061950
15061951
15061952
15061953
15061954
15061955
15061956
15061957
15061958
15061959
15061960
15061961
15061962
15061963
15061964
15061965
15061966
15061967
15061968
15061969
15061970
15061971
15061972
15061973
15061974
15061975
15061976
15061977
15061978
15061979
15061980
15061981
15061982
15061983
15061984
15061985
15061986
15061987
15061988
15061989
15061990
15061991
15061992
15061993
15061994
15061995
15061996
15061997
15061998
15061999
15062000
15062001
15062002
15062003
15062004
15062005
15062006
15062007
15062008
15062009
15062010
15062011
15062012
15062013
15062014
15062015
15062016
15062017
15062018
15062019
15062020
15062021
15062022
15062023
15062024
15062025
15062026
15062027
15062028
15062029
15062030
15062031
15062032
15062033
15062034
15062035
15062036
15062037
15062038
15062039
15062040
15062041
15062042
15062043
15062044
15062045
15062046
15062047
15062048
15062049
15062050
15062051
15062052
15062053
15062054
15062055
15062056
15062057
15062058
15062059
15062060
15062061
15062062
15062063
15062064
15062065
15062066
15062067
15062068
15062069
15062070
15062071
15062072
15062073
15062074
15062075
15062076
15062077
15062078
15062079
15062080
15062081
15062082
15062083
15062084
15062085
15062086
15062087
15062088
15062089
15062090
15062091
15062092
15062093
15062094
15062095
15062096
15062097
15062098
15062099
15062100
15062101
15062102
15062103
15062104
15062105
15062106
15062107
15062108
15062109
15062110
15062111
15062112
15062113
15062114
15062115
15062116
15062117
15062118
15062119
15062120
15062121
15062122
15062123
15062124
15062125
15062126
15062127
15062128
15062129
15062130
15062131
15062132
15062133
15062134
15062135
15062136
15062137
15062138
15062139
15062140
15062141
15062142
15062143
15062144
15062145
15062146
15062147
15062148
15062149
15062150
15062151
15062152
15062153
15062154
15062155
15062156
15062157
15062158
15062159
15062160
15062161
15062162
15062163
15062164
15062165
15062166
15062167
15062168
15062169
15062170
15062171
15062172
15062173
15062174
15062175
15062176
15062177
15062178
15062179
15062180
15062181
15062182
15062183
15062184
15062185
15062186
15062187
15062188
15062189
15062190
15062191
15062192
15062193
15062194
15062195
15062196
15062197
15062198
15062199
15062200
15062201
15062202
15062203
15062204
15062205
15062206
15062207
15062208
15062209
15062210
15062211
15062212
15062213
15062214
15062215
15062216
15062217
15062218
15062219
15062220
15062221
15062222
15062223
15062224
15062225
15062226
15062227
15062228
15062229
15062230
15062231
15062232
15062233
15062234
15062235
15062236
15062237
15062238
15062239
15062240
15062241
15062242
15062243
15062244
15062245
15062246
15062247
15062248
15062249
15062250
15062251
15062252
15062253
15062254
15062255
15062256
15062257
15062258
15062259
15062260
15062261
15062262
15062263
15062264
15062265
15062266
15062267
15062268
15062269
15062270
15062271
15062272
15062273
15062274
15062275
15062276
15062277
15062278
15062279
15062280
15062281
15062282
15062283
15062284
15062285
15062286
15062287
15062288
15062289
15062290
15062291
15062292
15062293
15062294
15062295
15062296
15062297
15062298
15062299
15062300
15062301
15062302
15062303
15062304
15062305
15062306
15062307
15062308
15062309
15062310
15062311
15062312
15062313
15062314
15062315
15062316
15062317
15062318
15062319
15062320
15062321
15062322
15062323
15062324
15062325
15062326
15062327
15062328
15062329
15062330
15062331
15062332
15062333
15062334
15062335
15062336
15062337
15062338
15062339
15062340
15062341
15062342
15062343
15062344
15062345
15062346
15062347
15062348
15062349
15062350
15062351
15062352
15062353
15062354
15062355
15062356
15062357
15062358
15062359
15062360
15062361
15062362
15062363
15062364
15062365
15062366
15062367
15062368
15062369
15062370
15062371
15062372
15062373
15062374
15062375
15062376
15062377
15062378
15062379
15062380
15062381
15062382
15062383
15062384
15062385
15062386
15062387
15062388
15062389
15062390
15062391
15062392
15062393
15062394
15062395
15062396
15062397
15062398
15062399
15062400
15062401
15062402
15062403
15062404
15062405
15062406
15062407
15062408
15062409
15062410
15062411
15062412
15062413
15062414
15062415
15062416
15062417
15062418
15062419
15062420
15062421
15062422
15062423
15062424
15062425
15062426
15062427
15062428
15062429
15062430
15062431
15062432
15062433
15062434
15062435
15062436
15062437
15062438
15062439
15062440
15062441
15062442
15062443
15062444
15062445
15062446
15062447
15062448
15062449
15062450
15062451
15062452
15062453
15062454
15062455
15062456
15062457
15062458
15062459
15062460
15062461
15062462
15062463
15062464
15062465
15062466
15062467
15062468
15062469
15062470
15062471
15062472
15062473
15062474
15062475
15062476
15062477
15062478
15062479
15062480
15062481
15062482
15062483
15062484
15062485
15062486
15062487
15062488
15062489
15062490
15062491
15062492
15062493
15062494
15062495
15062496
15062497
15062498
15062499
15062500
15062501
15062502
15062503
15062504
15062505
15062506
15062507
15062508
15062509
15062510
15062511
15062512
15062513
15062514
15062515
15062516
15062517
15062518
15062519
15062520
15062521
15062522
15062523
15062524
15062525
15062526
15062527
15062528
15062529
15062530
15062531
15062532
15062533
15062534
15062535
15062536
15062537
15062538
15062539
15062540
15062541
15062542
15062543
15062544
15062545
15062546
15062547
15062548
15062549
15062550
15062551
15062552
15062553
15062554
15062555
15062556
15062557
15062558
15062559
15062560
15062561
15062562
15062563
15062564
15062565
15062566
15062567
15062568
15062569
15062570
15062571
15062572
15062573
15062574
15062575
15062576
15062577
15062578
15062579
15062580
15062581
15062582
15062583
15062584
15062585
15062586
15062587
15062588
15062589
15062590
15062591
15062592
15062593
15062594
15062595
15062596
15062597
15062598
15062599
15062600
15062601
15062602
15062603
15062604
15062605
15062606
15062607
15062608
15062609
15062610
15062611
15062612
15062613
15062614
15062615
15062616
15062617
15062618
15062619
15062620
15062621
15062622
15062623
15062624
15062625
15062626
15062627
15062628
15062629
15062630
15062631
15062632
15062633
15062634
15062635
15062636
15062637
15062638
15062639
15062640
15062641
15062642
15062643
15062644
15062645
15062646
15062647
15062648
15062649
15062650
15062651
15062652
15062653
15062654
15062655
15062656
15062657
15062658
15062659
15062660
15062661
15062662
15062663
15062664
15062665
15062666
15062667
15062668
15062669
15062670
15062671
15062672
15062673
15062674
15062675
15062676
15062677
15062678
15062679
15062680
15062681
15062682
15062683
15062684
15062685
15062686
15062687
15062688
15062689
15062690
15062691
15062692
15062693
15062694
15062695
15062696
15062697
15062698
15062699
15062700
15062701
15062702
15062703
15062704
15062705
15062706
15062707
15062708
15062709
15062710
15062711
15062712
15062713
15062714
15062715
15062716
15062717
15062718
15062719
15062720
15062721
15062722
15062723
15062724
15062725
15062726
15062727
15062728
15062729
15062730
15062731
15062732
15062733
15062734
15062735
15062736
15062737
15062738
15062739
15062740
15062741
15062742
15062743
15062744
15062745
15062746
15062747
15062748
15062749
15062750
15062751
15062752
15062753
15062754
15062755
15062756
15062757
15062758
15062759
15062760
15062761
15062762
15062763
15062764
15062765
15062766
15062767
15062768
15062769
15062770
15062771
15062772
15062773
15062774
15062775
15062776
15062777
15062778
15062779
15062780
15062781
15062782
15062783
15062784
15062785
15062786
15062787
15062788
15062789
15062790
15062791
15062792
15062793
15062794
15062795
15062796
15062797
15062798
15062799
15062800
15062801
15062802
15062803
15062804
15062805
15062806
15062807
15062808
15062809
15062810
15062811
15062812
15062813
15062814
15062815
15062816
15062817
15062818
15062819
15062820
15062821
15062822
15062823
15062824
15062825
15062826
15062827
15062828
15062829
15062830
15062831
15062832
15062833
15062834
15062835
15062836
15062837
15062838
15062839
15062840
15062841
15062842
15062843
15062844
15062845
15062846
15062847
15062848
15062849
15062850
15062851
15062852
15062853
15062854
15062855
15062856
15062857
15062858
15062859
15062860
15062861
15062862
15062863
15062864
15062865
15062866
15062867
15062868
15062869
15062870
15062871
15062872
15062873
15062874
15062875
15062876
15062877
15062878
15062879
15062880
15062881
15062882
15062883
15062884
15062885
15062886
15062887
15062888
15062889
15062890
15062891
15062892
15062893
15062894
15062895
15062896
15062897
15062898
15062899
15062900
15062901
15062902
15062903
15062904
15062905
15062906
15062907
15062908
15062909
15062910
15062911
15062912
15062913
15062914
15062915
15062916
15062917
15062918
15062919
15062920
15062921
15062922
15062923
15062924
15062925
15062926
15062927
15062928
15062929
15062930
15062931
15062932
15062933
15062934
15062935
15062936
15062937
15062938
15062939
15062940
15062941
15062942
15062943
15062944
15062945
15062946
15062947
15062948
15062949
15062950
15062951
15062952
15062953
15062954
15062955
15062956
15062957
15062958
15062959
15062960
15062961
15062962
15062963
15062964
15062965
15062966
15062967
15062968
15062969
15062970
15062971
15062972
15062973
15062974
15062975
15062976
15062977
15062978
15062979
15062980
15062981
15062982
15062983
15062984
15062985
15062986
15062987
15062988
15062989
15062990
15062991
15062992
15062993
15062994
15062995
15062996
15062997
15062998
15062999
15063000
15063001
15063002
15063003
15063004
15063005
15063006
15063007
15063008
15063009
15063010
15063011
15063012
15063013
15063014
15063015
15063016
15063017
15063018
15063019
15063020
15063021
15063022
15063023
15063024
15063025
15063026
15063027
15063028
15063029
15063030
15063031
15063032
15063033
15063034
15063035
15063036
15063037
15063038
15063039
15063040
15063041
15063042
15063043
15063044
15063045
15063046
15063047
15063048
15063049
15063050
15063051
15063052
15063053
15063054
15063055
15063056
15063057
15063058
15063059
15063060
15063061
15063062
15063063
15063064
15063065
15063066
15063067
15063068
15063069
15063070
15063071
15063072
15063073
15063074
15063075
15063076
15063077
15063078
15063079
15063080
15063081
15063082
15063083
15063084
15063085
15063086
15063087
15063088
15063089
15063090
15063091
15063092
15063093
15063094
15063095
15063096
15063097
15063098
15063099
15063100
15063101
15063102
15063103
15063104
15063105
15063106
15063107
15063108
15063109
15063110
15063111
15063112
15063113
15063114
15063115
15063116
15063117
15063118
15063119
15063120
15063121
15063122
15063123
15063124
15063125
15063126
15063127
15063128
15063129
15063130
15063131
15063132
15063133
15063134
15063135
15063136
15063137
15063138
15063139
15063140
15063141
15063142
15063143
15063144
15063145
15063146
15063147
15063148
15063149
15063150
15063151
15063152
15063153
15063154
15063155
15063156
15063157
15063158
15063159
15063160
15063161
15063162
15063163
15063164
15063165
15063166
15063167
15063168
15063169
15063170
15063171
15063172
15063173
15063174
15063175
15063176
15063177
15063178
15063179
15063180
15063181
15063182
15063183
15063184
15063185
15063186
15063187
15063188
15063189
15063190
15063191
15063192
15063193
15063194
15063195
15063196
15063197
15063198
15063199
15063200
15063201
15063202
15063203
15063204
15063205
15063206
15063207
15063208
15063209
15063210
15063211
15063212
15063213
15063214
15063215
15063216
15063217
15063218
15063219
15063220
15063221
15063222
15063223
15063224
15063225
15063226
15063227
15063228
15063229
15063230
15063231
15063232
15063233
15063234
15063235
15063236
15063237
15063238
15063239
15063240
15063241
15063242
15063243
15063244
15063245
15063246
15063247
15063248
15063249
15063250
15063251
15063252
15063253
15063254
15063255
15063256
15063257
15063258
15063259
15063260
15063261
15063262
15063263
15063264
15063265
15063266
15063267
15063268
15063269
15063270
15063271
15063272
15063273
15063274
15063275
15063276
15063277
15063278
15063279
15063280
15063281
15063282
15063283
15063284
15063285
15063286
15063287
15063288
15063289
15063290
15063291
15063292
15063293
15063294
15063295
15063296
15063297
15063298
15063299
15063300
15063301
15063302
15063303
15063304
15063305
15063306
15063307
15063308
15063309
15063310
15063311
15063312
15063313
15063314
15063315
15063316
15063317
15063318
15063319
15063320
15063321
15063322
15063323
15063324
15063325
15063326
15063327
15063328
15063329
15063330
15063331
15063332
15063333
15063334
15063335
15063336
15063337
15063338
15063339
15063340
15063341
15063342
15063343
15063344
15063345
15063346
15063347
15063348
15063349
15063350
15063351
15063352
15063353
15063354
15063355
15063356
15063357
15063358
15063359
15063360
15063361
15063362
15063363
15063364
15063365
15063366
15063367
15063368
15063369
15063370
15063371
15063372
15063373
15063374
15063375
15063376
15063377
15063378
15063379
15063380
15063381
15063382
15063383
15063384
15063385
15063386
15063387
15063388
15063389
15063390
15063391
15063392
15063393
15063394
15063395
15063396
15063397
15063398
15063399
15063400
15063401
15063402
15063403
15063404
15063405
15063406
15063407
15063408
15063409
15063410
15063411
15063412
15063413
15063414
15063415
15063416
15063417
15063418
15063419
15063420
15063421
15063422
15063423
15063424
15063425
15063426
15063427
15063428
15063429
15063430
15063431
15063432
15063433
15063434
15063435
15063436
15063437
15063438
15063439
15063440
15063441
15063442
15063443
15063444
15063445
15063446
15063447
15063448
15063449
15063450
15063451
15063452
15063453
15063454
15063455
15063456
15063457
15063458
15063459
15063460
15063461
15063462
15063463
15063464
15063465
15063466
15063467
15063468
15063469
15063470
15063471
15063472
15063473
15063474
15063475
15063476
15063477
15063478
15063479
15063480
15063481
15063482
15063483
15063484
15063485
15063486
15063487
15063488
15063489
15063490
15063491
15063492
15063493
15063494
15063495
15063496
15063497
15063498
15063499
15063500
15063501
15063502
15063503
15063504
15063505
15063506
15063507
15063508
15063509
15063510
15063511
15063512
15063513
15063514
15063515
15063516
15063517
15063518
15063519
15063520
15063521
15063522
15063523
15063524
15063525
15063526
15063527
15063528
15063529
15063530
15063531
15063532
15063533
15063534
15063535
15063536
15063537
15063538
15063539
15063540
15063541
15063542
15063543
15063544
15063545
15063546
15063547
15063548
15063549
15063550
15063551
15063552
15063553
15063554
15063555
15063556
15063557
15063558
15063559
15063560
15063561
15063562
15063563
15063564
15063565
15063566
15063567
15063568
15063569
15063570
15063571
15063572
15063573
15063574
15063575
15063576
15063577
15063578
15063579
15063580
15063581
15063582
15063583
15063584
15063585
15063586
15063587
15063588
15063589
15063590
15063591
15063592
15063593
15063594
15063595
15063596
15063597
15063598
15063599
15063600
15063601
15063602
15063603
15063604
15063605
15063606
15063607
15063608
15063609
15063610
15063611
15063612
15063613
15063614
15063615
15063616
15063617
15063618
15063619
15063620
15063621
15063622
15063623
15063624
15063625
15063626
15063627
15063628
15063629
15063630
15063631
15063632
15063633
15063634
15063635
15063636
15063637
15063638
15063639
15063640
15063641
15063642
15063643
15063644
15063645
15063646
15063647
15063648
15063649
15063650
15063651
15063652
15063653
15063654
15063655
15063656
15063657
15063658
15063659
15063660
15063661
15063662
15063663
15063664
15063665
15063666
15063667
15063668
15063669
15063670
15063671
15063672
15063673
15063674
15063675
15063676
15063677
15063678
15063679
15063680
15063681
15063682
15063683
15063684
15063685
15063686
15063687
15063688
15063689
15063690
15063691
15063692
15063693
15063694
15063695
15063696
15063697
15063698
15063699
15063700
15063701
15063702
15063703
15063704
15063705
15063706
15063707
15063708
15063709
15063710
15063711
15063712
15063713
15063714
15063715
15063716
15063717
15063718
15063719
15063720
15063721
15063722
15063723
15063724
15063725
15063726
15063727
15063728
15063729
15063730
15063731
15063732
15063733
15063734
15063735
15063736
15063737
15063738
15063739
15063740
15063741
15063742
15063743
15063744
15063745
15063746
15063747
15063748
15063749
15063750
15063751
15063752
15063753
15063754
15063755
15063756
15063757
15063758
15063759
15063760
15063761
15063762
15063763
15063764
15063765
15063766
15063767
15063768
15063769
15063770
15063771
15063772
15063773
15063774
15063775
15063776
15063777
15063778
15063779
15063780
15063781
15063782
15063783
15063784
15063785
15063786
15063787
15063788
15063789
15063790
15063791
15063792
15063793
15063794
15063795
15063796
15063797
15063798
15063799
15063800
15063801
15063802
15063803
15063804
15063805
15063806
15063807
15063808
15063809
15063810
15063811
15063812
15063813
15063814
15063815
15063816
15063817
15063818
15063819
15063820
15063821
15063822
15063823
15063824
15063825
15063826
15063827
15063828
15063829
15063830
15063831
15063832
15063833
15063834
15063835
15063836
15063837
15063838
15063839
15063840
15063841
15063842
15063843
15063844
15063845
15063846
15063847
15063848
15063849
15063850
15063851
15063852
15063853
15063854
15063855
15063856
15063857
15063858
15063859
15063860
15063861
15063862
15063863
15063864
15063865
15063866
15063867
15063868
15063869
15063870
15063871
15063872
15063873
15063874
15063875
15063876
15063877
15063878
15063879
15063880
15063881
15063882
15063883
15063884
15063885
15063886
15063887
15063888
15063889
15063890
15063891
15063892
15063893
15063894
15063895
15063896
15063897
15063898
15063899
15063900
15063901
15063902
15063903
15063904
15063905
15063906
15063907
15063908
15063909
15063910
15063911
15063912
15063913
15063914
15063915
15063916
15063917
15063918
15063919
15063920
15063921
15063922
15063923
15063924
15063925
15063926
15063927
15063928
15063929
15063930
15063931
15063932
15063933
15063934
15063935
15063936
15063937
15063938
15063939
15063940
15063941
15063942
15063943
15063944
15063945
15063946
15063947
15063948
15063949
15063950
15063951
15063952
15063953
15063954
15063955
15063956
15063957
15063958
15063959
15063960
15063961
15063962
15063963
15063964
15063965
15063966
15063967
15063968
15063969
15063970
15063971
15063972
15063973
15063974
15063975
15063976
15063977
15063978
15063979
15063980
15063981
15063982
15063983
15063984
15063985
15063986
15063987
15063988
15063989
15063990
15063991
15063992
15063993
15063994
15063995
15063996
15063997
15063998
15063999
15064000
15064001
15064002
15064003
15064004
15064005
15064006
15064007
15064008
15064009
15064010
15064011
15064012
15064013
15064014
15064015
15064016
15064017
15064018
15064019
15064020
15064021
15064022
15064023
15064024
15064025
15064026
15064027
15064028
15064029
15064030
15064031
15064032
15064033
15064034
15064035
15064036
15064037
15064038
15064039
15064040
15064041
15064042
15064043
15064044
15064045
15064046
15064047
15064048
15064049
15064050
15064051
15064052
15064053
15064054
15064055
15064056
15064057
15064058
15064059
15064060
15064061
15064062
15064063
15064064
15064065
15064066
15064067
15064068
15064069
15064070
15064071
15064072
15064073
15064074
15064075
15064076
15064077
15064078
15064079
15064080
15064081
15064082
15064083
15064084
15064085
15064086
15064087
15064088
15064089
15064090
15064091
15064092
15064093
15064094
15064095
15064096
15064097
15064098
15064099
15064100
15064101
15064102
15064103
15064104
15064105
15064106
15064107
15064108
15064109
15064110
15064111
15064112
15064113
15064114
15064115
15064116
15064117
15064118
15064119
15064120
15064121
15064122
15064123
15064124
15064125
15064126
15064127
15064128
15064129
15064130
15064131
15064132
15064133
15064134
15064135
15064136
15064137
15064138
15064139
15064140
15064141
15064142
15064143
15064144
15064145
15064146
15064147
15064148
15064149
15064150
15064151
15064152
15064153
15064154
15064155
15064156
15064157
15064158
15064159
15064160
15064161
15064162
15064163
15064164
15064165
15064166
15064167
15064168
15064169
15064170
15064171
15064172
15064173
15064174
15064175
15064176
15064177
15064178
15064179
15064180
15064181
15064182
15064183
15064184
15064185
15064186
15064187
15064188
15064189
15064190
15064191
15064192
15064193
15064194
15064195
15064196
15064197
15064198
15064199
15064200
15064201
15064202
15064203
15064204
15064205
15064206
15064207
15064208
15064209
15064210
15064211
15064212
15064213
15064214
15064215
15064216
15064217
15064218
15064219
15064220
15064221
15064222
15064223
15064224
15064225
15064226
15064227
15064228
15064229
15064230
15064231
15064232
15064233
15064234
15064235
15064236
15064237
15064238
15064239
15064240
15064241
15064242
15064243
15064244
15064245
15064246
15064247
15064248
15064249
15064250
15064251
15064252
15064253
15064254
15064255
15064256
15064257
15064258
15064259
15064260
15064261
15064262
15064263
15064264
15064265
15064266
15064267
15064268
15064269
15064270
15064271
15064272
15064273
15064274
15064275
15064276
15064277
15064278
15064279
15064280
15064281
15064282
15064283
15064284
15064285
15064286
15064287
15064288
15064289
15064290
15064291
15064292
15064293
15064294
15064295
15064296
15064297
15064298
15064299
15064300
15064301
15064302
15064303
15064304
15064305
15064306
15064307
15064308
15064309
15064310
15064311
15064312
15064313
15064314
15064315
15064316
15064317
15064318
15064319
15064320
15064321
15064322
15064323
15064324
15064325
15064326
15064327
15064328
15064329
15064330
15064331
15064332
15064333
15064334
15064335
15064336
15064337
15064338
15064339
15064340
15064341
15064342
15064343
15064344
15064345
15064346
15064347
15064348
15064349
15064350
15064351
15064352
15064353
15064354
15064355
15064356
15064357
15064358
15064359
15064360
15064361
15064362
15064363
15064364
15064365
15064366
15064367
15064368
15064369
15064370
15064371
15064372
15064373
15064374
15064375
15064376
15064377
15064378
15064379
15064380
15064381
15064382
15064383
15064384
15064385
15064386
15064387
15064388
15064389
15064390
15064391
15064392
15064393
15064394
15064395
15064396
15064397
15064398
15064399
15064400
15064401
15064402
15064403
15064404
15064405
15064406
15064407
15064408
15064409
15064410
15064411
15064412
15064413
15064414
15064415
15064416
15064417
15064418
15064419
15064420
15064421
15064422
15064423
15064424
15064425
15064426
15064427
15064428
15064429
15064430
15064431
15064432
15064433
15064434
15064435
15064436
15064437
15064438
15064439
15064440
15064441
15064442
15064443
15064444
15064445
15064446
15064447
15064448
15064449
15064450
15064451
15064452
15064453
15064454
15064455
15064456
15064457
15064458
15064459
15064460
15064461
15064462
15064463
15064464
15064465
15064466
15064467
15064468
15064469
15064470
15064471
15064472
15064473
15064474
15064475
15064476
15064477
15064478
15064479
15064480
15064481
15064482
15064483
15064484
15064485
15064486
15064487
15064488
15064489
15064490
15064491
15064492
15064493
15064494
15064495
15064496
15064497
15064498
15064499
15064500
15064501
15064502
15064503
15064504
15064505
15064506
15064507
15064508
15064509
15064510
15064511
15064512
15064513
15064514
15064515
15064516
15064517
15064518
15064519
15064520
15064521
15064522
15064523
15064524
15064525
15064526
15064527
15064528
15064529
15064530
15064531
15064532
15064533
15064534
15064535
15064536
15064537
15064538
15064539
15064540
15064541
15064542
15064543
15064544
15064545
15064546
15064547
15064548
15064549
15064550
15064551
15064552
15064553
15064554
15064555
15064556
15064557
15064558
15064559
15064560
15064561
15064562
15064563
15064564
15064565
15064566
15064567
15064568
15064569
15064570
15064571
15064572
15064573
15064574
15064575
15064576
15064577
15064578
15064579
15064580
15064581
15064582
15064583
15064584
15064585
15064586
15064587
15064588
15064589
15064590
15064591
15064592
15064593
15064594
15064595
15064596
15064597
15064598
15064599
15064600
15064601
15064602
15064603
15064604
15064605
15064606
15064607
15064608
15064609
15064610
15064611
15064612
15064613
15064614
15064615
15064616
15064617
15064618
15064619
15064620
15064621
15064622
15064623
15064624
15064625
15064626
15064627
15064628
15064629
15064630
15064631
15064632
15064633
15064634
15064635
15064636
15064637
15064638
15064639
15064640
15064641
15064642
15064643
15064644
15064645
15064646
15064647
15064648
15064649
15064650
15064651
15064652
15064653
15064654
15064655
15064656
15064657
15064658
15064659
15064660
15064661
15064662
15064663
15064664
15064665
15064666
15064667
15064668
15064669
15064670
15064671
15064672
15064673
15064674
15064675
15064676
15064677
15064678
15064679
15064680
15064681
15064682
15064683
15064684
15064685
15064686
15064687
15064688
15064689
15064690
15064691
15064692
15064693
15064694
15064695
15064696
15064697
15064698
15064699
15064700
15064701
15064702
15064703
15064704
15064705
15064706
15064707
15064708
15064709
15064710
15064711
15064712
15064713
15064714
15064715
15064716
15064717
15064718
15064719
15064720
15064721
15064722
15064723
15064724
15064725
15064726
15064727
15064728
15064729
15064730
15064731
15064732
15064733
15064734
15064735
15064736
15064737
15064738
15064739
15064740
15064741
15064742
15064743
15064744
15064745
15064746
15064747
15064748
15064749
15064750
15064751
15064752
15064753
15064754
15064755
15064756
15064757
15064758
15064759
15064760
15064761
15064762
15064763
15064764
15064765
15064766
15064767
15064768
15064769
15064770
15064771
15064772
15064773
15064774
15064775
15064776
15064777
15064778
15064779
15064780
15064781
15064782
15064783
15064784
15064785
15064786
15064787
15064788
15064789
15064790
15064791
15064792
15064793
15064794
15064795
15064796
15064797
15064798
15064799
15064800
15064801
15064802
15064803
15064804
15064805
15064806
15064807
15064808
15064809
15064810
15064811
15064812
15064813
15064814
15064815
15064816
15064817
15064818
15064819
15064820
15064821
15064822
15064823
15064824
15064825
15064826
15064827
15064828
15064829
15064830
15064831
15064832
15064833
15064834
15064835
15064836
15064837
15064838
15064839
15064840
15064841
15064842
15064843
15064844
15064845
15064846
15064847
15064848
15064849
15064850
15064851
15064852
15064853
15064854
15064855
15064856
15064857
15064858
15064859
15064860
15064861
15064862
15064863
15064864
15064865
15064866
15064867
15064868
15064869
15064870
15064871
15064872
15064873
15064874
15064875
15064876
15064877
15064878
15064879
15064880
15064881
15064882
15064883
15064884
15064885
15064886
15064887
15064888
15064889
15064890
15064891
15064892
15064893
15064894
15064895
15064896
15064897
15064898
15064899
15064900
15064901
15064902
15064903
15064904
15064905
15064906
15064907
15064908
15064909
15064910
15064911
15064912
15064913
15064914
15064915
15064916
15064917
15064918
15064919
15064920
15064921
15064922
15064923
15064924
15064925
15064926
15064927
15064928
15064929
15064930
15064931
15064932
15064933
15064934
15064935
15064936
15064937
15064938
15064939
15064940
15064941
15064942
15064943
15064944
15064945
15064946
15064947
15064948
15064949
15064950
15064951
15064952
15064953
15064954
15064955
15064956
15064957
15064958
15064959
15064960
15064961
15064962
15064963
15064964
15064965
15064966
15064967
15064968
15064969
15064970
15064971
15064972
15064973
15064974
15064975
15064976
15064977
15064978
15064979
15064980
15064981
15064982
15064983
15064984
15064985
15064986
15064987
15064988
15064989
15064990
15064991
15064992
15064993
15064994
15064995
15064996
15064997
15064998
15064999
15065000
15065001
15065002
15065003
15065004
15065005
15065006
15065007
15065008
15065009
15065010
15065011
15065012
15065013
15065014
15065015
15065016
15065017
15065018
15065019
15065020
15065021
15065022
15065023
15065024
15065025
15065026
15065027
15065028
15065029
15065030
15065031
15065032
15065033
15065034
15065035
15065036
15065037
15065038
15065039
15065040
15065041
15065042
15065043
15065044
15065045
15065046
15065047
15065048
15065049
15065050
15065051
15065052
15065053
15065054
15065055
15065056
15065057
15065058
15065059
15065060
15065061
15065062
15065063
15065064
15065065
15065066
15065067
15065068
15065069
15065070
15065071
15065072
15065073
15065074
15065075
15065076
15065077
15065078
15065079
15065080
15065081
15065082
15065083
15065084
15065085
15065086
15065087
15065088
15065089
15065090
15065091
15065092
15065093
15065094
15065095
15065096
15065097
15065098
15065099
15065100
15065101
15065102
15065103
15065104
15065105
15065106
15065107
15065108
15065109
15065110
15065111
15065112
15065113
15065114
15065115
15065116
15065117
15065118
15065119
15065120
15065121
15065122
15065123
15065124
15065125
15065126
15065127
15065128
15065129
15065130
15065131
15065132
15065133
15065134
15065135
15065136
15065137
15065138
15065139
15065140
15065141
15065142
15065143
15065144
15065145
15065146
15065147
15065148
15065149
15065150
15065151
15065152
15065153
15065154
15065155
15065156
15065157
15065158
15065159
15065160
15065161
15065162
15065163
15065164
15065165
15065166
15065167
15065168
15065169
15065170
15065171
15065172
15065173
15065174
15065175
15065176
15065177
15065178
15065179
15065180
15065181
15065182
15065183
15065184
15065185
15065186
15065187
15065188
15065189
15065190
15065191
15065192
15065193
15065194
15065195
15065196
15065197
15065198
15065199
15065200
15065201
15065202
15065203
15065204
15065205
15065206
15065207
15065208
15065209
15065210
15065211
15065212
15065213
15065214
15065215
15065216
15065217
15065218
15065219
15065220
15065221
15065222
15065223
15065224
15065225
15065226
15065227
15065228
15065229
15065230
15065231
15065232
15065233
15065234
15065235
15065236
15065237
15065238
15065239
15065240
15065241
15065242
15065243
15065244
15065245
15065246
15065247
15065248
15065249
15065250
15065251
15065252
15065253
15065254
15065255
15065256
15065257
15065258
15065259
15065260
15065261
15065262
15065263
15065264
15065265
15065266
15065267
15065268
15065269
15065270
15065271
15065272
15065273
15065274
15065275
15065276
15065277
15065278
15065279
15065280
15065281
15065282
15065283
15065284
15065285
15065286
15065287
15065288
15065289
15065290
15065291
15065292
15065293
15065294
15065295
15065296
15065297
15065298
15065299
15065300
15065301
15065302
15065303
15065304
15065305
15065306
15065307
15065308
15065309
15065310
15065311
15065312
15065313
15065314
15065315
15065316
15065317
15065318
15065319
15065320
15065321
15065322
15065323
15065324
15065325
15065326
15065327
15065328
15065329
15065330
15065331
15065332
15065333
15065334
15065335
15065336
15065337
15065338
15065339
15065340
15065341
15065342
15065343
15065344
15065345
15065346
15065347
15065348
15065349
15065350
15065351
15065352
15065353
15065354
15065355
15065356
15065357
15065358
15065359
15065360
15065361
15065362
15065363
15065364
15065365
15065366
15065367
15065368
15065369
15065370
15065371
15065372
15065373
15065374
15065375
15065376
15065377
15065378
15065379
15065380
15065381
15065382
15065383
15065384
15065385
15065386
15065387
15065388
15065389
15065390
15065391
15065392
15065393
15065394
15065395
15065396
15065397
15065398
15065399
15065400
15065401
15065402
15065403
15065404
15065405
15065406
15065407
15065408
15065409
15065410
15065411
15065412
15065413
15065414
15065415
15065416
15065417
15065418
15065419
15065420
15065421
15065422
15065423
15065424
15065425
15065426
15065427
15065428
15065429
15065430
15065431
15065432
15065433
15065434
15065435
15065436
15065437
15065438
15065439
15065440
15065441
15065442
15065443
15065444
15065445
15065446
15065447
15065448
15065449
15065450
15065451
15065452
15065453
15065454
15065455
15065456
15065457
15065458
15065459
15065460
15065461
15065462
15065463
15065464
15065465
15065466
15065467
15065468
15065469
15065470
15065471
15065472
15065473
15065474
15065475
15065476
15065477
15065478
15065479
15065480
15065481
15065482
15065483
15065484
15065485
15065486
15065487
15065488
15065489
15065490
15065491
15065492
15065493
15065494
15065495
15065496
15065497
15065498
15065499
15065500
15065501
15065502
15065503
15065504
15065505
15065506
15065507
15065508
15065509
15065510
15065511
15065512
15065513
15065514
15065515
15065516
15065517
15065518
15065519
15065520
15065521
15065522
15065523
15065524
15065525
15065526
15065527
15065528
15065529
15065530
15065531
15065532
15065533
15065534
15065535
15065536
15065537
15065538
15065539
15065540
15065541
15065542
15065543
15065544
15065545
15065546
15065547
15065548
15065549
15065550
15065551
15065552
15065553
15065554
15065555
15065556
15065557
15065558
15065559
15065560
15065561
15065562
15065563
15065564
15065565
15065566
15065567
15065568
15065569
15065570
15065571
15065572
15065573
15065574
15065575
15065576
15065577
15065578
15065579
15065580
15065581
15065582
15065583
15065584
15065585
15065586
15065587
15065588
15065589
15065590
15065591
15065592
15065593
15065594
15065595
15065596
15065597
15065598
15065599
15065600
15065601
15065602
15065603
15065604
15065605
15065606
15065607
15065608
15065609
15065610
15065611
15065612
15065613
15065614
15065615
15065616
15065617
15065618
15065619
15065620
15065621
15065622
15065623
15065624
15065625
15065626
15065627
15065628
15065629
15065630
15065631
15065632
15065633
15065634
15065635
15065636
15065637
15065638
15065639
15065640
15065641
15065642
15065643
15065644
15065645
15065646
15065647
15065648
15065649
15065650
15065651
15065652
15065653
15065654
15065655
15065656
15065657
15065658
15065659
15065660
15065661
15065662
15065663
15065664
15065665
15065666
15065667
15065668
15065669
15065670
15065671
15065672
15065673
15065674
15065675
15065676
15065677
15065678
15065679
15065680
15065681
15065682
15065683
15065684
15065685
15065686
15065687
15065688
15065689
15065690
15065691
15065692
15065693
15065694
15065695
15065696
15065697
15065698
15065699
15065700
15065701
15065702
15065703
15065704
15065705
15065706
15065707
15065708
15065709
15065710
15065711
15065712
15065713
15065714
15065715
15065716
15065717
15065718
15065719
15065720
15065721
15065722
15065723
15065724
15065725
15065726
15065727
15065728
15065729
15065730
15065731
15065732
15065733
15065734
15065735
15065736
15065737
15065738
15065739
15065740
15065741
15065742
15065743
15065744
15065745
15065746
15065747
15065748
15065749
15065750
15065751
15065752
15065753
15065754
15065755
15065756
15065757
15065758
15065759
15065760
15065761
15065762
15065763
15065764
15065765
15065766
15065767
15065768
15065769
15065770
15065771
15065772
15065773
15065774
15065775
15065776
15065777
15065778
15065779
15065780
15065781
15065782
15065783
15065784
15065785
15065786
15065787
15065788
15065789
15065790
15065791
15065792
15065793
15065794
15065795
15065796
15065797
15065798
15065799
15065800
15065801
15065802
15065803
15065804
15065805
15065806
15065807
15065808
15065809
15065810
15065811
15065812
15065813
15065814
15065815
15065816
15065817
15065818
15065819
15065820
15065821
15065822
15065823
15065824
15065825
15065826
15065827
15065828
15065829
15065830
15065831
15065832
15065833
15065834
15065835
15065836
15065837
15065838
15065839
15065840
15065841
15065842
15065843
15065844
15065845
15065846
15065847
15065848
15065849
15065850
15065851
15065852
15065853
15065854
15065855
15065856
15065857
15065858
15065859
15065860
15065861
15065862
15065863
15065864
15065865
15065866
15065867
15065868
15065869
15065870
15065871
15065872
15065873
15065874
15065875
15065876
15065877
15065878
15065879
15065880
15065881
15065882
15065883
15065884
15065885
15065886
15065887
15065888
15065889
15065890
15065891
15065892
15065893
15065894
15065895
15065896
15065897
15065898
15065899
15065900
15065901
15065902
15065903
15065904
15065905
15065906
15065907
15065908
15065909
15065910
15065911
15065912
15065913
15065914
15065915
15065916
15065917
15065918
15065919
15065920
15065921
15065922
15065923
15065924
15065925
15065926
15065927
15065928
15065929
15065930
15065931
15065932
15065933
15065934
15065935
15065936
15065937
15065938
15065939
15065940
15065941
15065942
15065943
15065944
15065945
15065946
15065947
15065948
15065949
15065950
15065951
15065952
15065953
15065954
15065955
15065956
15065957
15065958
15065959
15065960
15065961
15065962
15065963
15065964
15065965
15065966
15065967
15065968
15065969
15065970
15065971
15065972
15065973
15065974
15065975
15065976
15065977
15065978
15065979
15065980
15065981
15065982
15065983
15065984
15065985
15065986
15065987
15065988
15065989
15065990
15065991
15065992
15065993
15065994
15065995
15065996
15065997
15065998
15065999
15066000
15066001
15066002
15066003
15066004
15066005
15066006
15066007
15066008
15066009
15066010
15066011
15066012
15066013
15066014
15066015
15066016
15066017
15066018
15066019
15066020
15066021
15066022
15066023
15066024
15066025
15066026
15066027
15066028
15066029
15066030
15066031
15066032
15066033
15066034
15066035
15066036
15066037
15066038
15066039
15066040
15066041
15066042
15066043
15066044
15066045
15066046
15066047
15066048
15066049
15066050
15066051
15066052
15066053
15066054
15066055
15066056
15066057
15066058
15066059
15066060
15066061
15066062
15066063
15066064
15066065
15066066
15066067
15066068
15066069
15066070
15066071
15066072
15066073
15066074
15066075
15066076
15066077
15066078
15066079
15066080
15066081
15066082
15066083
15066084
15066085
15066086
15066087
15066088
15066089
15066090
15066091
15066092
15066093
15066094
15066095
15066096
15066097
15066098
15066099
15066100
15066101
15066102
15066103
15066104
15066105
15066106
15066107
15066108
15066109
15066110
15066111
15066112
15066113
15066114
15066115
15066116
15066117
15066118
15066119
15066120
15066121
15066122
15066123
15066124
15066125
15066126
15066127
15066128
15066129
15066130
15066131
15066132
15066133
15066134
15066135
15066136
15066137
15066138
15066139
15066140
15066141
15066142
15066143
15066144
15066145
15066146
15066147
15066148
15066149
15066150
15066151
15066152
15066153
15066154
15066155
15066156
15066157
15066158
15066159
15066160
15066161
15066162
15066163
15066164
15066165
15066166
15066167
15066168
15066169
15066170
15066171
15066172
15066173
15066174
15066175
15066176
15066177
15066178
15066179
15066180
15066181
15066182
15066183
15066184
15066185
15066186
15066187
15066188
15066189
15066190
15066191
15066192
15066193
15066194
15066195
15066196
15066197
15066198
15066199
15066200
15066201
15066202
15066203
15066204
15066205
15066206
15066207
15066208
15066209
15066210
15066211
15066212
15066213
15066214
15066215
15066216
15066217
15066218
15066219
15066220
15066221
15066222
15066223
15066224
15066225
15066226
15066227
15066228
15066229
15066230
15066231
15066232
15066233
15066234
15066235
15066236
15066237
15066238
15066239
15066240
15066241
15066242
15066243
15066244
15066245
15066246
15066247
15066248
15066249
15066250
15066251
15066252
15066253
15066254
15066255
15066256
15066257
15066258
15066259
15066260
15066261
15066262
15066263
15066264
15066265
15066266
15066267
15066268
15066269
15066270
15066271
15066272
15066273
15066274
15066275
15066276
15066277
15066278
15066279
15066280
15066281
15066282
15066283
15066284
15066285
15066286
15066287
15066288
15066289
15066290
15066291
15066292
15066293
15066294
15066295
15066296
15066297
15066298
15066299
15066300
15066301
15066302
15066303
15066304
15066305
15066306
15066307
15066308
15066309
15066310
15066311
15066312
15066313
15066314
15066315
15066316
15066317
15066318
15066319
15066320
15066321
15066322
15066323
15066324
15066325
15066326
15066327
15066328
15066329
15066330
15066331
15066332
15066333
15066334
15066335
15066336
15066337
15066338
15066339
15066340
15066341
15066342
15066343
15066344
15066345
15066346
15066347
15066348
15066349
15066350
15066351
15066352
15066353
15066354
15066355
15066356
15066357
15066358
15066359
15066360
15066361
15066362
15066363
15066364
15066365
15066366
15066367
15066368
15066369
15066370
15066371
15066372
15066373
15066374
15066375
15066376
15066377
15066378
15066379
15066380
15066381
15066382
15066383
15066384
15066385
15066386
15066387
15066388
15066389
15066390
15066391
15066392
15066393
15066394
15066395
15066396
15066397
15066398
15066399
15066400
15066401
15066402
15066403
15066404
15066405
15066406
15066407
15066408
15066409
15066410
15066411
15066412
15066413
15066414
15066415
15066416
15066417
15066418
15066419
15066420
15066421
15066422
15066423
15066424
15066425
15066426
15066427
15066428
15066429
15066430
15066431
15066432
15066433
15066434
15066435
15066436
15066437
15066438
15066439
15066440
15066441
15066442
15066443
15066444
15066445
15066446
15066447
15066448
15066449
15066450
15066451
15066452
15066453
15066454
15066455
15066456
15066457
15066458
15066459
15066460
15066461
15066462
15066463
15066464
15066465
15066466
15066467
15066468
15066469
15066470
15066471
15066472
15066473
15066474
15066475
15066476
15066477
15066478
15066479
15066480
15066481
15066482
15066483
15066484
15066485
15066486
15066487
15066488
15066489
15066490
15066491
15066492
15066493
15066494
15066495
15066496
15066497
15066498
15066499
15066500
15066501
15066502
15066503
15066504
15066505
15066506
15066507
15066508
15066509
15066510
15066511
15066512
15066513
15066514
15066515
15066516
15066517
15066518
15066519
15066520
15066521
15066522
15066523
15066524
15066525
15066526
15066527
15066528
15066529
15066530
15066531
15066532
15066533
15066534
15066535
15066536
15066537
15066538
15066539
15066540
15066541
15066542
15066543
15066544
15066545
15066546
15066547
15066548
15066549
15066550
15066551
15066552
15066553
15066554
15066555
15066556
15066557
15066558
15066559
15066560
15066561
15066562
15066563
15066564
15066565
15066566
15066567
15066568
15066569
15066570
15066571
15066572
15066573
15066574
15066575
15066576
15066577
15066578
15066579
15066580
15066581
15066582
15066583
15066584
15066585
15066586
15066587
15066588
15066589
15066590
15066591
15066592
15066593
15066594
15066595
15066596
15066597
15066598
15066599
15066600
15066601
15066602
15066603
15066604
15066605
15066606
15066607
15066608
15066609
15066610
15066611
15066612
15066613
15066614
15066615
15066616
15066617
15066618
15066619
15066620
15066621
15066622
15066623
15066624
15066625
15066626
15066627
15066628
15066629
15066630
15066631
15066632
15066633
15066634
15066635
15066636
15066637
15066638
15066639
15066640
15066641
15066642
15066643
15066644
15066645
15066646
15066647
15066648
15066649
15066650
15066651
15066652
15066653
15066654
15066655
15066656
15066657
15066658
15066659
15066660
15066661
15066662
15066663
15066664
15066665
15066666
15066667
15066668
15066669
15066670
15066671
15066672
15066673
15066674
15066675
15066676
15066677
15066678
15066679
15066680
15066681
15066682
15066683
15066684
15066685
15066686
15066687
15066688
15066689
15066690
15066691
15066692
15066693
15066694
15066695
15066696
15066697
15066698
15066699
15066700
15066701
15066702
15066703
15066704
15066705
15066706
15066707
15066708
15066709
15066710
15066711
15066712
15066713
15066714
15066715
15066716
15066717
15066718
15066719
15066720
15066721
15066722
15066723
15066724
15066725
15066726
15066727
15066728
15066729
15066730
15066731
15066732
15066733
15066734
15066735
15066736
15066737
15066738
15066739
15066740
15066741
15066742
15066743
15066744
15066745
15066746
15066747
15066748
15066749
15066750
15066751
15066752
15066753
15066754
15066755
15066756
15066757
15066758
15066759
15066760
15066761
15066762
15066763
15066764
15066765
15066766
15066767
15066768
15066769
15066770
15066771
15066772
15066773
15066774
15066775
15066776
15066777
15066778
15066779
15066780
15066781
15066782
15066783
15066784
15066785
15066786
15066787
15066788
15066789
15066790
15066791
15066792
15066793
15066794
15066795
15066796
15066797
15066798
15066799
15066800
15066801
15066802
15066803
15066804
15066805
15066806
15066807
15066808
15066809
15066810
15066811
15066812
15066813
15066814
15066815
15066816
15066817
15066818
15066819
15066820
15066821
15066822
15066823
15066824
15066825
15066826
15066827
15066828
15066829
15066830
15066831
15066832
15066833
15066834
15066835
15066836
15066837
15066838
15066839
15066840
15066841
15066842
15066843
15066844
15066845
15066846
15066847
15066848
15066849
15066850
15066851
15066852
15066853
15066854
15066855
15066856
15066857
15066858
15066859
15066860
15066861
15066862
15066863
15066864
15066865
15066866
15066867
15066868
15066869
15066870
15066871
15066872
15066873
15066874
15066875
15066876
15066877
15066878
15066879
15066880
15066881
15066882
15066883
15066884
15066885
15066886
15066887
15066888
15066889
15066890
15066891
15066892
15066893
15066894
15066895
15066896
15066897
15066898
15066899
15066900
15066901
15066902
15066903
15066904
15066905
15066906
15066907
15066908
15066909
15066910
15066911
15066912
15066913
15066914
15066915
15066916
15066917
15066918
15066919
15066920
15066921
15066922
15066923
15066924
15066925
15066926
15066927
15066928
15066929
15066930
15066931
15066932
15066933
15066934
15066935
15066936
15066937
15066938
15066939
15066940
15066941
15066942
15066943
15066944
15066945
15066946
15066947
15066948
15066949
15066950
15066951
15066952
15066953
15066954
15066955
15066956
15066957
15066958
15066959
15066960
15066961
15066962
15066963
15066964
15066965
15066966
15066967
15066968
15066969
15066970
15066971
15066972
15066973
15066974
15066975
15066976
15066977
15066978
15066979
15066980
15066981
15066982
15066983
15066984
15066985
15066986
15066987
15066988
15066989
15066990
15066991
15066992
15066993
15066994
15066995
15066996
15066997
15066998
15066999
15067000
15067001
15067002
15067003
15067004
15067005
15067006
15067007
15067008
15067009
15067010
15067011
15067012
15067013
15067014
15067015
15067016
15067017
15067018
15067019
15067020
15067021
15067022
15067023
15067024
15067025
15067026
15067027
15067028
15067029
15067030
15067031
15067032
15067033
15067034
15067035
15067036
15067037
15067038
15067039
15067040
15067041
15067042
15067043
15067044
15067045
15067046
15067047
15067048
15067049
15067050
15067051
15067052
15067053
15067054
15067055
15067056
15067057
15067058
15067059
15067060
15067061
15067062
15067063
15067064
15067065
15067066
15067067
15067068
15067069
15067070
15067071
15067072
15067073
15067074
15067075
15067076
15067077
15067078
15067079
15067080
15067081
15067082
15067083
15067084
15067085
15067086
15067087
15067088
15067089
15067090
15067091
15067092
15067093
15067094
15067095
15067096
15067097
15067098
15067099
15067100
15067101
15067102
15067103
15067104
15067105
15067106
15067107
15067108
15067109
15067110
15067111
15067112
15067113
15067114
15067115
15067116
15067117
15067118
15067119
15067120
15067121
15067122
15067123
15067124
15067125
15067126
15067127
15067128
15067129
15067130
15067131
15067132
15067133
15067134
15067135
15067136
15067137
15067138
15067139
15067140
15067141
15067142
15067143
15067144
15067145
15067146
15067147
15067148
15067149
15067150
15067151
15067152
15067153
15067154
15067155
15067156
15067157
15067158
15067159
15067160
15067161
15067162
15067163
15067164
15067165
15067166
15067167
15067168
15067169
15067170
15067171
15067172
15067173
15067174
15067175
15067176
15067177
15067178
15067179
15067180
15067181
15067182
15067183
15067184
15067185
15067186
15067187
15067188
15067189
15067190
15067191
15067192
15067193
15067194
15067195
15067196
15067197
15067198
15067199
15067200
15067201
15067202
15067203
15067204
15067205
15067206
15067207
15067208
15067209
15067210
15067211
15067212
15067213
15067214
15067215
15067216
15067217
15067218
15067219
15067220
15067221
15067222
15067223
15067224
15067225
15067226
15067227
15067228
15067229
15067230
15067231
15067232
15067233
15067234
15067235
15067236
15067237
15067238
15067239
15067240
15067241
15067242
15067243
15067244
15067245
15067246
15067247
15067248
15067249
15067250
15067251
15067252
15067253
15067254
15067255
15067256
15067257
15067258
15067259
15067260
15067261
15067262
15067263
15067264
15067265
15067266
15067267
15067268
15067269
15067270
15067271
15067272
15067273
15067274
15067275
15067276
15067277
15067278
15067279
15067280
15067281
15067282
15067283
15067284
15067285
15067286
15067287
15067288
15067289
15067290
15067291
15067292
15067293
15067294
15067295
15067296
15067297
15067298
15067299
15067300
15067301
15067302
15067303
15067304
15067305
15067306
15067307
15067308
15067309
15067310
15067311
15067312
15067313
15067314
15067315
15067316
15067317
15067318
15067319
15067320
15067321
15067322
15067323
15067324
15067325
15067326
15067327
15067328
15067329
15067330
15067331
15067332
15067333
15067334
15067335
15067336
15067337
15067338
15067339
15067340
15067341
15067342
15067343
15067344
15067345
15067346
15067347
15067348
15067349
15067350
15067351
15067352
15067353
15067354
15067355
15067356
15067357
15067358
15067359
15067360
15067361
15067362
15067363
15067364
15067365
15067366
15067367
15067368
15067369
15067370
15067371
15067372
15067373
15067374
15067375
15067376
15067377
15067378
15067379
15067380
15067381
15067382
15067383
15067384
15067385
15067386
15067387
15067388
15067389
15067390
15067391
15067392
15067393
15067394
15067395
15067396
15067397
15067398
15067399
15067400
15067401
15067402
15067403
15067404
15067405
15067406
15067407
15067408
15067409
15067410
15067411
15067412
15067413
15067414
15067415
15067416
15067417
15067418
15067419
15067420
15067421
15067422
15067423
15067424
15067425
15067426
15067427
15067428
15067429
15067430
15067431
15067432
15067433
15067434
15067435
15067436
15067437
15067438
15067439
15067440
15067441
15067442
15067443
15067444
15067445
15067446
15067447
15067448
15067449
15067450
15067451
15067452
15067453
15067454
15067455
15067456
15067457
15067458
15067459
15067460
15067461
15067462
15067463
15067464
15067465
15067466
15067467
15067468
15067469
15067470
15067471
15067472
15067473
15067474
15067475
15067476
15067477
15067478
15067479
15067480
15067481
15067482
15067483
15067484
15067485
15067486
15067487
15067488
15067489
15067490
15067491
15067492
15067493
15067494
15067495
15067496
15067497
15067498
15067499
15067500
15067501
15067502
15067503
15067504
15067505
15067506
15067507
15067508
15067509
15067510
15067511
15067512
15067513
15067514
15067515
15067516
15067517
15067518
15067519
15067520
15067521
15067522
15067523
15067524
15067525
15067526
15067527
15067528
15067529
15067530
15067531
15067532
15067533
15067534
15067535
15067536
15067537
15067538
15067539
15067540
15067541
15067542
15067543
15067544
15067545
15067546
15067547
15067548
15067549
15067550
15067551
15067552
15067553
15067554
15067555
15067556
15067557
15067558
15067559
15067560
15067561
15067562
15067563
15067564
15067565
15067566
15067567
15067568
15067569
15067570
15067571
15067572
15067573
15067574
15067575
15067576
15067577
15067578
15067579
15067580
15067581
15067582
15067583
15067584
15067585
15067586
15067587
15067588
15067589
15067590
15067591
15067592
15067593
15067594
15067595
15067596
15067597
15067598
15067599
15067600
15067601
15067602
15067603
15067604
15067605
15067606
15067607
15067608
15067609
15067610
15067611
15067612
15067613
15067614
15067615
15067616
15067617
15067618
15067619
15067620
15067621
15067622
15067623
15067624
15067625
15067626
15067627
15067628
15067629
15067630
15067631
15067632
15067633
15067634
15067635
15067636
15067637
15067638
15067639
15067640
15067641
15067642
15067643
15067644
15067645
15067646
15067647
15067648
15067649
15067650
15067651
15067652
15067653
15067654
15067655
15067656
15067657
15067658
15067659
15067660
15067661
15067662
15067663
15067664
15067665
15067666
15067667
15067668
15067669
15067670
15067671
15067672
15067673
15067674
15067675
15067676
15067677
15067678
15067679
15067680
15067681
15067682
15067683
15067684
15067685
15067686
15067687
15067688
15067689
15067690
15067691
15067692
15067693
15067694
15067695
15067696
15067697
15067698
15067699
15067700
15067701
15067702
15067703
15067704
15067705
15067706
15067707
15067708
15067709
15067710
15067711
15067712
15067713
15067714
15067715
15067716
15067717
15067718
15067719
15067720
15067721
15067722
15067723
15067724
15067725
15067726
15067727
15067728
15067729
15067730
15067731
15067732
15067733
15067734
15067735
15067736
15067737
15067738
15067739
15067740
15067741
15067742
15067743
15067744
15067745
15067746
15067747
15067748
15067749
15067750
15067751
15067752
15067753
15067754
15067755
15067756
15067757
15067758
15067759
15067760
15067761
15067762
15067763
15067764
15067765
15067766
15067767
15067768
15067769
15067770
15067771
15067772
15067773
15067774
15067775
15067776
15067777
15067778
15067779
15067780
15067781
15067782
15067783
15067784
15067785
15067786
15067787
15067788
15067789
15067790
15067791
15067792
15067793
15067794
15067795
15067796
15067797
15067798
15067799
15067800
15067801
15067802
15067803
15067804
15067805
15067806
15067807
15067808
15067809
15067810
15067811
15067812
15067813
15067814
15067815
15067816
15067817
15067818
15067819
15067820
15067821
15067822
15067823
15067824
15067825
15067826
15067827
15067828
15067829
15067830
15067831
15067832
15067833
15067834
15067835
15067836
15067837
15067838
15067839
15067840
15067841
15067842
15067843
15067844
15067845
15067846
15067847
15067848
15067849
15067850
15067851
15067852
15067853
15067854
15067855
15067856
15067857
15067858
15067859
15067860
15067861
15067862
15067863
15067864
15067865
15067866
15067867
15067868
15067869
15067870
15067871
15067872
15067873
15067874
15067875
15067876
15067877
15067878
15067879
15067880
15067881
15067882
15067883
15067884
15067885
15067886
15067887
15067888
15067889
15067890
15067891
15067892
15067893
15067894
15067895
15067896
15067897
15067898
15067899
15067900
15067901
15067902
15067903
15067904
15067905
15067906
15067907
15067908
15067909
15067910
15067911
15067912
15067913
15067914
15067915
15067916
15067917
15067918
15067919
15067920
15067921
15067922
15067923
15067924
15067925
15067926
15067927
15067928
15067929
15067930
15067931
15067932
15067933
15067934
15067935
15067936
15067937
15067938
15067939
15067940
15067941
15067942
15067943
15067944
15067945
15067946
15067947
15067948
15067949
15067950
15067951
15067952
15067953
15067954
15067955
15067956
15067957
15067958
15067959
15067960
15067961
15067962
15067963
15067964
15067965
15067966
15067967
15067968
15067969
15067970
15067971
15067972
15067973
15067974
15067975
15067976
15067977
15067978
15067979
15067980
15067981
15067982
15067983
15067984
15067985
15067986
15067987
15067988
15067989
15067990
15067991
15067992
15067993
15067994
15067995
15067996
15067997
15067998
15067999
15068000
15068001
15068002
15068003
15068004
15068005
15068006
15068007
15068008
15068009
15068010
15068011
15068012
15068013
15068014
15068015
15068016
15068017
15068018
15068019
15068020
15068021
15068022
15068023
15068024
15068025
15068026
15068027
15068028
15068029
15068030
15068031
15068032
15068033
15068034
15068035
15068036
15068037
15068038
15068039
15068040
15068041
15068042
15068043
15068044
15068045
15068046
15068047
15068048
15068049
15068050
15068051
15068052
15068053
15068054
15068055
15068056
15068057
15068058
15068059
15068060
15068061
15068062
15068063
15068064
15068065
15068066
15068067
15068068
15068069
15068070
15068071
15068072
15068073
15068074
15068075
15068076
15068077
15068078
15068079
15068080
15068081
15068082
15068083
15068084
15068085
15068086
15068087
15068088
15068089
15068090
15068091
15068092
15068093
15068094
15068095
15068096
15068097
15068098
15068099
15068100
15068101
15068102
15068103
15068104
15068105
15068106
15068107
15068108
15068109
15068110
15068111
15068112
15068113
15068114
15068115
15068116
15068117
15068118
15068119
15068120
15068121
15068122
15068123
15068124
15068125
15068126
15068127
15068128
15068129
15068130
15068131
15068132
15068133
15068134
15068135
15068136
15068137
15068138
15068139
15068140
15068141
15068142
15068143
15068144
15068145
15068146
15068147
15068148
15068149
15068150
15068151
15068152
15068153
15068154
15068155
15068156
15068157
15068158
15068159
15068160
15068161
15068162
15068163
15068164
15068165
15068166
15068167
15068168
15068169
15068170
15068171
15068172
15068173
15068174
15068175
15068176
15068177
15068178
15068179
15068180
15068181
15068182
15068183
15068184
15068185
15068186
15068187
15068188
15068189
15068190
15068191
15068192
15068193
15068194
15068195
15068196
15068197
15068198
15068199
15068200
15068201
15068202
15068203
15068204
15068205
15068206
15068207
15068208
15068209
15068210
15068211
15068212
15068213
15068214
15068215
15068216
15068217
15068218
15068219
15068220
15068221
15068222
15068223
15068224
15068225
15068226
15068227
15068228
15068229
15068230
15068231
15068232
15068233
15068234
15068235
15068236
15068237
15068238
15068239
15068240
15068241
15068242
15068243
15068244
15068245
15068246
15068247
15068248
15068249
15068250
15068251
15068252
15068253
15068254
15068255
15068256
15068257
15068258
15068259
15068260
15068261
15068262
15068263
15068264
15068265
15068266
15068267
15068268
15068269
15068270
15068271
15068272
15068273
15068274
15068275
15068276
15068277
15068278
15068279
15068280
15068281
15068282
15068283
15068284
15068285
15068286
15068287
15068288
15068289
15068290
15068291
15068292
15068293
15068294
15068295
15068296
15068297
15068298
15068299
15068300
15068301
15068302
15068303
15068304
15068305
15068306
15068307
15068308
15068309
15068310
15068311
15068312
15068313
15068314
15068315
15068316
15068317
15068318
15068319
15068320
15068321
15068322
15068323
15068324
15068325
15068326
15068327
15068328
15068329
15068330
15068331
15068332
15068333
15068334
15068335
15068336
15068337
15068338
15068339
15068340
15068341
15068342
15068343
15068344
15068345
15068346
15068347
15068348
15068349
15068350
15068351
15068352
15068353
15068354
15068355
15068356
15068357
15068358
15068359
15068360
15068361
15068362
15068363
15068364
15068365
15068366
15068367
15068368
15068369
15068370
15068371
15068372
15068373
15068374
15068375
15068376
15068377
15068378
15068379
15068380
15068381
15068382
15068383
15068384
15068385
15068386
15068387
15068388
15068389
15068390
15068391
15068392
15068393
15068394
15068395
15068396
15068397
15068398
15068399
15068400
15068401
15068402
15068403
15068404
15068405
15068406
15068407
15068408
15068409
15068410
15068411
15068412
15068413
15068414
15068415
15068416
15068417
15068418
15068419
15068420
15068421
15068422
15068423
15068424
15068425
15068426
15068427
15068428
15068429
15068430
15068431
15068432
15068433
15068434
15068435
15068436
15068437
15068438
15068439
15068440
15068441
15068442
15068443
15068444
15068445
15068446
15068447
15068448
15068449
15068450
15068451
15068452
15068453
15068454
15068455
15068456
15068457
15068458
15068459
15068460
15068461
15068462
15068463
15068464
15068465
15068466
15068467
15068468
15068469
15068470
15068471
15068472
15068473
15068474
15068475
15068476
15068477
15068478
15068479
15068480
15068481
15068482
15068483
15068484
15068485
15068486
15068487
15068488
15068489
15068490
15068491
15068492
15068493
15068494
15068495
15068496
15068497
15068498
15068499
15068500
15068501
15068502
15068503
15068504
15068505
15068506
15068507
15068508
15068509
15068510
15068511
15068512
15068513
15068514
15068515
15068516
15068517
15068518
15068519
15068520
15068521
15068522
15068523
15068524
15068525
15068526
15068527
15068528
15068529
15068530
15068531
15068532
15068533
15068534
15068535
15068536
15068537
15068538
15068539
15068540
15068541
15068542
15068543
15068544
15068545
15068546
15068547
15068548
15068549
15068550
15068551
15068552
15068553
15068554
15068555
15068556
15068557
15068558
15068559
15068560
15068561
15068562
15068563
15068564
15068565
15068566
15068567
15068568
15068569
15068570
15068571
15068572
15068573
15068574
15068575
15068576
15068577
15068578
15068579
15068580
15068581
15068582
15068583
15068584
15068585
15068586
15068587
15068588
15068589
15068590
15068591
15068592
15068593
15068594
15068595
15068596
15068597
15068598
15068599
15068600
15068601
15068602
15068603
15068604
15068605
15068606
15068607
15068608
15068609
15068610
15068611
15068612
15068613
15068614
15068615
15068616
15068617
15068618
15068619
15068620
15068621
15068622
15068623
15068624
15068625
15068626
15068627
15068628
15068629
15068630
15068631
15068632
15068633
15068634
15068635
15068636
15068637
15068638
15068639
15068640
15068641
15068642
15068643
15068644
15068645
15068646
15068647
15068648
15068649
15068650
15068651
15068652
15068653
15068654
15068655
15068656
15068657
15068658
15068659
15068660
15068661
15068662
15068663
15068664
15068665
15068666
15068667
15068668
15068669
15068670
15068671
15068672
15068673
15068674
15068675
15068676
15068677
15068678
15068679
15068680
15068681
15068682
15068683
15068684
15068685
15068686
15068687
15068688
15068689
15068690
15068691
15068692
15068693
15068694
15068695
15068696
15068697
15068698
15068699
15068700
15068701
15068702
15068703
15068704
15068705
15068706
15068707
15068708
15068709
15068710
15068711
15068712
15068713
15068714
15068715
15068716
15068717
15068718
15068719
15068720
15068721
15068722
15068723
15068724
15068725
15068726
15068727
15068728
15068729
15068730
15068731
15068732
15068733
15068734
15068735
15068736
15068737
15068738
15068739
15068740
15068741
15068742
15068743
15068744
15068745
15068746
15068747
15068748
15068749
15068750
15068751
15068752
15068753
15068754
15068755
15068756
15068757
15068758
15068759
15068760
15068761
15068762
15068763
15068764
15068765
15068766
15068767
15068768
15068769
15068770
15068771
15068772
15068773
15068774
15068775
15068776
15068777
15068778
15068779
15068780
15068781
15068782
15068783
15068784
15068785
15068786
15068787
15068788
15068789
15068790
15068791
15068792
15068793
15068794
15068795
15068796
15068797
15068798
15068799
15068800
15068801
15068802
15068803
15068804
15068805
15068806
15068807
15068808
15068809
15068810
15068811
15068812
15068813
15068814
15068815
15068816
15068817
15068818
15068819
15068820
15068821
15068822
15068823
15068824
15068825
15068826
15068827
15068828
15068829
15068830
15068831
15068832
15068833
15068834
15068835
15068836
15068837
15068838
15068839
15068840
15068841
15068842
15068843
15068844
15068845
15068846
15068847
15068848
15068849
15068850
15068851
15068852
15068853
15068854
15068855
15068856
15068857
15068858
15068859
15068860
15068861
15068862
15068863
15068864
15068865
15068866
15068867
15068868
15068869
15068870
15068871
15068872
15068873
15068874
15068875
15068876
15068877
15068878
15068879
15068880
15068881
15068882
15068883
15068884
15068885
15068886
15068887
15068888
15068889
