28418890
28418891
28418892
28418893
28418894
28418895
28418896
28418897
28418898
28418899
28418900
28418901
28418902
28418903
28418904
28418905
28418906
28418907
28418908
28418909
28418910
28418911
28418912
28418913
28418914
28418915
28418916
28418917
28418918
28418919
28418920
28418921
28418922
28418923
28418924
28418925
28418926
28418927
28418928
28418929
28418930
28418931
28418932
28418933
28418934
28418935
28418936
28418937
28418938
28418939
28418940
28418941
28418942
28418943
28418944
28418945
28418946
28418947
28418948
28418949
28418950
28418951
28418952
28418953
28418954
28418955
28418956
28418957
28418958
28418959
28418960
28418961
28418962
28418963
28418964
28418965
28418966
28418967
28418968
28418969
28418970
28418971
28418972
28418973
28418974
28418975
28418976
28418977
28418978
28418979
28418980
28418981
28418982
28418983
28418984
28418985
28418986
28418987
28418988
28418989
28418990
28418991
28418992
28418993
28418994
28418995
28418996
28418997
28418998
28418999
28419000
28419001
28419002
28419003
28419004
28419005
28419006
28419007
28419008
28419009
28419010
28419011
28419012
28419013
28419014
28419015
28419016
28419017
28419018
28419019
28419020
28419021
28419022
28419023
28419024
28419025
28419026
28419027
28419028
28419029
28419030
28419031
28419032
28419033
28419034
28419035
28419036
28419037
28419038
28419039
28419040
28419041
28419042
28419043
28419044
28419045
28419046
28419047
28419048
28419049
28419050
28419051
28419052
28419053
28419054
28419055
28419056
28419057
28419058
28419059
28419060
28419061
28419062
28419063
28419064
28419065
28419066
28419067
28419068
28419069
28419070
28419071
28419072
28419073
28419074
28419075
28419076
28419077
28419078
28419079
28419080
28419081
28419082
28419083
28419084
28419085
28419086
28419087
28419088
28419089
28419090
28419091
28419092
28419093
28419094
28419095
28419096
28419097
28419098
28419099
28419100
28419101
28419102
28419103
28419104
28419105
28419106
28419107
28419108
28419109
28419110
28419111
28419112
28419113
28419114
28419115
28419116
28419117
28419118
28419119
28419120
28419121
28419122
28419123
28419124
28419125
28419126
28419127
28419128
28419129
28419130
28419131
28419132
28419133
28419134
28419135
28419136
28419137
28419138
28419139
28419140
28419141
28419142
28419143
28419144
28419145
28419146
28419147
28419148
28419149
28419150
28419151
28419152
28419153
28419154
28419155
28419156
28419157
28419158
28419159
28419160
28419161
28419162
28419163
28419164
28419165
28419166
28419167
28419168
28419169
28419170
28419171
28419172
28419173
28419174
28419175
28419176
28419177
28419178
28419179
28419180
28419181
28419182
28419183
28419184
28419185
28419186
28419187
28419188
28419189
28419190
28419191
28419192
28419193
28419194
28419195
28419196
28419197
28419198
28419199
28419200
28419201
28419202
28419203
28419204
28419205
28419206
28419207
28419208
28419209
28419210
28419211
28419212
28419213
28419214
28419215
28419216
28419217
28419218
28419219
28419220
28419221
28419222
28419223
28419224
28419225
28419226
28419227
28419228
28419229
28419230
28419231
28419232
28419233
28419234
28419235
28419236
28419237
28419238
28419239
28419240
28419241
28419242
28419243
28419244
28419245
28419246
28419247
28419248
28419249
28419250
28419251
28419252
28419253
28419254
28419255
28419256
28419257
28419258
28419259
28419260
28419261
28419262
28419263
28419264
28419265
28419266
28419267
28419268
28419269
28419270
28419271
28419272
28419273
28419274
28419275
28419276
28419277
28419278
28419279
28419280
28419281
28419282
28419283
28419284
28419285
28419286
28419287
28419288
28419289
28419290
28419291
28419292
28419293
28419294
28419295
28419296
28419297
28419298
28419299
28419300
28419301
28419302
28419303
28419304
28419305
28419306
28419307
28419308
28419309
28419310
28419311
28419312
28419313
28419314
28419315
28419316
28419317
28419318
28419319
28419320
28419321
28419322
28419323
28419324
28419325
28419326
28419327
28419328
28419329
28419330
28419331
28419332
28419333
28419334
28419335
28419336
28419337
28419338
28419339
28419340
28419341
28419342
28419343
28419344
28419345
28419346
28419347
28419348
28419349
28419350
28419351
28419352
28419353
28419354
28419355
28419356
28419357
28419358
28419359
28419360
28419361
28419362
28419363
28419364
28419365
28419366
28419367
28419368
28419369
28419370
28419371
28419372
28419373
28419374
28419375
28419376
28419377
28419378
28419379
28419380
28419381
28419382
28419383
28419384
28419385
28419386
28419387
28419388
28419389
28419390
28419391
28419392
28419393
28419394
28419395
28419396
28419397
28419398
28419399
28419400
28419401
28419402
28419403
28419404
28419405
28419406
28419407
28419408
28419409
28419410
28419411
28419412
28419413
28419414
28419415
28419416
28419417
28419418
28419419
28419420
28419421
28419422
28419423
28419424
28419425
28419426
28419427
28419428
28419429
28419430
28419431
28419432
28419433
28419434
28419435
28419436
28419437
28419438
28419439
28419440
28419441
28419442
28419443
28419444
28419445
28419446
28419447
28419448
28419449
28419450
28419451
28419452
28419453
28419454
28419455
28419456
28419457
28419458
28419459
28419460
28419461
28419462
28419463
28419464
28419465
28419466
28419467
28419468
28419469
28419470
28419471
28419472
28419473
28419474
28419475
28419476
28419477
28419478
28419479
28419480
28419481
28419482
28419483
28419484
28419485
28419486
28419487
28419488
28419489
28419490
28419491
28419492
28419493
28419494
28419495
28419496
28419497
28419498
28419499
28419500
28419501
28419502
28419503
28419504
28419505
28419506
28419507
28419508
28419509
28419510
28419511
28419512
28419513
28419514
28419515
28419516
28419517
28419518
28419519
28419520
28419521
28419522
28419523
28419524
28419525
28419526
28419527
28419528
28419529
28419530
28419531
28419532
28419533
28419534
28419535
28419536
28419537
28419538
28419539
28419540
28419541
28419542
28419543
28419544
28419545
28419546
28419547
28419548
28419549
28419550
28419551
28419552
28419553
28419554
28419555
28419556
28419557
28419558
28419559
28419560
28419561
28419562
28419563
28419564
28419565
28419566
28419567
28419568
28419569
28419570
28419571
28419572
28419573
28419574
28419575
28419576
28419577
28419578
28419579
28419580
28419581
28419582
28419583
28419584
28419585
28419586
28419587
28419588
28419589
28419590
28419591
28419592
28419593
28419594
28419595
28419596
28419597
28419598
28419599
28419600
28419601
28419602
28419603
28419604
28419605
28419606
28419607
28419608
28419609
28419610
28419611
28419612
28419613
28419614
28419615
28419616
28419617
28419618
28419619
28419620
28419621
28419622
28419623
28419624
28419625
28419626
28419627
28419628
28419629
28419630
28419631
28419632
28419633
28419634
28419635
28419636
28419637
28419638
28419639
28419640
28419641
28419642
28419643
28419644
28419645
28419646
28419647
28419648
28419649
28419650
28419651
28419652
28419653
28419654
28419655
28419656
28419657
28419658
28419659
28419660
28419661
28419662
28419663
28419664
28419665
28419666
28419667
28419668
28419669
28419670
28419671
28419672
28419673
28419674
28419675
28419676
28419677
28419678
28419679
28419680
28419681
28419682
28419683
28419684
28419685
28419686
28419687
28419688
28419689
28419690
28419691
28419692
28419693
28419694
28419695
28419696
28419697
28419698
28419699
28419700
28419701
28419702
28419703
28419704
28419705
28419706
28419707
28419708
28419709
28419710
28419711
28419712
28419713
28419714
28419715
28419716
28419717
28419718
28419719
28419720
28419721
28419722
28419723
28419724
28419725
28419726
28419727
28419728
28419729
28419730
28419731
28419732
28419733
28419734
28419735
28419736
28419737
28419738
28419739
28419740
28419741
28419742
28419743
28419744
28419745
28419746
28419747
28419748
28419749
28419750
28419751
28419752
28419753
28419754
28419755
28419756
28419757
28419758
28419759
28419760
28419761
28419762
28419763
28419764
28419765
28419766
28419767
28419768
28419769
28419770
28419771
28419772
28419773
28419774
28419775
28419776
28419777
28419778
28419779
28419780
28419781
28419782
28419783
28419784
28419785
28419786
28419787
28419788
28419789
28419790
28419791
28419792
28419793
28419794
28419795
28419796
28419797
28419798
28419799
28419800
28419801
28419802
28419803
28419804
28419805
28419806
28419807
28419808
28419809
28419810
28419811
28419812
28419813
28419814
28419815
28419816
28419817
28419818
28419819
28419820
28419821
28419822
28419823
28419824
28419825
28419826
28419827
28419828
28419829
28419830
28419831
28419832
28419833
28419834
28419835
28419836
28419837
28419838
28419839
28419840
28419841
28419842
28419843
28419844
28419845
28419846
28419847
28419848
28419849
28419850
28419851
28419852
28419853
28419854
28419855
28419856
28419857
28419858
28419859
28419860
28419861
28419862
28419863
28419864
28419865
28419866
28419867
28419868
28419869
28419870
28419871
28419872
28419873
28419874
28419875
28419876
28419877
28419878
28419879
28419880
28419881
28419882
28419883
28419884
28419885
28419886
28419887
28419888
28419889
28419890
28419891
28419892
28419893
28419894
28419895
28419896
28419897
28419898
28419899
28419900
28419901
28419902
28419903
28419904
28419905
28419906
28419907
28419908
28419909
28419910
28419911
28419912
28419913
28419914
28419915
28419916
28419917
28419918
28419919
28419920
28419921
28419922
28419923
28419924
28419925
28419926
28419927
28419928
28419929
28419930
28419931
28419932
28419933
28419934
28419935
28419936
28419937
28419938
28419939
28419940
28419941
28419942
28419943
28419944
28419945
28419946
28419947
28419948
28419949
28419950
28419951
28419952
28419953
28419954
28419955
28419956
28419957
28419958
28419959
28419960
28419961
28419962
28419963
28419964
28419965
28419966
28419967
28419968
28419969
28419970
28419971
28419972
28419973
28419974
28419975
28419976
28419977
28419978
28419979
28419980
28419981
28419982
28419983
28419984
28419985
28419986
28419987
28419988
28419989
28419990
28419991
28419992
28419993
28419994
28419995
28419996
28419997
28419998
28419999
28420000
28420001
28420002
28420003
28420004
28420005
28420006
28420007
28420008
28420009
28420010
28420011
28420012
28420013
28420014
28420015
28420016
28420017
28420018
28420019
28420020
28420021
28420022
28420023
28420024
28420025
28420026
28420027
28420028
28420029
28420030
28420031
28420032
28420033
28420034
28420035
28420036
28420037
28420038
28420039
28420040
28420041
28420042
28420043
28420044
28420045
28420046
28420047
28420048
28420049
28420050
28420051
28420052
28420053
28420054
28420055
28420056
28420057
28420058
28420059
28420060
28420061
28420062
28420063
28420064
28420065
28420066
28420067
28420068
28420069
28420070
28420071
28420072
28420073
28420074
28420075
28420076
28420077
28420078
28420079
28420080
28420081
28420082
28420083
28420084
28420085
28420086
28420087
28420088
28420089
28420090
28420091
28420092
28420093
28420094
28420095
28420096
28420097
28420098
28420099
28420100
28420101
28420102
28420103
28420104
28420105
28420106
28420107
28420108
28420109
28420110
28420111
28420112
28420113
28420114
28420115
28420116
28420117
28420118
28420119
28420120
28420121
28420122
28420123
28420124
28420125
28420126
28420127
28420128
28420129
28420130
28420131
28420132
28420133
28420134
28420135
28420136
28420137
28420138
28420139
28420140
28420141
28420142
28420143
28420144
28420145
28420146
28420147
28420148
28420149
28420150
28420151
28420152
28420153
28420154
28420155
28420156
28420157
28420158
28420159
28420160
28420161
28420162
28420163
28420164
28420165
28420166
28420167
28420168
28420169
28420170
28420171
28420172
28420173
28420174
28420175
28420176
28420177
28420178
28420179
28420180
28420181
28420182
28420183
28420184
28420185
28420186
28420187
28420188
28420189
28420190
28420191
28420192
28420193
28420194
28420195
28420196
28420197
28420198
28420199
28420200
28420201
28420202
28420203
28420204
28420205
28420206
28420207
28420208
28420209
28420210
28420211
28420212
28420213
28420214
28420215
28420216
28420217
28420218
28420219
28420220
28420221
28420222
28420223
28420224
28420225
28420226
28420227
28420228
28420229
28420230
28420231
28420232
28420233
28420234
28420235
28420236
28420237
28420238
28420239
28420240
28420241
28420242
28420243
28420244
28420245
28420246
28420247
28420248
28420249
28420250
28420251
28420252
28420253
28420254
28420255
28420256
28420257
28420258
28420259
28420260
28420261
28420262
28420263
28420264
28420265
28420266
28420267
28420268
28420269
28420270
28420271
28420272
28420273
28420274
28420275
28420276
28420277
28420278
28420279
28420280
28420281
28420282
28420283
28420284
28420285
28420286
28420287
28420288
28420289
28420290
28420291
28420292
28420293
28420294
28420295
28420296
28420297
28420298
28420299
28420300
28420301
28420302
28420303
28420304
28420305
28420306
28420307
28420308
28420309
28420310
28420311
28420312
28420313
28420314
28420315
28420316
28420317
28420318
28420319
28420320
28420321
28420322
28420323
28420324
28420325
28420326
28420327
28420328
28420329
28420330
28420331
28420332
28420333
28420334
28420335
28420336
28420337
28420338
28420339
28420340
28420341
28420342
28420343
28420344
28420345
28420346
28420347
28420348
28420349
28420350
28420351
28420352
28420353
28420354
28420355
28420356
28420357
28420358
28420359
28420360
28420361
28420362
28420363
28420364
28420365
28420366
28420367
28420368
28420369
28420370
28420371
28420372
28420373
28420374
28420375
28420376
28420377
28420378
28420379
28420380
28420381
28420382
28420383
28420384
28420385
28420386
28420387
28420388
28420389
28420390
28420391
28420392
28420393
28420394
28420395
28420396
28420397
28420398
28420399
28420400
28420401
28420402
28420403
28420404
28420405
28420406
28420407
28420408
28420409
28420410
28420411
28420412
28420413
28420414
28420415
28420416
28420417
28420418
28420419
28420420
28420421
28420422
28420423
28420424
28420425
28420426
28420427
28420428
28420429
28420430
28420431
28420432
28420433
28420434
28420435
28420436
28420437
28420438
28420439
28420440
28420441
28420442
28420443
28420444
28420445
28420446
28420447
28420448
28420449
28420450
28420451
28420452
28420453
28420454
28420455
28420456
28420457
28420458
28420459
28420460
28420461
28420462
28420463
28420464
28420465
28420466
28420467
28420468
28420469
28420470
28420471
28420472
28420473
28420474
28420475
28420476
28420477
28420478
28420479
28420480
28420481
28420482
28420483
28420484
28420485
28420486
28420487
28420488
28420489
28420490
28420491
28420492
28420493
28420494
28420495
28420496
28420497
28420498
28420499
28420500
28420501
28420502
28420503
28420504
28420505
28420506
28420507
28420508
28420509
28420510
28420511
28420512
28420513
28420514
28420515
28420516
28420517
28420518
28420519
28420520
28420521
28420522
28420523
28420524
28420525
28420526
28420527
28420528
28420529
28420530
28420531
28420532
28420533
28420534
28420535
28420536
28420537
28420538
28420539
28420540
28420541
28420542
28420543
28420544
28420545
28420546
28420547
28420548
28420549
28420550
28420551
28420552
28420553
28420554
28420555
28420556
28420557
28420558
28420559
28420560
28420561
28420562
28420563
28420564
28420565
28420566
28420567
28420568
28420569
28420570
28420571
28420572
28420573
28420574
28420575
28420576
28420577
28420578
28420579
28420580
28420581
28420582
28420583
28420584
28420585
28420586
28420587
28420588
28420589
28420590
28420591
28420592
28420593
28420594
28420595
28420596
28420597
28420598
28420599
28420600
28420601
28420602
28420603
28420604
28420605
28420606
28420607
28420608
28420609
28420610
28420611
28420612
28420613
28420614
28420615
28420616
28420617
28420618
28420619
28420620
28420621
28420622
28420623
28420624
28420625
28420626
28420627
28420628
28420629
28420630
28420631
28420632
28420633
28420634
28420635
28420636
28420637
28420638
28420639
28420640
28420641
28420642
28420643
28420644
28420645
28420646
28420647
28420648
28420649
28420650
28420651
28420652
28420653
28420654
28420655
28420656
28420657
28420658
28420659
28420660
28420661
28420662
28420663
28420664
28420665
28420666
28420667
28420668
28420669
28420670
28420671
28420672
28420673
28420674
28420675
28420676
28420677
28420678
28420679
28420680
28420681
28420682
28420683
28420684
28420685
28420686
28420687
28420688
28420689
28420690
28420691
28420692
28420693
28420694
28420695
28420696
28420697
28420698
28420699
28420700
28420701
28420702
28420703
28420704
28420705
28420706
28420707
28420708
28420709
28420710
28420711
28420712
28420713
28420714
28420715
28420716
28420717
28420718
28420719
28420720
28420721
28420722
28420723
28420724
28420725
28420726
28420727
28420728
28420729
28420730
28420731
28420732
28420733
28420734
28420735
28420736
28420737
28420738
28420739
28420740
28420741
28420742
28420743
28420744
28420745
28420746
28420747
28420748
28420749
28420750
28420751
28420752
28420753
28420754
28420755
28420756
28420757
28420758
28420759
28420760
28420761
28420762
28420763
28420764
28420765
28420766
28420767
28420768
28420769
28420770
28420771
28420772
28420773
28420774
28420775
28420776
28420777
28420778
28420779
28420780
28420781
28420782
28420783
28420784
28420785
28420786
28420787
28420788
28420789
28420790
28420791
28420792
28420793
28420794
28420795
28420796
28420797
28420798
28420799
28420800
28420801
28420802
28420803
28420804
28420805
28420806
28420807
28420808
28420809
28420810
28420811
28420812
28420813
28420814
28420815
28420816
28420817
28420818
28420819
28420820
28420821
28420822
28420823
28420824
28420825
28420826
28420827
28420828
28420829
28420830
28420831
28420832
28420833
28420834
28420835
28420836
28420837
28420838
28420839
28420840
28420841
28420842
28420843
28420844
28420845
28420846
28420847
28420848
28420849
28420850
28420851
28420852
28420853
28420854
28420855
28420856
28420857
28420858
28420859
28420860
28420861
28420862
28420863
28420864
28420865
28420866
28420867
28420868
28420869
28420870
28420871
28420872
28420873
28420874
28420875
28420876
28420877
28420878
28420879
28420880
28420881
28420882
28420883
28420884
28420885
28420886
28420887
28420888
28420889
28420890
28420891
28420892
28420893
28420894
28420895
28420896
28420897
28420898
28420899
28420900
28420901
28420902
28420903
28420904
28420905
28420906
28420907
28420908
28420909
28420910
28420911
28420912
28420913
28420914
28420915
28420916
28420917
28420918
28420919
28420920
28420921
28420922
28420923
28420924
28420925
28420926
28420927
28420928
28420929
28420930
28420931
28420932
28420933
28420934
28420935
28420936
28420937
28420938
28420939
28420940
28420941
28420942
28420943
28420944
28420945
28420946
28420947
28420948
28420949
28420950
28420951
28420952
28420953
28420954
28420955
28420956
28420957
28420958
28420959
28420960
28420961
28420962
28420963
28420964
28420965
28420966
28420967
28420968
28420969
28420970
28420971
28420972
28420973
28420974
28420975
28420976
28420977
28420978
28420979
28420980
28420981
28420982
28420983
28420984
28420985
28420986
28420987
28420988
28420989
28420990
28420991
28420992
28420993
28420994
28420995
28420996
28420997
28420998
28420999
28421000
28421001
28421002
28421003
28421004
28421005
28421006
28421007
28421008
28421009
28421010
28421011
28421012
28421013
28421014
28421015
28421016
28421017
28421018
28421019
28421020
28421021
28421022
28421023
28421024
28421025
28421026
28421027
28421028
28421029
28421030
28421031
28421032
28421033
28421034
28421035
28421036
28421037
28421038
28421039
28421040
28421041
28421042
28421043
28421044
28421045
28421046
28421047
28421048
28421049
28421050
28421051
28421052
28421053
28421054
28421055
28421056
28421057
28421058
28421059
28421060
28421061
28421062
28421063
28421064
28421065
28421066
28421067
28421068
28421069
28421070
28421071
28421072
28421073
28421074
28421075
28421076
28421077
28421078
28421079
28421080
28421081
28421082
28421083
28421084
28421085
28421086
28421087
28421088
28421089
28421090
28421091
28421092
28421093
28421094
28421095
28421096
28421097
28421098
28421099
28421100
28421101
28421102
28421103
28421104
28421105
28421106
28421107
28421108
28421109
28421110
28421111
28421112
28421113
28421114
28421115
28421116
28421117
28421118
28421119
28421120
28421121
28421122
28421123
28421124
28421125
28421126
28421127
28421128
28421129
28421130
28421131
28421132
28421133
28421134
28421135
28421136
28421137
28421138
28421139
28421140
28421141
28421142
28421143
28421144
28421145
28421146
28421147
28421148
28421149
28421150
28421151
28421152
28421153
28421154
28421155
28421156
28421157
28421158
28421159
28421160
28421161
28421162
28421163
28421164
28421165
28421166
28421167
28421168
28421169
28421170
28421171
28421172
28421173
28421174
28421175
28421176
28421177
28421178
28421179
28421180
28421181
28421182
28421183
28421184
28421185
28421186
28421187
28421188
28421189
28421190
28421191
28421192
28421193
28421194
28421195
28421196
28421197
28421198
28421199
28421200
28421201
28421202
28421203
28421204
28421205
28421206
28421207
28421208
28421209
28421210
28421211
28421212
28421213
28421214
28421215
28421216
28421217
28421218
28421219
28421220
28421221
28421222
28421223
28421224
28421225
28421226
28421227
28421228
28421229
28421230
28421231
28421232
28421233
28421234
28421235
28421236
28421237
28421238
28421239
28421240
28421241
28421242
28421243
28421244
28421245
28421246
28421247
28421248
28421249
28421250
28421251
28421252
28421253
28421254
28421255
28421256
28421257
28421258
28421259
28421260
28421261
28421262
28421263
28421264
28421265
28421266
28421267
28421268
28421269
28421270
28421271
28421272
28421273
28421274
28421275
28421276
28421277
28421278
28421279
28421280
28421281
28421282
28421283
28421284
28421285
28421286
28421287
28421288
28421289
28421290
28421291
28421292
28421293
28421294
28421295
28421296
28421297
28421298
28421299
28421300
28421301
28421302
28421303
28421304
28421305
28421306
28421307
28421308
28421309
28421310
28421311
28421312
28421313
28421314
28421315
28421316
28421317
28421318
28421319
28421320
28421321
28421322
28421323
28421324
28421325
28421326
28421327
28421328
28421329
28421330
28421331
28421332
28421333
28421334
28421335
28421336
28421337
28421338
28421339
28421340
28421341
28421342
28421343
28421344
28421345
28421346
28421347
28421348
28421349
28421350
28421351
28421352
28421353
28421354
28421355
28421356
28421357
28421358
28421359
28421360
28421361
28421362
28421363
28421364
28421365
28421366
28421367
28421368
28421369
28421370
28421371
28421372
28421373
28421374
28421375
28421376
28421377
28421378
28421379
28421380
28421381
28421382
28421383
28421384
28421385
28421386
28421387
28421388
28421389
28421390
28421391
28421392
28421393
28421394
28421395
28421396
28421397
28421398
28421399
28421400
28421401
28421402
28421403
28421404
28421405
28421406
28421407
28421408
28421409
28421410
28421411
28421412
28421413
28421414
28421415
28421416
28421417
28421418
28421419
28421420
28421421
28421422
28421423
28421424
28421425
28421426
28421427
28421428
28421429
28421430
28421431
28421432
28421433
28421434
28421435
28421436
28421437
28421438
28421439
28421440
28421441
28421442
28421443
28421444
28421445
28421446
28421447
28421448
28421449
28421450
28421451
28421452
28421453
28421454
28421455
28421456
28421457
28421458
28421459
28421460
28421461
28421462
28421463
28421464
28421465
28421466
28421467
28421468
28421469
28421470
28421471
28421472
28421473
28421474
28421475
28421476
28421477
28421478
28421479
28421480
28421481
28421482
28421483
28421484
28421485
28421486
28421487
28421488
28421489
28421490
28421491
28421492
28421493
28421494
28421495
28421496
28421497
28421498
28421499
28421500
28421501
28421502
28421503
28421504
28421505
28421506
28421507
28421508
28421509
28421510
28421511
28421512
28421513
28421514
28421515
28421516
28421517
28421518
28421519
28421520
28421521
28421522
28421523
28421524
28421525
28421526
28421527
28421528
28421529
28421530
28421531
28421532
28421533
28421534
28421535
28421536
28421537
28421538
28421539
28421540
28421541
28421542
28421543
28421544
28421545
28421546
28421547
28421548
28421549
28421550
28421551
28421552
28421553
28421554
28421555
28421556
28421557
28421558
28421559
28421560
28421561
28421562
28421563
28421564
28421565
28421566
28421567
28421568
28421569
28421570
28421571
28421572
28421573
28421574
28421575
28421576
28421577
28421578
28421579
28421580
28421581
28421582
28421583
28421584
28421585
28421586
28421587
28421588
28421589
28421590
28421591
28421592
28421593
28421594
28421595
28421596
28421597
28421598
28421599
28421600
28421601
28421602
28421603
28421604
28421605
28421606
28421607
28421608
28421609
28421610
28421611
28421612
28421613
28421614
28421615
28421616
28421617
28421618
28421619
28421620
28421621
28421622
28421623
28421624
28421625
28421626
28421627
28421628
28421629
28421630
28421631
28421632
28421633
28421634
28421635
28421636
28421637
28421638
28421639
28421640
28421641
28421642
28421643
28421644
28421645
28421646
28421647
28421648
28421649
28421650
28421651
28421652
28421653
28421654
28421655
28421656
28421657
28421658
28421659
28421660
28421661
28421662
28421663
28421664
28421665
28421666
28421667
28421668
28421669
28421670
28421671
28421672
28421673
28421674
28421675
28421676
28421677
28421678
28421679
28421680
28421681
28421682
28421683
28421684
28421685
28421686
28421687
28421688
28421689
28421690
28421691
28421692
28421693
28421694
28421695
28421696
28421697
28421698
28421699
28421700
28421701
28421702
28421703
28421704
28421705
28421706
28421707
28421708
28421709
28421710
28421711
28421712
28421713
28421714
28421715
28421716
28421717
28421718
28421719
28421720
28421721
28421722
28421723
28421724
28421725
28421726
28421727
28421728
28421729
28421730
28421731
28421732
28421733
28421734
28421735
28421736
28421737
28421738
28421739
28421740
28421741
28421742
28421743
28421744
28421745
28421746
28421747
28421748
28421749
28421750
28421751
28421752
28421753
28421754
28421755
28421756
28421757
28421758
28421759
28421760
28421761
28421762
28421763
28421764
28421765
28421766
28421767
28421768
28421769
28421770
28421771
28421772
28421773
28421774
28421775
28421776
28421777
28421778
28421779
28421780
28421781
28421782
28421783
28421784
28421785
28421786
28421787
28421788
28421789
28421790
28421791
28421792
28421793
28421794
28421795
28421796
28421797
28421798
28421799
28421800
28421801
28421802
28421803
28421804
28421805
28421806
28421807
28421808
28421809
28421810
28421811
28421812
28421813
28421814
28421815
28421816
28421817
28421818
28421819
28421820
28421821
28421822
28421823
28421824
28421825
28421826
28421827
28421828
28421829
28421830
28421831
28421832
28421833
28421834
28421835
28421836
28421837
28421838
28421839
28421840
28421841
28421842
28421843
28421844
28421845
28421846
28421847
28421848
28421849
28421850
28421851
28421852
28421853
28421854
28421855
28421856
28421857
28421858
28421859
28421860
28421861
28421862
28421863
28421864
28421865
28421866
28421867
28421868
28421869
28421870
28421871
28421872
28421873
28421874
28421875
28421876
28421877
28421878
28421879
28421880
28421881
28421882
28421883
28421884
28421885
28421886
28421887
28421888
28421889
28421890
28421891
28421892
28421893
28421894
28421895
28421896
28421897
28421898
28421899
28421900
28421901
28421902
28421903
28421904
28421905
28421906
28421907
28421908
28421909
28421910
28421911
28421912
28421913
28421914
28421915
28421916
28421917
28421918
28421919
28421920
28421921
28421922
28421923
28421924
28421925
28421926
28421927
28421928
28421929
28421930
28421931
28421932
28421933
28421934
28421935
28421936
28421937
28421938
28421939
28421940
28421941
28421942
28421943
28421944
28421945
28421946
28421947
28421948
28421949
28421950
28421951
28421952
28421953
28421954
28421955
28421956
28421957
28421958
28421959
28421960
28421961
28421962
28421963
28421964
28421965
28421966
28421967
28421968
28421969
28421970
28421971
28421972
28421973
28421974
28421975
28421976
28421977
28421978
28421979
28421980
28421981
28421982
28421983
28421984
28421985
28421986
28421987
28421988
28421989
28421990
28421991
28421992
28421993
28421994
28421995
28421996
28421997
28421998
28421999
28422000
28422001
28422002
28422003
28422004
28422005
28422006
28422007
28422008
28422009
28422010
28422011
28422012
28422013
28422014
28422015
28422016
28422017
28422018
28422019
28422020
28422021
28422022
28422023
28422024
28422025
28422026
28422027
28422028
28422029
28422030
28422031
28422032
28422033
28422034
28422035
28422036
28422037
28422038
28422039
28422040
28422041
28422042
28422043
28422044
28422045
28422046
28422047
28422048
28422049
28422050
28422051
28422052
28422053
28422054
28422055
28422056
28422057
28422058
28422059
28422060
28422061
28422062
28422063
28422064
28422065
28422066
28422067
28422068
28422069
28422070
28422071
28422072
28422073
28422074
28422075
28422076
28422077
28422078
28422079
28422080
28422081
28422082
28422083
28422084
28422085
28422086
28422087
28422088
28422089
28422090
28422091
28422092
28422093
28422094
28422095
28422096
28422097
28422098
28422099
28422100
28422101
28422102
28422103
28422104
28422105
28422106
28422107
28422108
28422109
28422110
28422111
28422112
28422113
28422114
28422115
28422116
28422117
28422118
28422119
28422120
28422121
28422122
28422123
28422124
28422125
28422126
28422127
28422128
28422129
28422130
28422131
28422132
28422133
28422134
28422135
28422136
28422137
28422138
28422139
28422140
28422141
28422142
28422143
28422144
28422145
28422146
28422147
28422148
28422149
28422150
28422151
28422152
28422153
28422154
28422155
28422156
28422157
28422158
28422159
28422160
28422161
28422162
28422163
28422164
28422165
28422166
28422167
28422168
28422169
28422170
28422171
28422172
28422173
28422174
28422175
28422176
28422177
28422178
28422179
28422180
28422181
28422182
28422183
28422184
28422185
28422186
28422187
28422188
28422189
28422190
28422191
28422192
28422193
28422194
28422195
28422196
28422197
28422198
28422199
28422200
28422201
28422202
28422203
28422204
28422205
28422206
28422207
28422208
28422209
28422210
28422211
28422212
28422213
28422214
28422215
28422216
28422217
28422218
28422219
28422220
28422221
28422222
28422223
28422224
28422225
28422226
28422227
28422228
28422229
28422230
28422231
28422232
28422233
28422234
28422235
28422236
28422237
28422238
28422239
28422240
28422241
28422242
28422243
28422244
28422245
28422246
28422247
28422248
28422249
28422250
28422251
28422252
28422253
28422254
28422255
28422256
28422257
28422258
28422259
28422260
28422261
28422262
28422263
28422264
28422265
28422266
28422267
28422268
28422269
28422270
28422271
28422272
28422273
28422274
28422275
28422276
28422277
28422278
28422279
28422280
28422281
28422282
28422283
28422284
28422285
28422286
28422287
28422288
28422289
28422290
28422291
28422292
28422293
28422294
28422295
28422296
28422297
28422298
28422299
28422300
28422301
28422302
28422303
28422304
28422305
28422306
28422307
28422308
28422309
28422310
28422311
28422312
28422313
28422314
28422315
28422316
28422317
28422318
28422319
28422320
28422321
28422322
28422323
28422324
28422325
28422326
28422327
28422328
28422329
28422330
28422331
28422332
28422333
28422334
28422335
28422336
28422337
28422338
28422339
28422340
28422341
28422342
28422343
28422344
28422345
28422346
28422347
28422348
28422349
28422350
28422351
28422352
28422353
28422354
28422355
28422356
28422357
28422358
28422359
28422360
28422361
28422362
28422363
28422364
28422365
28422366
28422367
28422368
28422369
28422370
28422371
28422372
28422373
28422374
28422375
28422376
28422377
28422378
28422379
28422380
28422381
28422382
28422383
28422384
28422385
28422386
28422387
28422388
28422389
28422390
28422391
28422392
28422393
28422394
28422395
28422396
28422397
28422398
28422399
28422400
28422401
28422402
28422403
28422404
28422405
28422406
28422407
28422408
28422409
28422410
28422411
28422412
28422413
28422414
28422415
28422416
28422417
28422418
28422419
28422420
28422421
28422422
28422423
28422424
28422425
28422426
28422427
28422428
28422429
28422430
28422431
28422432
28422433
28422434
28422435
28422436
28422437
28422438
28422439
28422440
28422441
28422442
28422443
28422444
28422445
28422446
28422447
28422448
28422449
28422450
28422451
28422452
28422453
28422454
28422455
28422456
28422457
28422458
28422459
28422460
28422461
28422462
28422463
28422464
28422465
28422466
28422467
28422468
28422469
28422470
28422471
28422472
28422473
28422474
28422475
28422476
28422477
28422478
28422479
28422480
28422481
28422482
28422483
28422484
28422485
28422486
28422487
28422488
28422489
28422490
28422491
28422492
28422493
28422494
28422495
28422496
28422497
28422498
28422499
28422500
28422501
28422502
28422503
28422504
28422505
28422506
28422507
28422508
28422509
28422510
28422511
28422512
28422513
28422514
28422515
28422516
28422517
28422518
28422519
28422520
28422521
28422522
28422523
28422524
28422525
28422526
28422527
28422528
28422529
28422530
28422531
28422532
28422533
28422534
28422535
28422536
28422537
28422538
28422539
28422540
28422541
28422542
28422543
28422544
28422545
28422546
28422547
28422548
28422549
28422550
28422551
28422552
28422553
28422554
28422555
28422556
28422557
28422558
28422559
28422560
28422561
28422562
28422563
28422564
28422565
28422566
28422567
28422568
28422569
28422570
28422571
28422572
28422573
28422574
28422575
28422576
28422577
28422578
28422579
28422580
28422581
28422582
28422583
28422584
28422585
28422586
28422587
28422588
28422589
28422590
28422591
28422592
28422593
28422594
28422595
28422596
28422597
28422598
28422599
28422600
28422601
28422602
28422603
28422604
28422605
28422606
28422607
28422608
28422609
28422610
28422611
28422612
28422613
28422614
28422615
28422616
28422617
28422618
28422619
28422620
28422621
28422622
28422623
28422624
28422625
28422626
28422627
28422628
28422629
28422630
28422631
28422632
28422633
28422634
28422635
28422636
28422637
28422638
28422639
28422640
28422641
28422642
28422643
28422644
28422645
28422646
28422647
28422648
28422649
28422650
28422651
28422652
28422653
28422654
28422655
28422656
28422657
28422658
28422659
28422660
28422661
28422662
28422663
28422664
28422665
28422666
28422667
28422668
28422669
28422670
28422671
28422672
28422673
28422674
28422675
28422676
28422677
28422678
28422679
28422680
28422681
28422682
28422683
28422684
28422685
28422686
28422687
28422688
28422689
28422690
28422691
28422692
28422693
28422694
28422695
28422696
28422697
28422698
28422699
28422700
28422701
28422702
28422703
28422704
28422705
28422706
28422707
28422708
28422709
28422710
28422711
28422712
28422713
28422714
28422715
28422716
28422717
28422718
28422719
28422720
28422721
28422722
28422723
28422724
28422725
28422726
28422727
28422728
28422729
28422730
28422731
28422732
28422733
28422734
28422735
28422736
28422737
28422738
28422739
28422740
28422741
28422742
28422743
28422744
28422745
28422746
28422747
28422748
28422749
28422750
28422751
28422752
28422753
28422754
28422755
28422756
28422757
28422758
28422759
28422760
28422761
28422762
28422763
28422764
28422765
28422766
28422767
28422768
28422769
28422770
28422771
28422772
28422773
28422774
28422775
28422776
28422777
28422778
28422779
28422780
28422781
28422782
28422783
28422784
28422785
28422786
28422787
28422788
28422789
28422790
28422791
28422792
28422793
28422794
28422795
28422796
28422797
28422798
28422799
28422800
28422801
28422802
28422803
28422804
28422805
28422806
28422807
28422808
28422809
28422810
28422811
28422812
28422813
28422814
28422815
28422816
28422817
28422818
28422819
28422820
28422821
28422822
28422823
28422824
28422825
28422826
28422827
28422828
28422829
28422830
28422831
28422832
28422833
28422834
28422835
28422836
28422837
28422838
28422839
28422840
28422841
28422842
28422843
28422844
28422845
28422846
28422847
28422848
28422849
28422850
28422851
28422852
28422853
28422854
28422855
28422856
28422857
28422858
28422859
28422860
28422861
28422862
28422863
28422864
28422865
28422866
28422867
28422868
28422869
28422870
28422871
28422872
28422873
28422874
28422875
28422876
28422877
28422878
28422879
28422880
28422881
28422882
28422883
28422884
28422885
28422886
28422887
28422888
28422889
28422890
28422891
28422892
28422893
28422894
28422895
28422896
28422897
28422898
28422899
28422900
28422901
28422902
28422903
28422904
28422905
28422906
28422907
28422908
28422909
28422910
28422911
28422912
28422913
28422914
28422915
28422916
28422917
28422918
28422919
28422920
28422921
28422922
28422923
28422924
28422925
28422926
28422927
28422928
28422929
28422930
28422931
28422932
28422933
28422934
28422935
28422936
28422937
28422938
28422939
28422940
28422941
28422942
28422943
28422944
28422945
28422946
28422947
28422948
28422949
28422950
28422951
28422952
28422953
28422954
28422955
28422956
28422957
28422958
28422959
28422960
28422961
28422962
28422963
28422964
28422965
28422966
28422967
28422968
28422969
28422970
28422971
28422972
28422973
28422974
28422975
28422976
28422977
28422978
28422979
28422980
28422981
28422982
28422983
28422984
28422985
28422986
28422987
28422988
28422989
28422990
28422991
28422992
28422993
28422994
28422995
28422996
28422997
28422998
28422999
28423000
28423001
28423002
28423003
28423004
28423005
28423006
28423007
28423008
28423009
28423010
28423011
28423012
28423013
28423014
28423015
28423016
28423017
28423018
28423019
28423020
28423021
28423022
28423023
28423024
28423025
28423026
28423027
28423028
28423029
28423030
28423031
28423032
28423033
28423034
28423035
28423036
28423037
28423038
28423039
28423040
28423041
28423042
28423043
28423044
28423045
28423046
28423047
28423048
28423049
28423050
28423051
28423052
28423053
28423054
28423055
28423056
28423057
28423058
28423059
28423060
28423061
28423062
28423063
28423064
28423065
28423066
28423067
28423068
28423069
28423070
28423071
28423072
28423073
28423074
28423075
28423076
28423077
28423078
28423079
28423080
28423081
28423082
28423083
28423084
28423085
28423086
28423087
28423088
28423089
28423090
28423091
28423092
28423093
28423094
28423095
28423096
28423097
28423098
28423099
28423100
28423101
28423102
28423103
28423104
28423105
28423106
28423107
28423108
28423109
28423110
28423111
28423112
28423113
28423114
28423115
28423116
28423117
28423118
28423119
28423120
28423121
28423122
28423123
28423124
28423125
28423126
28423127
28423128
28423129
28423130
28423131
28423132
28423133
28423134
28423135
28423136
28423137
28423138
28423139
28423140
28423141
28423142
28423143
28423144
28423145
28423146
28423147
28423148
28423149
28423150
28423151
28423152
28423153
28423154
28423155
28423156
28423157
28423158
28423159
28423160
28423161
28423162
28423163
28423164
28423165
28423166
28423167
28423168
28423169
28423170
28423171
28423172
28423173
28423174
28423175
28423176
28423177
28423178
28423179
28423180
28423181
28423182
28423183
28423184
28423185
28423186
28423187
28423188
28423189
28423190
28423191
28423192
28423193
28423194
28423195
28423196
28423197
28423198
28423199
28423200
28423201
28423202
28423203
28423204
28423205
28423206
28423207
28423208
28423209
28423210
28423211
28423212
28423213
28423214
28423215
28423216
28423217
28423218
28423219
28423220
28423221
28423222
28423223
28423224
28423225
28423226
28423227
28423228
28423229
28423230
28423231
28423232
28423233
28423234
28423235
28423236
28423237
28423238
28423239
28423240
28423241
28423242
28423243
28423244
28423245
28423246
28423247
28423248
28423249
28423250
28423251
28423252
28423253
28423254
28423255
28423256
28423257
28423258
28423259
28423260
28423261
28423262
28423263
28423264
28423265
28423266
28423267
28423268
28423269
28423270
28423271
28423272
28423273
28423274
28423275
28423276
28423277
28423278
28423279
28423280
28423281
28423282
28423283
28423284
28423285
28423286
28423287
28423288
28423289
28423290
28423291
28423292
28423293
28423294
28423295
28423296
28423297
28423298
28423299
28423300
28423301
28423302
28423303
28423304
28423305
28423306
28423307
28423308
28423309
28423310
28423311
28423312
28423313
28423314
28423315
28423316
28423317
28423318
28423319
28423320
28423321
28423322
28423323
28423324
28423325
28423326
28423327
28423328
28423329
28423330
28423331
28423332
28423333
28423334
28423335
28423336
28423337
28423338
28423339
28423340
28423341
28423342
28423343
28423344
28423345
28423346
28423347
28423348
28423349
28423350
28423351
28423352
28423353
28423354
28423355
28423356
28423357
28423358
28423359
28423360
28423361
28423362
28423363
28423364
28423365
28423366
28423367
28423368
28423369
28423370
28423371
28423372
28423373
28423374
28423375
28423376
28423377
28423378
28423379
28423380
28423381
28423382
28423383
28423384
28423385
28423386
28423387
28423388
28423389
28423390
28423391
28423392
28423393
28423394
28423395
28423396
28423397
28423398
28423399
28423400
28423401
28423402
28423403
28423404
28423405
28423406
28423407
28423408
28423409
28423410
28423411
28423412
28423413
28423414
28423415
28423416
28423417
28423418
28423419
28423420
28423421
28423422
28423423
28423424
28423425
28423426
28423427
28423428
28423429
28423430
28423431
28423432
28423433
28423434
28423435
28423436
28423437
28423438
28423439
28423440
28423441
28423442
28423443
28423444
28423445
28423446
28423447
28423448
28423449
28423450
28423451
28423452
28423453
28423454
28423455
28423456
28423457
28423458
28423459
28423460
28423461
28423462
28423463
28423464
28423465
28423466
28423467
28423468
28423469
28423470
28423471
28423472
28423473
28423474
28423475
28423476
28423477
28423478
28423479
28423480
28423481
28423482
28423483
28423484
28423485
28423486
28423487
28423488
28423489
28423490
28423491
28423492
28423493
28423494
28423495
28423496
28423497
28423498
28423499
28423500
28423501
28423502
28423503
28423504
28423505
28423506
28423507
28423508
28423509
28423510
28423511
28423512
28423513
28423514
28423515
28423516
28423517
28423518
28423519
28423520
28423521
28423522
28423523
28423524
28423525
28423526
28423527
28423528
28423529
28423530
28423531
28423532
28423533
28423534
28423535
28423536
28423537
28423538
28423539
28423540
28423541
28423542
28423543
28423544
28423545
28423546
28423547
28423548
28423549
28423550
28423551
28423552
28423553
28423554
28423555
28423556
28423557
28423558
28423559
28423560
28423561
28423562
28423563
28423564
28423565
28423566
28423567
28423568
28423569
28423570
28423571
28423572
28423573
28423574
28423575
28423576
28423577
28423578
28423579
28423580
28423581
28423582
28423583
28423584
28423585
28423586
28423587
28423588
28423589
28423590
28423591
28423592
28423593
28423594
28423595
28423596
28423597
28423598
28423599
28423600
28423601
28423602
28423603
28423604
28423605
28423606
28423607
28423608
28423609
28423610
28423611
28423612
28423613
28423614
28423615
28423616
28423617
28423618
28423619
28423620
28423621
28423622
28423623
28423624
28423625
28423626
28423627
28423628
28423629
28423630
28423631
28423632
28423633
28423634
28423635
28423636
28423637
28423638
28423639
28423640
28423641
28423642
28423643
28423644
28423645
28423646
28423647
28423648
28423649
28423650
28423651
28423652
28423653
28423654
28423655
28423656
28423657
28423658
28423659
28423660
28423661
28423662
28423663
28423664
28423665
28423666
28423667
28423668
28423669
28423670
28423671
28423672
28423673
28423674
28423675
28423676
28423677
28423678
28423679
28423680
28423681
28423682
28423683
28423684
28423685
28423686
28423687
28423688
28423689
28423690
28423691
28423692
28423693
28423694
28423695
28423696
28423697
28423698
28423699
28423700
28423701
28423702
28423703
28423704
28423705
28423706
28423707
28423708
28423709
28423710
28423711
28423712
28423713
28423714
28423715
28423716
28423717
28423718
28423719
28423720
28423721
28423722
28423723
28423724
28423725
28423726
28423727
28423728
28423729
28423730
28423731
28423732
28423733
28423734
28423735
28423736
28423737
28423738
28423739
28423740
28423741
28423742
28423743
28423744
28423745
28423746
28423747
28423748
28423749
28423750
28423751
28423752
28423753
28423754
28423755
28423756
28423757
28423758
28423759
28423760
28423761
28423762
28423763
28423764
28423765
28423766
28423767
28423768
28423769
28423770
28423771
28423772
28423773
28423774
28423775
28423776
28423777
28423778
28423779
28423780
28423781
28423782
28423783
28423784
28423785
28423786
28423787
28423788
28423789
28423790
28423791
28423792
28423793
28423794
28423795
28423796
28423797
28423798
28423799
28423800
28423801
28423802
28423803
28423804
28423805
28423806
28423807
28423808
28423809
28423810
28423811
28423812
28423813
28423814
28423815
28423816
28423817
28423818
28423819
28423820
28423821
28423822
28423823
28423824
28423825
28423826
28423827
28423828
28423829
28423830
28423831
28423832
28423833
28423834
28423835
28423836
28423837
28423838
28423839
28423840
28423841
28423842
28423843
28423844
28423845
28423846
28423847
28423848
28423849
28423850
28423851
28423852
28423853
28423854
28423855
28423856
28423857
28423858
28423859
28423860
28423861
28423862
28423863
28423864
28423865
28423866
28423867
28423868
28423869
28423870
28423871
28423872
28423873
28423874
28423875
28423876
28423877
28423878
28423879
28423880
28423881
28423882
28423883
28423884
28423885
28423886
28423887
28423888
28423889
28423890
28423891
28423892
28423893
28423894
28423895
28423896
28423897
28423898
28423899
28423900
28423901
28423902
28423903
28423904
28423905
28423906
28423907
28423908
28423909
28423910
28423911
28423912
28423913
28423914
28423915
28423916
28423917
28423918
28423919
28423920
28423921
28423922
28423923
28423924
28423925
28423926
28423927
28423928
28423929
28423930
28423931
28423932
28423933
28423934
28423935
28423936
28423937
28423938
28423939
28423940
28423941
28423942
28423943
28423944
28423945
28423946
28423947
28423948
28423949
28423950
28423951
28423952
28423953
28423954
28423955
28423956
28423957
28423958
28423959
28423960
28423961
28423962
28423963
28423964
28423965
28423966
28423967
28423968
28423969
28423970
28423971
28423972
28423973
28423974
28423975
28423976
28423977
28423978
28423979
28423980
28423981
28423982
28423983
28423984
28423985
28423986
28423987
28423988
28423989
28423990
28423991
28423992
28423993
28423994
28423995
28423996
28423997
28423998
28423999
28424000
28424001
28424002
28424003
28424004
28424005
28424006
28424007
28424008
28424009
28424010
28424011
28424012
28424013
28424014
28424015
28424016
28424017
28424018
28424019
28424020
28424021
28424022
28424023
28424024
28424025
28424026
28424027
28424028
28424029
28424030
28424031
28424032
28424033
28424034
28424035
28424036
28424037
28424038
28424039
28424040
28424041
28424042
28424043
28424044
28424045
28424046
28424047
28424048
28424049
28424050
28424051
28424052
28424053
28424054
28424055
28424056
28424057
28424058
28424059
28424060
28424061
28424062
28424063
28424064
28424065
28424066
28424067
28424068
28424069
28424070
28424071
28424072
28424073
28424074
28424075
28424076
28424077
28424078
28424079
28424080
28424081
28424082
28424083
28424084
28424085
28424086
28424087
28424088
28424089
28424090
28424091
28424092
28424093
28424094
28424095
28424096
28424097
28424098
28424099
28424100
28424101
28424102
28424103
28424104
28424105
28424106
28424107
28424108
28424109
28424110
28424111
28424112
28424113
28424114
28424115
28424116
28424117
28424118
28424119
28424120
28424121
28424122
28424123
28424124
28424125
28424126
28424127
28424128
28424129
28424130
28424131
28424132
28424133
28424134
28424135
28424136
28424137
28424138
28424139
28424140
28424141
28424142
28424143
28424144
28424145
28424146
28424147
28424148
28424149
28424150
28424151
28424152
28424153
28424154
28424155
28424156
28424157
28424158
28424159
28424160
28424161
28424162
28424163
28424164
28424165
28424166
28424167
28424168
28424169
28424170
28424171
28424172
28424173
28424174
28424175
28424176
28424177
28424178
28424179
28424180
28424181
28424182
28424183
28424184
28424185
28424186
28424187
28424188
28424189
28424190
28424191
28424192
28424193
28424194
28424195
28424196
28424197
28424198
28424199
28424200
28424201
28424202
28424203
28424204
28424205
28424206
28424207
28424208
28424209
28424210
28424211
28424212
28424213
28424214
28424215
28424216
28424217
28424218
28424219
28424220
28424221
28424222
28424223
28424224
28424225
28424226
28424227
28424228
28424229
28424230
28424231
28424232
28424233
28424234
28424235
28424236
28424237
28424238
28424239
28424240
28424241
28424242
28424243
28424244
28424245
28424246
28424247
28424248
28424249
28424250
28424251
28424252
28424253
28424254
28424255
28424256
28424257
28424258
28424259
28424260
28424261
28424262
28424263
28424264
28424265
28424266
28424267
28424268
28424269
28424270
28424271
28424272
28424273
28424274
28424275
28424276
28424277
28424278
28424279
28424280
28424281
28424282
28424283
28424284
28424285
28424286
28424287
28424288
28424289
28424290
28424291
28424292
28424293
28424294
28424295
28424296
28424297
28424298
28424299
28424300
28424301
28424302
28424303
28424304
28424305
28424306
28424307
28424308
28424309
28424310
28424311
28424312
28424313
28424314
28424315
28424316
28424317
28424318
28424319
28424320
28424321
28424322
28424323
28424324
28424325
28424326
28424327
28424328
28424329
28424330
28424331
28424332
28424333
28424334
28424335
28424336
28424337
28424338
28424339
28424340
28424341
28424342
28424343
28424344
28424345
28424346
28424347
28424348
28424349
28424350
28424351
28424352
28424353
28424354
28424355
28424356
28424357
28424358
28424359
28424360
28424361
28424362
28424363
28424364
28424365
28424366
28424367
28424368
28424369
28424370
28424371
28424372
28424373
28424374
28424375
28424376
28424377
28424378
28424379
28424380
28424381
28424382
28424383
28424384
28424385
28424386
28424387
28424388
28424389
28424390
28424391
28424392
28424393
28424394
28424395
28424396
28424397
28424398
28424399
28424400
28424401
28424402
28424403
28424404
28424405
28424406
28424407
28424408
28424409
28424410
28424411
28424412
28424413
28424414
28424415
28424416
28424417
28424418
28424419
28424420
28424421
28424422
28424423
28424424
28424425
28424426
28424427
28424428
28424429
28424430
28424431
28424432
28424433
28424434
28424435
28424436
28424437
28424438
28424439
28424440
28424441
28424442
28424443
28424444
28424445
28424446
28424447
28424448
28424449
28424450
28424451
28424452
28424453
28424454
28424455
28424456
28424457
28424458
28424459
28424460
28424461
28424462
28424463
28424464
28424465
28424466
28424467
28424468
28424469
28424470
28424471
28424472
28424473
28424474
28424475
28424476
28424477
28424478
28424479
28424480
28424481
28424482
28424483
28424484
28424485
28424486
28424487
28424488
28424489
28424490
28424491
28424492
28424493
28424494
28424495
28424496
28424497
28424498
28424499
28424500
28424501
28424502
28424503
28424504
28424505
28424506
28424507
28424508
28424509
28424510
28424511
28424512
28424513
28424514
28424515
28424516
28424517
28424518
28424519
28424520
28424521
28424522
28424523
28424524
28424525
28424526
28424527
28424528
28424529
28424530
28424531
28424532
28424533
28424534
28424535
28424536
28424537
28424538
28424539
28424540
28424541
28424542
28424543
28424544
28424545
28424546
28424547
28424548
28424549
28424550
28424551
28424552
28424553
28424554
28424555
28424556
28424557
28424558
28424559
28424560
28424561
28424562
28424563
28424564
28424565
28424566
28424567
28424568
28424569
28424570
28424571
28424572
28424573
28424574
28424575
28424576
28424577
28424578
28424579
28424580
28424581
28424582
28424583
28424584
28424585
28424586
28424587
28424588
28424589
28424590
28424591
28424592
28424593
28424594
28424595
28424596
28424597
28424598
28424599
28424600
28424601
28424602
28424603
28424604
28424605
28424606
28424607
28424608
28424609
28424610
28424611
28424612
28424613
28424614
28424615
28424616
28424617
28424618
28424619
28424620
28424621
28424622
28424623
28424624
28424625
28424626
28424627
28424628
28424629
28424630
28424631
28424632
28424633
28424634
28424635
28424636
28424637
28424638
28424639
28424640
28424641
28424642
28424643
28424644
28424645
28424646
28424647
28424648
28424649
28424650
28424651
28424652
28424653
28424654
28424655
28424656
28424657
28424658
28424659
28424660
28424661
28424662
28424663
28424664
28424665
28424666
28424667
28424668
28424669
28424670
28424671
28424672
28424673
28424674
28424675
28424676
28424677
28424678
28424679
28424680
28424681
28424682
28424683
28424684
28424685
28424686
28424687
28424688
28424689
28424690
28424691
28424692
28424693
28424694
28424695
28424696
28424697
28424698
28424699
28424700
28424701
28424702
28424703
28424704
28424705
28424706
28424707
28424708
28424709
28424710
28424711
28424712
28424713
28424714
28424715
28424716
28424717
28424718
28424719
28424720
28424721
28424722
28424723
28424724
28424725
28424726
28424727
28424728
28424729
28424730
28424731
28424732
28424733
28424734
28424735
28424736
28424737
28424738
28424739
28424740
28424741
28424742
28424743
28424744
28424745
28424746
28424747
28424748
28424749
28424750
28424751
28424752
28424753
28424754
28424755
28424756
28424757
28424758
28424759
28424760
28424761
28424762
28424763
28424764
28424765
28424766
28424767
28424768
28424769
28424770
28424771
28424772
28424773
28424774
28424775
28424776
28424777
28424778
28424779
28424780
28424781
28424782
28424783
28424784
28424785
28424786
28424787
28424788
28424789
28424790
28424791
28424792
28424793
28424794
28424795
28424796
28424797
28424798
28424799
28424800
28424801
28424802
28424803
28424804
28424805
28424806
28424807
28424808
28424809
28424810
28424811
28424812
28424813
28424814
28424815
28424816
28424817
28424818
28424819
28424820
28424821
28424822
28424823
28424824
28424825
28424826
28424827
28424828
28424829
28424830
28424831
28424832
28424833
28424834
28424835
28424836
28424837
28424838
28424839
28424840
28424841
28424842
28424843
28424844
28424845
28424846
28424847
28424848
28424849
28424850
28424851
28424852
28424853
28424854
28424855
28424856
28424857
28424858
28424859
28424860
28424861
28424862
28424863
28424864
28424865
28424866
28424867
28424868
28424869
28424870
28424871
28424872
28424873
28424874
28424875
28424876
28424877
28424878
28424879
28424880
28424881
28424882
28424883
28424884
28424885
28424886
28424887
28424888
28424889
28424890
28424891
28424892
28424893
28424894
28424895
28424896
28424897
28424898
28424899
28424900
28424901
28424902
28424903
28424904
28424905
28424906
28424907
28424908
28424909
28424910
28424911
28424912
28424913
28424914
28424915
28424916
28424917
28424918
28424919
28424920
28424921
28424922
28424923
28424924
28424925
28424926
28424927
28424928
28424929
28424930
28424931
28424932
28424933
28424934
28424935
28424936
28424937
28424938
28424939
28424940
28424941
28424942
28424943
28424944
28424945
28424946
28424947
28424948
28424949
28424950
28424951
28424952
28424953
28424954
28424955
28424956
28424957
28424958
28424959
28424960
28424961
28424962
28424963
28424964
28424965
28424966
28424967
28424968
28424969
28424970
28424971
28424972
28424973
28424974
28424975
28424976
28424977
28424978
28424979
28424980
28424981
28424982
28424983
28424984
28424985
28424986
28424987
28424988
28424989
28424990
28424991
28424992
28424993
28424994
28424995
28424996
28424997
28424998
28424999
28425000
28425001
28425002
28425003
28425004
28425005
28425006
28425007
28425008
28425009
28425010
28425011
28425012
28425013
28425014
28425015
28425016
28425017
28425018
28425019
28425020
28425021
28425022
28425023
28425024
28425025
28425026
28425027
28425028
28425029
28425030
28425031
28425032
28425033
28425034
28425035
28425036
28425037
28425038
28425039
28425040
28425041
28425042
28425043
28425044
28425045
28425046
28425047
28425048
28425049
28425050
28425051
28425052
28425053
28425054
28425055
28425056
28425057
28425058
28425059
28425060
28425061
28425062
28425063
28425064
28425065
28425066
28425067
28425068
28425069
28425070
28425071
28425072
28425073
28425074
28425075
28425076
28425077
28425078
28425079
28425080
28425081
28425082
28425083
28425084
28425085
28425086
28425087
28425088
28425089
28425090
28425091
28425092
28425093
28425094
28425095
28425096
28425097
28425098
28425099
28425100
28425101
28425102
28425103
28425104
28425105
28425106
28425107
28425108
28425109
28425110
28425111
28425112
28425113
28425114
28425115
28425116
28425117
28425118
28425119
28425120
28425121
28425122
28425123
28425124
28425125
28425126
28425127
28425128
28425129
28425130
28425131
28425132
28425133
28425134
28425135
28425136
28425137
28425138
28425139
28425140
28425141
28425142
28425143
28425144
28425145
28425146
28425147
28425148
28425149
28425150
28425151
28425152
28425153
28425154
28425155
28425156
28425157
28425158
28425159
28425160
28425161
28425162
28425163
28425164
28425165
28425166
28425167
28425168
28425169
28425170
28425171
28425172
28425173
28425174
28425175
28425176
28425177
28425178
28425179
28425180
28425181
28425182
28425183
28425184
28425185
28425186
28425187
28425188
28425189
28425190
28425191
28425192
28425193
28425194
28425195
28425196
28425197
28425198
28425199
28425200
28425201
28425202
28425203
28425204
28425205
28425206
28425207
28425208
28425209
28425210
28425211
28425212
28425213
28425214
28425215
28425216
28425217
28425218
28425219
28425220
28425221
28425222
28425223
28425224
28425225
28425226
28425227
28425228
28425229
28425230
28425231
28425232
28425233
28425234
28425235
28425236
28425237
28425238
28425239
28425240
28425241
28425242
28425243
28425244
28425245
28425246
28425247
28425248
28425249
28425250
28425251
28425252
28425253
28425254
28425255
28425256
28425257
28425258
28425259
28425260
28425261
28425262
28425263
28425264
28425265
28425266
28425267
28425268
28425269
28425270
28425271
28425272
28425273
28425274
28425275
28425276
28425277
28425278
28425279
28425280
28425281
28425282
28425283
28425284
28425285
28425286
28425287
28425288
28425289
28425290
28425291
28425292
28425293
28425294
28425295
28425296
28425297
28425298
28425299
28425300
28425301
28425302
28425303
28425304
28425305
28425306
28425307
28425308
28425309
28425310
28425311
28425312
28425313
28425314
28425315
28425316
28425317
28425318
28425319
28425320
28425321
28425322
28425323
28425324
28425325
28425326
28425327
28425328
28425329
28425330
28425331
28425332
28425333
28425334
28425335
28425336
28425337
28425338
28425339
28425340
28425341
28425342
28425343
28425344
28425345
28425346
28425347
28425348
28425349
28425350
28425351
28425352
28425353
28425354
28425355
28425356
28425357
28425358
28425359
28425360
28425361
28425362
28425363
28425364
28425365
28425366
28425367
28425368
28425369
28425370
28425371
28425372
28425373
28425374
28425375
28425376
28425377
28425378
28425379
28425380
28425381
28425382
28425383
28425384
28425385
28425386
28425387
28425388
28425389
28425390
28425391
28425392
28425393
28425394
28425395
28425396
28425397
28425398
28425399
28425400
28425401
28425402
28425403
28425404
28425405
28425406
28425407
28425408
28425409
28425410
28425411
28425412
28425413
28425414
28425415
28425416
28425417
28425418
28425419
28425420
28425421
28425422
28425423
28425424
28425425
28425426
28425427
28425428
28425429
28425430
28425431
28425432
28425433
28425434
28425435
28425436
28425437
28425438
28425439
28425440
28425441
28425442
28425443
28425444
28425445
28425446
28425447
28425448
28425449
28425450
28425451
28425452
28425453
28425454
28425455
28425456
28425457
28425458
28425459
28425460
28425461
28425462
28425463
28425464
28425465
28425466
28425467
28425468
28425469
28425470
28425471
28425472
28425473
28425474
28425475
28425476
28425477
28425478
28425479
28425480
28425481
28425482
28425483
28425484
28425485
28425486
28425487
28425488
28425489
28425490
28425491
28425492
28425493
28425494
28425495
28425496
28425497
28425498
28425499
28425500
28425501
28425502
28425503
28425504
28425505
28425506
28425507
28425508
28425509
28425510
28425511
28425512
28425513
28425514
28425515
28425516
28425517
28425518
28425519
28425520
28425521
28425522
28425523
28425524
28425525
28425526
28425527
28425528
28425529
28425530
28425531
28425532
28425533
28425534
28425535
28425536
28425537
28425538
28425539
28425540
28425541
28425542
28425543
28425544
28425545
28425546
28425547
28425548
28425549
28425550
28425551
28425552
28425553
28425554
28425555
28425556
28425557
28425558
28425559
28425560
28425561
28425562
28425563
28425564
28425565
28425566
28425567
28425568
28425569
28425570
28425571
28425572
28425573
28425574
28425575
28425576
28425577
28425578
28425579
28425580
28425581
28425582
28425583
28425584
28425585
28425586
28425587
28425588
28425589
28425590
28425591
28425592
28425593
28425594
28425595
28425596
28425597
28425598
28425599
28425600
28425601
28425602
28425603
28425604
28425605
28425606
28425607
28425608
28425609
28425610
28425611
28425612
28425613
28425614
28425615
28425616
28425617
28425618
28425619
28425620
28425621
28425622
28425623
28425624
28425625
28425626
28425627
28425628
28425629
28425630
28425631
28425632
28425633
28425634
28425635
28425636
28425637
28425638
28425639
28425640
28425641
28425642
28425643
28425644
28425645
28425646
28425647
28425648
28425649
28425650
28425651
28425652
28425653
28425654
28425655
28425656
28425657
28425658
28425659
28425660
28425661
28425662
28425663
28425664
28425665
28425666
28425667
28425668
28425669
28425670
28425671
28425672
28425673
28425674
28425675
28425676
28425677
28425678
28425679
28425680
28425681
28425682
28425683
28425684
28425685
28425686
28425687
28425688
28425689
28425690
28425691
28425692
28425693
28425694
28425695
28425696
28425697
28425698
28425699
28425700
28425701
28425702
28425703
28425704
28425705
28425706
28425707
28425708
28425709
28425710
28425711
28425712
28425713
28425714
28425715
28425716
28425717
28425718
28425719
28425720
28425721
28425722
28425723
28425724
28425725
28425726
28425727
28425728
28425729
28425730
28425731
28425732
28425733
28425734
28425735
28425736
28425737
28425738
28425739
28425740
28425741
28425742
28425743
28425744
28425745
28425746
28425747
28425748
28425749
28425750
28425751
28425752
28425753
28425754
28425755
28425756
28425757
28425758
28425759
28425760
28425761
28425762
28425763
28425764
28425765
28425766
28425767
28425768
28425769
28425770
28425771
28425772
28425773
28425774
28425775
28425776
28425777
28425778
28425779
28425780
28425781
28425782
28425783
28425784
28425785
28425786
28425787
28425788
28425789
28425790
28425791
28425792
28425793
28425794
28425795
28425796
28425797
28425798
28425799
28425800
28425801
28425802
28425803
28425804
28425805
28425806
28425807
28425808
28425809
28425810
28425811
28425812
28425813
28425814
28425815
28425816
28425817
28425818
28425819
28425820
28425821
28425822
28425823
28425824
28425825
28425826
28425827
28425828
28425829
28425830
28425831
28425832
28425833
28425834
28425835
28425836
28425837
28425838
28425839
28425840
28425841
28425842
28425843
28425844
28425845
28425846
28425847
28425848
28425849
28425850
28425851
28425852
28425853
28425854
28425855
28425856
28425857
28425858
28425859
28425860
28425861
28425862
28425863
28425864
28425865
28425866
28425867
28425868
28425869
28425870
28425871
28425872
28425873
28425874
28425875
28425876
28425877
28425878
28425879
28425880
28425881
28425882
28425883
28425884
28425885
28425886
28425887
28425888
28425889
28425890
28425891
28425892
28425893
28425894
28425895
28425896
28425897
28425898
28425899
28425900
28425901
28425902
28425903
28425904
28425905
28425906
28425907
28425908
28425909
28425910
28425911
28425912
28425913
28425914
28425915
28425916
28425917
28425918
28425919
28425920
28425921
28425922
28425923
28425924
28425925
28425926
28425927
28425928
28425929
28425930
28425931
28425932
28425933
28425934
28425935
28425936
28425937
28425938
28425939
28425940
28425941
28425942
28425943
28425944
28425945
28425946
28425947
28425948
28425949
28425950
28425951
28425952
28425953
28425954
28425955
28425956
28425957
28425958
28425959
28425960
28425961
28425962
28425963
28425964
28425965
28425966
28425967
28425968
28425969
28425970
28425971
28425972
28425973
28425974
28425975
28425976
28425977
28425978
28425979
28425980
28425981
28425982
28425983
28425984
28425985
28425986
28425987
28425988
28425989
28425990
28425991
28425992
28425993
28425994
28425995
28425996
28425997
28425998
28425999
28426000
28426001
28426002
28426003
28426004
28426005
28426006
28426007
28426008
28426009
28426010
28426011
28426012
28426013
28426014
28426015
28426016
28426017
28426018
28426019
28426020
28426021
28426022
28426023
28426024
28426025
28426026
28426027
28426028
28426029
28426030
28426031
28426032
28426033
28426034
28426035
28426036
28426037
28426038
28426039
28426040
28426041
28426042
28426043
28426044
28426045
28426046
28426047
28426048
28426049
28426050
28426051
28426052
28426053
28426054
28426055
28426056
28426057
28426058
28426059
28426060
28426061
28426062
28426063
28426064
28426065
28426066
28426067
28426068
28426069
28426070
28426071
28426072
28426073
28426074
28426075
28426076
28426077
28426078
28426079
28426080
28426081
28426082
28426083
28426084
28426085
28426086
28426087
28426088
28426089
28426090
28426091
28426092
28426093
28426094
28426095
28426096
28426097
28426098
28426099
28426100
28426101
28426102
28426103
28426104
28426105
28426106
28426107
28426108
28426109
28426110
28426111
28426112
28426113
28426114
28426115
28426116
28426117
28426118
28426119
28426120
28426121
28426122
28426123
28426124
28426125
28426126
28426127
28426128
28426129
28426130
28426131
28426132
28426133
28426134
28426135
28426136
28426137
28426138
28426139
28426140
28426141
28426142
28426143
28426144
28426145
28426146
28426147
28426148
28426149
28426150
28426151
28426152
28426153
28426154
28426155
28426156
28426157
28426158
28426159
28426160
28426161
28426162
28426163
28426164
28426165
28426166
28426167
28426168
28426169
28426170
28426171
28426172
28426173
28426174
28426175
28426176
28426177
28426178
28426179
28426180
28426181
28426182
28426183
28426184
28426185
28426186
28426187
28426188
28426189
28426190
28426191
28426192
28426193
28426194
28426195
28426196
28426197
28426198
28426199
28426200
28426201
28426202
28426203
28426204
28426205
28426206
28426207
28426208
28426209
28426210
28426211
28426212
28426213
28426214
28426215
28426216
28426217
28426218
28426219
28426220
28426221
28426222
28426223
28426224
28426225
28426226
28426227
28426228
28426229
28426230
28426231
28426232
28426233
28426234
28426235
28426236
28426237
28426238
28426239
28426240
28426241
28426242
28426243
28426244
28426245
28426246
28426247
28426248
28426249
28426250
28426251
28426252
28426253
28426254
28426255
28426256
28426257
28426258
28426259
28426260
28426261
28426262
28426263
28426264
28426265
28426266
28426267
28426268
28426269
28426270
28426271
28426272
28426273
28426274
28426275
28426276
28426277
28426278
28426279
28426280
28426281
28426282
28426283
28426284
28426285
28426286
28426287
28426288
28426289
28426290
28426291
28426292
28426293
28426294
28426295
28426296
28426297
28426298
28426299
28426300
28426301
28426302
28426303
28426304
28426305
28426306
28426307
28426308
28426309
28426310
28426311
28426312
28426313
28426314
28426315
28426316
28426317
28426318
28426319
28426320
28426321
28426322
28426323
28426324
28426325
28426326
28426327
28426328
28426329
28426330
28426331
28426332
28426333
28426334
28426335
28426336
28426337
28426338
28426339
28426340
28426341
28426342
28426343
28426344
28426345
28426346
28426347
28426348
28426349
28426350
28426351
28426352
28426353
28426354
28426355
28426356
28426357
28426358
28426359
28426360
28426361
28426362
28426363
28426364
28426365
28426366
28426367
28426368
28426369
28426370
28426371
28426372
28426373
28426374
28426375
28426376
28426377
28426378
28426379
28426380
28426381
28426382
28426383
28426384
28426385
28426386
28426387
28426388
28426389
28426390
28426391
28426392
28426393
28426394
28426395
28426396
28426397
28426398
28426399
28426400
28426401
28426402
28426403
28426404
28426405
28426406
28426407
28426408
28426409
28426410
28426411
28426412
28426413
28426414
28426415
28426416
28426417
28426418
28426419
28426420
28426421
28426422
28426423
28426424
28426425
28426426
28426427
28426428
28426429
28426430
28426431
28426432
28426433
28426434
28426435
28426436
28426437
28426438
28426439
28426440
28426441
28426442
28426443
28426444
28426445
28426446
28426447
28426448
28426449
28426450
28426451
28426452
28426453
28426454
28426455
28426456
28426457
28426458
28426459
28426460
28426461
28426462
28426463
28426464
28426465
28426466
28426467
28426468
28426469
28426470
28426471
28426472
28426473
28426474
28426475
28426476
28426477
28426478
28426479
28426480
28426481
28426482
28426483
28426484
28426485
28426486
28426487
28426488
28426489
28426490
28426491
28426492
28426493
28426494
28426495
28426496
28426497
28426498
28426499
28426500
28426501
28426502
28426503
28426504
28426505
28426506
28426507
28426508
28426509
28426510
28426511
28426512
28426513
28426514
28426515
28426516
28426517
28426518
28426519
28426520
28426521
28426522
28426523
28426524
28426525
28426526
28426527
28426528
28426529
28426530
28426531
28426532
28426533
28426534
28426535
28426536
28426537
28426538
28426539
28426540
28426541
28426542
28426543
28426544
28426545
28426546
28426547
28426548
28426549
28426550
28426551
28426552
28426553
28426554
28426555
28426556
28426557
28426558
28426559
28426560
28426561
28426562
28426563
28426564
28426565
28426566
28426567
28426568
28426569
28426570
28426571
28426572
28426573
28426574
28426575
28426576
28426577
28426578
28426579
28426580
28426581
28426582
28426583
28426584
28426585
28426586
28426587
28426588
28426589
28426590
28426591
28426592
28426593
28426594
28426595
28426596
28426597
28426598
28426599
28426600
28426601
28426602
28426603
28426604
28426605
28426606
28426607
28426608
28426609
28426610
28426611
28426612
28426613
28426614
28426615
28426616
28426617
28426618
28426619
28426620
28426621
28426622
28426623
28426624
28426625
28426626
28426627
28426628
28426629
28426630
28426631
28426632
28426633
28426634
28426635
28426636
28426637
28426638
28426639
28426640
28426641
28426642
28426643
28426644
28426645
28426646
28426647
28426648
28426649
28426650
28426651
28426652
28426653
28426654
28426655
28426656
28426657
28426658
28426659
28426660
28426661
28426662
28426663
28426664
28426665
28426666
28426667
28426668
28426669
28426670
28426671
28426672
28426673
28426674
28426675
28426676
28426677
28426678
28426679
28426680
28426681
28426682
28426683
28426684
28426685
28426686
28426687
28426688
28426689
28426690
28426691
28426692
28426693
28426694
28426695
28426696
28426697
28426698
28426699
28426700
28426701
28426702
28426703
28426704
28426705
28426706
28426707
28426708
28426709
28426710
28426711
28426712
28426713
28426714
28426715
28426716
28426717
28426718
28426719
28426720
28426721
28426722
28426723
28426724
28426725
28426726
28426727
28426728
28426729
28426730
28426731
28426732
28426733
28426734
28426735
28426736
28426737
28426738
28426739
28426740
28426741
28426742
28426743
28426744
28426745
28426746
28426747
28426748
28426749
28426750
28426751
28426752
28426753
28426754
28426755
28426756
28426757
28426758
28426759
28426760
28426761
28426762
28426763
28426764
28426765
28426766
28426767
28426768
28426769
28426770
28426771
28426772
28426773
28426774
28426775
28426776
28426777
28426778
28426779
28426780
28426781
28426782
28426783
28426784
28426785
28426786
28426787
28426788
28426789
28426790
28426791
28426792
28426793
28426794
28426795
28426796
28426797
28426798
28426799
28426800
28426801
28426802
28426803
28426804
28426805
28426806
28426807
28426808
28426809
28426810
28426811
28426812
28426813
28426814
28426815
28426816
28426817
28426818
28426819
28426820
28426821
28426822
28426823
28426824
28426825
28426826
28426827
28426828
28426829
28426830
28426831
28426832
28426833
28426834
28426835
28426836
28426837
28426838
28426839
28426840
28426841
28426842
28426843
28426844
28426845
28426846
28426847
28426848
28426849
28426850
28426851
28426852
28426853
28426854
28426855
28426856
28426857
28426858
28426859
28426860
28426861
28426862
28426863
28426864
28426865
28426866
28426867
28426868
28426869
28426870
28426871
28426872
28426873
28426874
28426875
28426876
28426877
28426878
28426879
28426880
28426881
28426882
28426883
28426884
28426885
28426886
28426887
28426888
28426889
28426890
28426891
28426892
28426893
28426894
28426895
28426896
28426897
28426898
28426899
28426900
28426901
28426902
28426903
28426904
28426905
28426906
28426907
28426908
28426909
28426910
28426911
28426912
28426913
28426914
28426915
28426916
28426917
28426918
28426919
28426920
28426921
28426922
28426923
28426924
28426925
28426926
28426927
28426928
28426929
28426930
28426931
28426932
28426933
28426934
28426935
28426936
28426937
28426938
28426939
28426940
28426941
28426942
28426943
28426944
28426945
28426946
28426947
28426948
28426949
28426950
28426951
28426952
28426953
28426954
28426955
28426956
28426957
28426958
28426959
28426960
28426961
28426962
28426963
28426964
28426965
28426966
28426967
28426968
28426969
28426970
28426971
28426972
28426973
28426974
28426975
28426976
28426977
28426978
28426979
28426980
28426981
28426982
28426983
28426984
28426985
28426986
28426987
28426988
28426989
28426990
28426991
28426992
28426993
28426994
28426995
28426996
28426997
28426998
28426999
28427000
28427001
28427002
28427003
28427004
28427005
28427006
28427007
28427008
28427009
28427010
28427011
28427012
28427013
28427014
28427015
28427016
28427017
28427018
28427019
28427020
28427021
28427022
28427023
28427024
28427025
28427026
28427027
28427028
28427029
28427030
28427031
28427032
28427033
28427034
28427035
28427036
28427037
28427038
28427039
28427040
28427041
28427042
28427043
28427044
28427045
28427046
28427047
28427048
28427049
28427050
28427051
28427052
28427053
28427054
28427055
28427056
28427057
28427058
28427059
28427060
28427061
28427062
28427063
28427064
28427065
28427066
28427067
28427068
28427069
28427070
28427071
28427072
28427073
28427074
28427075
28427076
28427077
28427078
28427079
28427080
28427081
28427082
28427083
28427084
28427085
28427086
28427087
28427088
28427089
28427090
28427091
28427092
28427093
28427094
28427095
28427096
28427097
28427098
28427099
28427100
28427101
28427102
28427103
28427104
28427105
28427106
28427107
28427108
28427109
28427110
28427111
28427112
28427113
28427114
28427115
28427116
28427117
28427118
28427119
28427120
28427121
28427122
28427123
28427124
28427125
28427126
28427127
28427128
28427129
28427130
28427131
28427132
28427133
28427134
28427135
28427136
28427137
28427138
28427139
28427140
28427141
28427142
28427143
28427144
28427145
28427146
28427147
28427148
28427149
28427150
28427151
28427152
28427153
28427154
28427155
28427156
28427157
28427158
28427159
28427160
28427161
28427162
28427163
28427164
28427165
28427166
28427167
28427168
28427169
28427170
28427171
28427172
28427173
28427174
28427175
28427176
28427177
28427178
28427179
28427180
28427181
28427182
28427183
28427184
28427185
28427186
28427187
28427188
28427189
28427190
28427191
28427192
28427193
28427194
28427195
28427196
28427197
28427198
28427199
28427200
28427201
28427202
28427203
28427204
28427205
28427206
28427207
28427208
28427209
28427210
28427211
28427212
28427213
28427214
28427215
28427216
28427217
28427218
28427219
28427220
28427221
28427222
28427223
28427224
28427225
28427226
28427227
28427228
28427229
28427230
28427231
28427232
28427233
28427234
28427235
28427236
28427237
28427238
28427239
28427240
28427241
28427242
28427243
28427244
28427245
28427246
28427247
28427248
28427249
28427250
28427251
28427252
28427253
28427254
28427255
28427256
28427257
28427258
28427259
28427260
28427261
28427262
28427263
28427264
28427265
28427266
28427267
28427268
28427269
28427270
28427271
28427272
28427273
28427274
28427275
28427276
28427277
28427278
28427279
28427280
28427281
28427282
28427283
28427284
28427285
28427286
28427287
28427288
28427289
28427290
28427291
28427292
28427293
28427294
28427295
28427296
28427297
28427298
28427299
28427300
28427301
28427302
28427303
28427304
28427305
28427306
28427307
28427308
28427309
28427310
28427311
28427312
28427313
28427314
28427315
28427316
28427317
28427318
28427319
28427320
28427321
28427322
28427323
28427324
28427325
28427326
28427327
28427328
28427329
28427330
28427331
28427332
28427333
28427334
28427335
28427336
28427337
28427338
28427339
28427340
28427341
28427342
28427343
28427344
28427345
28427346
28427347
28427348
28427349
28427350
28427351
28427352
28427353
28427354
28427355
28427356
28427357
28427358
28427359
28427360
28427361
28427362
28427363
28427364
28427365
28427366
28427367
28427368
28427369
28427370
28427371
28427372
28427373
28427374
28427375
28427376
28427377
28427378
28427379
28427380
28427381
28427382
28427383
28427384
28427385
28427386
28427387
28427388
28427389
28427390
28427391
28427392
28427393
28427394
28427395
28427396
28427397
28427398
28427399
28427400
28427401
28427402
28427403
28427404
28427405
28427406
28427407
28427408
28427409
28427410
28427411
28427412
28427413
28427414
28427415
28427416
28427417
28427418
28427419
28427420
28427421
28427422
28427423
28427424
28427425
28427426
28427427
28427428
28427429
28427430
28427431
28427432
28427433
28427434
28427435
28427436
28427437
28427438
28427439
28427440
28427441
28427442
28427443
28427444
28427445
28427446
28427447
28427448
28427449
28427450
28427451
28427452
28427453
28427454
28427455
28427456
28427457
28427458
28427459
28427460
28427461
28427462
28427463
28427464
28427465
28427466
28427467
28427468
28427469
28427470
28427471
28427472
28427473
28427474
28427475
28427476
28427477
28427478
28427479
28427480
28427481
28427482
28427483
28427484
28427485
28427486
28427487
28427488
28427489
28427490
28427491
28427492
28427493
28427494
28427495
28427496
28427497
28427498
28427499
28427500
28427501
28427502
28427503
28427504
28427505
28427506
28427507
28427508
28427509
28427510
28427511
28427512
28427513
28427514
28427515
28427516
28427517
28427518
28427519
28427520
28427521
28427522
28427523
28427524
28427525
28427526
28427527
28427528
28427529
28427530
28427531
28427532
28427533
28427534
28427535
28427536
28427537
28427538
28427539
28427540
28427541
28427542
28427543
28427544
28427545
28427546
28427547
28427548
28427549
28427550
28427551
28427552
28427553
28427554
28427555
28427556
28427557
28427558
28427559
28427560
28427561
28427562
28427563
28427564
28427565
28427566
28427567
28427568
28427569
28427570
28427571
28427572
28427573
28427574
28427575
28427576
28427577
28427578
28427579
28427580
28427581
28427582
28427583
28427584
28427585
28427586
28427587
28427588
28427589
28427590
28427591
28427592
28427593
28427594
28427595
28427596
28427597
28427598
28427599
28427600
28427601
28427602
28427603
28427604
28427605
28427606
28427607
28427608
28427609
28427610
28427611
28427612
28427613
28427614
28427615
28427616
28427617
28427618
28427619
28427620
28427621
28427622
28427623
28427624
28427625
28427626
28427627
28427628
28427629
28427630
28427631
28427632
28427633
28427634
28427635
28427636
28427637
28427638
28427639
28427640
28427641
28427642
28427643
28427644
28427645
28427646
28427647
28427648
28427649
28427650
28427651
28427652
28427653
28427654
28427655
28427656
28427657
28427658
28427659
28427660
28427661
28427662
28427663
28427664
28427665
28427666
28427667
28427668
28427669
28427670
28427671
28427672
28427673
28427674
28427675
28427676
28427677
28427678
28427679
28427680
28427681
28427682
28427683
28427684
28427685
28427686
28427687
28427688
28427689
28427690
28427691
28427692
28427693
28427694
28427695
28427696
28427697
28427698
28427699
28427700
28427701
28427702
28427703
28427704
28427705
28427706
28427707
28427708
28427709
28427710
28427711
28427712
28427713
28427714
28427715
28427716
28427717
28427718
28427719
28427720
28427721
28427722
28427723
28427724
28427725
28427726
28427727
28427728
28427729
28427730
28427731
28427732
28427733
28427734
28427735
28427736
28427737
28427738
28427739
28427740
28427741
28427742
28427743
28427744
28427745
28427746
28427747
28427748
28427749
28427750
28427751
28427752
28427753
28427754
28427755
28427756
28427757
28427758
28427759
28427760
28427761
28427762
28427763
28427764
28427765
28427766
28427767
28427768
28427769
28427770
28427771
28427772
28427773
28427774
28427775
28427776
28427777
28427778
28427779
28427780
28427781
28427782
28427783
28427784
28427785
28427786
28427787
28427788
28427789
28427790
28427791
28427792
28427793
28427794
28427795
28427796
28427797
28427798
28427799
28427800
28427801
28427802
28427803
28427804
28427805
28427806
28427807
28427808
28427809
28427810
28427811
28427812
28427813
28427814
28427815
28427816
28427817
28427818
28427819
28427820
28427821
28427822
28427823
28427824
28427825
28427826
28427827
28427828
28427829
28427830
28427831
28427832
28427833
28427834
28427835
28427836
28427837
28427838
28427839
28427840
28427841
28427842
28427843
28427844
28427845
28427846
28427847
28427848
28427849
28427850
28427851
28427852
28427853
28427854
28427855
28427856
28427857
28427858
28427859
28427860
28427861
28427862
28427863
28427864
28427865
28427866
28427867
28427868
28427869
28427870
28427871
28427872
28427873
28427874
28427875
28427876
28427877
28427878
28427879
28427880
28427881
28427882
28427883
28427884
28427885
28427886
28427887
28427888
28427889
28427890
28427891
28427892
28427893
28427894
28427895
28427896
28427897
28427898
28427899
28427900
28427901
28427902
28427903
28427904
28427905
28427906
28427907
28427908
28427909
28427910
28427911
28427912
28427913
28427914
28427915
28427916
28427917
28427918
28427919
28427920
28427921
28427922
28427923
28427924
28427925
28427926
28427927
28427928
28427929
28427930
28427931
28427932
28427933
28427934
28427935
28427936
28427937
28427938
28427939
28427940
28427941
28427942
28427943
28427944
28427945
28427946
28427947
28427948
28427949
28427950
28427951
28427952
28427953
28427954
28427955
28427956
28427957
28427958
28427959
28427960
28427961
28427962
28427963
28427964
28427965
28427966
28427967
28427968
28427969
28427970
28427971
28427972
28427973
28427974
28427975
28427976
28427977
28427978
28427979
28427980
28427981
28427982
28427983
28427984
28427985
28427986
28427987
28427988
28427989
28427990
28427991
28427992
28427993
28427994
28427995
28427996
28427997
28427998
28427999
28428000
28428001
28428002
28428003
28428004
28428005
28428006
28428007
28428008
28428009
28428010
28428011
28428012
28428013
28428014
28428015
28428016
28428017
28428018
28428019
28428020
28428021
28428022
28428023
28428024
28428025
28428026
28428027
28428028
28428029
28428030
28428031
28428032
28428033
28428034
28428035
28428036
28428037
28428038
28428039
28428040
28428041
28428042
28428043
28428044
28428045
28428046
28428047
28428048
28428049
28428050
28428051
28428052
28428053
28428054
28428055
28428056
28428057
28428058
28428059
28428060
28428061
28428062
28428063
28428064
28428065
28428066
28428067
28428068
28428069
28428070
28428071
28428072
28428073
28428074
28428075
28428076
28428077
28428078
28428079
28428080
28428081
28428082
28428083
28428084
28428085
28428086
28428087
28428088
28428089
28428090
28428091
28428092
28428093
28428094
28428095
28428096
28428097
28428098
28428099
28428100
28428101
28428102
28428103
28428104
28428105
28428106
28428107
28428108
28428109
28428110
28428111
28428112
28428113
28428114
28428115
28428116
28428117
28428118
28428119
28428120
28428121
28428122
28428123
28428124
28428125
28428126
28428127
28428128
28428129
28428130
28428131
28428132
28428133
28428134
28428135
28428136
28428137
28428138
28428139
28428140
28428141
28428142
28428143
28428144
28428145
28428146
28428147
28428148
28428149
28428150
28428151
28428152
28428153
28428154
28428155
28428156
28428157
28428158
28428159
28428160
28428161
28428162
28428163
28428164
28428165
28428166
28428167
28428168
28428169
28428170
28428171
28428172
28428173
28428174
28428175
28428176
28428177
28428178
28428179
28428180
28428181
28428182
28428183
28428184
28428185
28428186
28428187
28428188
28428189
28428190
28428191
28428192
28428193
28428194
28428195
28428196
28428197
28428198
28428199
28428200
28428201
28428202
28428203
28428204
28428205
28428206
28428207
28428208
28428209
28428210
28428211
28428212
28428213
28428214
28428215
28428216
28428217
28428218
28428219
28428220
28428221
28428222
28428223
28428224
28428225
28428226
28428227
28428228
28428229
28428230
28428231
28428232
28428233
28428234
28428235
28428236
28428237
28428238
28428239
28428240
28428241
28428242
28428243
28428244
28428245
28428246
28428247
28428248
28428249
28428250
28428251
28428252
28428253
28428254
28428255
28428256
28428257
28428258
28428259
28428260
28428261
28428262
28428263
28428264
28428265
28428266
28428267
28428268
28428269
28428270
28428271
28428272
28428273
28428274
28428275
28428276
28428277
28428278
28428279
28428280
28428281
28428282
28428283
28428284
28428285
28428286
28428287
28428288
28428289
28428290
28428291
28428292
28428293
28428294
28428295
28428296
28428297
28428298
28428299
28428300
28428301
28428302
28428303
28428304
28428305
28428306
28428307
28428308
28428309
28428310
28428311
28428312
28428313
28428314
28428315
28428316
28428317
28428318
28428319
28428320
28428321
28428322
28428323
28428324
28428325
28428326
28428327
28428328
28428329
28428330
28428331
28428332
28428333
28428334
28428335
28428336
28428337
28428338
28428339
28428340
28428341
28428342
28428343
28428344
28428345
28428346
28428347
28428348
28428349
28428350
28428351
28428352
28428353
28428354
28428355
28428356
28428357
28428358
28428359
28428360
28428361
28428362
28428363
28428364
28428365
28428366
28428367
28428368
28428369
28428370
28428371
28428372
28428373
28428374
28428375
28428376
28428377
28428378
28428379
28428380
28428381
28428382
28428383
28428384
28428385
28428386
28428387
28428388
28428389
28428390
28428391
28428392
28428393
28428394
28428395
28428396
28428397
28428398
28428399
28428400
28428401
28428402
28428403
28428404
28428405
28428406
28428407
28428408
28428409
28428410
28428411
28428412
28428413
28428414
28428415
28428416
28428417
28428418
28428419
28428420
28428421
28428422
28428423
28428424
28428425
28428426
28428427
28428428
28428429
28428430
28428431
28428432
28428433
28428434
28428435
28428436
28428437
28428438
28428439
28428440
28428441
28428442
28428443
28428444
28428445
28428446
28428447
28428448
28428449
28428450
28428451
28428452
28428453
28428454
28428455
28428456
28428457
28428458
28428459
28428460
28428461
28428462
28428463
28428464
28428465
28428466
28428467
28428468
28428469
28428470
28428471
28428472
28428473
28428474
28428475
28428476
28428477
28428478
28428479
28428480
28428481
28428482
28428483
28428484
28428485
28428486
28428487
28428488
28428489
28428490
28428491
28428492
28428493
28428494
28428495
28428496
28428497
28428498
28428499
28428500
28428501
28428502
28428503
28428504
28428505
28428506
28428507
28428508
28428509
28428510
28428511
28428512
28428513
28428514
28428515
28428516
28428517
28428518
28428519
28428520
28428521
28428522
28428523
28428524
28428525
28428526
28428527
28428528
28428529
28428530
28428531
28428532
28428533
28428534
28428535
28428536
28428537
28428538
28428539
28428540
28428541
28428542
28428543
28428544
28428545
28428546
28428547
28428548
28428549
28428550
28428551
28428552
28428553
28428554
28428555
28428556
28428557
28428558
28428559
28428560
28428561
28428562
28428563
28428564
28428565
28428566
28428567
28428568
28428569
28428570
28428571
28428572
28428573
28428574
28428575
28428576
28428577
28428578
28428579
28428580
28428581
28428582
28428583
28428584
28428585
28428586
28428587
28428588
28428589
28428590
28428591
28428592
28428593
28428594
28428595
28428596
28428597
28428598
28428599
28428600
28428601
28428602
28428603
28428604
28428605
28428606
28428607
28428608
28428609
28428610
28428611
28428612
28428613
28428614
28428615
28428616
28428617
28428618
28428619
28428620
28428621
28428622
28428623
28428624
28428625
28428626
28428627
28428628
28428629
28428630
28428631
28428632
28428633
28428634
28428635
28428636
28428637
28428638
28428639
28428640
28428641
28428642
28428643
28428644
28428645
28428646
28428647
28428648
28428649
28428650
28428651
28428652
28428653
28428654
28428655
28428656
28428657
28428658
28428659
28428660
28428661
28428662
28428663
28428664
28428665
28428666
28428667
28428668
28428669
28428670
28428671
28428672
28428673
28428674
28428675
28428676
28428677
28428678
28428679
28428680
28428681
28428682
28428683
28428684
28428685
28428686
28428687
28428688
28428689
28428690
28428691
28428692
28428693
28428694
28428695
28428696
28428697
28428698
28428699
28428700
28428701
28428702
28428703
28428704
28428705
28428706
28428707
28428708
28428709
28428710
28428711
28428712
28428713
28428714
28428715
28428716
28428717
28428718
28428719
28428720
28428721
28428722
28428723
28428724
28428725
28428726
28428727
28428728
28428729
28428730
28428731
28428732
28428733
28428734
28428735
28428736
28428737
28428738
28428739
28428740
28428741
28428742
28428743
28428744
28428745
28428746
28428747
28428748
28428749
28428750
28428751
28428752
28428753
28428754
28428755
28428756
28428757
28428758
28428759
28428760
28428761
28428762
28428763
28428764
28428765
28428766
28428767
28428768
28428769
28428770
28428771
28428772
28428773
28428774
28428775
28428776
28428777
28428778
28428779
28428780
28428781
28428782
28428783
28428784
28428785
28428786
28428787
28428788
28428789
28428790
28428791
28428792
28428793
28428794
28428795
28428796
28428797
28428798
28428799
28428800
28428801
28428802
28428803
28428804
28428805
28428806
28428807
28428808
28428809
28428810
28428811
28428812
28428813
28428814
28428815
28428816
28428817
28428818
28428819
28428820
28428821
28428822
28428823
28428824
28428825
28428826
28428827
28428828
28428829
28428830
28428831
28428832
28428833
28428834
28428835
28428836
28428837
28428838
28428839
28428840
28428841
28428842
28428843
28428844
28428845
28428846
28428847
28428848
28428849
28428850
28428851
28428852
28428853
28428854
28428855
28428856
28428857
28428858
28428859
28428860
28428861
28428862
28428863
28428864
28428865
28428866
28428867
28428868
28428869
28428870
28428871
28428872
28428873
28428874
28428875
28428876
28428877
28428878
28428879
28428880
28428881
28428882
28428883
28428884
28428885
28428886
28428887
28428888
28428889
