28718890
28718891
28718892
28718893
28718894
28718895
28718896
28718897
28718898
28718899
28718900
28718901
28718902
28718903
28718904
28718905
28718906
28718907
28718908
28718909
28718910
28718911
28718912
28718913
28718914
28718915
28718916
28718917
28718918
28718919
28718920
28718921
28718922
28718923
28718924
28718925
28718926
28718927
28718928
28718929
28718930
28718931
28718932
28718933
28718934
28718935
28718936
28718937
28718938
28718939
28718940
28718941
28718942
28718943
28718944
28718945
28718946
28718947
28718948
28718949
28718950
28718951
28718952
28718953
28718954
28718955
28718956
28718957
28718958
28718959
28718960
28718961
28718962
28718963
28718964
28718965
28718966
28718967
28718968
28718969
28718970
28718971
28718972
28718973
28718974
28718975
28718976
28718977
28718978
28718979
28718980
28718981
28718982
28718983
28718984
28718985
28718986
28718987
28718988
28718989
28718990
28718991
28718992
28718993
28718994
28718995
28718996
28718997
28718998
28718999
28719000
28719001
28719002
28719003
28719004
28719005
28719006
28719007
28719008
28719009
28719010
28719011
28719012
28719013
28719014
28719015
28719016
28719017
28719018
28719019
28719020
28719021
28719022
28719023
28719024
28719025
28719026
28719027
28719028
28719029
28719030
28719031
28719032
28719033
28719034
28719035
28719036
28719037
28719038
28719039
28719040
28719041
28719042
28719043
28719044
28719045
28719046
28719047
28719048
28719049
28719050
28719051
28719052
28719053
28719054
28719055
28719056
28719057
28719058
28719059
28719060
28719061
28719062
28719063
28719064
28719065
28719066
28719067
28719068
28719069
28719070
28719071
28719072
28719073
28719074
28719075
28719076
28719077
28719078
28719079
28719080
28719081
28719082
28719083
28719084
28719085
28719086
28719087
28719088
28719089
28719090
28719091
28719092
28719093
28719094
28719095
28719096
28719097
28719098
28719099
28719100
28719101
28719102
28719103
28719104
28719105
28719106
28719107
28719108
28719109
28719110
28719111
28719112
28719113
28719114
28719115
28719116
28719117
28719118
28719119
28719120
28719121
28719122
28719123
28719124
28719125
28719126
28719127
28719128
28719129
28719130
28719131
28719132
28719133
28719134
28719135
28719136
28719137
28719138
28719139
28719140
28719141
28719142
28719143
28719144
28719145
28719146
28719147
28719148
28719149
28719150
28719151
28719152
28719153
28719154
28719155
28719156
28719157
28719158
28719159
28719160
28719161
28719162
28719163
28719164
28719165
28719166
28719167
28719168
28719169
28719170
28719171
28719172
28719173
28719174
28719175
28719176
28719177
28719178
28719179
28719180
28719181
28719182
28719183
28719184
28719185
28719186
28719187
28719188
28719189
28719190
28719191
28719192
28719193
28719194
28719195
28719196
28719197
28719198
28719199
28719200
28719201
28719202
28719203
28719204
28719205
28719206
28719207
28719208
28719209
28719210
28719211
28719212
28719213
28719214
28719215
28719216
28719217
28719218
28719219
28719220
28719221
28719222
28719223
28719224
28719225
28719226
28719227
28719228
28719229
28719230
28719231
28719232
28719233
28719234
28719235
28719236
28719237
28719238
28719239
28719240
28719241
28719242
28719243
28719244
28719245
28719246
28719247
28719248
28719249
28719250
28719251
28719252
28719253
28719254
28719255
28719256
28719257
28719258
28719259
28719260
28719261
28719262
28719263
28719264
28719265
28719266
28719267
28719268
28719269
28719270
28719271
28719272
28719273
28719274
28719275
28719276
28719277
28719278
28719279
28719280
28719281
28719282
28719283
28719284
28719285
28719286
28719287
28719288
28719289
28719290
28719291
28719292
28719293
28719294
28719295
28719296
28719297
28719298
28719299
28719300
28719301
28719302
28719303
28719304
28719305
28719306
28719307
28719308
28719309
28719310
28719311
28719312
28719313
28719314
28719315
28719316
28719317
28719318
28719319
28719320
28719321
28719322
28719323
28719324
28719325
28719326
28719327
28719328
28719329
28719330
28719331
28719332
28719333
28719334
28719335
28719336
28719337
28719338
28719339
28719340
28719341
28719342
28719343
28719344
28719345
28719346
28719347
28719348
28719349
28719350
28719351
28719352
28719353
28719354
28719355
28719356
28719357
28719358
28719359
28719360
28719361
28719362
28719363
28719364
28719365
28719366
28719367
28719368
28719369
28719370
28719371
28719372
28719373
28719374
28719375
28719376
28719377
28719378
28719379
28719380
28719381
28719382
28719383
28719384
28719385
28719386
28719387
28719388
28719389
28719390
28719391
28719392
28719393
28719394
28719395
28719396
28719397
28719398
28719399
28719400
28719401
28719402
28719403
28719404
28719405
28719406
28719407
28719408
28719409
28719410
28719411
28719412
28719413
28719414
28719415
28719416
28719417
28719418
28719419
28719420
28719421
28719422
28719423
28719424
28719425
28719426
28719427
28719428
28719429
28719430
28719431
28719432
28719433
28719434
28719435
28719436
28719437
28719438
28719439
28719440
28719441
28719442
28719443
28719444
28719445
28719446
28719447
28719448
28719449
28719450
28719451
28719452
28719453
28719454
28719455
28719456
28719457
28719458
28719459
28719460
28719461
28719462
28719463
28719464
28719465
28719466
28719467
28719468
28719469
28719470
28719471
28719472
28719473
28719474
28719475
28719476
28719477
28719478
28719479
28719480
28719481
28719482
28719483
28719484
28719485
28719486
28719487
28719488
28719489
28719490
28719491
28719492
28719493
28719494
28719495
28719496
28719497
28719498
28719499
28719500
28719501
28719502
28719503
28719504
28719505
28719506
28719507
28719508
28719509
28719510
28719511
28719512
28719513
28719514
28719515
28719516
28719517
28719518
28719519
28719520
28719521
28719522
28719523
28719524
28719525
28719526
28719527
28719528
28719529
28719530
28719531
28719532
28719533
28719534
28719535
28719536
28719537
28719538
28719539
28719540
28719541
28719542
28719543
28719544
28719545
28719546
28719547
28719548
28719549
28719550
28719551
28719552
28719553
28719554
28719555
28719556
28719557
28719558
28719559
28719560
28719561
28719562
28719563
28719564
28719565
28719566
28719567
28719568
28719569
28719570
28719571
28719572
28719573
28719574
28719575
28719576
28719577
28719578
28719579
28719580
28719581
28719582
28719583
28719584
28719585
28719586
28719587
28719588
28719589
28719590
28719591
28719592
28719593
28719594
28719595
28719596
28719597
28719598
28719599
28719600
28719601
28719602
28719603
28719604
28719605
28719606
28719607
28719608
28719609
28719610
28719611
28719612
28719613
28719614
28719615
28719616
28719617
28719618
28719619
28719620
28719621
28719622
28719623
28719624
28719625
28719626
28719627
28719628
28719629
28719630
28719631
28719632
28719633
28719634
28719635
28719636
28719637
28719638
28719639
28719640
28719641
28719642
28719643
28719644
28719645
28719646
28719647
28719648
28719649
28719650
28719651
28719652
28719653
28719654
28719655
28719656
28719657
28719658
28719659
28719660
28719661
28719662
28719663
28719664
28719665
28719666
28719667
28719668
28719669
28719670
28719671
28719672
28719673
28719674
28719675
28719676
28719677
28719678
28719679
28719680
28719681
28719682
28719683
28719684
28719685
28719686
28719687
28719688
28719689
28719690
28719691
28719692
28719693
28719694
28719695
28719696
28719697
28719698
28719699
28719700
28719701
28719702
28719703
28719704
28719705
28719706
28719707
28719708
28719709
28719710
28719711
28719712
28719713
28719714
28719715
28719716
28719717
28719718
28719719
28719720
28719721
28719722
28719723
28719724
28719725
28719726
28719727
28719728
28719729
28719730
28719731
28719732
28719733
28719734
28719735
28719736
28719737
28719738
28719739
28719740
28719741
28719742
28719743
28719744
28719745
28719746
28719747
28719748
28719749
28719750
28719751
28719752
28719753
28719754
28719755
28719756
28719757
28719758
28719759
28719760
28719761
28719762
28719763
28719764
28719765
28719766
28719767
28719768
28719769
28719770
28719771
28719772
28719773
28719774
28719775
28719776
28719777
28719778
28719779
28719780
28719781
28719782
28719783
28719784
28719785
28719786
28719787
28719788
28719789
28719790
28719791
28719792
28719793
28719794
28719795
28719796
28719797
28719798
28719799
28719800
28719801
28719802
28719803
28719804
28719805
28719806
28719807
28719808
28719809
28719810
28719811
28719812
28719813
28719814
28719815
28719816
28719817
28719818
28719819
28719820
28719821
28719822
28719823
28719824
28719825
28719826
28719827
28719828
28719829
28719830
28719831
28719832
28719833
28719834
28719835
28719836
28719837
28719838
28719839
28719840
28719841
28719842
28719843
28719844
28719845
28719846
28719847
28719848
28719849
28719850
28719851
28719852
28719853
28719854
28719855
28719856
28719857
28719858
28719859
28719860
28719861
28719862
28719863
28719864
28719865
28719866
28719867
28719868
28719869
28719870
28719871
28719872
28719873
28719874
28719875
28719876
28719877
28719878
28719879
28719880
28719881
28719882
28719883
28719884
28719885
28719886
28719887
28719888
28719889
28719890
28719891
28719892
28719893
28719894
28719895
28719896
28719897
28719898
28719899
28719900
28719901
28719902
28719903
28719904
28719905
28719906
28719907
28719908
28719909
28719910
28719911
28719912
28719913
28719914
28719915
28719916
28719917
28719918
28719919
28719920
28719921
28719922
28719923
28719924
28719925
28719926
28719927
28719928
28719929
28719930
28719931
28719932
28719933
28719934
28719935
28719936
28719937
28719938
28719939
28719940
28719941
28719942
28719943
28719944
28719945
28719946
28719947
28719948
28719949
28719950
28719951
28719952
28719953
28719954
28719955
28719956
28719957
28719958
28719959
28719960
28719961
28719962
28719963
28719964
28719965
28719966
28719967
28719968
28719969
28719970
28719971
28719972
28719973
28719974
28719975
28719976
28719977
28719978
28719979
28719980
28719981
28719982
28719983
28719984
28719985
28719986
28719987
28719988
28719989
28719990
28719991
28719992
28719993
28719994
28719995
28719996
28719997
28719998
28719999
28720000
28720001
28720002
28720003
28720004
28720005
28720006
28720007
28720008
28720009
28720010
28720011
28720012
28720013
28720014
28720015
28720016
28720017
28720018
28720019
28720020
28720021
28720022
28720023
28720024
28720025
28720026
28720027
28720028
28720029
28720030
28720031
28720032
28720033
28720034
28720035
28720036
28720037
28720038
28720039
28720040
28720041
28720042
28720043
28720044
28720045
28720046
28720047
28720048
28720049
28720050
28720051
28720052
28720053
28720054
28720055
28720056
28720057
28720058
28720059
28720060
28720061
28720062
28720063
28720064
28720065
28720066
28720067
28720068
28720069
28720070
28720071
28720072
28720073
28720074
28720075
28720076
28720077
28720078
28720079
28720080
28720081
28720082
28720083
28720084
28720085
28720086
28720087
28720088
28720089
28720090
28720091
28720092
28720093
28720094
28720095
28720096
28720097
28720098
28720099
28720100
28720101
28720102
28720103
28720104
28720105
28720106
28720107
28720108
28720109
28720110
28720111
28720112
28720113
28720114
28720115
28720116
28720117
28720118
28720119
28720120
28720121
28720122
28720123
28720124
28720125
28720126
28720127
28720128
28720129
28720130
28720131
28720132
28720133
28720134
28720135
28720136
28720137
28720138
28720139
28720140
28720141
28720142
28720143
28720144
28720145
28720146
28720147
28720148
28720149
28720150
28720151
28720152
28720153
28720154
28720155
28720156
28720157
28720158
28720159
28720160
28720161
28720162
28720163
28720164
28720165
28720166
28720167
28720168
28720169
28720170
28720171
28720172
28720173
28720174
28720175
28720176
28720177
28720178
28720179
28720180
28720181
28720182
28720183
28720184
28720185
28720186
28720187
28720188
28720189
28720190
28720191
28720192
28720193
28720194
28720195
28720196
28720197
28720198
28720199
28720200
28720201
28720202
28720203
28720204
28720205
28720206
28720207
28720208
28720209
28720210
28720211
28720212
28720213
28720214
28720215
28720216
28720217
28720218
28720219
28720220
28720221
28720222
28720223
28720224
28720225
28720226
28720227
28720228
28720229
28720230
28720231
28720232
28720233
28720234
28720235
28720236
28720237
28720238
28720239
28720240
28720241
28720242
28720243
28720244
28720245
28720246
28720247
28720248
28720249
28720250
28720251
28720252
28720253
28720254
28720255
28720256
28720257
28720258
28720259
28720260
28720261
28720262
28720263
28720264
28720265
28720266
28720267
28720268
28720269
28720270
28720271
28720272
28720273
28720274
28720275
28720276
28720277
28720278
28720279
28720280
28720281
28720282
28720283
28720284
28720285
28720286
28720287
28720288
28720289
28720290
28720291
28720292
28720293
28720294
28720295
28720296
28720297
28720298
28720299
28720300
28720301
28720302
28720303
28720304
28720305
28720306
28720307
28720308
28720309
28720310
28720311
28720312
28720313
28720314
28720315
28720316
28720317
28720318
28720319
28720320
28720321
28720322
28720323
28720324
28720325
28720326
28720327
28720328
28720329
28720330
28720331
28720332
28720333
28720334
28720335
28720336
28720337
28720338
28720339
28720340
28720341
28720342
28720343
28720344
28720345
28720346
28720347
28720348
28720349
28720350
28720351
28720352
28720353
28720354
28720355
28720356
28720357
28720358
28720359
28720360
28720361
28720362
28720363
28720364
28720365
28720366
28720367
28720368
28720369
28720370
28720371
28720372
28720373
28720374
28720375
28720376
28720377
28720378
28720379
28720380
28720381
28720382
28720383
28720384
28720385
28720386
28720387
28720388
28720389
28720390
28720391
28720392
28720393
28720394
28720395
28720396
28720397
28720398
28720399
28720400
28720401
28720402
28720403
28720404
28720405
28720406
28720407
28720408
28720409
28720410
28720411
28720412
28720413
28720414
28720415
28720416
28720417
28720418
28720419
28720420
28720421
28720422
28720423
28720424
28720425
28720426
28720427
28720428
28720429
28720430
28720431
28720432
28720433
28720434
28720435
28720436
28720437
28720438
28720439
28720440
28720441
28720442
28720443
28720444
28720445
28720446
28720447
28720448
28720449
28720450
28720451
28720452
28720453
28720454
28720455
28720456
28720457
28720458
28720459
28720460
28720461
28720462
28720463
28720464
28720465
28720466
28720467
28720468
28720469
28720470
28720471
28720472
28720473
28720474
28720475
28720476
28720477
28720478
28720479
28720480
28720481
28720482
28720483
28720484
28720485
28720486
28720487
28720488
28720489
28720490
28720491
28720492
28720493
28720494
28720495
28720496
28720497
28720498
28720499
28720500
28720501
28720502
28720503
28720504
28720505
28720506
28720507
28720508
28720509
28720510
28720511
28720512
28720513
28720514
28720515
28720516
28720517
28720518
28720519
28720520
28720521
28720522
28720523
28720524
28720525
28720526
28720527
28720528
28720529
28720530
28720531
28720532
28720533
28720534
28720535
28720536
28720537
28720538
28720539
28720540
28720541
28720542
28720543
28720544
28720545
28720546
28720547
28720548
28720549
28720550
28720551
28720552
28720553
28720554
28720555
28720556
28720557
28720558
28720559
28720560
28720561
28720562
28720563
28720564
28720565
28720566
28720567
28720568
28720569
28720570
28720571
28720572
28720573
28720574
28720575
28720576
28720577
28720578
28720579
28720580
28720581
28720582
28720583
28720584
28720585
28720586
28720587
28720588
28720589
28720590
28720591
28720592
28720593
28720594
28720595
28720596
28720597
28720598
28720599
28720600
28720601
28720602
28720603
28720604
28720605
28720606
28720607
28720608
28720609
28720610
28720611
28720612
28720613
28720614
28720615
28720616
28720617
28720618
28720619
28720620
28720621
28720622
28720623
28720624
28720625
28720626
28720627
28720628
28720629
28720630
28720631
28720632
28720633
28720634
28720635
28720636
28720637
28720638
28720639
28720640
28720641
28720642
28720643
28720644
28720645
28720646
28720647
28720648
28720649
28720650
28720651
28720652
28720653
28720654
28720655
28720656
28720657
28720658
28720659
28720660
28720661
28720662
28720663
28720664
28720665
28720666
28720667
28720668
28720669
28720670
28720671
28720672
28720673
28720674
28720675
28720676
28720677
28720678
28720679
28720680
28720681
28720682
28720683
28720684
28720685
28720686
28720687
28720688
28720689
28720690
28720691
28720692
28720693
28720694
28720695
28720696
28720697
28720698
28720699
28720700
28720701
28720702
28720703
28720704
28720705
28720706
28720707
28720708
28720709
28720710
28720711
28720712
28720713
28720714
28720715
28720716
28720717
28720718
28720719
28720720
28720721
28720722
28720723
28720724
28720725
28720726
28720727
28720728
28720729
28720730
28720731
28720732
28720733
28720734
28720735
28720736
28720737
28720738
28720739
28720740
28720741
28720742
28720743
28720744
28720745
28720746
28720747
28720748
28720749
28720750
28720751
28720752
28720753
28720754
28720755
28720756
28720757
28720758
28720759
28720760
28720761
28720762
28720763
28720764
28720765
28720766
28720767
28720768
28720769
28720770
28720771
28720772
28720773
28720774
28720775
28720776
28720777
28720778
28720779
28720780
28720781
28720782
28720783
28720784
28720785
28720786
28720787
28720788
28720789
28720790
28720791
28720792
28720793
28720794
28720795
28720796
28720797
28720798
28720799
28720800
28720801
28720802
28720803
28720804
28720805
28720806
28720807
28720808
28720809
28720810
28720811
28720812
28720813
28720814
28720815
28720816
28720817
28720818
28720819
28720820
28720821
28720822
28720823
28720824
28720825
28720826
28720827
28720828
28720829
28720830
28720831
28720832
28720833
28720834
28720835
28720836
28720837
28720838
28720839
28720840
28720841
28720842
28720843
28720844
28720845
28720846
28720847
28720848
28720849
28720850
28720851
28720852
28720853
28720854
28720855
28720856
28720857
28720858
28720859
28720860
28720861
28720862
28720863
28720864
28720865
28720866
28720867
28720868
28720869
28720870
28720871
28720872
28720873
28720874
28720875
28720876
28720877
28720878
28720879
28720880
28720881
28720882
28720883
28720884
28720885
28720886
28720887
28720888
28720889
28720890
28720891
28720892
28720893
28720894
28720895
28720896
28720897
28720898
28720899
28720900
28720901
28720902
28720903
28720904
28720905
28720906
28720907
28720908
28720909
28720910
28720911
28720912
28720913
28720914
28720915
28720916
28720917
28720918
28720919
28720920
28720921
28720922
28720923
28720924
28720925
28720926
28720927
28720928
28720929
28720930
28720931
28720932
28720933
28720934
28720935
28720936
28720937
28720938
28720939
28720940
28720941
28720942
28720943
28720944
28720945
28720946
28720947
28720948
28720949
28720950
28720951
28720952
28720953
28720954
28720955
28720956
28720957
28720958
28720959
28720960
28720961
28720962
28720963
28720964
28720965
28720966
28720967
28720968
28720969
28720970
28720971
28720972
28720973
28720974
28720975
28720976
28720977
28720978
28720979
28720980
28720981
28720982
28720983
28720984
28720985
28720986
28720987
28720988
28720989
28720990
28720991
28720992
28720993
28720994
28720995
28720996
28720997
28720998
28720999
28721000
28721001
28721002
28721003
28721004
28721005
28721006
28721007
28721008
28721009
28721010
28721011
28721012
28721013
28721014
28721015
28721016
28721017
28721018
28721019
28721020
28721021
28721022
28721023
28721024
28721025
28721026
28721027
28721028
28721029
28721030
28721031
28721032
28721033
28721034
28721035
28721036
28721037
28721038
28721039
28721040
28721041
28721042
28721043
28721044
28721045
28721046
28721047
28721048
28721049
28721050
28721051
28721052
28721053
28721054
28721055
28721056
28721057
28721058
28721059
28721060
28721061
28721062
28721063
28721064
28721065
28721066
28721067
28721068
28721069
28721070
28721071
28721072
28721073
28721074
28721075
28721076
28721077
28721078
28721079
28721080
28721081
28721082
28721083
28721084
28721085
28721086
28721087
28721088
28721089
28721090
28721091
28721092
28721093
28721094
28721095
28721096
28721097
28721098
28721099
28721100
28721101
28721102
28721103
28721104
28721105
28721106
28721107
28721108
28721109
28721110
28721111
28721112
28721113
28721114
28721115
28721116
28721117
28721118
28721119
28721120
28721121
28721122
28721123
28721124
28721125
28721126
28721127
28721128
28721129
28721130
28721131
28721132
28721133
28721134
28721135
28721136
28721137
28721138
28721139
28721140
28721141
28721142
28721143
28721144
28721145
28721146
28721147
28721148
28721149
28721150
28721151
28721152
28721153
28721154
28721155
28721156
28721157
28721158
28721159
28721160
28721161
28721162
28721163
28721164
28721165
28721166
28721167
28721168
28721169
28721170
28721171
28721172
28721173
28721174
28721175
28721176
28721177
28721178
28721179
28721180
28721181
28721182
28721183
28721184
28721185
28721186
28721187
28721188
28721189
28721190
28721191
28721192
28721193
28721194
28721195
28721196
28721197
28721198
28721199
28721200
28721201
28721202
28721203
28721204
28721205
28721206
28721207
28721208
28721209
28721210
28721211
28721212
28721213
28721214
28721215
28721216
28721217
28721218
28721219
28721220
28721221
28721222
28721223
28721224
28721225
28721226
28721227
28721228
28721229
28721230
28721231
28721232
28721233
28721234
28721235
28721236
28721237
28721238
28721239
28721240
28721241
28721242
28721243
28721244
28721245
28721246
28721247
28721248
28721249
28721250
28721251
28721252
28721253
28721254
28721255
28721256
28721257
28721258
28721259
28721260
28721261
28721262
28721263
28721264
28721265
28721266
28721267
28721268
28721269
28721270
28721271
28721272
28721273
28721274
28721275
28721276
28721277
28721278
28721279
28721280
28721281
28721282
28721283
28721284
28721285
28721286
28721287
28721288
28721289
28721290
28721291
28721292
28721293
28721294
28721295
28721296
28721297
28721298
28721299
28721300
28721301
28721302
28721303
28721304
28721305
28721306
28721307
28721308
28721309
28721310
28721311
28721312
28721313
28721314
28721315
28721316
28721317
28721318
28721319
28721320
28721321
28721322
28721323
28721324
28721325
28721326
28721327
28721328
28721329
28721330
28721331
28721332
28721333
28721334
28721335
28721336
28721337
28721338
28721339
28721340
28721341
28721342
28721343
28721344
28721345
28721346
28721347
28721348
28721349
28721350
28721351
28721352
28721353
28721354
28721355
28721356
28721357
28721358
28721359
28721360
28721361
28721362
28721363
28721364
28721365
28721366
28721367
28721368
28721369
28721370
28721371
28721372
28721373
28721374
28721375
28721376
28721377
28721378
28721379
28721380
28721381
28721382
28721383
28721384
28721385
28721386
28721387
28721388
28721389
28721390
28721391
28721392
28721393
28721394
28721395
28721396
28721397
28721398
28721399
28721400
28721401
28721402
28721403
28721404
28721405
28721406
28721407
28721408
28721409
28721410
28721411
28721412
28721413
28721414
28721415
28721416
28721417
28721418
28721419
28721420
28721421
28721422
28721423
28721424
28721425
28721426
28721427
28721428
28721429
28721430
28721431
28721432
28721433
28721434
28721435
28721436
28721437
28721438
28721439
28721440
28721441
28721442
28721443
28721444
28721445
28721446
28721447
28721448
28721449
28721450
28721451
28721452
28721453
28721454
28721455
28721456
28721457
28721458
28721459
28721460
28721461
28721462
28721463
28721464
28721465
28721466
28721467
28721468
28721469
28721470
28721471
28721472
28721473
28721474
28721475
28721476
28721477
28721478
28721479
28721480
28721481
28721482
28721483
28721484
28721485
28721486
28721487
28721488
28721489
28721490
28721491
28721492
28721493
28721494
28721495
28721496
28721497
28721498
28721499
28721500
28721501
28721502
28721503
28721504
28721505
28721506
28721507
28721508
28721509
28721510
28721511
28721512
28721513
28721514
28721515
28721516
28721517
28721518
28721519
28721520
28721521
28721522
28721523
28721524
28721525
28721526
28721527
28721528
28721529
28721530
28721531
28721532
28721533
28721534
28721535
28721536
28721537
28721538
28721539
28721540
28721541
28721542
28721543
28721544
28721545
28721546
28721547
28721548
28721549
28721550
28721551
28721552
28721553
28721554
28721555
28721556
28721557
28721558
28721559
28721560
28721561
28721562
28721563
28721564
28721565
28721566
28721567
28721568
28721569
28721570
28721571
28721572
28721573
28721574
28721575
28721576
28721577
28721578
28721579
28721580
28721581
28721582
28721583
28721584
28721585
28721586
28721587
28721588
28721589
28721590
28721591
28721592
28721593
28721594
28721595
28721596
28721597
28721598
28721599
28721600
28721601
28721602
28721603
28721604
28721605
28721606
28721607
28721608
28721609
28721610
28721611
28721612
28721613
28721614
28721615
28721616
28721617
28721618
28721619
28721620
28721621
28721622
28721623
28721624
28721625
28721626
28721627
28721628
28721629
28721630
28721631
28721632
28721633
28721634
28721635
28721636
28721637
28721638
28721639
28721640
28721641
28721642
28721643
28721644
28721645
28721646
28721647
28721648
28721649
28721650
28721651
28721652
28721653
28721654
28721655
28721656
28721657
28721658
28721659
28721660
28721661
28721662
28721663
28721664
28721665
28721666
28721667
28721668
28721669
28721670
28721671
28721672
28721673
28721674
28721675
28721676
28721677
28721678
28721679
28721680
28721681
28721682
28721683
28721684
28721685
28721686
28721687
28721688
28721689
28721690
28721691
28721692
28721693
28721694
28721695
28721696
28721697
28721698
28721699
28721700
28721701
28721702
28721703
28721704
28721705
28721706
28721707
28721708
28721709
28721710
28721711
28721712
28721713
28721714
28721715
28721716
28721717
28721718
28721719
28721720
28721721
28721722
28721723
28721724
28721725
28721726
28721727
28721728
28721729
28721730
28721731
28721732
28721733
28721734
28721735
28721736
28721737
28721738
28721739
28721740
28721741
28721742
28721743
28721744
28721745
28721746
28721747
28721748
28721749
28721750
28721751
28721752
28721753
28721754
28721755
28721756
28721757
28721758
28721759
28721760
28721761
28721762
28721763
28721764
28721765
28721766
28721767
28721768
28721769
28721770
28721771
28721772
28721773
28721774
28721775
28721776
28721777
28721778
28721779
28721780
28721781
28721782
28721783
28721784
28721785
28721786
28721787
28721788
28721789
28721790
28721791
28721792
28721793
28721794
28721795
28721796
28721797
28721798
28721799
28721800
28721801
28721802
28721803
28721804
28721805
28721806
28721807
28721808
28721809
28721810
28721811
28721812
28721813
28721814
28721815
28721816
28721817
28721818
28721819
28721820
28721821
28721822
28721823
28721824
28721825
28721826
28721827
28721828
28721829
28721830
28721831
28721832
28721833
28721834
28721835
28721836
28721837
28721838
28721839
28721840
28721841
28721842
28721843
28721844
28721845
28721846
28721847
28721848
28721849
28721850
28721851
28721852
28721853
28721854
28721855
28721856
28721857
28721858
28721859
28721860
28721861
28721862
28721863
28721864
28721865
28721866
28721867
28721868
28721869
28721870
28721871
28721872
28721873
28721874
28721875
28721876
28721877
28721878
28721879
28721880
28721881
28721882
28721883
28721884
28721885
28721886
28721887
28721888
28721889
28721890
28721891
28721892
28721893
28721894
28721895
28721896
28721897
28721898
28721899
28721900
28721901
28721902
28721903
28721904
28721905
28721906
28721907
28721908
28721909
28721910
28721911
28721912
28721913
28721914
28721915
28721916
28721917
28721918
28721919
28721920
28721921
28721922
28721923
28721924
28721925
28721926
28721927
28721928
28721929
28721930
28721931
28721932
28721933
28721934
28721935
28721936
28721937
28721938
28721939
28721940
28721941
28721942
28721943
28721944
28721945
28721946
28721947
28721948
28721949
28721950
28721951
28721952
28721953
28721954
28721955
28721956
28721957
28721958
28721959
28721960
28721961
28721962
28721963
28721964
28721965
28721966
28721967
28721968
28721969
28721970
28721971
28721972
28721973
28721974
28721975
28721976
28721977
28721978
28721979
28721980
28721981
28721982
28721983
28721984
28721985
28721986
28721987
28721988
28721989
28721990
28721991
28721992
28721993
28721994
28721995
28721996
28721997
28721998
28721999
28722000
28722001
28722002
28722003
28722004
28722005
28722006
28722007
28722008
28722009
28722010
28722011
28722012
28722013
28722014
28722015
28722016
28722017
28722018
28722019
28722020
28722021
28722022
28722023
28722024
28722025
28722026
28722027
28722028
28722029
28722030
28722031
28722032
28722033
28722034
28722035
28722036
28722037
28722038
28722039
28722040
28722041
28722042
28722043
28722044
28722045
28722046
28722047
28722048
28722049
28722050
28722051
28722052
28722053
28722054
28722055
28722056
28722057
28722058
28722059
28722060
28722061
28722062
28722063
28722064
28722065
28722066
28722067
28722068
28722069
28722070
28722071
28722072
28722073
28722074
28722075
28722076
28722077
28722078
28722079
28722080
28722081
28722082
28722083
28722084
28722085
28722086
28722087
28722088
28722089
28722090
28722091
28722092
28722093
28722094
28722095
28722096
28722097
28722098
28722099
28722100
28722101
28722102
28722103
28722104
28722105
28722106
28722107
28722108
28722109
28722110
28722111
28722112
28722113
28722114
28722115
28722116
28722117
28722118
28722119
28722120
28722121
28722122
28722123
28722124
28722125
28722126
28722127
28722128
28722129
28722130
28722131
28722132
28722133
28722134
28722135
28722136
28722137
28722138
28722139
28722140
28722141
28722142
28722143
28722144
28722145
28722146
28722147
28722148
28722149
28722150
28722151
28722152
28722153
28722154
28722155
28722156
28722157
28722158
28722159
28722160
28722161
28722162
28722163
28722164
28722165
28722166
28722167
28722168
28722169
28722170
28722171
28722172
28722173
28722174
28722175
28722176
28722177
28722178
28722179
28722180
28722181
28722182
28722183
28722184
28722185
28722186
28722187
28722188
28722189
28722190
28722191
28722192
28722193
28722194
28722195
28722196
28722197
28722198
28722199
28722200
28722201
28722202
28722203
28722204
28722205
28722206
28722207
28722208
28722209
28722210
28722211
28722212
28722213
28722214
28722215
28722216
28722217
28722218
28722219
28722220
28722221
28722222
28722223
28722224
28722225
28722226
28722227
28722228
28722229
28722230
28722231
28722232
28722233
28722234
28722235
28722236
28722237
28722238
28722239
28722240
28722241
28722242
28722243
28722244
28722245
28722246
28722247
28722248
28722249
28722250
28722251
28722252
28722253
28722254
28722255
28722256
28722257
28722258
28722259
28722260
28722261
28722262
28722263
28722264
28722265
28722266
28722267
28722268
28722269
28722270
28722271
28722272
28722273
28722274
28722275
28722276
28722277
28722278
28722279
28722280
28722281
28722282
28722283
28722284
28722285
28722286
28722287
28722288
28722289
28722290
28722291
28722292
28722293
28722294
28722295
28722296
28722297
28722298
28722299
28722300
28722301
28722302
28722303
28722304
28722305
28722306
28722307
28722308
28722309
28722310
28722311
28722312
28722313
28722314
28722315
28722316
28722317
28722318
28722319
28722320
28722321
28722322
28722323
28722324
28722325
28722326
28722327
28722328
28722329
28722330
28722331
28722332
28722333
28722334
28722335
28722336
28722337
28722338
28722339
28722340
28722341
28722342
28722343
28722344
28722345
28722346
28722347
28722348
28722349
28722350
28722351
28722352
28722353
28722354
28722355
28722356
28722357
28722358
28722359
28722360
28722361
28722362
28722363
28722364
28722365
28722366
28722367
28722368
28722369
28722370
28722371
28722372
28722373
28722374
28722375
28722376
28722377
28722378
28722379
28722380
28722381
28722382
28722383
28722384
28722385
28722386
28722387
28722388
28722389
28722390
28722391
28722392
28722393
28722394
28722395
28722396
28722397
28722398
28722399
28722400
28722401
28722402
28722403
28722404
28722405
28722406
28722407
28722408
28722409
28722410
28722411
28722412
28722413
28722414
28722415
28722416
28722417
28722418
28722419
28722420
28722421
28722422
28722423
28722424
28722425
28722426
28722427
28722428
28722429
28722430
28722431
28722432
28722433
28722434
28722435
28722436
28722437
28722438
28722439
28722440
28722441
28722442
28722443
28722444
28722445
28722446
28722447
28722448
28722449
28722450
28722451
28722452
28722453
28722454
28722455
28722456
28722457
28722458
28722459
28722460
28722461
28722462
28722463
28722464
28722465
28722466
28722467
28722468
28722469
28722470
28722471
28722472
28722473
28722474
28722475
28722476
28722477
28722478
28722479
28722480
28722481
28722482
28722483
28722484
28722485
28722486
28722487
28722488
28722489
28722490
28722491
28722492
28722493
28722494
28722495
28722496
28722497
28722498
28722499
28722500
28722501
28722502
28722503
28722504
28722505
28722506
28722507
28722508
28722509
28722510
28722511
28722512
28722513
28722514
28722515
28722516
28722517
28722518
28722519
28722520
28722521
28722522
28722523
28722524
28722525
28722526
28722527
28722528
28722529
28722530
28722531
28722532
28722533
28722534
28722535
28722536
28722537
28722538
28722539
28722540
28722541
28722542
28722543
28722544
28722545
28722546
28722547
28722548
28722549
28722550
28722551
28722552
28722553
28722554
28722555
28722556
28722557
28722558
28722559
28722560
28722561
28722562
28722563
28722564
28722565
28722566
28722567
28722568
28722569
28722570
28722571
28722572
28722573
28722574
28722575
28722576
28722577
28722578
28722579
28722580
28722581
28722582
28722583
28722584
28722585
28722586
28722587
28722588
28722589
28722590
28722591
28722592
28722593
28722594
28722595
28722596
28722597
28722598
28722599
28722600
28722601
28722602
28722603
28722604
28722605
28722606
28722607
28722608
28722609
28722610
28722611
28722612
28722613
28722614
28722615
28722616
28722617
28722618
28722619
28722620
28722621
28722622
28722623
28722624
28722625
28722626
28722627
28722628
28722629
28722630
28722631
28722632
28722633
28722634
28722635
28722636
28722637
28722638
28722639
28722640
28722641
28722642
28722643
28722644
28722645
28722646
28722647
28722648
28722649
28722650
28722651
28722652
28722653
28722654
28722655
28722656
28722657
28722658
28722659
28722660
28722661
28722662
28722663
28722664
28722665
28722666
28722667
28722668
28722669
28722670
28722671
28722672
28722673
28722674
28722675
28722676
28722677
28722678
28722679
28722680
28722681
28722682
28722683
28722684
28722685
28722686
28722687
28722688
28722689
28722690
28722691
28722692
28722693
28722694
28722695
28722696
28722697
28722698
28722699
28722700
28722701
28722702
28722703
28722704
28722705
28722706
28722707
28722708
28722709
28722710
28722711
28722712
28722713
28722714
28722715
28722716
28722717
28722718
28722719
28722720
28722721
28722722
28722723
28722724
28722725
28722726
28722727
28722728
28722729
28722730
28722731
28722732
28722733
28722734
28722735
28722736
28722737
28722738
28722739
28722740
28722741
28722742
28722743
28722744
28722745
28722746
28722747
28722748
28722749
28722750
28722751
28722752
28722753
28722754
28722755
28722756
28722757
28722758
28722759
28722760
28722761
28722762
28722763
28722764
28722765
28722766
28722767
28722768
28722769
28722770
28722771
28722772
28722773
28722774
28722775
28722776
28722777
28722778
28722779
28722780
28722781
28722782
28722783
28722784
28722785
28722786
28722787
28722788
28722789
28722790
28722791
28722792
28722793
28722794
28722795
28722796
28722797
28722798
28722799
28722800
28722801
28722802
28722803
28722804
28722805
28722806
28722807
28722808
28722809
28722810
28722811
28722812
28722813
28722814
28722815
28722816
28722817
28722818
28722819
28722820
28722821
28722822
28722823
28722824
28722825
28722826
28722827
28722828
28722829
28722830
28722831
28722832
28722833
28722834
28722835
28722836
28722837
28722838
28722839
28722840
28722841
28722842
28722843
28722844
28722845
28722846
28722847
28722848
28722849
28722850
28722851
28722852
28722853
28722854
28722855
28722856
28722857
28722858
28722859
28722860
28722861
28722862
28722863
28722864
28722865
28722866
28722867
28722868
28722869
28722870
28722871
28722872
28722873
28722874
28722875
28722876
28722877
28722878
28722879
28722880
28722881
28722882
28722883
28722884
28722885
28722886
28722887
28722888
28722889
28722890
28722891
28722892
28722893
28722894
28722895
28722896
28722897
28722898
28722899
28722900
28722901
28722902
28722903
28722904
28722905
28722906
28722907
28722908
28722909
28722910
28722911
28722912
28722913
28722914
28722915
28722916
28722917
28722918
28722919
28722920
28722921
28722922
28722923
28722924
28722925
28722926
28722927
28722928
28722929
28722930
28722931
28722932
28722933
28722934
28722935
28722936
28722937
28722938
28722939
28722940
28722941
28722942
28722943
28722944
28722945
28722946
28722947
28722948
28722949
28722950
28722951
28722952
28722953
28722954
28722955
28722956
28722957
28722958
28722959
28722960
28722961
28722962
28722963
28722964
28722965
28722966
28722967
28722968
28722969
28722970
28722971
28722972
28722973
28722974
28722975
28722976
28722977
28722978
28722979
28722980
28722981
28722982
28722983
28722984
28722985
28722986
28722987
28722988
28722989
28722990
28722991
28722992
28722993
28722994
28722995
28722996
28722997
28722998
28722999
28723000
28723001
28723002
28723003
28723004
28723005
28723006
28723007
28723008
28723009
28723010
28723011
28723012
28723013
28723014
28723015
28723016
28723017
28723018
28723019
28723020
28723021
28723022
28723023
28723024
28723025
28723026
28723027
28723028
28723029
28723030
28723031
28723032
28723033
28723034
28723035
28723036
28723037
28723038
28723039
28723040
28723041
28723042
28723043
28723044
28723045
28723046
28723047
28723048
28723049
28723050
28723051
28723052
28723053
28723054
28723055
28723056
28723057
28723058
28723059
28723060
28723061
28723062
28723063
28723064
28723065
28723066
28723067
28723068
28723069
28723070
28723071
28723072
28723073
28723074
28723075
28723076
28723077
28723078
28723079
28723080
28723081
28723082
28723083
28723084
28723085
28723086
28723087
28723088
28723089
28723090
28723091
28723092
28723093
28723094
28723095
28723096
28723097
28723098
28723099
28723100
28723101
28723102
28723103
28723104
28723105
28723106
28723107
28723108
28723109
28723110
28723111
28723112
28723113
28723114
28723115
28723116
28723117
28723118
28723119
28723120
28723121
28723122
28723123
28723124
28723125
28723126
28723127
28723128
28723129
28723130
28723131
28723132
28723133
28723134
28723135
28723136
28723137
28723138
28723139
28723140
28723141
28723142
28723143
28723144
28723145
28723146
28723147
28723148
28723149
28723150
28723151
28723152
28723153
28723154
28723155
28723156
28723157
28723158
28723159
28723160
28723161
28723162
28723163
28723164
28723165
28723166
28723167
28723168
28723169
28723170
28723171
28723172
28723173
28723174
28723175
28723176
28723177
28723178
28723179
28723180
28723181
28723182
28723183
28723184
28723185
28723186
28723187
28723188
28723189
28723190
28723191
28723192
28723193
28723194
28723195
28723196
28723197
28723198
28723199
28723200
28723201
28723202
28723203
28723204
28723205
28723206
28723207
28723208
28723209
28723210
28723211
28723212
28723213
28723214
28723215
28723216
28723217
28723218
28723219
28723220
28723221
28723222
28723223
28723224
28723225
28723226
28723227
28723228
28723229
28723230
28723231
28723232
28723233
28723234
28723235
28723236
28723237
28723238
28723239
28723240
28723241
28723242
28723243
28723244
28723245
28723246
28723247
28723248
28723249
28723250
28723251
28723252
28723253
28723254
28723255
28723256
28723257
28723258
28723259
28723260
28723261
28723262
28723263
28723264
28723265
28723266
28723267
28723268
28723269
28723270
28723271
28723272
28723273
28723274
28723275
28723276
28723277
28723278
28723279
28723280
28723281
28723282
28723283
28723284
28723285
28723286
28723287
28723288
28723289
28723290
28723291
28723292
28723293
28723294
28723295
28723296
28723297
28723298
28723299
28723300
28723301
28723302
28723303
28723304
28723305
28723306
28723307
28723308
28723309
28723310
28723311
28723312
28723313
28723314
28723315
28723316
28723317
28723318
28723319
28723320
28723321
28723322
28723323
28723324
28723325
28723326
28723327
28723328
28723329
28723330
28723331
28723332
28723333
28723334
28723335
28723336
28723337
28723338
28723339
28723340
28723341
28723342
28723343
28723344
28723345
28723346
28723347
28723348
28723349
28723350
28723351
28723352
28723353
28723354
28723355
28723356
28723357
28723358
28723359
28723360
28723361
28723362
28723363
28723364
28723365
28723366
28723367
28723368
28723369
28723370
28723371
28723372
28723373
28723374
28723375
28723376
28723377
28723378
28723379
28723380
28723381
28723382
28723383
28723384
28723385
28723386
28723387
28723388
28723389
28723390
28723391
28723392
28723393
28723394
28723395
28723396
28723397
28723398
28723399
28723400
28723401
28723402
28723403
28723404
28723405
28723406
28723407
28723408
28723409
28723410
28723411
28723412
28723413
28723414
28723415
28723416
28723417
28723418
28723419
28723420
28723421
28723422
28723423
28723424
28723425
28723426
28723427
28723428
28723429
28723430
28723431
28723432
28723433
28723434
28723435
28723436
28723437
28723438
28723439
28723440
28723441
28723442
28723443
28723444
28723445
28723446
28723447
28723448
28723449
28723450
28723451
28723452
28723453
28723454
28723455
28723456
28723457
28723458
28723459
28723460
28723461
28723462
28723463
28723464
28723465
28723466
28723467
28723468
28723469
28723470
28723471
28723472
28723473
28723474
28723475
28723476
28723477
28723478
28723479
28723480
28723481
28723482
28723483
28723484
28723485
28723486
28723487
28723488
28723489
28723490
28723491
28723492
28723493
28723494
28723495
28723496
28723497
28723498
28723499
28723500
28723501
28723502
28723503
28723504
28723505
28723506
28723507
28723508
28723509
28723510
28723511
28723512
28723513
28723514
28723515
28723516
28723517
28723518
28723519
28723520
28723521
28723522
28723523
28723524
28723525
28723526
28723527
28723528
28723529
28723530
28723531
28723532
28723533
28723534
28723535
28723536
28723537
28723538
28723539
28723540
28723541
28723542
28723543
28723544
28723545
28723546
28723547
28723548
28723549
28723550
28723551
28723552
28723553
28723554
28723555
28723556
28723557
28723558
28723559
28723560
28723561
28723562
28723563
28723564
28723565
28723566
28723567
28723568
28723569
28723570
28723571
28723572
28723573
28723574
28723575
28723576
28723577
28723578
28723579
28723580
28723581
28723582
28723583
28723584
28723585
28723586
28723587
28723588
28723589
28723590
28723591
28723592
28723593
28723594
28723595
28723596
28723597
28723598
28723599
28723600
28723601
28723602
28723603
28723604
28723605
28723606
28723607
28723608
28723609
28723610
28723611
28723612
28723613
28723614
28723615
28723616
28723617
28723618
28723619
28723620
28723621
28723622
28723623
28723624
28723625
28723626
28723627
28723628
28723629
28723630
28723631
28723632
28723633
28723634
28723635
28723636
28723637
28723638
28723639
28723640
28723641
28723642
28723643
28723644
28723645
28723646
28723647
28723648
28723649
28723650
28723651
28723652
28723653
28723654
28723655
28723656
28723657
28723658
28723659
28723660
28723661
28723662
28723663
28723664
28723665
28723666
28723667
28723668
28723669
28723670
28723671
28723672
28723673
28723674
28723675
28723676
28723677
28723678
28723679
28723680
28723681
28723682
28723683
28723684
28723685
28723686
28723687
28723688
28723689
28723690
28723691
28723692
28723693
28723694
28723695
28723696
28723697
28723698
28723699
28723700
28723701
28723702
28723703
28723704
28723705
28723706
28723707
28723708
28723709
28723710
28723711
28723712
28723713
28723714
28723715
28723716
28723717
28723718
28723719
28723720
28723721
28723722
28723723
28723724
28723725
28723726
28723727
28723728
28723729
28723730
28723731
28723732
28723733
28723734
28723735
28723736
28723737
28723738
28723739
28723740
28723741
28723742
28723743
28723744
28723745
28723746
28723747
28723748
28723749
28723750
28723751
28723752
28723753
28723754
28723755
28723756
28723757
28723758
28723759
28723760
28723761
28723762
28723763
28723764
28723765
28723766
28723767
28723768
28723769
28723770
28723771
28723772
28723773
28723774
28723775
28723776
28723777
28723778
28723779
28723780
28723781
28723782
28723783
28723784
28723785
28723786
28723787
28723788
28723789
28723790
28723791
28723792
28723793
28723794
28723795
28723796
28723797
28723798
28723799
28723800
28723801
28723802
28723803
28723804
28723805
28723806
28723807
28723808
28723809
28723810
28723811
28723812
28723813
28723814
28723815
28723816
28723817
28723818
28723819
28723820
28723821
28723822
28723823
28723824
28723825
28723826
28723827
28723828
28723829
28723830
28723831
28723832
28723833
28723834
28723835
28723836
28723837
28723838
28723839
28723840
28723841
28723842
28723843
28723844
28723845
28723846
28723847
28723848
28723849
28723850
28723851
28723852
28723853
28723854
28723855
28723856
28723857
28723858
28723859
28723860
28723861
28723862
28723863
28723864
28723865
28723866
28723867
28723868
28723869
28723870
28723871
28723872
28723873
28723874
28723875
28723876
28723877
28723878
28723879
28723880
28723881
28723882
28723883
28723884
28723885
28723886
28723887
28723888
28723889
28723890
28723891
28723892
28723893
28723894
28723895
28723896
28723897
28723898
28723899
28723900
28723901
28723902
28723903
28723904
28723905
28723906
28723907
28723908
28723909
28723910
28723911
28723912
28723913
28723914
28723915
28723916
28723917
28723918
28723919
28723920
28723921
28723922
28723923
28723924
28723925
28723926
28723927
28723928
28723929
28723930
28723931
28723932
28723933
28723934
28723935
28723936
28723937
28723938
28723939
28723940
28723941
28723942
28723943
28723944
28723945
28723946
28723947
28723948
28723949
28723950
28723951
28723952
28723953
28723954
28723955
28723956
28723957
28723958
28723959
28723960
28723961
28723962
28723963
28723964
28723965
28723966
28723967
28723968
28723969
28723970
28723971
28723972
28723973
28723974
28723975
28723976
28723977
28723978
28723979
28723980
28723981
28723982
28723983
28723984
28723985
28723986
28723987
28723988
28723989
28723990
28723991
28723992
28723993
28723994
28723995
28723996
28723997
28723998
28723999
28724000
28724001
28724002
28724003
28724004
28724005
28724006
28724007
28724008
28724009
28724010
28724011
28724012
28724013
28724014
28724015
28724016
28724017
28724018
28724019
28724020
28724021
28724022
28724023
28724024
28724025
28724026
28724027
28724028
28724029
28724030
28724031
28724032
28724033
28724034
28724035
28724036
28724037
28724038
28724039
28724040
28724041
28724042
28724043
28724044
28724045
28724046
28724047
28724048
28724049
28724050
28724051
28724052
28724053
28724054
28724055
28724056
28724057
28724058
28724059
28724060
28724061
28724062
28724063
28724064
28724065
28724066
28724067
28724068
28724069
28724070
28724071
28724072
28724073
28724074
28724075
28724076
28724077
28724078
28724079
28724080
28724081
28724082
28724083
28724084
28724085
28724086
28724087
28724088
28724089
28724090
28724091
28724092
28724093
28724094
28724095
28724096
28724097
28724098
28724099
28724100
28724101
28724102
28724103
28724104
28724105
28724106
28724107
28724108
28724109
28724110
28724111
28724112
28724113
28724114
28724115
28724116
28724117
28724118
28724119
28724120
28724121
28724122
28724123
28724124
28724125
28724126
28724127
28724128
28724129
28724130
28724131
28724132
28724133
28724134
28724135
28724136
28724137
28724138
28724139
28724140
28724141
28724142
28724143
28724144
28724145
28724146
28724147
28724148
28724149
28724150
28724151
28724152
28724153
28724154
28724155
28724156
28724157
28724158
28724159
28724160
28724161
28724162
28724163
28724164
28724165
28724166
28724167
28724168
28724169
28724170
28724171
28724172
28724173
28724174
28724175
28724176
28724177
28724178
28724179
28724180
28724181
28724182
28724183
28724184
28724185
28724186
28724187
28724188
28724189
28724190
28724191
28724192
28724193
28724194
28724195
28724196
28724197
28724198
28724199
28724200
28724201
28724202
28724203
28724204
28724205
28724206
28724207
28724208
28724209
28724210
28724211
28724212
28724213
28724214
28724215
28724216
28724217
28724218
28724219
28724220
28724221
28724222
28724223
28724224
28724225
28724226
28724227
28724228
28724229
28724230
28724231
28724232
28724233
28724234
28724235
28724236
28724237
28724238
28724239
28724240
28724241
28724242
28724243
28724244
28724245
28724246
28724247
28724248
28724249
28724250
28724251
28724252
28724253
28724254
28724255
28724256
28724257
28724258
28724259
28724260
28724261
28724262
28724263
28724264
28724265
28724266
28724267
28724268
28724269
28724270
28724271
28724272
28724273
28724274
28724275
28724276
28724277
28724278
28724279
28724280
28724281
28724282
28724283
28724284
28724285
28724286
28724287
28724288
28724289
28724290
28724291
28724292
28724293
28724294
28724295
28724296
28724297
28724298
28724299
28724300
28724301
28724302
28724303
28724304
28724305
28724306
28724307
28724308
28724309
28724310
28724311
28724312
28724313
28724314
28724315
28724316
28724317
28724318
28724319
28724320
28724321
28724322
28724323
28724324
28724325
28724326
28724327
28724328
28724329
28724330
28724331
28724332
28724333
28724334
28724335
28724336
28724337
28724338
28724339
28724340
28724341
28724342
28724343
28724344
28724345
28724346
28724347
28724348
28724349
28724350
28724351
28724352
28724353
28724354
28724355
28724356
28724357
28724358
28724359
28724360
28724361
28724362
28724363
28724364
28724365
28724366
28724367
28724368
28724369
28724370
28724371
28724372
28724373
28724374
28724375
28724376
28724377
28724378
28724379
28724380
28724381
28724382
28724383
28724384
28724385
28724386
28724387
28724388
28724389
28724390
28724391
28724392
28724393
28724394
28724395
28724396
28724397
28724398
28724399
28724400
28724401
28724402
28724403
28724404
28724405
28724406
28724407
28724408
28724409
28724410
28724411
28724412
28724413
28724414
28724415
28724416
28724417
28724418
28724419
28724420
28724421
28724422
28724423
28724424
28724425
28724426
28724427
28724428
28724429
28724430
28724431
28724432
28724433
28724434
28724435
28724436
28724437
28724438
28724439
28724440
28724441
28724442
28724443
28724444
28724445
28724446
28724447
28724448
28724449
28724450
28724451
28724452
28724453
28724454
28724455
28724456
28724457
28724458
28724459
28724460
28724461
28724462
28724463
28724464
28724465
28724466
28724467
28724468
28724469
28724470
28724471
28724472
28724473
28724474
28724475
28724476
28724477
28724478
28724479
28724480
28724481
28724482
28724483
28724484
28724485
28724486
28724487
28724488
28724489
28724490
28724491
28724492
28724493
28724494
28724495
28724496
28724497
28724498
28724499
28724500
28724501
28724502
28724503
28724504
28724505
28724506
28724507
28724508
28724509
28724510
28724511
28724512
28724513
28724514
28724515
28724516
28724517
28724518
28724519
28724520
28724521
28724522
28724523
28724524
28724525
28724526
28724527
28724528
28724529
28724530
28724531
28724532
28724533
28724534
28724535
28724536
28724537
28724538
28724539
28724540
28724541
28724542
28724543
28724544
28724545
28724546
28724547
28724548
28724549
28724550
28724551
28724552
28724553
28724554
28724555
28724556
28724557
28724558
28724559
28724560
28724561
28724562
28724563
28724564
28724565
28724566
28724567
28724568
28724569
28724570
28724571
28724572
28724573
28724574
28724575
28724576
28724577
28724578
28724579
28724580
28724581
28724582
28724583
28724584
28724585
28724586
28724587
28724588
28724589
28724590
28724591
28724592
28724593
28724594
28724595
28724596
28724597
28724598
28724599
28724600
28724601
28724602
28724603
28724604
28724605
28724606
28724607
28724608
28724609
28724610
28724611
28724612
28724613
28724614
28724615
28724616
28724617
28724618
28724619
28724620
28724621
28724622
28724623
28724624
28724625
28724626
28724627
28724628
28724629
28724630
28724631
28724632
28724633
28724634
28724635
28724636
28724637
28724638
28724639
28724640
28724641
28724642
28724643
28724644
28724645
28724646
28724647
28724648
28724649
28724650
28724651
28724652
28724653
28724654
28724655
28724656
28724657
28724658
28724659
28724660
28724661
28724662
28724663
28724664
28724665
28724666
28724667
28724668
28724669
28724670
28724671
28724672
28724673
28724674
28724675
28724676
28724677
28724678
28724679
28724680
28724681
28724682
28724683
28724684
28724685
28724686
28724687
28724688
28724689
28724690
28724691
28724692
28724693
28724694
28724695
28724696
28724697
28724698
28724699
28724700
28724701
28724702
28724703
28724704
28724705
28724706
28724707
28724708
28724709
28724710
28724711
28724712
28724713
28724714
28724715
28724716
28724717
28724718
28724719
28724720
28724721
28724722
28724723
28724724
28724725
28724726
28724727
28724728
28724729
28724730
28724731
28724732
28724733
28724734
28724735
28724736
28724737
28724738
28724739
28724740
28724741
28724742
28724743
28724744
28724745
28724746
28724747
28724748
28724749
28724750
28724751
28724752
28724753
28724754
28724755
28724756
28724757
28724758
28724759
28724760
28724761
28724762
28724763
28724764
28724765
28724766
28724767
28724768
28724769
28724770
28724771
28724772
28724773
28724774
28724775
28724776
28724777
28724778
28724779
28724780
28724781
28724782
28724783
28724784
28724785
28724786
28724787
28724788
28724789
28724790
28724791
28724792
28724793
28724794
28724795
28724796
28724797
28724798
28724799
28724800
28724801
28724802
28724803
28724804
28724805
28724806
28724807
28724808
28724809
28724810
28724811
28724812
28724813
28724814
28724815
28724816
28724817
28724818
28724819
28724820
28724821
28724822
28724823
28724824
28724825
28724826
28724827
28724828
28724829
28724830
28724831
28724832
28724833
28724834
28724835
28724836
28724837
28724838
28724839
28724840
28724841
28724842
28724843
28724844
28724845
28724846
28724847
28724848
28724849
28724850
28724851
28724852
28724853
28724854
28724855
28724856
28724857
28724858
28724859
28724860
28724861
28724862
28724863
28724864
28724865
28724866
28724867
28724868
28724869
28724870
28724871
28724872
28724873
28724874
28724875
28724876
28724877
28724878
28724879
28724880
28724881
28724882
28724883
28724884
28724885
28724886
28724887
28724888
28724889
28724890
28724891
28724892
28724893
28724894
28724895
28724896
28724897
28724898
28724899
28724900
28724901
28724902
28724903
28724904
28724905
28724906
28724907
28724908
28724909
28724910
28724911
28724912
28724913
28724914
28724915
28724916
28724917
28724918
28724919
28724920
28724921
28724922
28724923
28724924
28724925
28724926
28724927
28724928
28724929
28724930
28724931
28724932
28724933
28724934
28724935
28724936
28724937
28724938
28724939
28724940
28724941
28724942
28724943
28724944
28724945
28724946
28724947
28724948
28724949
28724950
28724951
28724952
28724953
28724954
28724955
28724956
28724957
28724958
28724959
28724960
28724961
28724962
28724963
28724964
28724965
28724966
28724967
28724968
28724969
28724970
28724971
28724972
28724973
28724974
28724975
28724976
28724977
28724978
28724979
28724980
28724981
28724982
28724983
28724984
28724985
28724986
28724987
28724988
28724989
28724990
28724991
28724992
28724993
28724994
28724995
28724996
28724997
28724998
28724999
28725000
28725001
28725002
28725003
28725004
28725005
28725006
28725007
28725008
28725009
28725010
28725011
28725012
28725013
28725014
28725015
28725016
28725017
28725018
28725019
28725020
28725021
28725022
28725023
28725024
28725025
28725026
28725027
28725028
28725029
28725030
28725031
28725032
28725033
28725034
28725035
28725036
28725037
28725038
28725039
28725040
28725041
28725042
28725043
28725044
28725045
28725046
28725047
28725048
28725049
28725050
28725051
28725052
28725053
28725054
28725055
28725056
28725057
28725058
28725059
28725060
28725061
28725062
28725063
28725064
28725065
28725066
28725067
28725068
28725069
28725070
28725071
28725072
28725073
28725074
28725075
28725076
28725077
28725078
28725079
28725080
28725081
28725082
28725083
28725084
28725085
28725086
28725087
28725088
28725089
28725090
28725091
28725092
28725093
28725094
28725095
28725096
28725097
28725098
28725099
28725100
28725101
28725102
28725103
28725104
28725105
28725106
28725107
28725108
28725109
28725110
28725111
28725112
28725113
28725114
28725115
28725116
28725117
28725118
28725119
28725120
28725121
28725122
28725123
28725124
28725125
28725126
28725127
28725128
28725129
28725130
28725131
28725132
28725133
28725134
28725135
28725136
28725137
28725138
28725139
28725140
28725141
28725142
28725143
28725144
28725145
28725146
28725147
28725148
28725149
28725150
28725151
28725152
28725153
28725154
28725155
28725156
28725157
28725158
28725159
28725160
28725161
28725162
28725163
28725164
28725165
28725166
28725167
28725168
28725169
28725170
28725171
28725172
28725173
28725174
28725175
28725176
28725177
28725178
28725179
28725180
28725181
28725182
28725183
28725184
28725185
28725186
28725187
28725188
28725189
28725190
28725191
28725192
28725193
28725194
28725195
28725196
28725197
28725198
28725199
28725200
28725201
28725202
28725203
28725204
28725205
28725206
28725207
28725208
28725209
28725210
28725211
28725212
28725213
28725214
28725215
28725216
28725217
28725218
28725219
28725220
28725221
28725222
28725223
28725224
28725225
28725226
28725227
28725228
28725229
28725230
28725231
28725232
28725233
28725234
28725235
28725236
28725237
28725238
28725239
28725240
28725241
28725242
28725243
28725244
28725245
28725246
28725247
28725248
28725249
28725250
28725251
28725252
28725253
28725254
28725255
28725256
28725257
28725258
28725259
28725260
28725261
28725262
28725263
28725264
28725265
28725266
28725267
28725268
28725269
28725270
28725271
28725272
28725273
28725274
28725275
28725276
28725277
28725278
28725279
28725280
28725281
28725282
28725283
28725284
28725285
28725286
28725287
28725288
28725289
28725290
28725291
28725292
28725293
28725294
28725295
28725296
28725297
28725298
28725299
28725300
28725301
28725302
28725303
28725304
28725305
28725306
28725307
28725308
28725309
28725310
28725311
28725312
28725313
28725314
28725315
28725316
28725317
28725318
28725319
28725320
28725321
28725322
28725323
28725324
28725325
28725326
28725327
28725328
28725329
28725330
28725331
28725332
28725333
28725334
28725335
28725336
28725337
28725338
28725339
28725340
28725341
28725342
28725343
28725344
28725345
28725346
28725347
28725348
28725349
28725350
28725351
28725352
28725353
28725354
28725355
28725356
28725357
28725358
28725359
28725360
28725361
28725362
28725363
28725364
28725365
28725366
28725367
28725368
28725369
28725370
28725371
28725372
28725373
28725374
28725375
28725376
28725377
28725378
28725379
28725380
28725381
28725382
28725383
28725384
28725385
28725386
28725387
28725388
28725389
28725390
28725391
28725392
28725393
28725394
28725395
28725396
28725397
28725398
28725399
28725400
28725401
28725402
28725403
28725404
28725405
28725406
28725407
28725408
28725409
28725410
28725411
28725412
28725413
28725414
28725415
28725416
28725417
28725418
28725419
28725420
28725421
28725422
28725423
28725424
28725425
28725426
28725427
28725428
28725429
28725430
28725431
28725432
28725433
28725434
28725435
28725436
28725437
28725438
28725439
28725440
28725441
28725442
28725443
28725444
28725445
28725446
28725447
28725448
28725449
28725450
28725451
28725452
28725453
28725454
28725455
28725456
28725457
28725458
28725459
28725460
28725461
28725462
28725463
28725464
28725465
28725466
28725467
28725468
28725469
28725470
28725471
28725472
28725473
28725474
28725475
28725476
28725477
28725478
28725479
28725480
28725481
28725482
28725483
28725484
28725485
28725486
28725487
28725488
28725489
28725490
28725491
28725492
28725493
28725494
28725495
28725496
28725497
28725498
28725499
28725500
28725501
28725502
28725503
28725504
28725505
28725506
28725507
28725508
28725509
28725510
28725511
28725512
28725513
28725514
28725515
28725516
28725517
28725518
28725519
28725520
28725521
28725522
28725523
28725524
28725525
28725526
28725527
28725528
28725529
28725530
28725531
28725532
28725533
28725534
28725535
28725536
28725537
28725538
28725539
28725540
28725541
28725542
28725543
28725544
28725545
28725546
28725547
28725548
28725549
28725550
28725551
28725552
28725553
28725554
28725555
28725556
28725557
28725558
28725559
28725560
28725561
28725562
28725563
28725564
28725565
28725566
28725567
28725568
28725569
28725570
28725571
28725572
28725573
28725574
28725575
28725576
28725577
28725578
28725579
28725580
28725581
28725582
28725583
28725584
28725585
28725586
28725587
28725588
28725589
28725590
28725591
28725592
28725593
28725594
28725595
28725596
28725597
28725598
28725599
28725600
28725601
28725602
28725603
28725604
28725605
28725606
28725607
28725608
28725609
28725610
28725611
28725612
28725613
28725614
28725615
28725616
28725617
28725618
28725619
28725620
28725621
28725622
28725623
28725624
28725625
28725626
28725627
28725628
28725629
28725630
28725631
28725632
28725633
28725634
28725635
28725636
28725637
28725638
28725639
28725640
28725641
28725642
28725643
28725644
28725645
28725646
28725647
28725648
28725649
28725650
28725651
28725652
28725653
28725654
28725655
28725656
28725657
28725658
28725659
28725660
28725661
28725662
28725663
28725664
28725665
28725666
28725667
28725668
28725669
28725670
28725671
28725672
28725673
28725674
28725675
28725676
28725677
28725678
28725679
28725680
28725681
28725682
28725683
28725684
28725685
28725686
28725687
28725688
28725689
28725690
28725691
28725692
28725693
28725694
28725695
28725696
28725697
28725698
28725699
28725700
28725701
28725702
28725703
28725704
28725705
28725706
28725707
28725708
28725709
28725710
28725711
28725712
28725713
28725714
28725715
28725716
28725717
28725718
28725719
28725720
28725721
28725722
28725723
28725724
28725725
28725726
28725727
28725728
28725729
28725730
28725731
28725732
28725733
28725734
28725735
28725736
28725737
28725738
28725739
28725740
28725741
28725742
28725743
28725744
28725745
28725746
28725747
28725748
28725749
28725750
28725751
28725752
28725753
28725754
28725755
28725756
28725757
28725758
28725759
28725760
28725761
28725762
28725763
28725764
28725765
28725766
28725767
28725768
28725769
28725770
28725771
28725772
28725773
28725774
28725775
28725776
28725777
28725778
28725779
28725780
28725781
28725782
28725783
28725784
28725785
28725786
28725787
28725788
28725789
28725790
28725791
28725792
28725793
28725794
28725795
28725796
28725797
28725798
28725799
28725800
28725801
28725802
28725803
28725804
28725805
28725806
28725807
28725808
28725809
28725810
28725811
28725812
28725813
28725814
28725815
28725816
28725817
28725818
28725819
28725820
28725821
28725822
28725823
28725824
28725825
28725826
28725827
28725828
28725829
28725830
28725831
28725832
28725833
28725834
28725835
28725836
28725837
28725838
28725839
28725840
28725841
28725842
28725843
28725844
28725845
28725846
28725847
28725848
28725849
28725850
28725851
28725852
28725853
28725854
28725855
28725856
28725857
28725858
28725859
28725860
28725861
28725862
28725863
28725864
28725865
28725866
28725867
28725868
28725869
28725870
28725871
28725872
28725873
28725874
28725875
28725876
28725877
28725878
28725879
28725880
28725881
28725882
28725883
28725884
28725885
28725886
28725887
28725888
28725889
28725890
28725891
28725892
28725893
28725894
28725895
28725896
28725897
28725898
28725899
28725900
28725901
28725902
28725903
28725904
28725905
28725906
28725907
28725908
28725909
28725910
28725911
28725912
28725913
28725914
28725915
28725916
28725917
28725918
28725919
28725920
28725921
28725922
28725923
28725924
28725925
28725926
28725927
28725928
28725929
28725930
28725931
28725932
28725933
28725934
28725935
28725936
28725937
28725938
28725939
28725940
28725941
28725942
28725943
28725944
28725945
28725946
28725947
28725948
28725949
28725950
28725951
28725952
28725953
28725954
28725955
28725956
28725957
28725958
28725959
28725960
28725961
28725962
28725963
28725964
28725965
28725966
28725967
28725968
28725969
28725970
28725971
28725972
28725973
28725974
28725975
28725976
28725977
28725978
28725979
28725980
28725981
28725982
28725983
28725984
28725985
28725986
28725987
28725988
28725989
28725990
28725991
28725992
28725993
28725994
28725995
28725996
28725997
28725998
28725999
28726000
28726001
28726002
28726003
28726004
28726005
28726006
28726007
28726008
28726009
28726010
28726011
28726012
28726013
28726014
28726015
28726016
28726017
28726018
28726019
28726020
28726021
28726022
28726023
28726024
28726025
28726026
28726027
28726028
28726029
28726030
28726031
28726032
28726033
28726034
28726035
28726036
28726037
28726038
28726039
28726040
28726041
28726042
28726043
28726044
28726045
28726046
28726047
28726048
28726049
28726050
28726051
28726052
28726053
28726054
28726055
28726056
28726057
28726058
28726059
28726060
28726061
28726062
28726063
28726064
28726065
28726066
28726067
28726068
28726069
28726070
28726071
28726072
28726073
28726074
28726075
28726076
28726077
28726078
28726079
28726080
28726081
28726082
28726083
28726084
28726085
28726086
28726087
28726088
28726089
28726090
28726091
28726092
28726093
28726094
28726095
28726096
28726097
28726098
28726099
28726100
28726101
28726102
28726103
28726104
28726105
28726106
28726107
28726108
28726109
28726110
28726111
28726112
28726113
28726114
28726115
28726116
28726117
28726118
28726119
28726120
28726121
28726122
28726123
28726124
28726125
28726126
28726127
28726128
28726129
28726130
28726131
28726132
28726133
28726134
28726135
28726136
28726137
28726138
28726139
28726140
28726141
28726142
28726143
28726144
28726145
28726146
28726147
28726148
28726149
28726150
28726151
28726152
28726153
28726154
28726155
28726156
28726157
28726158
28726159
28726160
28726161
28726162
28726163
28726164
28726165
28726166
28726167
28726168
28726169
28726170
28726171
28726172
28726173
28726174
28726175
28726176
28726177
28726178
28726179
28726180
28726181
28726182
28726183
28726184
28726185
28726186
28726187
28726188
28726189
28726190
28726191
28726192
28726193
28726194
28726195
28726196
28726197
28726198
28726199
28726200
28726201
28726202
28726203
28726204
28726205
28726206
28726207
28726208
28726209
28726210
28726211
28726212
28726213
28726214
28726215
28726216
28726217
28726218
28726219
28726220
28726221
28726222
28726223
28726224
28726225
28726226
28726227
28726228
28726229
28726230
28726231
28726232
28726233
28726234
28726235
28726236
28726237
28726238
28726239
28726240
28726241
28726242
28726243
28726244
28726245
28726246
28726247
28726248
28726249
28726250
28726251
28726252
28726253
28726254
28726255
28726256
28726257
28726258
28726259
28726260
28726261
28726262
28726263
28726264
28726265
28726266
28726267
28726268
28726269
28726270
28726271
28726272
28726273
28726274
28726275
28726276
28726277
28726278
28726279
28726280
28726281
28726282
28726283
28726284
28726285
28726286
28726287
28726288
28726289
28726290
28726291
28726292
28726293
28726294
28726295
28726296
28726297
28726298
28726299
28726300
28726301
28726302
28726303
28726304
28726305
28726306
28726307
28726308
28726309
28726310
28726311
28726312
28726313
28726314
28726315
28726316
28726317
28726318
28726319
28726320
28726321
28726322
28726323
28726324
28726325
28726326
28726327
28726328
28726329
28726330
28726331
28726332
28726333
28726334
28726335
28726336
28726337
28726338
28726339
28726340
28726341
28726342
28726343
28726344
28726345
28726346
28726347
28726348
28726349
28726350
28726351
28726352
28726353
28726354
28726355
28726356
28726357
28726358
28726359
28726360
28726361
28726362
28726363
28726364
28726365
28726366
28726367
28726368
28726369
28726370
28726371
28726372
28726373
28726374
28726375
28726376
28726377
28726378
28726379
28726380
28726381
28726382
28726383
28726384
28726385
28726386
28726387
28726388
28726389
28726390
28726391
28726392
28726393
28726394
28726395
28726396
28726397
28726398
28726399
28726400
28726401
28726402
28726403
28726404
28726405
28726406
28726407
28726408
28726409
28726410
28726411
28726412
28726413
28726414
28726415
28726416
28726417
28726418
28726419
28726420
28726421
28726422
28726423
28726424
28726425
28726426
28726427
28726428
28726429
28726430
28726431
28726432
28726433
28726434
28726435
28726436
28726437
28726438
28726439
28726440
28726441
28726442
28726443
28726444
28726445
28726446
28726447
28726448
28726449
28726450
28726451
28726452
28726453
28726454
28726455
28726456
28726457
28726458
28726459
28726460
28726461
28726462
28726463
28726464
28726465
28726466
28726467
28726468
28726469
28726470
28726471
28726472
28726473
28726474
28726475
28726476
28726477
28726478
28726479
28726480
28726481
28726482
28726483
28726484
28726485
28726486
28726487
28726488
28726489
28726490
28726491
28726492
28726493
28726494
28726495
28726496
28726497
28726498
28726499
28726500
28726501
28726502
28726503
28726504
28726505
28726506
28726507
28726508
28726509
28726510
28726511
28726512
28726513
28726514
28726515
28726516
28726517
28726518
28726519
28726520
28726521
28726522
28726523
28726524
28726525
28726526
28726527
28726528
28726529
28726530
28726531
28726532
28726533
28726534
28726535
28726536
28726537
28726538
28726539
28726540
28726541
28726542
28726543
28726544
28726545
28726546
28726547
28726548
28726549
28726550
28726551
28726552
28726553
28726554
28726555
28726556
28726557
28726558
28726559
28726560
28726561
28726562
28726563
28726564
28726565
28726566
28726567
28726568
28726569
28726570
28726571
28726572
28726573
28726574
28726575
28726576
28726577
28726578
28726579
28726580
28726581
28726582
28726583
28726584
28726585
28726586
28726587
28726588
28726589
28726590
28726591
28726592
28726593
28726594
28726595
28726596
28726597
28726598
28726599
28726600
28726601
28726602
28726603
28726604
28726605
28726606
28726607
28726608
28726609
28726610
28726611
28726612
28726613
28726614
28726615
28726616
28726617
28726618
28726619
28726620
28726621
28726622
28726623
28726624
28726625
28726626
28726627
28726628
28726629
28726630
28726631
28726632
28726633
28726634
28726635
28726636
28726637
28726638
28726639
28726640
28726641
28726642
28726643
28726644
28726645
28726646
28726647
28726648
28726649
28726650
28726651
28726652
28726653
28726654
28726655
28726656
28726657
28726658
28726659
28726660
28726661
28726662
28726663
28726664
28726665
28726666
28726667
28726668
28726669
28726670
28726671
28726672
28726673
28726674
28726675
28726676
28726677
28726678
28726679
28726680
28726681
28726682
28726683
28726684
28726685
28726686
28726687
28726688
28726689
28726690
28726691
28726692
28726693
28726694
28726695
28726696
28726697
28726698
28726699
28726700
28726701
28726702
28726703
28726704
28726705
28726706
28726707
28726708
28726709
28726710
28726711
28726712
28726713
28726714
28726715
28726716
28726717
28726718
28726719
28726720
28726721
28726722
28726723
28726724
28726725
28726726
28726727
28726728
28726729
28726730
28726731
28726732
28726733
28726734
28726735
28726736
28726737
28726738
28726739
28726740
28726741
28726742
28726743
28726744
28726745
28726746
28726747
28726748
28726749
28726750
28726751
28726752
28726753
28726754
28726755
28726756
28726757
28726758
28726759
28726760
28726761
28726762
28726763
28726764
28726765
28726766
28726767
28726768
28726769
28726770
28726771
28726772
28726773
28726774
28726775
28726776
28726777
28726778
28726779
28726780
28726781
28726782
28726783
28726784
28726785
28726786
28726787
28726788
28726789
28726790
28726791
28726792
28726793
28726794
28726795
28726796
28726797
28726798
28726799
28726800
28726801
28726802
28726803
28726804
28726805
28726806
28726807
28726808
28726809
28726810
28726811
28726812
28726813
28726814
28726815
28726816
28726817
28726818
28726819
28726820
28726821
28726822
28726823
28726824
28726825
28726826
28726827
28726828
28726829
28726830
28726831
28726832
28726833
28726834
28726835
28726836
28726837
28726838
28726839
28726840
28726841
28726842
28726843
28726844
28726845
28726846
28726847
28726848
28726849
28726850
28726851
28726852
28726853
28726854
28726855
28726856
28726857
28726858
28726859
28726860
28726861
28726862
28726863
28726864
28726865
28726866
28726867
28726868
28726869
28726870
28726871
28726872
28726873
28726874
28726875
28726876
28726877
28726878
28726879
28726880
28726881
28726882
28726883
28726884
28726885
28726886
28726887
28726888
28726889
28726890
28726891
28726892
28726893
28726894
28726895
28726896
28726897
28726898
28726899
28726900
28726901
28726902
28726903
28726904
28726905
28726906
28726907
28726908
28726909
28726910
28726911
28726912
28726913
28726914
28726915
28726916
28726917
28726918
28726919
28726920
28726921
28726922
28726923
28726924
28726925
28726926
28726927
28726928
28726929
28726930
28726931
28726932
28726933
28726934
28726935
28726936
28726937
28726938
28726939
28726940
28726941
28726942
28726943
28726944
28726945
28726946
28726947
28726948
28726949
28726950
28726951
28726952
28726953
28726954
28726955
28726956
28726957
28726958
28726959
28726960
28726961
28726962
28726963
28726964
28726965
28726966
28726967
28726968
28726969
28726970
28726971
28726972
28726973
28726974
28726975
28726976
28726977
28726978
28726979
28726980
28726981
28726982
28726983
28726984
28726985
28726986
28726987
28726988
28726989
28726990
28726991
28726992
28726993
28726994
28726995
28726996
28726997
28726998
28726999
28727000
28727001
28727002
28727003
28727004
28727005
28727006
28727007
28727008
28727009
28727010
28727011
28727012
28727013
28727014
28727015
28727016
28727017
28727018
28727019
28727020
28727021
28727022
28727023
28727024
28727025
28727026
28727027
28727028
28727029
28727030
28727031
28727032
28727033
28727034
28727035
28727036
28727037
28727038
28727039
28727040
28727041
28727042
28727043
28727044
28727045
28727046
28727047
28727048
28727049
28727050
28727051
28727052
28727053
28727054
28727055
28727056
28727057
28727058
28727059
28727060
28727061
28727062
28727063
28727064
28727065
28727066
28727067
28727068
28727069
28727070
28727071
28727072
28727073
28727074
28727075
28727076
28727077
28727078
28727079
28727080
28727081
28727082
28727083
28727084
28727085
28727086
28727087
28727088
28727089
28727090
28727091
28727092
28727093
28727094
28727095
28727096
28727097
28727098
28727099
28727100
28727101
28727102
28727103
28727104
28727105
28727106
28727107
28727108
28727109
28727110
28727111
28727112
28727113
28727114
28727115
28727116
28727117
28727118
28727119
28727120
28727121
28727122
28727123
28727124
28727125
28727126
28727127
28727128
28727129
28727130
28727131
28727132
28727133
28727134
28727135
28727136
28727137
28727138
28727139
28727140
28727141
28727142
28727143
28727144
28727145
28727146
28727147
28727148
28727149
28727150
28727151
28727152
28727153
28727154
28727155
28727156
28727157
28727158
28727159
28727160
28727161
28727162
28727163
28727164
28727165
28727166
28727167
28727168
28727169
28727170
28727171
28727172
28727173
28727174
28727175
28727176
28727177
28727178
28727179
28727180
28727181
28727182
28727183
28727184
28727185
28727186
28727187
28727188
28727189
28727190
28727191
28727192
28727193
28727194
28727195
28727196
28727197
28727198
28727199
28727200
28727201
28727202
28727203
28727204
28727205
28727206
28727207
28727208
28727209
28727210
28727211
28727212
28727213
28727214
28727215
28727216
28727217
28727218
28727219
28727220
28727221
28727222
28727223
28727224
28727225
28727226
28727227
28727228
28727229
28727230
28727231
28727232
28727233
28727234
28727235
28727236
28727237
28727238
28727239
28727240
28727241
28727242
28727243
28727244
28727245
28727246
28727247
28727248
28727249
28727250
28727251
28727252
28727253
28727254
28727255
28727256
28727257
28727258
28727259
28727260
28727261
28727262
28727263
28727264
28727265
28727266
28727267
28727268
28727269
28727270
28727271
28727272
28727273
28727274
28727275
28727276
28727277
28727278
28727279
28727280
28727281
28727282
28727283
28727284
28727285
28727286
28727287
28727288
28727289
28727290
28727291
28727292
28727293
28727294
28727295
28727296
28727297
28727298
28727299
28727300
28727301
28727302
28727303
28727304
28727305
28727306
28727307
28727308
28727309
28727310
28727311
28727312
28727313
28727314
28727315
28727316
28727317
28727318
28727319
28727320
28727321
28727322
28727323
28727324
28727325
28727326
28727327
28727328
28727329
28727330
28727331
28727332
28727333
28727334
28727335
28727336
28727337
28727338
28727339
28727340
28727341
28727342
28727343
28727344
28727345
28727346
28727347
28727348
28727349
28727350
28727351
28727352
28727353
28727354
28727355
28727356
28727357
28727358
28727359
28727360
28727361
28727362
28727363
28727364
28727365
28727366
28727367
28727368
28727369
28727370
28727371
28727372
28727373
28727374
28727375
28727376
28727377
28727378
28727379
28727380
28727381
28727382
28727383
28727384
28727385
28727386
28727387
28727388
28727389
28727390
28727391
28727392
28727393
28727394
28727395
28727396
28727397
28727398
28727399
28727400
28727401
28727402
28727403
28727404
28727405
28727406
28727407
28727408
28727409
28727410
28727411
28727412
28727413
28727414
28727415
28727416
28727417
28727418
28727419
28727420
28727421
28727422
28727423
28727424
28727425
28727426
28727427
28727428
28727429
28727430
28727431
28727432
28727433
28727434
28727435
28727436
28727437
28727438
28727439
28727440
28727441
28727442
28727443
28727444
28727445
28727446
28727447
28727448
28727449
28727450
28727451
28727452
28727453
28727454
28727455
28727456
28727457
28727458
28727459
28727460
28727461
28727462
28727463
28727464
28727465
28727466
28727467
28727468
28727469
28727470
28727471
28727472
28727473
28727474
28727475
28727476
28727477
28727478
28727479
28727480
28727481
28727482
28727483
28727484
28727485
28727486
28727487
28727488
28727489
28727490
28727491
28727492
28727493
28727494
28727495
28727496
28727497
28727498
28727499
28727500
28727501
28727502
28727503
28727504
28727505
28727506
28727507
28727508
28727509
28727510
28727511
28727512
28727513
28727514
28727515
28727516
28727517
28727518
28727519
28727520
28727521
28727522
28727523
28727524
28727525
28727526
28727527
28727528
28727529
28727530
28727531
28727532
28727533
28727534
28727535
28727536
28727537
28727538
28727539
28727540
28727541
28727542
28727543
28727544
28727545
28727546
28727547
28727548
28727549
28727550
28727551
28727552
28727553
28727554
28727555
28727556
28727557
28727558
28727559
28727560
28727561
28727562
28727563
28727564
28727565
28727566
28727567
28727568
28727569
28727570
28727571
28727572
28727573
28727574
28727575
28727576
28727577
28727578
28727579
28727580
28727581
28727582
28727583
28727584
28727585
28727586
28727587
28727588
28727589
28727590
28727591
28727592
28727593
28727594
28727595
28727596
28727597
28727598
28727599
28727600
28727601
28727602
28727603
28727604
28727605
28727606
28727607
28727608
28727609
28727610
28727611
28727612
28727613
28727614
28727615
28727616
28727617
28727618
28727619
28727620
28727621
28727622
28727623
28727624
28727625
28727626
28727627
28727628
28727629
28727630
28727631
28727632
28727633
28727634
28727635
28727636
28727637
28727638
28727639
28727640
28727641
28727642
28727643
28727644
28727645
28727646
28727647
28727648
28727649
28727650
28727651
28727652
28727653
28727654
28727655
28727656
28727657
28727658
28727659
28727660
28727661
28727662
28727663
28727664
28727665
28727666
28727667
28727668
28727669
28727670
28727671
28727672
28727673
28727674
28727675
28727676
28727677
28727678
28727679
28727680
28727681
28727682
28727683
28727684
28727685
28727686
28727687
28727688
28727689
28727690
28727691
28727692
28727693
28727694
28727695
28727696
28727697
28727698
28727699
28727700
28727701
28727702
28727703
28727704
28727705
28727706
28727707
28727708
28727709
28727710
28727711
28727712
28727713
28727714
28727715
28727716
28727717
28727718
28727719
28727720
28727721
28727722
28727723
28727724
28727725
28727726
28727727
28727728
28727729
28727730
28727731
28727732
28727733
28727734
28727735
28727736
28727737
28727738
28727739
28727740
28727741
28727742
28727743
28727744
28727745
28727746
28727747
28727748
28727749
28727750
28727751
28727752
28727753
28727754
28727755
28727756
28727757
28727758
28727759
28727760
28727761
28727762
28727763
28727764
28727765
28727766
28727767
28727768
28727769
28727770
28727771
28727772
28727773
28727774
28727775
28727776
28727777
28727778
28727779
28727780
28727781
28727782
28727783
28727784
28727785
28727786
28727787
28727788
28727789
28727790
28727791
28727792
28727793
28727794
28727795
28727796
28727797
28727798
28727799
28727800
28727801
28727802
28727803
28727804
28727805
28727806
28727807
28727808
28727809
28727810
28727811
28727812
28727813
28727814
28727815
28727816
28727817
28727818
28727819
28727820
28727821
28727822
28727823
28727824
28727825
28727826
28727827
28727828
28727829
28727830
28727831
28727832
28727833
28727834
28727835
28727836
28727837
28727838
28727839
28727840
28727841
28727842
28727843
28727844
28727845
28727846
28727847
28727848
28727849
28727850
28727851
28727852
28727853
28727854
28727855
28727856
28727857
28727858
28727859
28727860
28727861
28727862
28727863
28727864
28727865
28727866
28727867
28727868
28727869
28727870
28727871
28727872
28727873
28727874
28727875
28727876
28727877
28727878
28727879
28727880
28727881
28727882
28727883
28727884
28727885
28727886
28727887
28727888
28727889
28727890
28727891
28727892
28727893
28727894
28727895
28727896
28727897
28727898
28727899
28727900
28727901
28727902
28727903
28727904
28727905
28727906
28727907
28727908
28727909
28727910
28727911
28727912
28727913
28727914
28727915
28727916
28727917
28727918
28727919
28727920
28727921
28727922
28727923
28727924
28727925
28727926
28727927
28727928
28727929
28727930
28727931
28727932
28727933
28727934
28727935
28727936
28727937
28727938
28727939
28727940
28727941
28727942
28727943
28727944
28727945
28727946
28727947
28727948
28727949
28727950
28727951
28727952
28727953
28727954
28727955
28727956
28727957
28727958
28727959
28727960
28727961
28727962
28727963
28727964
28727965
28727966
28727967
28727968
28727969
28727970
28727971
28727972
28727973
28727974
28727975
28727976
28727977
28727978
28727979
28727980
28727981
28727982
28727983
28727984
28727985
28727986
28727987
28727988
28727989
28727990
28727991
28727992
28727993
28727994
28727995
28727996
28727997
28727998
28727999
28728000
28728001
28728002
28728003
28728004
28728005
28728006
28728007
28728008
28728009
28728010
28728011
28728012
28728013
28728014
28728015
28728016
28728017
28728018
28728019
28728020
28728021
28728022
28728023
28728024
28728025
28728026
28728027
28728028
28728029
28728030
28728031
28728032
28728033
28728034
28728035
28728036
28728037
28728038
28728039
28728040
28728041
28728042
28728043
28728044
28728045
28728046
28728047
28728048
28728049
28728050
28728051
28728052
28728053
28728054
28728055
28728056
28728057
28728058
28728059
28728060
28728061
28728062
28728063
28728064
28728065
28728066
28728067
28728068
28728069
28728070
28728071
28728072
28728073
28728074
28728075
28728076
28728077
28728078
28728079
28728080
28728081
28728082
28728083
28728084
28728085
28728086
28728087
28728088
28728089
28728090
28728091
28728092
28728093
28728094
28728095
28728096
28728097
28728098
28728099
28728100
28728101
28728102
28728103
28728104
28728105
28728106
28728107
28728108
28728109
28728110
28728111
28728112
28728113
28728114
28728115
28728116
28728117
28728118
28728119
28728120
28728121
28728122
28728123
28728124
28728125
28728126
28728127
28728128
28728129
28728130
28728131
28728132
28728133
28728134
28728135
28728136
28728137
28728138
28728139
28728140
28728141
28728142
28728143
28728144
28728145
28728146
28728147
28728148
28728149
28728150
28728151
28728152
28728153
28728154
28728155
28728156
28728157
28728158
28728159
28728160
28728161
28728162
28728163
28728164
28728165
28728166
28728167
28728168
28728169
28728170
28728171
28728172
28728173
28728174
28728175
28728176
28728177
28728178
28728179
28728180
28728181
28728182
28728183
28728184
28728185
28728186
28728187
28728188
28728189
28728190
28728191
28728192
28728193
28728194
28728195
28728196
28728197
28728198
28728199
28728200
28728201
28728202
28728203
28728204
28728205
28728206
28728207
28728208
28728209
28728210
28728211
28728212
28728213
28728214
28728215
28728216
28728217
28728218
28728219
28728220
28728221
28728222
28728223
28728224
28728225
28728226
28728227
28728228
28728229
28728230
28728231
28728232
28728233
28728234
28728235
28728236
28728237
28728238
28728239
28728240
28728241
28728242
28728243
28728244
28728245
28728246
28728247
28728248
28728249
28728250
28728251
28728252
28728253
28728254
28728255
28728256
28728257
28728258
28728259
28728260
28728261
28728262
28728263
28728264
28728265
28728266
28728267
28728268
28728269
28728270
28728271
28728272
28728273
28728274
28728275
28728276
28728277
28728278
28728279
28728280
28728281
28728282
28728283
28728284
28728285
28728286
28728287
28728288
28728289
28728290
28728291
28728292
28728293
28728294
28728295
28728296
28728297
28728298
28728299
28728300
28728301
28728302
28728303
28728304
28728305
28728306
28728307
28728308
28728309
28728310
28728311
28728312
28728313
28728314
28728315
28728316
28728317
28728318
28728319
28728320
28728321
28728322
28728323
28728324
28728325
28728326
28728327
28728328
28728329
28728330
28728331
28728332
28728333
28728334
28728335
28728336
28728337
28728338
28728339
28728340
28728341
28728342
28728343
28728344
28728345
28728346
28728347
28728348
28728349
28728350
28728351
28728352
28728353
28728354
28728355
28728356
28728357
28728358
28728359
28728360
28728361
28728362
28728363
28728364
28728365
28728366
28728367
28728368
28728369
28728370
28728371
28728372
28728373
28728374
28728375
28728376
28728377
28728378
28728379
28728380
28728381
28728382
28728383
28728384
28728385
28728386
28728387
28728388
28728389
28728390
28728391
28728392
28728393
28728394
28728395
28728396
28728397
28728398
28728399
28728400
28728401
28728402
28728403
28728404
28728405
28728406
28728407
28728408
28728409
28728410
28728411
28728412
28728413
28728414
28728415
28728416
28728417
28728418
28728419
28728420
28728421
28728422
28728423
28728424
28728425
28728426
28728427
28728428
28728429
28728430
28728431
28728432
28728433
28728434
28728435
28728436
28728437
28728438
28728439
28728440
28728441
28728442
28728443
28728444
28728445
28728446
28728447
28728448
28728449
28728450
28728451
28728452
28728453
28728454
28728455
28728456
28728457
28728458
28728459
28728460
28728461
28728462
28728463
28728464
28728465
28728466
28728467
28728468
28728469
28728470
28728471
28728472
28728473
28728474
28728475
28728476
28728477
28728478
28728479
28728480
28728481
28728482
28728483
28728484
28728485
28728486
28728487
28728488
28728489
28728490
28728491
28728492
28728493
28728494
28728495
28728496
28728497
28728498
28728499
28728500
28728501
28728502
28728503
28728504
28728505
28728506
28728507
28728508
28728509
28728510
28728511
28728512
28728513
28728514
28728515
28728516
28728517
28728518
28728519
28728520
28728521
28728522
28728523
28728524
28728525
28728526
28728527
28728528
28728529
28728530
28728531
28728532
28728533
28728534
28728535
28728536
28728537
28728538
28728539
28728540
28728541
28728542
28728543
28728544
28728545
28728546
28728547
28728548
28728549
28728550
28728551
28728552
28728553
28728554
28728555
28728556
28728557
28728558
28728559
28728560
28728561
28728562
28728563
28728564
28728565
28728566
28728567
28728568
28728569
28728570
28728571
28728572
28728573
28728574
28728575
28728576
28728577
28728578
28728579
28728580
28728581
28728582
28728583
28728584
28728585
28728586
28728587
28728588
28728589
28728590
28728591
28728592
28728593
28728594
28728595
28728596
28728597
28728598
28728599
28728600
28728601
28728602
28728603
28728604
28728605
28728606
28728607
28728608
28728609
28728610
28728611
28728612
28728613
28728614
28728615
28728616
28728617
28728618
28728619
28728620
28728621
28728622
28728623
28728624
28728625
28728626
28728627
28728628
28728629
28728630
28728631
28728632
28728633
28728634
28728635
28728636
28728637
28728638
28728639
28728640
28728641
28728642
28728643
28728644
28728645
28728646
28728647
28728648
28728649
28728650
28728651
28728652
28728653
28728654
28728655
28728656
28728657
28728658
28728659
28728660
28728661
28728662
28728663
28728664
28728665
28728666
28728667
28728668
28728669
28728670
28728671
28728672
28728673
28728674
28728675
28728676
28728677
28728678
28728679
28728680
28728681
28728682
28728683
28728684
28728685
28728686
28728687
28728688
28728689
28728690
28728691
28728692
28728693
28728694
28728695
28728696
28728697
28728698
28728699
28728700
28728701
28728702
28728703
28728704
28728705
28728706
28728707
28728708
28728709
28728710
28728711
28728712
28728713
28728714
28728715
28728716
28728717
28728718
28728719
28728720
28728721
28728722
28728723
28728724
28728725
28728726
28728727
28728728
28728729
28728730
28728731
28728732
28728733
28728734
28728735
28728736
28728737
28728738
28728739
28728740
28728741
28728742
28728743
28728744
28728745
28728746
28728747
28728748
28728749
28728750
28728751
28728752
28728753
28728754
28728755
28728756
28728757
28728758
28728759
28728760
28728761
28728762
28728763
28728764
28728765
28728766
28728767
28728768
28728769
28728770
28728771
28728772
28728773
28728774
28728775
28728776
28728777
28728778
28728779
28728780
28728781
28728782
28728783
28728784
28728785
28728786
28728787
28728788
28728789
28728790
28728791
28728792
28728793
28728794
28728795
28728796
28728797
28728798
28728799
28728800
28728801
28728802
28728803
28728804
28728805
28728806
28728807
28728808
28728809
28728810
28728811
28728812
28728813
28728814
28728815
28728816
28728817
28728818
28728819
28728820
28728821
28728822
28728823
28728824
28728825
28728826
28728827
28728828
28728829
28728830
28728831
28728832
28728833
28728834
28728835
28728836
28728837
28728838
28728839
28728840
28728841
28728842
28728843
28728844
28728845
28728846
28728847
28728848
28728849
28728850
28728851
28728852
28728853
28728854
28728855
28728856
28728857
28728858
28728859
28728860
28728861
28728862
28728863
28728864
28728865
28728866
28728867
28728868
28728869
28728870
28728871
28728872
28728873
28728874
28728875
28728876
28728877
28728878
28728879
28728880
28728881
28728882
28728883
28728884
28728885
28728886
28728887
28728888
28728889
