31348890
31348891
31348892
31348893
31348894
31348895
31348896
31348897
31348898
31348899
31348900
31348901
31348902
31348903
31348904
31348905
31348906
31348907
31348908
31348909
31348910
31348911
31348912
31348913
31348914
31348915
31348916
31348917
31348918
31348919
31348920
31348921
31348922
31348923
31348924
31348925
31348926
31348927
31348928
31348929
31348930
31348931
31348932
31348933
31348934
31348935
31348936
31348937
31348938
31348939
31348940
31348941
31348942
31348943
31348944
31348945
31348946
31348947
31348948
31348949
31348950
31348951
31348952
31348953
31348954
31348955
31348956
31348957
31348958
31348959
31348960
31348961
31348962
31348963
31348964
31348965
31348966
31348967
31348968
31348969
31348970
31348971
31348972
31348973
31348974
31348975
31348976
31348977
31348978
31348979
31348980
31348981
31348982
31348983
31348984
31348985
31348986
31348987
31348988
31348989
31348990
31348991
31348992
31348993
31348994
31348995
31348996
31348997
31348998
31348999
31349000
31349001
31349002
31349003
31349004
31349005
31349006
31349007
31349008
31349009
31349010
31349011
31349012
31349013
31349014
31349015
31349016
31349017
31349018
31349019
31349020
31349021
31349022
31349023
31349024
31349025
31349026
31349027
31349028
31349029
31349030
31349031
31349032
31349033
31349034
31349035
31349036
31349037
31349038
31349039
31349040
31349041
31349042
31349043
31349044
31349045
31349046
31349047
31349048
31349049
31349050
31349051
31349052
31349053
31349054
31349055
31349056
31349057
31349058
31349059
31349060
31349061
31349062
31349063
31349064
31349065
31349066
31349067
31349068
31349069
31349070
31349071
31349072
31349073
31349074
31349075
31349076
31349077
31349078
31349079
31349080
31349081
31349082
31349083
31349084
31349085
31349086
31349087
31349088
31349089
31349090
31349091
31349092
31349093
31349094
31349095
31349096
31349097
31349098
31349099
31349100
31349101
31349102
31349103
31349104
31349105
31349106
31349107
31349108
31349109
31349110
31349111
31349112
31349113
31349114
31349115
31349116
31349117
31349118
31349119
31349120
31349121
31349122
31349123
31349124
31349125
31349126
31349127
31349128
31349129
31349130
31349131
31349132
31349133
31349134
31349135
31349136
31349137
31349138
31349139
31349140
31349141
31349142
31349143
31349144
31349145
31349146
31349147
31349148
31349149
31349150
31349151
31349152
31349153
31349154
31349155
31349156
31349157
31349158
31349159
31349160
31349161
31349162
31349163
31349164
31349165
31349166
31349167
31349168
31349169
31349170
31349171
31349172
31349173
31349174
31349175
31349176
31349177
31349178
31349179
31349180
31349181
31349182
31349183
31349184
31349185
31349186
31349187
31349188
31349189
31349190
31349191
31349192
31349193
31349194
31349195
31349196
31349197
31349198
31349199
31349200
31349201
31349202
31349203
31349204
31349205
31349206
31349207
31349208
31349209
31349210
31349211
31349212
31349213
31349214
31349215
31349216
31349217
31349218
31349219
31349220
31349221
31349222
31349223
31349224
31349225
31349226
31349227
31349228
31349229
31349230
31349231
31349232
31349233
31349234
31349235
31349236
31349237
31349238
31349239
31349240
31349241
31349242
31349243
31349244
31349245
31349246
31349247
31349248
31349249
31349250
31349251
31349252
31349253
31349254
31349255
31349256
31349257
31349258
31349259
31349260
31349261
31349262
31349263
31349264
31349265
31349266
31349267
31349268
31349269
31349270
31349271
31349272
31349273
31349274
31349275
31349276
31349277
31349278
31349279
31349280
31349281
31349282
31349283
31349284
31349285
31349286
31349287
31349288
31349289
31349290
31349291
31349292
31349293
31349294
31349295
31349296
31349297
31349298
31349299
31349300
31349301
31349302
31349303
31349304
31349305
31349306
31349307
31349308
31349309
31349310
31349311
31349312
31349313
31349314
31349315
31349316
31349317
31349318
31349319
31349320
31349321
31349322
31349323
31349324
31349325
31349326
31349327
31349328
31349329
31349330
31349331
31349332
31349333
31349334
31349335
31349336
31349337
31349338
31349339
31349340
31349341
31349342
31349343
31349344
31349345
31349346
31349347
31349348
31349349
31349350
31349351
31349352
31349353
31349354
31349355
31349356
31349357
31349358
31349359
31349360
31349361
31349362
31349363
31349364
31349365
31349366
31349367
31349368
31349369
31349370
31349371
31349372
31349373
31349374
31349375
31349376
31349377
31349378
31349379
31349380
31349381
31349382
31349383
31349384
31349385
31349386
31349387
31349388
31349389
31349390
31349391
31349392
31349393
31349394
31349395
31349396
31349397
31349398
31349399
31349400
31349401
31349402
31349403
31349404
31349405
31349406
31349407
31349408
31349409
31349410
31349411
31349412
31349413
31349414
31349415
31349416
31349417
31349418
31349419
31349420
31349421
31349422
31349423
31349424
31349425
31349426
31349427
31349428
31349429
31349430
31349431
31349432
31349433
31349434
31349435
31349436
31349437
31349438
31349439
31349440
31349441
31349442
31349443
31349444
31349445
31349446
31349447
31349448
31349449
31349450
31349451
31349452
31349453
31349454
31349455
31349456
31349457
31349458
31349459
31349460
31349461
31349462
31349463
31349464
31349465
31349466
31349467
31349468
31349469
31349470
31349471
31349472
31349473
31349474
31349475
31349476
31349477
31349478
31349479
31349480
31349481
31349482
31349483
31349484
31349485
31349486
31349487
31349488
31349489
31349490
31349491
31349492
31349493
31349494
31349495
31349496
31349497
31349498
31349499
31349500
31349501
31349502
31349503
31349504
31349505
31349506
31349507
31349508
31349509
31349510
31349511
31349512
31349513
31349514
31349515
31349516
31349517
31349518
31349519
31349520
31349521
31349522
31349523
31349524
31349525
31349526
31349527
31349528
31349529
31349530
31349531
31349532
31349533
31349534
31349535
31349536
31349537
31349538
31349539
31349540
31349541
31349542
31349543
31349544
31349545
31349546
31349547
31349548
31349549
31349550
31349551
31349552
31349553
31349554
31349555
31349556
31349557
31349558
31349559
31349560
31349561
31349562
31349563
31349564
31349565
31349566
31349567
31349568
31349569
31349570
31349571
31349572
31349573
31349574
31349575
31349576
31349577
31349578
31349579
31349580
31349581
31349582
31349583
31349584
31349585
31349586
31349587
31349588
31349589
31349590
31349591
31349592
31349593
31349594
31349595
31349596
31349597
31349598
31349599
31349600
31349601
31349602
31349603
31349604
31349605
31349606
31349607
31349608
31349609
31349610
31349611
31349612
31349613
31349614
31349615
31349616
31349617
31349618
31349619
31349620
31349621
31349622
31349623
31349624
31349625
31349626
31349627
31349628
31349629
31349630
31349631
31349632
31349633
31349634
31349635
31349636
31349637
31349638
31349639
31349640
31349641
31349642
31349643
31349644
31349645
31349646
31349647
31349648
31349649
31349650
31349651
31349652
31349653
31349654
31349655
31349656
31349657
31349658
31349659
31349660
31349661
31349662
31349663
31349664
31349665
31349666
31349667
31349668
31349669
31349670
31349671
31349672
31349673
31349674
31349675
31349676
31349677
31349678
31349679
31349680
31349681
31349682
31349683
31349684
31349685
31349686
31349687
31349688
31349689
31349690
31349691
31349692
31349693
31349694
31349695
31349696
31349697
31349698
31349699
31349700
31349701
31349702
31349703
31349704
31349705
31349706
31349707
31349708
31349709
31349710
31349711
31349712
31349713
31349714
31349715
31349716
31349717
31349718
31349719
31349720
31349721
31349722
31349723
31349724
31349725
31349726
31349727
31349728
31349729
31349730
31349731
31349732
31349733
31349734
31349735
31349736
31349737
31349738
31349739
31349740
31349741
31349742
31349743
31349744
31349745
31349746
31349747
31349748
31349749
31349750
31349751
31349752
31349753
31349754
31349755
31349756
31349757
31349758
31349759
31349760
31349761
31349762
31349763
31349764
31349765
31349766
31349767
31349768
31349769
31349770
31349771
31349772
31349773
31349774
31349775
31349776
31349777
31349778
31349779
31349780
31349781
31349782
31349783
31349784
31349785
31349786
31349787
31349788
31349789
31349790
31349791
31349792
31349793
31349794
31349795
31349796
31349797
31349798
31349799
31349800
31349801
31349802
31349803
31349804
31349805
31349806
31349807
31349808
31349809
31349810
31349811
31349812
31349813
31349814
31349815
31349816
31349817
31349818
31349819
31349820
31349821
31349822
31349823
31349824
31349825
31349826
31349827
31349828
31349829
31349830
31349831
31349832
31349833
31349834
31349835
31349836
31349837
31349838
31349839
31349840
31349841
31349842
31349843
31349844
31349845
31349846
31349847
31349848
31349849
31349850
31349851
31349852
31349853
31349854
31349855
31349856
31349857
31349858
31349859
31349860
31349861
31349862
31349863
31349864
31349865
31349866
31349867
31349868
31349869
31349870
31349871
31349872
31349873
31349874
31349875
31349876
31349877
31349878
31349879
31349880
31349881
31349882
31349883
31349884
31349885
31349886
31349887
31349888
31349889
31349890
31349891
31349892
31349893
31349894
31349895
31349896
31349897
31349898
31349899
31349900
31349901
31349902
31349903
31349904
31349905
31349906
31349907
31349908
31349909
31349910
31349911
31349912
31349913
31349914
31349915
31349916
31349917
31349918
31349919
31349920
31349921
31349922
31349923
31349924
31349925
31349926
31349927
31349928
31349929
31349930
31349931
31349932
31349933
31349934
31349935
31349936
31349937
31349938
31349939
31349940
31349941
31349942
31349943
31349944
31349945
31349946
31349947
31349948
31349949
31349950
31349951
31349952
31349953
31349954
31349955
31349956
31349957
31349958
31349959
31349960
31349961
31349962
31349963
31349964
31349965
31349966
31349967
31349968
31349969
31349970
31349971
31349972
31349973
31349974
31349975
31349976
31349977
31349978
31349979
31349980
31349981
31349982
31349983
31349984
31349985
31349986
31349987
31349988
31349989
31349990
31349991
31349992
31349993
31349994
31349995
31349996
31349997
31349998
31349999
31350000
31350001
31350002
31350003
31350004
31350005
31350006
31350007
31350008
31350009
31350010
31350011
31350012
31350013
31350014
31350015
31350016
31350017
31350018
31350019
31350020
31350021
31350022
31350023
31350024
31350025
31350026
31350027
31350028
31350029
31350030
31350031
31350032
31350033
31350034
31350035
31350036
31350037
31350038
31350039
31350040
31350041
31350042
31350043
31350044
31350045
31350046
31350047
31350048
31350049
31350050
31350051
31350052
31350053
31350054
31350055
31350056
31350057
31350058
31350059
31350060
31350061
31350062
31350063
31350064
31350065
31350066
31350067
31350068
31350069
31350070
31350071
31350072
31350073
31350074
31350075
31350076
31350077
31350078
31350079
31350080
31350081
31350082
31350083
31350084
31350085
31350086
31350087
31350088
31350089
31350090
31350091
31350092
31350093
31350094
31350095
31350096
31350097
31350098
31350099
31350100
31350101
31350102
31350103
31350104
31350105
31350106
31350107
31350108
31350109
31350110
31350111
31350112
31350113
31350114
31350115
31350116
31350117
31350118
31350119
31350120
31350121
31350122
31350123
31350124
31350125
31350126
31350127
31350128
31350129
31350130
31350131
31350132
31350133
31350134
31350135
31350136
31350137
31350138
31350139
31350140
31350141
31350142
31350143
31350144
31350145
31350146
31350147
31350148
31350149
31350150
31350151
31350152
31350153
31350154
31350155
31350156
31350157
31350158
31350159
31350160
31350161
31350162
31350163
31350164
31350165
31350166
31350167
31350168
31350169
31350170
31350171
31350172
31350173
31350174
31350175
31350176
31350177
31350178
31350179
31350180
31350181
31350182
31350183
31350184
31350185
31350186
31350187
31350188
31350189
31350190
31350191
31350192
31350193
31350194
31350195
31350196
31350197
31350198
31350199
31350200
31350201
31350202
31350203
31350204
31350205
31350206
31350207
31350208
31350209
31350210
31350211
31350212
31350213
31350214
31350215
31350216
31350217
31350218
31350219
31350220
31350221
31350222
31350223
31350224
31350225
31350226
31350227
31350228
31350229
31350230
31350231
31350232
31350233
31350234
31350235
31350236
31350237
31350238
31350239
31350240
31350241
31350242
31350243
31350244
31350245
31350246
31350247
31350248
31350249
31350250
31350251
31350252
31350253
31350254
31350255
31350256
31350257
31350258
31350259
31350260
31350261
31350262
31350263
31350264
31350265
31350266
31350267
31350268
31350269
31350270
31350271
31350272
31350273
31350274
31350275
31350276
31350277
31350278
31350279
31350280
31350281
31350282
31350283
31350284
31350285
31350286
31350287
31350288
31350289
31350290
31350291
31350292
31350293
31350294
31350295
31350296
31350297
31350298
31350299
31350300
31350301
31350302
31350303
31350304
31350305
31350306
31350307
31350308
31350309
31350310
31350311
31350312
31350313
31350314
31350315
31350316
31350317
31350318
31350319
31350320
31350321
31350322
31350323
31350324
31350325
31350326
31350327
31350328
31350329
31350330
31350331
31350332
31350333
31350334
31350335
31350336
31350337
31350338
31350339
31350340
31350341
31350342
31350343
31350344
31350345
31350346
31350347
31350348
31350349
31350350
31350351
31350352
31350353
31350354
31350355
31350356
31350357
31350358
31350359
31350360
31350361
31350362
31350363
31350364
31350365
31350366
31350367
31350368
31350369
31350370
31350371
31350372
31350373
31350374
31350375
31350376
31350377
31350378
31350379
31350380
31350381
31350382
31350383
31350384
31350385
31350386
31350387
31350388
31350389
31350390
31350391
31350392
31350393
31350394
31350395
31350396
31350397
31350398
31350399
31350400
31350401
31350402
31350403
31350404
31350405
31350406
31350407
31350408
31350409
31350410
31350411
31350412
31350413
31350414
31350415
31350416
31350417
31350418
31350419
31350420
31350421
31350422
31350423
31350424
31350425
31350426
31350427
31350428
31350429
31350430
31350431
31350432
31350433
31350434
31350435
31350436
31350437
31350438
31350439
31350440
31350441
31350442
31350443
31350444
31350445
31350446
31350447
31350448
31350449
31350450
31350451
31350452
31350453
31350454
31350455
31350456
31350457
31350458
31350459
31350460
31350461
31350462
31350463
31350464
31350465
31350466
31350467
31350468
31350469
31350470
31350471
31350472
31350473
31350474
31350475
31350476
31350477
31350478
31350479
31350480
31350481
31350482
31350483
31350484
31350485
31350486
31350487
31350488
31350489
31350490
31350491
31350492
31350493
31350494
31350495
31350496
31350497
31350498
31350499
31350500
31350501
31350502
31350503
31350504
31350505
31350506
31350507
31350508
31350509
31350510
31350511
31350512
31350513
31350514
31350515
31350516
31350517
31350518
31350519
31350520
31350521
31350522
31350523
31350524
31350525
31350526
31350527
31350528
31350529
31350530
31350531
31350532
31350533
31350534
31350535
31350536
31350537
31350538
31350539
31350540
31350541
31350542
31350543
31350544
31350545
31350546
31350547
31350548
31350549
31350550
31350551
31350552
31350553
31350554
31350555
31350556
31350557
31350558
31350559
31350560
31350561
31350562
31350563
31350564
31350565
31350566
31350567
31350568
31350569
31350570
31350571
31350572
31350573
31350574
31350575
31350576
31350577
31350578
31350579
31350580
31350581
31350582
31350583
31350584
31350585
31350586
31350587
31350588
31350589
31350590
31350591
31350592
31350593
31350594
31350595
31350596
31350597
31350598
31350599
31350600
31350601
31350602
31350603
31350604
31350605
31350606
31350607
31350608
31350609
31350610
31350611
31350612
31350613
31350614
31350615
31350616
31350617
31350618
31350619
31350620
31350621
31350622
31350623
31350624
31350625
31350626
31350627
31350628
31350629
31350630
31350631
31350632
31350633
31350634
31350635
31350636
31350637
31350638
31350639
31350640
31350641
31350642
31350643
31350644
31350645
31350646
31350647
31350648
31350649
31350650
31350651
31350652
31350653
31350654
31350655
31350656
31350657
31350658
31350659
31350660
31350661
31350662
31350663
31350664
31350665
31350666
31350667
31350668
31350669
31350670
31350671
31350672
31350673
31350674
31350675
31350676
31350677
31350678
31350679
31350680
31350681
31350682
31350683
31350684
31350685
31350686
31350687
31350688
31350689
31350690
31350691
31350692
31350693
31350694
31350695
31350696
31350697
31350698
31350699
31350700
31350701
31350702
31350703
31350704
31350705
31350706
31350707
31350708
31350709
31350710
31350711
31350712
31350713
31350714
31350715
31350716
31350717
31350718
31350719
31350720
31350721
31350722
31350723
31350724
31350725
31350726
31350727
31350728
31350729
31350730
31350731
31350732
31350733
31350734
31350735
31350736
31350737
31350738
31350739
31350740
31350741
31350742
31350743
31350744
31350745
31350746
31350747
31350748
31350749
31350750
31350751
31350752
31350753
31350754
31350755
31350756
31350757
31350758
31350759
31350760
31350761
31350762
31350763
31350764
31350765
31350766
31350767
31350768
31350769
31350770
31350771
31350772
31350773
31350774
31350775
31350776
31350777
31350778
31350779
31350780
31350781
31350782
31350783
31350784
31350785
31350786
31350787
31350788
31350789
31350790
31350791
31350792
31350793
31350794
31350795
31350796
31350797
31350798
31350799
31350800
31350801
31350802
31350803
31350804
31350805
31350806
31350807
31350808
31350809
31350810
31350811
31350812
31350813
31350814
31350815
31350816
31350817
31350818
31350819
31350820
31350821
31350822
31350823
31350824
31350825
31350826
31350827
31350828
31350829
31350830
31350831
31350832
31350833
31350834
31350835
31350836
31350837
31350838
31350839
31350840
31350841
31350842
31350843
31350844
31350845
31350846
31350847
31350848
31350849
31350850
31350851
31350852
31350853
31350854
31350855
31350856
31350857
31350858
31350859
31350860
31350861
31350862
31350863
31350864
31350865
31350866
31350867
31350868
31350869
31350870
31350871
31350872
31350873
31350874
31350875
31350876
31350877
31350878
31350879
31350880
31350881
31350882
31350883
31350884
31350885
31350886
31350887
31350888
31350889
31350890
31350891
31350892
31350893
31350894
31350895
31350896
31350897
31350898
31350899
31350900
31350901
31350902
31350903
31350904
31350905
31350906
31350907
31350908
31350909
31350910
31350911
31350912
31350913
31350914
31350915
31350916
31350917
31350918
31350919
31350920
31350921
31350922
31350923
31350924
31350925
31350926
31350927
31350928
31350929
31350930
31350931
31350932
31350933
31350934
31350935
31350936
31350937
31350938
31350939
31350940
31350941
31350942
31350943
31350944
31350945
31350946
31350947
31350948
31350949
31350950
31350951
31350952
31350953
31350954
31350955
31350956
31350957
31350958
31350959
31350960
31350961
31350962
31350963
31350964
31350965
31350966
31350967
31350968
31350969
31350970
31350971
31350972
31350973
31350974
31350975
31350976
31350977
31350978
31350979
31350980
31350981
31350982
31350983
31350984
31350985
31350986
31350987
31350988
31350989
31350990
31350991
31350992
31350993
31350994
31350995
31350996
31350997
31350998
31350999
31351000
31351001
31351002
31351003
31351004
31351005
31351006
31351007
31351008
31351009
31351010
31351011
31351012
31351013
31351014
31351015
31351016
31351017
31351018
31351019
31351020
31351021
31351022
31351023
31351024
31351025
31351026
31351027
31351028
31351029
31351030
31351031
31351032
31351033
31351034
31351035
31351036
31351037
31351038
31351039
31351040
31351041
31351042
31351043
31351044
31351045
31351046
31351047
31351048
31351049
31351050
31351051
31351052
31351053
31351054
31351055
31351056
31351057
31351058
31351059
31351060
31351061
31351062
31351063
31351064
31351065
31351066
31351067
31351068
31351069
31351070
31351071
31351072
31351073
31351074
31351075
31351076
31351077
31351078
31351079
31351080
31351081
31351082
31351083
31351084
31351085
31351086
31351087
31351088
31351089
31351090
31351091
31351092
31351093
31351094
31351095
31351096
31351097
31351098
31351099
31351100
31351101
31351102
31351103
31351104
31351105
31351106
31351107
31351108
31351109
31351110
31351111
31351112
31351113
31351114
31351115
31351116
31351117
31351118
31351119
31351120
31351121
31351122
31351123
31351124
31351125
31351126
31351127
31351128
31351129
31351130
31351131
31351132
31351133
31351134
31351135
31351136
31351137
31351138
31351139
31351140
31351141
31351142
31351143
31351144
31351145
31351146
31351147
31351148
31351149
31351150
31351151
31351152
31351153
31351154
31351155
31351156
31351157
31351158
31351159
31351160
31351161
31351162
31351163
31351164
31351165
31351166
31351167
31351168
31351169
31351170
31351171
31351172
31351173
31351174
31351175
31351176
31351177
31351178
31351179
31351180
31351181
31351182
31351183
31351184
31351185
31351186
31351187
31351188
31351189
31351190
31351191
31351192
31351193
31351194
31351195
31351196
31351197
31351198
31351199
31351200
31351201
31351202
31351203
31351204
31351205
31351206
31351207
31351208
31351209
31351210
31351211
31351212
31351213
31351214
31351215
31351216
31351217
31351218
31351219
31351220
31351221
31351222
31351223
31351224
31351225
31351226
31351227
31351228
31351229
31351230
31351231
31351232
31351233
31351234
31351235
31351236
31351237
31351238
31351239
31351240
31351241
31351242
31351243
31351244
31351245
31351246
31351247
31351248
31351249
31351250
31351251
31351252
31351253
31351254
31351255
31351256
31351257
31351258
31351259
31351260
31351261
31351262
31351263
31351264
31351265
31351266
31351267
31351268
31351269
31351270
31351271
31351272
31351273
31351274
31351275
31351276
31351277
31351278
31351279
31351280
31351281
31351282
31351283
31351284
31351285
31351286
31351287
31351288
31351289
31351290
31351291
31351292
31351293
31351294
31351295
31351296
31351297
31351298
31351299
31351300
31351301
31351302
31351303
31351304
31351305
31351306
31351307
31351308
31351309
31351310
31351311
31351312
31351313
31351314
31351315
31351316
31351317
31351318
31351319
31351320
31351321
31351322
31351323
31351324
31351325
31351326
31351327
31351328
31351329
31351330
31351331
31351332
31351333
31351334
31351335
31351336
31351337
31351338
31351339
31351340
31351341
31351342
31351343
31351344
31351345
31351346
31351347
31351348
31351349
31351350
31351351
31351352
31351353
31351354
31351355
31351356
31351357
31351358
31351359
31351360
31351361
31351362
31351363
31351364
31351365
31351366
31351367
31351368
31351369
31351370
31351371
31351372
31351373
31351374
31351375
31351376
31351377
31351378
31351379
31351380
31351381
31351382
31351383
31351384
31351385
31351386
31351387
31351388
31351389
31351390
31351391
31351392
31351393
31351394
31351395
31351396
31351397
31351398
31351399
31351400
31351401
31351402
31351403
31351404
31351405
31351406
31351407
31351408
31351409
31351410
31351411
31351412
31351413
31351414
31351415
31351416
31351417
31351418
31351419
31351420
31351421
31351422
31351423
31351424
31351425
31351426
31351427
31351428
31351429
31351430
31351431
31351432
31351433
31351434
31351435
31351436
31351437
31351438
31351439
31351440
31351441
31351442
31351443
31351444
31351445
31351446
31351447
31351448
31351449
31351450
31351451
31351452
31351453
31351454
31351455
31351456
31351457
31351458
31351459
31351460
31351461
31351462
31351463
31351464
31351465
31351466
31351467
31351468
31351469
31351470
31351471
31351472
31351473
31351474
31351475
31351476
31351477
31351478
31351479
31351480
31351481
31351482
31351483
31351484
31351485
31351486
31351487
31351488
31351489
31351490
31351491
31351492
31351493
31351494
31351495
31351496
31351497
31351498
31351499
31351500
31351501
31351502
31351503
31351504
31351505
31351506
31351507
31351508
31351509
31351510
31351511
31351512
31351513
31351514
31351515
31351516
31351517
31351518
31351519
31351520
31351521
31351522
31351523
31351524
31351525
31351526
31351527
31351528
31351529
31351530
31351531
31351532
31351533
31351534
31351535
31351536
31351537
31351538
31351539
31351540
31351541
31351542
31351543
31351544
31351545
31351546
31351547
31351548
31351549
31351550
31351551
31351552
31351553
31351554
31351555
31351556
31351557
31351558
31351559
31351560
31351561
31351562
31351563
31351564
31351565
31351566
31351567
31351568
31351569
31351570
31351571
31351572
31351573
31351574
31351575
31351576
31351577
31351578
31351579
31351580
31351581
31351582
31351583
31351584
31351585
31351586
31351587
31351588
31351589
31351590
31351591
31351592
31351593
31351594
31351595
31351596
31351597
31351598
31351599
31351600
31351601
31351602
31351603
31351604
31351605
31351606
31351607
31351608
31351609
31351610
31351611
31351612
31351613
31351614
31351615
31351616
31351617
31351618
31351619
31351620
31351621
31351622
31351623
31351624
31351625
31351626
31351627
31351628
31351629
31351630
31351631
31351632
31351633
31351634
31351635
31351636
31351637
31351638
31351639
31351640
31351641
31351642
31351643
31351644
31351645
31351646
31351647
31351648
31351649
31351650
31351651
31351652
31351653
31351654
31351655
31351656
31351657
31351658
31351659
31351660
31351661
31351662
31351663
31351664
31351665
31351666
31351667
31351668
31351669
31351670
31351671
31351672
31351673
31351674
31351675
31351676
31351677
31351678
31351679
31351680
31351681
31351682
31351683
31351684
31351685
31351686
31351687
31351688
31351689
31351690
31351691
31351692
31351693
31351694
31351695
31351696
31351697
31351698
31351699
31351700
31351701
31351702
31351703
31351704
31351705
31351706
31351707
31351708
31351709
31351710
31351711
31351712
31351713
31351714
31351715
31351716
31351717
31351718
31351719
31351720
31351721
31351722
31351723
31351724
31351725
31351726
31351727
31351728
31351729
31351730
31351731
31351732
31351733
31351734
31351735
31351736
31351737
31351738
31351739
31351740
31351741
31351742
31351743
31351744
31351745
31351746
31351747
31351748
31351749
31351750
31351751
31351752
31351753
31351754
31351755
31351756
31351757
31351758
31351759
31351760
31351761
31351762
31351763
31351764
31351765
31351766
31351767
31351768
31351769
31351770
31351771
31351772
31351773
31351774
31351775
31351776
31351777
31351778
31351779
31351780
31351781
31351782
31351783
31351784
31351785
31351786
31351787
31351788
31351789
31351790
31351791
31351792
31351793
31351794
31351795
31351796
31351797
31351798
31351799
31351800
31351801
31351802
31351803
31351804
31351805
31351806
31351807
31351808
31351809
31351810
31351811
31351812
31351813
31351814
31351815
31351816
31351817
31351818
31351819
31351820
31351821
31351822
31351823
31351824
31351825
31351826
31351827
31351828
31351829
31351830
31351831
31351832
31351833
31351834
31351835
31351836
31351837
31351838
31351839
31351840
31351841
31351842
31351843
31351844
31351845
31351846
31351847
31351848
31351849
31351850
31351851
31351852
31351853
31351854
31351855
31351856
31351857
31351858
31351859
31351860
31351861
31351862
31351863
31351864
31351865
31351866
31351867
31351868
31351869
31351870
31351871
31351872
31351873
31351874
31351875
31351876
31351877
31351878
31351879
31351880
31351881
31351882
31351883
31351884
31351885
31351886
31351887
31351888
31351889
31351890
31351891
31351892
31351893
31351894
31351895
31351896
31351897
31351898
31351899
31351900
31351901
31351902
31351903
31351904
31351905
31351906
31351907
31351908
31351909
31351910
31351911
31351912
31351913
31351914
31351915
31351916
31351917
31351918
31351919
31351920
31351921
31351922
31351923
31351924
31351925
31351926
31351927
31351928
31351929
31351930
31351931
31351932
31351933
31351934
31351935
31351936
31351937
31351938
31351939
31351940
31351941
31351942
31351943
31351944
31351945
31351946
31351947
31351948
31351949
31351950
31351951
31351952
31351953
31351954
31351955
31351956
31351957
31351958
31351959
31351960
31351961
31351962
31351963
31351964
31351965
31351966
31351967
31351968
31351969
31351970
31351971
31351972
31351973
31351974
31351975
31351976
31351977
31351978
31351979
31351980
31351981
31351982
31351983
31351984
31351985
31351986
31351987
31351988
31351989
31351990
31351991
31351992
31351993
31351994
31351995
31351996
31351997
31351998
31351999
31352000
31352001
31352002
31352003
31352004
31352005
31352006
31352007
31352008
31352009
31352010
31352011
31352012
31352013
31352014
31352015
31352016
31352017
31352018
31352019
31352020
31352021
31352022
31352023
31352024
31352025
31352026
31352027
31352028
31352029
31352030
31352031
31352032
31352033
31352034
31352035
31352036
31352037
31352038
31352039
31352040
31352041
31352042
31352043
31352044
31352045
31352046
31352047
31352048
31352049
31352050
31352051
31352052
31352053
31352054
31352055
31352056
31352057
31352058
31352059
31352060
31352061
31352062
31352063
31352064
31352065
31352066
31352067
31352068
31352069
31352070
31352071
31352072
31352073
31352074
31352075
31352076
31352077
31352078
31352079
31352080
31352081
31352082
31352083
31352084
31352085
31352086
31352087
31352088
31352089
31352090
31352091
31352092
31352093
31352094
31352095
31352096
31352097
31352098
31352099
31352100
31352101
31352102
31352103
31352104
31352105
31352106
31352107
31352108
31352109
31352110
31352111
31352112
31352113
31352114
31352115
31352116
31352117
31352118
31352119
31352120
31352121
31352122
31352123
31352124
31352125
31352126
31352127
31352128
31352129
31352130
31352131
31352132
31352133
31352134
31352135
31352136
31352137
31352138
31352139
31352140
31352141
31352142
31352143
31352144
31352145
31352146
31352147
31352148
31352149
31352150
31352151
31352152
31352153
31352154
31352155
31352156
31352157
31352158
31352159
31352160
31352161
31352162
31352163
31352164
31352165
31352166
31352167
31352168
31352169
31352170
31352171
31352172
31352173
31352174
31352175
31352176
31352177
31352178
31352179
31352180
31352181
31352182
31352183
31352184
31352185
31352186
31352187
31352188
31352189
31352190
31352191
31352192
31352193
31352194
31352195
31352196
31352197
31352198
31352199
31352200
31352201
31352202
31352203
31352204
31352205
31352206
31352207
31352208
31352209
31352210
31352211
31352212
31352213
31352214
31352215
31352216
31352217
31352218
31352219
31352220
31352221
31352222
31352223
31352224
31352225
31352226
31352227
31352228
31352229
31352230
31352231
31352232
31352233
31352234
31352235
31352236
31352237
31352238
31352239
31352240
31352241
31352242
31352243
31352244
31352245
31352246
31352247
31352248
31352249
31352250
31352251
31352252
31352253
31352254
31352255
31352256
31352257
31352258
31352259
31352260
31352261
31352262
31352263
31352264
31352265
31352266
31352267
31352268
31352269
31352270
31352271
31352272
31352273
31352274
31352275
31352276
31352277
31352278
31352279
31352280
31352281
31352282
31352283
31352284
31352285
31352286
31352287
31352288
31352289
31352290
31352291
31352292
31352293
31352294
31352295
31352296
31352297
31352298
31352299
31352300
31352301
31352302
31352303
31352304
31352305
31352306
31352307
31352308
31352309
31352310
31352311
31352312
31352313
31352314
31352315
31352316
31352317
31352318
31352319
31352320
31352321
31352322
31352323
31352324
31352325
31352326
31352327
31352328
31352329
31352330
31352331
31352332
31352333
31352334
31352335
31352336
31352337
31352338
31352339
31352340
31352341
31352342
31352343
31352344
31352345
31352346
31352347
31352348
31352349
31352350
31352351
31352352
31352353
31352354
31352355
31352356
31352357
31352358
31352359
31352360
31352361
31352362
31352363
31352364
31352365
31352366
31352367
31352368
31352369
31352370
31352371
31352372
31352373
31352374
31352375
31352376
31352377
31352378
31352379
31352380
31352381
31352382
31352383
31352384
31352385
31352386
31352387
31352388
31352389
31352390
31352391
31352392
31352393
31352394
31352395
31352396
31352397
31352398
31352399
31352400
31352401
31352402
31352403
31352404
31352405
31352406
31352407
31352408
31352409
31352410
31352411
31352412
31352413
31352414
31352415
31352416
31352417
31352418
31352419
31352420
31352421
31352422
31352423
31352424
31352425
31352426
31352427
31352428
31352429
31352430
31352431
31352432
31352433
31352434
31352435
31352436
31352437
31352438
31352439
31352440
31352441
31352442
31352443
31352444
31352445
31352446
31352447
31352448
31352449
31352450
31352451
31352452
31352453
31352454
31352455
31352456
31352457
31352458
31352459
31352460
31352461
31352462
31352463
31352464
31352465
31352466
31352467
31352468
31352469
31352470
31352471
31352472
31352473
31352474
31352475
31352476
31352477
31352478
31352479
31352480
31352481
31352482
31352483
31352484
31352485
31352486
31352487
31352488
31352489
31352490
31352491
31352492
31352493
31352494
31352495
31352496
31352497
31352498
31352499
31352500
31352501
31352502
31352503
31352504
31352505
31352506
31352507
31352508
31352509
31352510
31352511
31352512
31352513
31352514
31352515
31352516
31352517
31352518
31352519
31352520
31352521
31352522
31352523
31352524
31352525
31352526
31352527
31352528
31352529
31352530
31352531
31352532
31352533
31352534
31352535
31352536
31352537
31352538
31352539
31352540
31352541
31352542
31352543
31352544
31352545
31352546
31352547
31352548
31352549
31352550
31352551
31352552
31352553
31352554
31352555
31352556
31352557
31352558
31352559
31352560
31352561
31352562
31352563
31352564
31352565
31352566
31352567
31352568
31352569
31352570
31352571
31352572
31352573
31352574
31352575
31352576
31352577
31352578
31352579
31352580
31352581
31352582
31352583
31352584
31352585
31352586
31352587
31352588
31352589
31352590
31352591
31352592
31352593
31352594
31352595
31352596
31352597
31352598
31352599
31352600
31352601
31352602
31352603
31352604
31352605
31352606
31352607
31352608
31352609
31352610
31352611
31352612
31352613
31352614
31352615
31352616
31352617
31352618
31352619
31352620
31352621
31352622
31352623
31352624
31352625
31352626
31352627
31352628
31352629
31352630
31352631
31352632
31352633
31352634
31352635
31352636
31352637
31352638
31352639
31352640
31352641
31352642
31352643
31352644
31352645
31352646
31352647
31352648
31352649
31352650
31352651
31352652
31352653
31352654
31352655
31352656
31352657
31352658
31352659
31352660
31352661
31352662
31352663
31352664
31352665
31352666
31352667
31352668
31352669
31352670
31352671
31352672
31352673
31352674
31352675
31352676
31352677
31352678
31352679
31352680
31352681
31352682
31352683
31352684
31352685
31352686
31352687
31352688
31352689
31352690
31352691
31352692
31352693
31352694
31352695
31352696
31352697
31352698
31352699
31352700
31352701
31352702
31352703
31352704
31352705
31352706
31352707
31352708
31352709
31352710
31352711
31352712
31352713
31352714
31352715
31352716
31352717
31352718
31352719
31352720
31352721
31352722
31352723
31352724
31352725
31352726
31352727
31352728
31352729
31352730
31352731
31352732
31352733
31352734
31352735
31352736
31352737
31352738
31352739
31352740
31352741
31352742
31352743
31352744
31352745
31352746
31352747
31352748
31352749
31352750
31352751
31352752
31352753
31352754
31352755
31352756
31352757
31352758
31352759
31352760
31352761
31352762
31352763
31352764
31352765
31352766
31352767
31352768
31352769
31352770
31352771
31352772
31352773
31352774
31352775
31352776
31352777
31352778
31352779
31352780
31352781
31352782
31352783
31352784
31352785
31352786
31352787
31352788
31352789
31352790
31352791
31352792
31352793
31352794
31352795
31352796
31352797
31352798
31352799
31352800
31352801
31352802
31352803
31352804
31352805
31352806
31352807
31352808
31352809
31352810
31352811
31352812
31352813
31352814
31352815
31352816
31352817
31352818
31352819
31352820
31352821
31352822
31352823
31352824
31352825
31352826
31352827
31352828
31352829
31352830
31352831
31352832
31352833
31352834
31352835
31352836
31352837
31352838
31352839
31352840
31352841
31352842
31352843
31352844
31352845
31352846
31352847
31352848
31352849
31352850
31352851
31352852
31352853
31352854
31352855
31352856
31352857
31352858
31352859
31352860
31352861
31352862
31352863
31352864
31352865
31352866
31352867
31352868
31352869
31352870
31352871
31352872
31352873
31352874
31352875
31352876
31352877
31352878
31352879
31352880
31352881
31352882
31352883
31352884
31352885
31352886
31352887
31352888
31352889
31352890
31352891
31352892
31352893
31352894
31352895
31352896
31352897
31352898
31352899
31352900
31352901
31352902
31352903
31352904
31352905
31352906
31352907
31352908
31352909
31352910
31352911
31352912
31352913
31352914
31352915
31352916
31352917
31352918
31352919
31352920
31352921
31352922
31352923
31352924
31352925
31352926
31352927
31352928
31352929
31352930
31352931
31352932
31352933
31352934
31352935
31352936
31352937
31352938
31352939
31352940
31352941
31352942
31352943
31352944
31352945
31352946
31352947
31352948
31352949
31352950
31352951
31352952
31352953
31352954
31352955
31352956
31352957
31352958
31352959
31352960
31352961
31352962
31352963
31352964
31352965
31352966
31352967
31352968
31352969
31352970
31352971
31352972
31352973
31352974
31352975
31352976
31352977
31352978
31352979
31352980
31352981
31352982
31352983
31352984
31352985
31352986
31352987
31352988
31352989
31352990
31352991
31352992
31352993
31352994
31352995
31352996
31352997
31352998
31352999
31353000
31353001
31353002
31353003
31353004
31353005
31353006
31353007
31353008
31353009
31353010
31353011
31353012
31353013
31353014
31353015
31353016
31353017
31353018
31353019
31353020
31353021
31353022
31353023
31353024
31353025
31353026
31353027
31353028
31353029
31353030
31353031
31353032
31353033
31353034
31353035
31353036
31353037
31353038
31353039
31353040
31353041
31353042
31353043
31353044
31353045
31353046
31353047
31353048
31353049
31353050
31353051
31353052
31353053
31353054
31353055
31353056
31353057
31353058
31353059
31353060
31353061
31353062
31353063
31353064
31353065
31353066
31353067
31353068
31353069
31353070
31353071
31353072
31353073
31353074
31353075
31353076
31353077
31353078
31353079
31353080
31353081
31353082
31353083
31353084
31353085
31353086
31353087
31353088
31353089
31353090
31353091
31353092
31353093
31353094
31353095
31353096
31353097
31353098
31353099
31353100
31353101
31353102
31353103
31353104
31353105
31353106
31353107
31353108
31353109
31353110
31353111
31353112
31353113
31353114
31353115
31353116
31353117
31353118
31353119
31353120
31353121
31353122
31353123
31353124
31353125
31353126
31353127
31353128
31353129
31353130
31353131
31353132
31353133
31353134
31353135
31353136
31353137
31353138
31353139
31353140
31353141
31353142
31353143
31353144
31353145
31353146
31353147
31353148
31353149
31353150
31353151
31353152
31353153
31353154
31353155
31353156
31353157
31353158
31353159
31353160
31353161
31353162
31353163
31353164
31353165
31353166
31353167
31353168
31353169
31353170
31353171
31353172
31353173
31353174
31353175
31353176
31353177
31353178
31353179
31353180
31353181
31353182
31353183
31353184
31353185
31353186
31353187
31353188
31353189
31353190
31353191
31353192
31353193
31353194
31353195
31353196
31353197
31353198
31353199
31353200
31353201
31353202
31353203
31353204
31353205
31353206
31353207
31353208
31353209
31353210
31353211
31353212
31353213
31353214
31353215
31353216
31353217
31353218
31353219
31353220
31353221
31353222
31353223
31353224
31353225
31353226
31353227
31353228
31353229
31353230
31353231
31353232
31353233
31353234
31353235
31353236
31353237
31353238
31353239
31353240
31353241
31353242
31353243
31353244
31353245
31353246
31353247
31353248
31353249
31353250
31353251
31353252
31353253
31353254
31353255
31353256
31353257
31353258
31353259
31353260
31353261
31353262
31353263
31353264
31353265
31353266
31353267
31353268
31353269
31353270
31353271
31353272
31353273
31353274
31353275
31353276
31353277
31353278
31353279
31353280
31353281
31353282
31353283
31353284
31353285
31353286
31353287
31353288
31353289
31353290
31353291
31353292
31353293
31353294
31353295
31353296
31353297
31353298
31353299
31353300
31353301
31353302
31353303
31353304
31353305
31353306
31353307
31353308
31353309
31353310
31353311
31353312
31353313
31353314
31353315
31353316
31353317
31353318
31353319
31353320
31353321
31353322
31353323
31353324
31353325
31353326
31353327
31353328
31353329
31353330
31353331
31353332
31353333
31353334
31353335
31353336
31353337
31353338
31353339
31353340
31353341
31353342
31353343
31353344
31353345
31353346
31353347
31353348
31353349
31353350
31353351
31353352
31353353
31353354
31353355
31353356
31353357
31353358
31353359
31353360
31353361
31353362
31353363
31353364
31353365
31353366
31353367
31353368
31353369
31353370
31353371
31353372
31353373
31353374
31353375
31353376
31353377
31353378
31353379
31353380
31353381
31353382
31353383
31353384
31353385
31353386
31353387
31353388
31353389
31353390
31353391
31353392
31353393
31353394
31353395
31353396
31353397
31353398
31353399
31353400
31353401
31353402
31353403
31353404
31353405
31353406
31353407
31353408
31353409
31353410
31353411
31353412
31353413
31353414
31353415
31353416
31353417
31353418
31353419
31353420
31353421
31353422
31353423
31353424
31353425
31353426
31353427
31353428
31353429
31353430
31353431
31353432
31353433
31353434
31353435
31353436
31353437
31353438
31353439
31353440
31353441
31353442
31353443
31353444
31353445
31353446
31353447
31353448
31353449
31353450
31353451
31353452
31353453
31353454
31353455
31353456
31353457
31353458
31353459
31353460
31353461
31353462
31353463
31353464
31353465
31353466
31353467
31353468
31353469
31353470
31353471
31353472
31353473
31353474
31353475
31353476
31353477
31353478
31353479
31353480
31353481
31353482
31353483
31353484
31353485
31353486
31353487
31353488
31353489
31353490
31353491
31353492
31353493
31353494
31353495
31353496
31353497
31353498
31353499
31353500
31353501
31353502
31353503
31353504
31353505
31353506
31353507
31353508
31353509
31353510
31353511
31353512
31353513
31353514
31353515
31353516
31353517
31353518
31353519
31353520
31353521
31353522
31353523
31353524
31353525
31353526
31353527
31353528
31353529
31353530
31353531
31353532
31353533
31353534
31353535
31353536
31353537
31353538
31353539
31353540
31353541
31353542
31353543
31353544
31353545
31353546
31353547
31353548
31353549
31353550
31353551
31353552
31353553
31353554
31353555
31353556
31353557
31353558
31353559
31353560
31353561
31353562
31353563
31353564
31353565
31353566
31353567
31353568
31353569
31353570
31353571
31353572
31353573
31353574
31353575
31353576
31353577
31353578
31353579
31353580
31353581
31353582
31353583
31353584
31353585
31353586
31353587
31353588
31353589
31353590
31353591
31353592
31353593
31353594
31353595
31353596
31353597
31353598
31353599
31353600
31353601
31353602
31353603
31353604
31353605
31353606
31353607
31353608
31353609
31353610
31353611
31353612
31353613
31353614
31353615
31353616
31353617
31353618
31353619
31353620
31353621
31353622
31353623
31353624
31353625
31353626
31353627
31353628
31353629
31353630
31353631
31353632
31353633
31353634
31353635
31353636
31353637
31353638
31353639
31353640
31353641
31353642
31353643
31353644
31353645
31353646
31353647
31353648
31353649
31353650
31353651
31353652
31353653
31353654
31353655
31353656
31353657
31353658
31353659
31353660
31353661
31353662
31353663
31353664
31353665
31353666
31353667
31353668
31353669
31353670
31353671
31353672
31353673
31353674
31353675
31353676
31353677
31353678
31353679
31353680
31353681
31353682
31353683
31353684
31353685
31353686
31353687
31353688
31353689
31353690
31353691
31353692
31353693
31353694
31353695
31353696
31353697
31353698
31353699
31353700
31353701
31353702
31353703
31353704
31353705
31353706
31353707
31353708
31353709
31353710
31353711
31353712
31353713
31353714
31353715
31353716
31353717
31353718
31353719
31353720
31353721
31353722
31353723
31353724
31353725
31353726
31353727
31353728
31353729
31353730
31353731
31353732
31353733
31353734
31353735
31353736
31353737
31353738
31353739
31353740
31353741
31353742
31353743
31353744
31353745
31353746
31353747
31353748
31353749
31353750
31353751
31353752
31353753
31353754
31353755
31353756
31353757
31353758
31353759
31353760
31353761
31353762
31353763
31353764
31353765
31353766
31353767
31353768
31353769
31353770
31353771
31353772
31353773
31353774
31353775
31353776
31353777
31353778
31353779
31353780
31353781
31353782
31353783
31353784
31353785
31353786
31353787
31353788
31353789
31353790
31353791
31353792
31353793
31353794
31353795
31353796
31353797
31353798
31353799
31353800
31353801
31353802
31353803
31353804
31353805
31353806
31353807
31353808
31353809
31353810
31353811
31353812
31353813
31353814
31353815
31353816
31353817
31353818
31353819
31353820
31353821
31353822
31353823
31353824
31353825
31353826
31353827
31353828
31353829
31353830
31353831
31353832
31353833
31353834
31353835
31353836
31353837
31353838
31353839
31353840
31353841
31353842
31353843
31353844
31353845
31353846
31353847
31353848
31353849
31353850
31353851
31353852
31353853
31353854
31353855
31353856
31353857
31353858
31353859
31353860
31353861
31353862
31353863
31353864
31353865
31353866
31353867
31353868
31353869
31353870
31353871
31353872
31353873
31353874
31353875
31353876
31353877
31353878
31353879
31353880
31353881
31353882
31353883
31353884
31353885
31353886
31353887
31353888
31353889
31353890
31353891
31353892
31353893
31353894
31353895
31353896
31353897
31353898
31353899
31353900
31353901
31353902
31353903
31353904
31353905
31353906
31353907
31353908
31353909
31353910
31353911
31353912
31353913
31353914
31353915
31353916
31353917
31353918
31353919
31353920
31353921
31353922
31353923
31353924
31353925
31353926
31353927
31353928
31353929
31353930
31353931
31353932
31353933
31353934
31353935
31353936
31353937
31353938
31353939
31353940
31353941
31353942
31353943
31353944
31353945
31353946
31353947
31353948
31353949
31353950
31353951
31353952
31353953
31353954
31353955
31353956
31353957
31353958
31353959
31353960
31353961
31353962
31353963
31353964
31353965
31353966
31353967
31353968
31353969
31353970
31353971
31353972
31353973
31353974
31353975
31353976
31353977
31353978
31353979
31353980
31353981
31353982
31353983
31353984
31353985
31353986
31353987
31353988
31353989
31353990
31353991
31353992
31353993
31353994
31353995
31353996
31353997
31353998
31353999
31354000
31354001
31354002
31354003
31354004
31354005
31354006
31354007
31354008
31354009
31354010
31354011
31354012
31354013
31354014
31354015
31354016
31354017
31354018
31354019
31354020
31354021
31354022
31354023
31354024
31354025
31354026
31354027
31354028
31354029
31354030
31354031
31354032
31354033
31354034
31354035
31354036
31354037
31354038
31354039
31354040
31354041
31354042
31354043
31354044
31354045
31354046
31354047
31354048
31354049
31354050
31354051
31354052
31354053
31354054
31354055
31354056
31354057
31354058
31354059
31354060
31354061
31354062
31354063
31354064
31354065
31354066
31354067
31354068
31354069
31354070
31354071
31354072
31354073
31354074
31354075
31354076
31354077
31354078
31354079
31354080
31354081
31354082
31354083
31354084
31354085
31354086
31354087
31354088
31354089
31354090
31354091
31354092
31354093
31354094
31354095
31354096
31354097
31354098
31354099
31354100
31354101
31354102
31354103
31354104
31354105
31354106
31354107
31354108
31354109
31354110
31354111
31354112
31354113
31354114
31354115
31354116
31354117
31354118
31354119
31354120
31354121
31354122
31354123
31354124
31354125
31354126
31354127
31354128
31354129
31354130
31354131
31354132
31354133
31354134
31354135
31354136
31354137
31354138
31354139
31354140
31354141
31354142
31354143
31354144
31354145
31354146
31354147
31354148
31354149
31354150
31354151
31354152
31354153
31354154
31354155
31354156
31354157
31354158
31354159
31354160
31354161
31354162
31354163
31354164
31354165
31354166
31354167
31354168
31354169
31354170
31354171
31354172
31354173
31354174
31354175
31354176
31354177
31354178
31354179
31354180
31354181
31354182
31354183
31354184
31354185
31354186
31354187
31354188
31354189
31354190
31354191
31354192
31354193
31354194
31354195
31354196
31354197
31354198
31354199
31354200
31354201
31354202
31354203
31354204
31354205
31354206
31354207
31354208
31354209
31354210
31354211
31354212
31354213
31354214
31354215
31354216
31354217
31354218
31354219
31354220
31354221
31354222
31354223
31354224
31354225
31354226
31354227
31354228
31354229
31354230
31354231
31354232
31354233
31354234
31354235
31354236
31354237
31354238
31354239
31354240
31354241
31354242
31354243
31354244
31354245
31354246
31354247
31354248
31354249
31354250
31354251
31354252
31354253
31354254
31354255
31354256
31354257
31354258
31354259
31354260
31354261
31354262
31354263
31354264
31354265
31354266
31354267
31354268
31354269
31354270
31354271
31354272
31354273
31354274
31354275
31354276
31354277
31354278
31354279
31354280
31354281
31354282
31354283
31354284
31354285
31354286
31354287
31354288
31354289
31354290
31354291
31354292
31354293
31354294
31354295
31354296
31354297
31354298
31354299
31354300
31354301
31354302
31354303
31354304
31354305
31354306
31354307
31354308
31354309
31354310
31354311
31354312
31354313
31354314
31354315
31354316
31354317
31354318
31354319
31354320
31354321
31354322
31354323
31354324
31354325
31354326
31354327
31354328
31354329
31354330
31354331
31354332
31354333
31354334
31354335
31354336
31354337
31354338
31354339
31354340
31354341
31354342
31354343
31354344
31354345
31354346
31354347
31354348
31354349
31354350
31354351
31354352
31354353
31354354
31354355
31354356
31354357
31354358
31354359
31354360
31354361
31354362
31354363
31354364
31354365
31354366
31354367
31354368
31354369
31354370
31354371
31354372
31354373
31354374
31354375
31354376
31354377
31354378
31354379
31354380
31354381
31354382
31354383
31354384
31354385
31354386
31354387
31354388
31354389
31354390
31354391
31354392
31354393
31354394
31354395
31354396
31354397
31354398
31354399
31354400
31354401
31354402
31354403
31354404
31354405
31354406
31354407
31354408
31354409
31354410
31354411
31354412
31354413
31354414
31354415
31354416
31354417
31354418
31354419
31354420
31354421
31354422
31354423
31354424
31354425
31354426
31354427
31354428
31354429
31354430
31354431
31354432
31354433
31354434
31354435
31354436
31354437
31354438
31354439
31354440
31354441
31354442
31354443
31354444
31354445
31354446
31354447
31354448
31354449
31354450
31354451
31354452
31354453
31354454
31354455
31354456
31354457
31354458
31354459
31354460
31354461
31354462
31354463
31354464
31354465
31354466
31354467
31354468
31354469
31354470
31354471
31354472
31354473
31354474
31354475
31354476
31354477
31354478
31354479
31354480
31354481
31354482
31354483
31354484
31354485
31354486
31354487
31354488
31354489
31354490
31354491
31354492
31354493
31354494
31354495
31354496
31354497
31354498
31354499
31354500
31354501
31354502
31354503
31354504
31354505
31354506
31354507
31354508
31354509
31354510
31354511
31354512
31354513
31354514
31354515
31354516
31354517
31354518
31354519
31354520
31354521
31354522
31354523
31354524
31354525
31354526
31354527
31354528
31354529
31354530
31354531
31354532
31354533
31354534
31354535
31354536
31354537
31354538
31354539
31354540
31354541
31354542
31354543
31354544
31354545
31354546
31354547
31354548
31354549
31354550
31354551
31354552
31354553
31354554
31354555
31354556
31354557
31354558
31354559
31354560
31354561
31354562
31354563
31354564
31354565
31354566
31354567
31354568
31354569
31354570
31354571
31354572
31354573
31354574
31354575
31354576
31354577
31354578
31354579
31354580
31354581
31354582
31354583
31354584
31354585
31354586
31354587
31354588
31354589
31354590
31354591
31354592
31354593
31354594
31354595
31354596
31354597
31354598
31354599
31354600
31354601
31354602
31354603
31354604
31354605
31354606
31354607
31354608
31354609
31354610
31354611
31354612
31354613
31354614
31354615
31354616
31354617
31354618
31354619
31354620
31354621
31354622
31354623
31354624
31354625
31354626
31354627
31354628
31354629
31354630
31354631
31354632
31354633
31354634
31354635
31354636
31354637
31354638
31354639
31354640
31354641
31354642
31354643
31354644
31354645
31354646
31354647
31354648
31354649
31354650
31354651
31354652
31354653
31354654
31354655
31354656
31354657
31354658
31354659
31354660
31354661
31354662
31354663
31354664
31354665
31354666
31354667
31354668
31354669
31354670
31354671
31354672
31354673
31354674
31354675
31354676
31354677
31354678
31354679
31354680
31354681
31354682
31354683
31354684
31354685
31354686
31354687
31354688
31354689
31354690
31354691
31354692
31354693
31354694
31354695
31354696
31354697
31354698
31354699
31354700
31354701
31354702
31354703
31354704
31354705
31354706
31354707
31354708
31354709
31354710
31354711
31354712
31354713
31354714
31354715
31354716
31354717
31354718
31354719
31354720
31354721
31354722
31354723
31354724
31354725
31354726
31354727
31354728
31354729
31354730
31354731
31354732
31354733
31354734
31354735
31354736
31354737
31354738
31354739
31354740
31354741
31354742
31354743
31354744
31354745
31354746
31354747
31354748
31354749
31354750
31354751
31354752
31354753
31354754
31354755
31354756
31354757
31354758
31354759
31354760
31354761
31354762
31354763
31354764
31354765
31354766
31354767
31354768
31354769
31354770
31354771
31354772
31354773
31354774
31354775
31354776
31354777
31354778
31354779
31354780
31354781
31354782
31354783
31354784
31354785
31354786
31354787
31354788
31354789
31354790
31354791
31354792
31354793
31354794
31354795
31354796
31354797
31354798
31354799
31354800
31354801
31354802
31354803
31354804
31354805
31354806
31354807
31354808
31354809
31354810
31354811
31354812
31354813
31354814
31354815
31354816
31354817
31354818
31354819
31354820
31354821
31354822
31354823
31354824
31354825
31354826
31354827
31354828
31354829
31354830
31354831
31354832
31354833
31354834
31354835
31354836
31354837
31354838
31354839
31354840
31354841
31354842
31354843
31354844
31354845
31354846
31354847
31354848
31354849
31354850
31354851
31354852
31354853
31354854
31354855
31354856
31354857
31354858
31354859
31354860
31354861
31354862
31354863
31354864
31354865
31354866
31354867
31354868
31354869
31354870
31354871
31354872
31354873
31354874
31354875
31354876
31354877
31354878
31354879
31354880
31354881
31354882
31354883
31354884
31354885
31354886
31354887
31354888
31354889
31354890
31354891
31354892
31354893
31354894
31354895
31354896
31354897
31354898
31354899
31354900
31354901
31354902
31354903
31354904
31354905
31354906
31354907
31354908
31354909
31354910
31354911
31354912
31354913
31354914
31354915
31354916
31354917
31354918
31354919
31354920
31354921
31354922
31354923
31354924
31354925
31354926
31354927
31354928
31354929
31354930
31354931
31354932
31354933
31354934
31354935
31354936
31354937
31354938
31354939
31354940
31354941
31354942
31354943
31354944
31354945
31354946
31354947
31354948
31354949
31354950
31354951
31354952
31354953
31354954
31354955
31354956
31354957
31354958
31354959
31354960
31354961
31354962
31354963
31354964
31354965
31354966
31354967
31354968
31354969
31354970
31354971
31354972
31354973
31354974
31354975
31354976
31354977
31354978
31354979
31354980
31354981
31354982
31354983
31354984
31354985
31354986
31354987
31354988
31354989
31354990
31354991
31354992
31354993
31354994
31354995
31354996
31354997
31354998
31354999
31355000
31355001
31355002
31355003
31355004
31355005
31355006
31355007
31355008
31355009
31355010
31355011
31355012
31355013
31355014
31355015
31355016
31355017
31355018
31355019
31355020
31355021
31355022
31355023
31355024
31355025
31355026
31355027
31355028
31355029
31355030
31355031
31355032
31355033
31355034
31355035
31355036
31355037
31355038
31355039
31355040
31355041
31355042
31355043
31355044
31355045
31355046
31355047
31355048
31355049
31355050
31355051
31355052
31355053
31355054
31355055
31355056
31355057
31355058
31355059
31355060
31355061
31355062
31355063
31355064
31355065
31355066
31355067
31355068
31355069
31355070
31355071
31355072
31355073
31355074
31355075
31355076
31355077
31355078
31355079
31355080
31355081
31355082
31355083
31355084
31355085
31355086
31355087
31355088
31355089
31355090
31355091
31355092
31355093
31355094
31355095
31355096
31355097
31355098
31355099
31355100
31355101
31355102
31355103
31355104
31355105
31355106
31355107
31355108
31355109
31355110
31355111
31355112
31355113
31355114
31355115
31355116
31355117
31355118
31355119
31355120
31355121
31355122
31355123
31355124
31355125
31355126
31355127
31355128
31355129
31355130
31355131
31355132
31355133
31355134
31355135
31355136
31355137
31355138
31355139
31355140
31355141
31355142
31355143
31355144
31355145
31355146
31355147
31355148
31355149
31355150
31355151
31355152
31355153
31355154
31355155
31355156
31355157
31355158
31355159
31355160
31355161
31355162
31355163
31355164
31355165
31355166
31355167
31355168
31355169
31355170
31355171
31355172
31355173
31355174
31355175
31355176
31355177
31355178
31355179
31355180
31355181
31355182
31355183
31355184
31355185
31355186
31355187
31355188
31355189
31355190
31355191
31355192
31355193
31355194
31355195
31355196
31355197
31355198
31355199
31355200
31355201
31355202
31355203
31355204
31355205
31355206
31355207
31355208
31355209
31355210
31355211
31355212
31355213
31355214
31355215
31355216
31355217
31355218
31355219
31355220
31355221
31355222
31355223
31355224
31355225
31355226
31355227
31355228
31355229
31355230
31355231
31355232
31355233
31355234
31355235
31355236
31355237
31355238
31355239
31355240
31355241
31355242
31355243
31355244
31355245
31355246
31355247
31355248
31355249
31355250
31355251
31355252
31355253
31355254
31355255
31355256
31355257
31355258
31355259
31355260
31355261
31355262
31355263
31355264
31355265
31355266
31355267
31355268
31355269
31355270
31355271
31355272
31355273
31355274
31355275
31355276
31355277
31355278
31355279
31355280
31355281
31355282
31355283
31355284
31355285
31355286
31355287
31355288
31355289
31355290
31355291
31355292
31355293
31355294
31355295
31355296
31355297
31355298
31355299
31355300
31355301
31355302
31355303
31355304
31355305
31355306
31355307
31355308
31355309
31355310
31355311
31355312
31355313
31355314
31355315
31355316
31355317
31355318
31355319
31355320
31355321
31355322
31355323
31355324
31355325
31355326
31355327
31355328
31355329
31355330
31355331
31355332
31355333
31355334
31355335
31355336
31355337
31355338
31355339
31355340
31355341
31355342
31355343
31355344
31355345
31355346
31355347
31355348
31355349
31355350
31355351
31355352
31355353
31355354
31355355
31355356
31355357
31355358
31355359
31355360
31355361
31355362
31355363
31355364
31355365
31355366
31355367
31355368
31355369
31355370
31355371
31355372
31355373
31355374
31355375
31355376
31355377
31355378
31355379
31355380
31355381
31355382
31355383
31355384
31355385
31355386
31355387
31355388
31355389
31355390
31355391
31355392
31355393
31355394
31355395
31355396
31355397
31355398
31355399
31355400
31355401
31355402
31355403
31355404
31355405
31355406
31355407
31355408
31355409
31355410
31355411
31355412
31355413
31355414
31355415
31355416
31355417
31355418
31355419
31355420
31355421
31355422
31355423
31355424
31355425
31355426
31355427
31355428
31355429
31355430
31355431
31355432
31355433
31355434
31355435
31355436
31355437
31355438
31355439
31355440
31355441
31355442
31355443
31355444
31355445
31355446
31355447
31355448
31355449
31355450
31355451
31355452
31355453
31355454
31355455
31355456
31355457
31355458
31355459
31355460
31355461
31355462
31355463
31355464
31355465
31355466
31355467
31355468
31355469
31355470
31355471
31355472
31355473
31355474
31355475
31355476
31355477
31355478
31355479
31355480
31355481
31355482
31355483
31355484
31355485
31355486
31355487
31355488
31355489
31355490
31355491
31355492
31355493
31355494
31355495
31355496
31355497
31355498
31355499
31355500
31355501
31355502
31355503
31355504
31355505
31355506
31355507
31355508
31355509
31355510
31355511
31355512
31355513
31355514
31355515
31355516
31355517
31355518
31355519
31355520
31355521
31355522
31355523
31355524
31355525
31355526
31355527
31355528
31355529
31355530
31355531
31355532
31355533
31355534
31355535
31355536
31355537
31355538
31355539
31355540
31355541
31355542
31355543
31355544
31355545
31355546
31355547
31355548
31355549
31355550
31355551
31355552
31355553
31355554
31355555
31355556
31355557
31355558
31355559
31355560
31355561
31355562
31355563
31355564
31355565
31355566
31355567
31355568
31355569
31355570
31355571
31355572
31355573
31355574
31355575
31355576
31355577
31355578
31355579
31355580
31355581
31355582
31355583
31355584
31355585
31355586
31355587
31355588
31355589
31355590
31355591
31355592
31355593
31355594
31355595
31355596
31355597
31355598
31355599
31355600
31355601
31355602
31355603
31355604
31355605
31355606
31355607
31355608
31355609
31355610
31355611
31355612
31355613
31355614
31355615
31355616
31355617
31355618
31355619
31355620
31355621
31355622
31355623
31355624
31355625
31355626
31355627
31355628
31355629
31355630
31355631
31355632
31355633
31355634
31355635
31355636
31355637
31355638
31355639
31355640
31355641
31355642
31355643
31355644
31355645
31355646
31355647
31355648
31355649
31355650
31355651
31355652
31355653
31355654
31355655
31355656
31355657
31355658
31355659
31355660
31355661
31355662
31355663
31355664
31355665
31355666
31355667
31355668
31355669
31355670
31355671
31355672
31355673
31355674
31355675
31355676
31355677
31355678
31355679
31355680
31355681
31355682
31355683
31355684
31355685
31355686
31355687
31355688
31355689
31355690
31355691
31355692
31355693
31355694
31355695
31355696
31355697
31355698
31355699
31355700
31355701
31355702
31355703
31355704
31355705
31355706
31355707
31355708
31355709
31355710
31355711
31355712
31355713
31355714
31355715
31355716
31355717
31355718
31355719
31355720
31355721
31355722
31355723
31355724
31355725
31355726
31355727
31355728
31355729
31355730
31355731
31355732
31355733
31355734
31355735
31355736
31355737
31355738
31355739
31355740
31355741
31355742
31355743
31355744
31355745
31355746
31355747
31355748
31355749
31355750
31355751
31355752
31355753
31355754
31355755
31355756
31355757
31355758
31355759
31355760
31355761
31355762
31355763
31355764
31355765
31355766
31355767
31355768
31355769
31355770
31355771
31355772
31355773
31355774
31355775
31355776
31355777
31355778
31355779
31355780
31355781
31355782
31355783
31355784
31355785
31355786
31355787
31355788
31355789
31355790
31355791
31355792
31355793
31355794
31355795
31355796
31355797
31355798
31355799
31355800
31355801
31355802
31355803
31355804
31355805
31355806
31355807
31355808
31355809
31355810
31355811
31355812
31355813
31355814
31355815
31355816
31355817
31355818
31355819
31355820
31355821
31355822
31355823
31355824
31355825
31355826
31355827
31355828
31355829
31355830
31355831
31355832
31355833
31355834
31355835
31355836
31355837
31355838
31355839
31355840
31355841
31355842
31355843
31355844
31355845
31355846
31355847
31355848
31355849
31355850
31355851
31355852
31355853
31355854
31355855
31355856
31355857
31355858
31355859
31355860
31355861
31355862
31355863
31355864
31355865
31355866
31355867
31355868
31355869
31355870
31355871
31355872
31355873
31355874
31355875
31355876
31355877
31355878
31355879
31355880
31355881
31355882
31355883
31355884
31355885
31355886
31355887
31355888
31355889
31355890
31355891
31355892
31355893
31355894
31355895
31355896
31355897
31355898
31355899
31355900
31355901
31355902
31355903
31355904
31355905
31355906
31355907
31355908
31355909
31355910
31355911
31355912
31355913
31355914
31355915
31355916
31355917
31355918
31355919
31355920
31355921
31355922
31355923
31355924
31355925
31355926
31355927
31355928
31355929
31355930
31355931
31355932
31355933
31355934
31355935
31355936
31355937
31355938
31355939
31355940
31355941
31355942
31355943
31355944
31355945
31355946
31355947
31355948
31355949
31355950
31355951
31355952
31355953
31355954
31355955
31355956
31355957
31355958
31355959
31355960
31355961
31355962
31355963
31355964
31355965
31355966
31355967
31355968
31355969
31355970
31355971
31355972
31355973
31355974
31355975
31355976
31355977
31355978
31355979
31355980
31355981
31355982
31355983
31355984
31355985
31355986
31355987
31355988
31355989
31355990
31355991
31355992
31355993
31355994
31355995
31355996
31355997
31355998
31355999
31356000
31356001
31356002
31356003
31356004
31356005
31356006
31356007
31356008
31356009
31356010
31356011
31356012
31356013
31356014
31356015
31356016
31356017
31356018
31356019
31356020
31356021
31356022
31356023
31356024
31356025
31356026
31356027
31356028
31356029
31356030
31356031
31356032
31356033
31356034
31356035
31356036
31356037
31356038
31356039
31356040
31356041
31356042
31356043
31356044
31356045
31356046
31356047
31356048
31356049
31356050
31356051
31356052
31356053
31356054
31356055
31356056
31356057
31356058
31356059
31356060
31356061
31356062
31356063
31356064
31356065
31356066
31356067
31356068
31356069
31356070
31356071
31356072
31356073
31356074
31356075
31356076
31356077
31356078
31356079
31356080
31356081
31356082
31356083
31356084
31356085
31356086
31356087
31356088
31356089
31356090
31356091
31356092
31356093
31356094
31356095
31356096
31356097
31356098
31356099
31356100
31356101
31356102
31356103
31356104
31356105
31356106
31356107
31356108
31356109
31356110
31356111
31356112
31356113
31356114
31356115
31356116
31356117
31356118
31356119
31356120
31356121
31356122
31356123
31356124
31356125
31356126
31356127
31356128
31356129
31356130
31356131
31356132
31356133
31356134
31356135
31356136
31356137
31356138
31356139
31356140
31356141
31356142
31356143
31356144
31356145
31356146
31356147
31356148
31356149
31356150
31356151
31356152
31356153
31356154
31356155
31356156
31356157
31356158
31356159
31356160
31356161
31356162
31356163
31356164
31356165
31356166
31356167
31356168
31356169
31356170
31356171
31356172
31356173
31356174
31356175
31356176
31356177
31356178
31356179
31356180
31356181
31356182
31356183
31356184
31356185
31356186
31356187
31356188
31356189
31356190
31356191
31356192
31356193
31356194
31356195
31356196
31356197
31356198
31356199
31356200
31356201
31356202
31356203
31356204
31356205
31356206
31356207
31356208
31356209
31356210
31356211
31356212
31356213
31356214
31356215
31356216
31356217
31356218
31356219
31356220
31356221
31356222
31356223
31356224
31356225
31356226
31356227
31356228
31356229
31356230
31356231
31356232
31356233
31356234
31356235
31356236
31356237
31356238
31356239
31356240
31356241
31356242
31356243
31356244
31356245
31356246
31356247
31356248
31356249
31356250
31356251
31356252
31356253
31356254
31356255
31356256
31356257
31356258
31356259
31356260
31356261
31356262
31356263
31356264
31356265
31356266
31356267
31356268
31356269
31356270
31356271
31356272
31356273
31356274
31356275
31356276
31356277
31356278
31356279
31356280
31356281
31356282
31356283
31356284
31356285
31356286
31356287
31356288
31356289
31356290
31356291
31356292
31356293
31356294
31356295
31356296
31356297
31356298
31356299
31356300
31356301
31356302
31356303
31356304
31356305
31356306
31356307
31356308
31356309
31356310
31356311
31356312
31356313
31356314
31356315
31356316
31356317
31356318
31356319
31356320
31356321
31356322
31356323
31356324
31356325
31356326
31356327
31356328
31356329
31356330
31356331
31356332
31356333
31356334
31356335
31356336
31356337
31356338
31356339
31356340
31356341
31356342
31356343
31356344
31356345
31356346
31356347
31356348
31356349
31356350
31356351
31356352
31356353
31356354
31356355
31356356
31356357
31356358
31356359
31356360
31356361
31356362
31356363
31356364
31356365
31356366
31356367
31356368
31356369
31356370
31356371
31356372
31356373
31356374
31356375
31356376
31356377
31356378
31356379
31356380
31356381
31356382
31356383
31356384
31356385
31356386
31356387
31356388
31356389
31356390
31356391
31356392
31356393
31356394
31356395
31356396
31356397
31356398
31356399
31356400
31356401
31356402
31356403
31356404
31356405
31356406
31356407
31356408
31356409
31356410
31356411
31356412
31356413
31356414
31356415
31356416
31356417
31356418
31356419
31356420
31356421
31356422
31356423
31356424
31356425
31356426
31356427
31356428
31356429
31356430
31356431
31356432
31356433
31356434
31356435
31356436
31356437
31356438
31356439
31356440
31356441
31356442
31356443
31356444
31356445
31356446
31356447
31356448
31356449
31356450
31356451
31356452
31356453
31356454
31356455
31356456
31356457
31356458
31356459
31356460
31356461
31356462
31356463
31356464
31356465
31356466
31356467
31356468
31356469
31356470
31356471
31356472
31356473
31356474
31356475
31356476
31356477
31356478
31356479
31356480
31356481
31356482
31356483
31356484
31356485
31356486
31356487
31356488
31356489
31356490
31356491
31356492
31356493
31356494
31356495
31356496
31356497
31356498
31356499
31356500
31356501
31356502
31356503
31356504
31356505
31356506
31356507
31356508
31356509
31356510
31356511
31356512
31356513
31356514
31356515
31356516
31356517
31356518
31356519
31356520
31356521
31356522
31356523
31356524
31356525
31356526
31356527
31356528
31356529
31356530
31356531
31356532
31356533
31356534
31356535
31356536
31356537
31356538
31356539
31356540
31356541
31356542
31356543
31356544
31356545
31356546
31356547
31356548
31356549
31356550
31356551
31356552
31356553
31356554
31356555
31356556
31356557
31356558
31356559
31356560
31356561
31356562
31356563
31356564
31356565
31356566
31356567
31356568
31356569
31356570
31356571
31356572
31356573
31356574
31356575
31356576
31356577
31356578
31356579
31356580
31356581
31356582
31356583
31356584
31356585
31356586
31356587
31356588
31356589
31356590
31356591
31356592
31356593
31356594
31356595
31356596
31356597
31356598
31356599
31356600
31356601
31356602
31356603
31356604
31356605
31356606
31356607
31356608
31356609
31356610
31356611
31356612
31356613
31356614
31356615
31356616
31356617
31356618
31356619
31356620
31356621
31356622
31356623
31356624
31356625
31356626
31356627
31356628
31356629
31356630
31356631
31356632
31356633
31356634
31356635
31356636
31356637
31356638
31356639
31356640
31356641
31356642
31356643
31356644
31356645
31356646
31356647
31356648
31356649
31356650
31356651
31356652
31356653
31356654
31356655
31356656
31356657
31356658
31356659
31356660
31356661
31356662
31356663
31356664
31356665
31356666
31356667
31356668
31356669
31356670
31356671
31356672
31356673
31356674
31356675
31356676
31356677
31356678
31356679
31356680
31356681
31356682
31356683
31356684
31356685
31356686
31356687
31356688
31356689
31356690
31356691
31356692
31356693
31356694
31356695
31356696
31356697
31356698
31356699
31356700
31356701
31356702
31356703
31356704
31356705
31356706
31356707
31356708
31356709
31356710
31356711
31356712
31356713
31356714
31356715
31356716
31356717
31356718
31356719
31356720
31356721
31356722
31356723
31356724
31356725
31356726
31356727
31356728
31356729
31356730
31356731
31356732
31356733
31356734
31356735
31356736
31356737
31356738
31356739
31356740
31356741
31356742
31356743
31356744
31356745
31356746
31356747
31356748
31356749
31356750
31356751
31356752
31356753
31356754
31356755
31356756
31356757
31356758
31356759
31356760
31356761
31356762
31356763
31356764
31356765
31356766
31356767
31356768
31356769
31356770
31356771
31356772
31356773
31356774
31356775
31356776
31356777
31356778
31356779
31356780
31356781
31356782
31356783
31356784
31356785
31356786
31356787
31356788
31356789
31356790
31356791
31356792
31356793
31356794
31356795
31356796
31356797
31356798
31356799
31356800
31356801
31356802
31356803
31356804
31356805
31356806
31356807
31356808
31356809
31356810
31356811
31356812
31356813
31356814
31356815
31356816
31356817
31356818
31356819
31356820
31356821
31356822
31356823
31356824
31356825
31356826
31356827
31356828
31356829
31356830
31356831
31356832
31356833
31356834
31356835
31356836
31356837
31356838
31356839
31356840
31356841
31356842
31356843
31356844
31356845
31356846
31356847
31356848
31356849
31356850
31356851
31356852
31356853
31356854
31356855
31356856
31356857
31356858
31356859
31356860
31356861
31356862
31356863
31356864
31356865
31356866
31356867
31356868
31356869
31356870
31356871
31356872
31356873
31356874
31356875
31356876
31356877
31356878
31356879
31356880
31356881
31356882
31356883
31356884
31356885
31356886
31356887
31356888
31356889
31356890
31356891
31356892
31356893
31356894
31356895
31356896
31356897
31356898
31356899
31356900
31356901
31356902
31356903
31356904
31356905
31356906
31356907
31356908
31356909
31356910
31356911
31356912
31356913
31356914
31356915
31356916
31356917
31356918
31356919
31356920
31356921
31356922
31356923
31356924
31356925
31356926
31356927
31356928
31356929
31356930
31356931
31356932
31356933
31356934
31356935
31356936
31356937
31356938
31356939
31356940
31356941
31356942
31356943
31356944
31356945
31356946
31356947
31356948
31356949
31356950
31356951
31356952
31356953
31356954
31356955
31356956
31356957
31356958
31356959
31356960
31356961
31356962
31356963
31356964
31356965
31356966
31356967
31356968
31356969
31356970
31356971
31356972
31356973
31356974
31356975
31356976
31356977
31356978
31356979
31356980
31356981
31356982
31356983
31356984
31356985
31356986
31356987
31356988
31356989
31356990
31356991
31356992
31356993
31356994
31356995
31356996
31356997
31356998
31356999
31357000
31357001
31357002
31357003
31357004
31357005
31357006
31357007
31357008
31357009
31357010
31357011
31357012
31357013
31357014
31357015
31357016
31357017
31357018
31357019
31357020
31357021
31357022
31357023
31357024
31357025
31357026
31357027
31357028
31357029
31357030
31357031
31357032
31357033
31357034
31357035
31357036
31357037
31357038
31357039
31357040
31357041
31357042
31357043
31357044
31357045
31357046
31357047
31357048
31357049
31357050
31357051
31357052
31357053
31357054
31357055
31357056
31357057
31357058
31357059
31357060
31357061
31357062
31357063
31357064
31357065
31357066
31357067
31357068
31357069
31357070
31357071
31357072
31357073
31357074
31357075
31357076
31357077
31357078
31357079
31357080
31357081
31357082
31357083
31357084
31357085
31357086
31357087
31357088
31357089
31357090
31357091
31357092
31357093
31357094
31357095
31357096
31357097
31357098
31357099
31357100
31357101
31357102
31357103
31357104
31357105
31357106
31357107
31357108
31357109
31357110
31357111
31357112
31357113
31357114
31357115
31357116
31357117
31357118
31357119
31357120
31357121
31357122
31357123
31357124
31357125
31357126
31357127
31357128
31357129
31357130
31357131
31357132
31357133
31357134
31357135
31357136
31357137
31357138
31357139
31357140
31357141
31357142
31357143
31357144
31357145
31357146
31357147
31357148
31357149
31357150
31357151
31357152
31357153
31357154
31357155
31357156
31357157
31357158
31357159
31357160
31357161
31357162
31357163
31357164
31357165
31357166
31357167
31357168
31357169
31357170
31357171
31357172
31357173
31357174
31357175
31357176
31357177
31357178
31357179
31357180
31357181
31357182
31357183
31357184
31357185
31357186
31357187
31357188
31357189
31357190
31357191
31357192
31357193
31357194
31357195
31357196
31357197
31357198
31357199
31357200
31357201
31357202
31357203
31357204
31357205
31357206
31357207
31357208
31357209
31357210
31357211
31357212
31357213
31357214
31357215
31357216
31357217
31357218
31357219
31357220
31357221
31357222
31357223
31357224
31357225
31357226
31357227
31357228
31357229
31357230
31357231
31357232
31357233
31357234
31357235
31357236
31357237
31357238
31357239
31357240
31357241
31357242
31357243
31357244
31357245
31357246
31357247
31357248
31357249
31357250
31357251
31357252
31357253
31357254
31357255
31357256
31357257
31357258
31357259
31357260
31357261
31357262
31357263
31357264
31357265
31357266
31357267
31357268
31357269
31357270
31357271
31357272
31357273
31357274
31357275
31357276
31357277
31357278
31357279
31357280
31357281
31357282
31357283
31357284
31357285
31357286
31357287
31357288
31357289
31357290
31357291
31357292
31357293
31357294
31357295
31357296
31357297
31357298
31357299
31357300
31357301
31357302
31357303
31357304
31357305
31357306
31357307
31357308
31357309
31357310
31357311
31357312
31357313
31357314
31357315
31357316
31357317
31357318
31357319
31357320
31357321
31357322
31357323
31357324
31357325
31357326
31357327
31357328
31357329
31357330
31357331
31357332
31357333
31357334
31357335
31357336
31357337
31357338
31357339
31357340
31357341
31357342
31357343
31357344
31357345
31357346
31357347
31357348
31357349
31357350
31357351
31357352
31357353
31357354
31357355
31357356
31357357
31357358
31357359
31357360
31357361
31357362
31357363
31357364
31357365
31357366
31357367
31357368
31357369
31357370
31357371
31357372
31357373
31357374
31357375
31357376
31357377
31357378
31357379
31357380
31357381
31357382
31357383
31357384
31357385
31357386
31357387
31357388
31357389
31357390
31357391
31357392
31357393
31357394
31357395
31357396
31357397
31357398
31357399
31357400
31357401
31357402
31357403
31357404
31357405
31357406
31357407
31357408
31357409
31357410
31357411
31357412
31357413
31357414
31357415
31357416
31357417
31357418
31357419
31357420
31357421
31357422
31357423
31357424
31357425
31357426
31357427
31357428
31357429
31357430
31357431
31357432
31357433
31357434
31357435
31357436
31357437
31357438
31357439
31357440
31357441
31357442
31357443
31357444
31357445
31357446
31357447
31357448
31357449
31357450
31357451
31357452
31357453
31357454
31357455
31357456
31357457
31357458
31357459
31357460
31357461
31357462
31357463
31357464
31357465
31357466
31357467
31357468
31357469
31357470
31357471
31357472
31357473
31357474
31357475
31357476
31357477
31357478
31357479
31357480
31357481
31357482
31357483
31357484
31357485
31357486
31357487
31357488
31357489
31357490
31357491
31357492
31357493
31357494
31357495
31357496
31357497
31357498
31357499
31357500
31357501
31357502
31357503
31357504
31357505
31357506
31357507
31357508
31357509
31357510
31357511
31357512
31357513
31357514
31357515
31357516
31357517
31357518
31357519
31357520
31357521
31357522
31357523
31357524
31357525
31357526
31357527
31357528
31357529
31357530
31357531
31357532
31357533
31357534
31357535
31357536
31357537
31357538
31357539
31357540
31357541
31357542
31357543
31357544
31357545
31357546
31357547
31357548
31357549
31357550
31357551
31357552
31357553
31357554
31357555
31357556
31357557
31357558
31357559
31357560
31357561
31357562
31357563
31357564
31357565
31357566
31357567
31357568
31357569
31357570
31357571
31357572
31357573
31357574
31357575
31357576
31357577
31357578
31357579
31357580
31357581
31357582
31357583
31357584
31357585
31357586
31357587
31357588
31357589
31357590
31357591
31357592
31357593
31357594
31357595
31357596
31357597
31357598
31357599
31357600
31357601
31357602
31357603
31357604
31357605
31357606
31357607
31357608
31357609
31357610
31357611
31357612
31357613
31357614
31357615
31357616
31357617
31357618
31357619
31357620
31357621
31357622
31357623
31357624
31357625
31357626
31357627
31357628
31357629
31357630
31357631
31357632
31357633
31357634
31357635
31357636
31357637
31357638
31357639
31357640
31357641
31357642
31357643
31357644
31357645
31357646
31357647
31357648
31357649
31357650
31357651
31357652
31357653
31357654
31357655
31357656
31357657
31357658
31357659
31357660
31357661
31357662
31357663
31357664
31357665
31357666
31357667
31357668
31357669
31357670
31357671
31357672
31357673
31357674
31357675
31357676
31357677
31357678
31357679
31357680
31357681
31357682
31357683
31357684
31357685
31357686
31357687
31357688
31357689
31357690
31357691
31357692
31357693
31357694
31357695
31357696
31357697
31357698
31357699
31357700
31357701
31357702
31357703
31357704
31357705
31357706
31357707
31357708
31357709
31357710
31357711
31357712
31357713
31357714
31357715
31357716
31357717
31357718
31357719
31357720
31357721
31357722
31357723
31357724
31357725
31357726
31357727
31357728
31357729
31357730
31357731
31357732
31357733
31357734
31357735
31357736
31357737
31357738
31357739
31357740
31357741
31357742
31357743
31357744
31357745
31357746
31357747
31357748
31357749
31357750
31357751
31357752
31357753
31357754
31357755
31357756
31357757
31357758
31357759
31357760
31357761
31357762
31357763
31357764
31357765
31357766
31357767
31357768
31357769
31357770
31357771
31357772
31357773
31357774
31357775
31357776
31357777
31357778
31357779
31357780
31357781
31357782
31357783
31357784
31357785
31357786
31357787
31357788
31357789
31357790
31357791
31357792
31357793
31357794
31357795
31357796
31357797
31357798
31357799
31357800
31357801
31357802
31357803
31357804
31357805
31357806
31357807
31357808
31357809
31357810
31357811
31357812
31357813
31357814
31357815
31357816
31357817
31357818
31357819
31357820
31357821
31357822
31357823
31357824
31357825
31357826
31357827
31357828
31357829
31357830
31357831
31357832
31357833
31357834
31357835
31357836
31357837
31357838
31357839
31357840
31357841
31357842
31357843
31357844
31357845
31357846
31357847
31357848
31357849
31357850
31357851
31357852
31357853
31357854
31357855
31357856
31357857
31357858
31357859
31357860
31357861
31357862
31357863
31357864
31357865
31357866
31357867
31357868
31357869
31357870
31357871
31357872
31357873
31357874
31357875
31357876
31357877
31357878
31357879
31357880
31357881
31357882
31357883
31357884
31357885
31357886
31357887
31357888
31357889
31357890
31357891
31357892
31357893
31357894
31357895
31357896
31357897
31357898
31357899
31357900
31357901
31357902
31357903
31357904
31357905
31357906
31357907
31357908
31357909
31357910
31357911
31357912
31357913
31357914
31357915
31357916
31357917
31357918
31357919
31357920
31357921
31357922
31357923
31357924
31357925
31357926
31357927
31357928
31357929
31357930
31357931
31357932
31357933
31357934
31357935
31357936
31357937
31357938
31357939
31357940
31357941
31357942
31357943
31357944
31357945
31357946
31357947
31357948
31357949
31357950
31357951
31357952
31357953
31357954
31357955
31357956
31357957
31357958
31357959
31357960
31357961
31357962
31357963
31357964
31357965
31357966
31357967
31357968
31357969
31357970
31357971
31357972
31357973
31357974
31357975
31357976
31357977
31357978
31357979
31357980
31357981
31357982
31357983
31357984
31357985
31357986
31357987
31357988
31357989
31357990
31357991
31357992
31357993
31357994
31357995
31357996
31357997
31357998
31357999
31358000
31358001
31358002
31358003
31358004
31358005
31358006
31358007
31358008
31358009
31358010
31358011
31358012
31358013
31358014
31358015
31358016
31358017
31358018
31358019
31358020
31358021
31358022
31358023
31358024
31358025
31358026
31358027
31358028
31358029
31358030
31358031
31358032
31358033
31358034
31358035
31358036
31358037
31358038
31358039
31358040
31358041
31358042
31358043
31358044
31358045
31358046
31358047
31358048
31358049
31358050
31358051
31358052
31358053
31358054
31358055
31358056
31358057
31358058
31358059
31358060
31358061
31358062
31358063
31358064
31358065
31358066
31358067
31358068
31358069
31358070
31358071
31358072
31358073
31358074
31358075
31358076
31358077
31358078
31358079
31358080
31358081
31358082
31358083
31358084
31358085
31358086
31358087
31358088
31358089
31358090
31358091
31358092
31358093
31358094
31358095
31358096
31358097
31358098
31358099
31358100
31358101
31358102
31358103
31358104
31358105
31358106
31358107
31358108
31358109
31358110
31358111
31358112
31358113
31358114
31358115
31358116
31358117
31358118
31358119
31358120
31358121
31358122
31358123
31358124
31358125
31358126
31358127
31358128
31358129
31358130
31358131
31358132
31358133
31358134
31358135
31358136
31358137
31358138
31358139
31358140
31358141
31358142
31358143
31358144
31358145
31358146
31358147
31358148
31358149
31358150
31358151
31358152
31358153
31358154
31358155
31358156
31358157
31358158
31358159
31358160
31358161
31358162
31358163
31358164
31358165
31358166
31358167
31358168
31358169
31358170
31358171
31358172
31358173
31358174
31358175
31358176
31358177
31358178
31358179
31358180
31358181
31358182
31358183
31358184
31358185
31358186
31358187
31358188
31358189
31358190
31358191
31358192
31358193
31358194
31358195
31358196
31358197
31358198
31358199
31358200
31358201
31358202
31358203
31358204
31358205
31358206
31358207
31358208
31358209
31358210
31358211
31358212
31358213
31358214
31358215
31358216
31358217
31358218
31358219
31358220
31358221
31358222
31358223
31358224
31358225
31358226
31358227
31358228
31358229
31358230
31358231
31358232
31358233
31358234
31358235
31358236
31358237
31358238
31358239
31358240
31358241
31358242
31358243
31358244
31358245
31358246
31358247
31358248
31358249
31358250
31358251
31358252
31358253
31358254
31358255
31358256
31358257
31358258
31358259
31358260
31358261
31358262
31358263
31358264
31358265
31358266
31358267
31358268
31358269
31358270
31358271
31358272
31358273
31358274
31358275
31358276
31358277
31358278
31358279
31358280
31358281
31358282
31358283
31358284
31358285
31358286
31358287
31358288
31358289
31358290
31358291
31358292
31358293
31358294
31358295
31358296
31358297
31358298
31358299
31358300
31358301
31358302
31358303
31358304
31358305
31358306
31358307
31358308
31358309
31358310
31358311
31358312
31358313
31358314
31358315
31358316
31358317
31358318
31358319
31358320
31358321
31358322
31358323
31358324
31358325
31358326
31358327
31358328
31358329
31358330
31358331
31358332
31358333
31358334
31358335
31358336
31358337
31358338
31358339
31358340
31358341
31358342
31358343
31358344
31358345
31358346
31358347
31358348
31358349
31358350
31358351
31358352
31358353
31358354
31358355
31358356
31358357
31358358
31358359
31358360
31358361
31358362
31358363
31358364
31358365
31358366
31358367
31358368
31358369
31358370
31358371
31358372
31358373
31358374
31358375
31358376
31358377
31358378
31358379
31358380
31358381
31358382
31358383
31358384
31358385
31358386
31358387
31358388
31358389
31358390
31358391
31358392
31358393
31358394
31358395
31358396
31358397
31358398
31358399
31358400
31358401
31358402
31358403
31358404
31358405
31358406
31358407
31358408
31358409
31358410
31358411
31358412
31358413
31358414
31358415
31358416
31358417
31358418
31358419
31358420
31358421
31358422
31358423
31358424
31358425
31358426
31358427
31358428
31358429
31358430
31358431
31358432
31358433
31358434
31358435
31358436
31358437
31358438
31358439
31358440
31358441
31358442
31358443
31358444
31358445
31358446
31358447
31358448
31358449
31358450
31358451
31358452
31358453
31358454
31358455
31358456
31358457
31358458
31358459
31358460
31358461
31358462
31358463
31358464
31358465
31358466
31358467
31358468
31358469
31358470
31358471
31358472
31358473
31358474
31358475
31358476
31358477
31358478
31358479
31358480
31358481
31358482
31358483
31358484
31358485
31358486
31358487
31358488
31358489
31358490
31358491
31358492
31358493
31358494
31358495
31358496
31358497
31358498
31358499
31358500
31358501
31358502
31358503
31358504
31358505
31358506
31358507
31358508
31358509
31358510
31358511
31358512
31358513
31358514
31358515
31358516
31358517
31358518
31358519
31358520
31358521
31358522
31358523
31358524
31358525
31358526
31358527
31358528
31358529
31358530
31358531
31358532
31358533
31358534
31358535
31358536
31358537
31358538
31358539
31358540
31358541
31358542
31358543
31358544
31358545
31358546
31358547
31358548
31358549
31358550
31358551
31358552
31358553
31358554
31358555
31358556
31358557
31358558
31358559
31358560
31358561
31358562
31358563
31358564
31358565
31358566
31358567
31358568
31358569
31358570
31358571
31358572
31358573
31358574
31358575
31358576
31358577
31358578
31358579
31358580
31358581
31358582
31358583
31358584
31358585
31358586
31358587
31358588
31358589
31358590
31358591
31358592
31358593
31358594
31358595
31358596
31358597
31358598
31358599
31358600
31358601
31358602
31358603
31358604
31358605
31358606
31358607
31358608
31358609
31358610
31358611
31358612
31358613
31358614
31358615
31358616
31358617
31358618
31358619
31358620
31358621
31358622
31358623
31358624
31358625
31358626
31358627
31358628
31358629
31358630
31358631
31358632
31358633
31358634
31358635
31358636
31358637
31358638
31358639
31358640
31358641
31358642
31358643
31358644
31358645
31358646
31358647
31358648
31358649
31358650
31358651
31358652
31358653
31358654
31358655
31358656
31358657
31358658
31358659
31358660
31358661
31358662
31358663
31358664
31358665
31358666
31358667
31358668
31358669
31358670
31358671
31358672
31358673
31358674
31358675
31358676
31358677
31358678
31358679
31358680
31358681
31358682
31358683
31358684
31358685
31358686
31358687
31358688
31358689
31358690
31358691
31358692
31358693
31358694
31358695
31358696
31358697
31358698
31358699
31358700
31358701
31358702
31358703
31358704
31358705
31358706
31358707
31358708
31358709
31358710
31358711
31358712
31358713
31358714
31358715
31358716
31358717
31358718
31358719
31358720
31358721
31358722
31358723
31358724
31358725
31358726
31358727
31358728
31358729
31358730
31358731
31358732
31358733
31358734
31358735
31358736
31358737
31358738
31358739
31358740
31358741
31358742
31358743
31358744
31358745
31358746
31358747
31358748
31358749
31358750
31358751
31358752
31358753
31358754
31358755
31358756
31358757
31358758
31358759
31358760
31358761
31358762
31358763
31358764
31358765
31358766
31358767
31358768
31358769
31358770
31358771
31358772
31358773
31358774
31358775
31358776
31358777
31358778
31358779
31358780
31358781
31358782
31358783
31358784
31358785
31358786
31358787
31358788
31358789
31358790
31358791
31358792
31358793
31358794
31358795
31358796
31358797
31358798
31358799
31358800
31358801
31358802
31358803
31358804
31358805
31358806
31358807
31358808
31358809
31358810
31358811
31358812
31358813
31358814
31358815
31358816
31358817
31358818
31358819
31358820
31358821
31358822
31358823
31358824
31358825
31358826
31358827
31358828
31358829
31358830
31358831
31358832
31358833
31358834
31358835
31358836
31358837
31358838
31358839
31358840
31358841
31358842
31358843
31358844
31358845
31358846
31358847
31358848
31358849
31358850
31358851
31358852
31358853
31358854
31358855
31358856
31358857
31358858
31358859
31358860
31358861
31358862
31358863
31358864
31358865
31358866
31358867
31358868
31358869
31358870
31358871
31358872
31358873
31358874
31358875
31358876
31358877
31358878
31358879
31358880
31358881
31358882
31358883
31358884
31358885
31358886
31358887
31358888
31358889
