35238890
35238891
35238892
35238893
35238894
35238895
35238896
35238897
35238898
35238899
35238900
35238901
35238902
35238903
35238904
35238905
35238906
35238907
35238908
35238909
35238910
35238911
35238912
35238913
35238914
35238915
35238916
35238917
35238918
35238919
35238920
35238921
35238922
35238923
35238924
35238925
35238926
35238927
35238928
35238929
35238930
35238931
35238932
35238933
35238934
35238935
35238936
35238937
35238938
35238939
35238940
35238941
35238942
35238943
35238944
35238945
35238946
35238947
35238948
35238949
35238950
35238951
35238952
35238953
35238954
35238955
35238956
35238957
35238958
35238959
35238960
35238961
35238962
35238963
35238964
35238965
35238966
35238967
35238968
35238969
35238970
35238971
35238972
35238973
35238974
35238975
35238976
35238977
35238978
35238979
35238980
35238981
35238982
35238983
35238984
35238985
35238986
35238987
35238988
35238989
35238990
35238991
35238992
35238993
35238994
35238995
35238996
35238997
35238998
35238999
35239000
35239001
35239002
35239003
35239004
35239005
35239006
35239007
35239008
35239009
35239010
35239011
35239012
35239013
35239014
35239015
35239016
35239017
35239018
35239019
35239020
35239021
35239022
35239023
35239024
35239025
35239026
35239027
35239028
35239029
35239030
35239031
35239032
35239033
35239034
35239035
35239036
35239037
35239038
35239039
35239040
35239041
35239042
35239043
35239044
35239045
35239046
35239047
35239048
35239049
35239050
35239051
35239052
35239053
35239054
35239055
35239056
35239057
35239058
35239059
35239060
35239061
35239062
35239063
35239064
35239065
35239066
35239067
35239068
35239069
35239070
35239071
35239072
35239073
35239074
35239075
35239076
35239077
35239078
35239079
35239080
35239081
35239082
35239083
35239084
35239085
35239086
35239087
35239088
35239089
35239090
35239091
35239092
35239093
35239094
35239095
35239096
35239097
35239098
35239099
35239100
35239101
35239102
35239103
35239104
35239105
35239106
35239107
35239108
35239109
35239110
35239111
35239112
35239113
35239114
35239115
35239116
35239117
35239118
35239119
35239120
35239121
35239122
35239123
35239124
35239125
35239126
35239127
35239128
35239129
35239130
35239131
35239132
35239133
35239134
35239135
35239136
35239137
35239138
35239139
35239140
35239141
35239142
35239143
35239144
35239145
35239146
35239147
35239148
35239149
35239150
35239151
35239152
35239153
35239154
35239155
35239156
35239157
35239158
35239159
35239160
35239161
35239162
35239163
35239164
35239165
35239166
35239167
35239168
35239169
35239170
35239171
35239172
35239173
35239174
35239175
35239176
35239177
35239178
35239179
35239180
35239181
35239182
35239183
35239184
35239185
35239186
35239187
35239188
35239189
35239190
35239191
35239192
35239193
35239194
35239195
35239196
35239197
35239198
35239199
35239200
35239201
35239202
35239203
35239204
35239205
35239206
35239207
35239208
35239209
35239210
35239211
35239212
35239213
35239214
35239215
35239216
35239217
35239218
35239219
35239220
35239221
35239222
35239223
35239224
35239225
35239226
35239227
35239228
35239229
35239230
35239231
35239232
35239233
35239234
35239235
35239236
35239237
35239238
35239239
35239240
35239241
35239242
35239243
35239244
35239245
35239246
35239247
35239248
35239249
35239250
35239251
35239252
35239253
35239254
35239255
35239256
35239257
35239258
35239259
35239260
35239261
35239262
35239263
35239264
35239265
35239266
35239267
35239268
35239269
35239270
35239271
35239272
35239273
35239274
35239275
35239276
35239277
35239278
35239279
35239280
35239281
35239282
35239283
35239284
35239285
35239286
35239287
35239288
35239289
35239290
35239291
35239292
35239293
35239294
35239295
35239296
35239297
35239298
35239299
35239300
35239301
35239302
35239303
35239304
35239305
35239306
35239307
35239308
35239309
35239310
35239311
35239312
35239313
35239314
35239315
35239316
35239317
35239318
35239319
35239320
35239321
35239322
35239323
35239324
35239325
35239326
35239327
35239328
35239329
35239330
35239331
35239332
35239333
35239334
35239335
35239336
35239337
35239338
35239339
35239340
35239341
35239342
35239343
35239344
35239345
35239346
35239347
35239348
35239349
35239350
35239351
35239352
35239353
35239354
35239355
35239356
35239357
35239358
35239359
35239360
35239361
35239362
35239363
35239364
35239365
35239366
35239367
35239368
35239369
35239370
35239371
35239372
35239373
35239374
35239375
35239376
35239377
35239378
35239379
35239380
35239381
35239382
35239383
35239384
35239385
35239386
35239387
35239388
35239389
35239390
35239391
35239392
35239393
35239394
35239395
35239396
35239397
35239398
35239399
35239400
35239401
35239402
35239403
35239404
35239405
35239406
35239407
35239408
35239409
35239410
35239411
35239412
35239413
35239414
35239415
35239416
35239417
35239418
35239419
35239420
35239421
35239422
35239423
35239424
35239425
35239426
35239427
35239428
35239429
35239430
35239431
35239432
35239433
35239434
35239435
35239436
35239437
35239438
35239439
35239440
35239441
35239442
35239443
35239444
35239445
35239446
35239447
35239448
35239449
35239450
35239451
35239452
35239453
35239454
35239455
35239456
35239457
35239458
35239459
35239460
35239461
35239462
35239463
35239464
35239465
35239466
35239467
35239468
35239469
35239470
35239471
35239472
35239473
35239474
35239475
35239476
35239477
35239478
35239479
35239480
35239481
35239482
35239483
35239484
35239485
35239486
35239487
35239488
35239489
35239490
35239491
35239492
35239493
35239494
35239495
35239496
35239497
35239498
35239499
35239500
35239501
35239502
35239503
35239504
35239505
35239506
35239507
35239508
35239509
35239510
35239511
35239512
35239513
35239514
35239515
35239516
35239517
35239518
35239519
35239520
35239521
35239522
35239523
35239524
35239525
35239526
35239527
35239528
35239529
35239530
35239531
35239532
35239533
35239534
35239535
35239536
35239537
35239538
35239539
35239540
35239541
35239542
35239543
35239544
35239545
35239546
35239547
35239548
35239549
35239550
35239551
35239552
35239553
35239554
35239555
35239556
35239557
35239558
35239559
35239560
35239561
35239562
35239563
35239564
35239565
35239566
35239567
35239568
35239569
35239570
35239571
35239572
35239573
35239574
35239575
35239576
35239577
35239578
35239579
35239580
35239581
35239582
35239583
35239584
35239585
35239586
35239587
35239588
35239589
35239590
35239591
35239592
35239593
35239594
35239595
35239596
35239597
35239598
35239599
35239600
35239601
35239602
35239603
35239604
35239605
35239606
35239607
35239608
35239609
35239610
35239611
35239612
35239613
35239614
35239615
35239616
35239617
35239618
35239619
35239620
35239621
35239622
35239623
35239624
35239625
35239626
35239627
35239628
35239629
35239630
35239631
35239632
35239633
35239634
35239635
35239636
35239637
35239638
35239639
35239640
35239641
35239642
35239643
35239644
35239645
35239646
35239647
35239648
35239649
35239650
35239651
35239652
35239653
35239654
35239655
35239656
35239657
35239658
35239659
35239660
35239661
35239662
35239663
35239664
35239665
35239666
35239667
35239668
35239669
35239670
35239671
35239672
35239673
35239674
35239675
35239676
35239677
35239678
35239679
35239680
35239681
35239682
35239683
35239684
35239685
35239686
35239687
35239688
35239689
35239690
35239691
35239692
35239693
35239694
35239695
35239696
35239697
35239698
35239699
35239700
35239701
35239702
35239703
35239704
35239705
35239706
35239707
35239708
35239709
35239710
35239711
35239712
35239713
35239714
35239715
35239716
35239717
35239718
35239719
35239720
35239721
35239722
35239723
35239724
35239725
35239726
35239727
35239728
35239729
35239730
35239731
35239732
35239733
35239734
35239735
35239736
35239737
35239738
35239739
35239740
35239741
35239742
35239743
35239744
35239745
35239746
35239747
35239748
35239749
35239750
35239751
35239752
35239753
35239754
35239755
35239756
35239757
35239758
35239759
35239760
35239761
35239762
35239763
35239764
35239765
35239766
35239767
35239768
35239769
35239770
35239771
35239772
35239773
35239774
35239775
35239776
35239777
35239778
35239779
35239780
35239781
35239782
35239783
35239784
35239785
35239786
35239787
35239788
35239789
35239790
35239791
35239792
35239793
35239794
35239795
35239796
35239797
35239798
35239799
35239800
35239801
35239802
35239803
35239804
35239805
35239806
35239807
35239808
35239809
35239810
35239811
35239812
35239813
35239814
35239815
35239816
35239817
35239818
35239819
35239820
35239821
35239822
35239823
35239824
35239825
35239826
35239827
35239828
35239829
35239830
35239831
35239832
35239833
35239834
35239835
35239836
35239837
35239838
35239839
35239840
35239841
35239842
35239843
35239844
35239845
35239846
35239847
35239848
35239849
35239850
35239851
35239852
35239853
35239854
35239855
35239856
35239857
35239858
35239859
35239860
35239861
35239862
35239863
35239864
35239865
35239866
35239867
35239868
35239869
35239870
35239871
35239872
35239873
35239874
35239875
35239876
35239877
35239878
35239879
35239880
35239881
35239882
35239883
35239884
35239885
35239886
35239887
35239888
35239889
35239890
35239891
35239892
35239893
35239894
35239895
35239896
35239897
35239898
35239899
35239900
35239901
35239902
35239903
35239904
35239905
35239906
35239907
35239908
35239909
35239910
35239911
35239912
35239913
35239914
35239915
35239916
35239917
35239918
35239919
35239920
35239921
35239922
35239923
35239924
35239925
35239926
35239927
35239928
35239929
35239930
35239931
35239932
35239933
35239934
35239935
35239936
35239937
35239938
35239939
35239940
35239941
35239942
35239943
35239944
35239945
35239946
35239947
35239948
35239949
35239950
35239951
35239952
35239953
35239954
35239955
35239956
35239957
35239958
35239959
35239960
35239961
35239962
35239963
35239964
35239965
35239966
35239967
35239968
35239969
35239970
35239971
35239972
35239973
35239974
35239975
35239976
35239977
35239978
35239979
35239980
35239981
35239982
35239983
35239984
35239985
35239986
35239987
35239988
35239989
35239990
35239991
35239992
35239993
35239994
35239995
35239996
35239997
35239998
35239999
35240000
35240001
35240002
35240003
35240004
35240005
35240006
35240007
35240008
35240009
35240010
35240011
35240012
35240013
35240014
35240015
35240016
35240017
35240018
35240019
35240020
35240021
35240022
35240023
35240024
35240025
35240026
35240027
35240028
35240029
35240030
35240031
35240032
35240033
35240034
35240035
35240036
35240037
35240038
35240039
35240040
35240041
35240042
35240043
35240044
35240045
35240046
35240047
35240048
35240049
35240050
35240051
35240052
35240053
35240054
35240055
35240056
35240057
35240058
35240059
35240060
35240061
35240062
35240063
35240064
35240065
35240066
35240067
35240068
35240069
35240070
35240071
35240072
35240073
35240074
35240075
35240076
35240077
35240078
35240079
35240080
35240081
35240082
35240083
35240084
35240085
35240086
35240087
35240088
35240089
35240090
35240091
35240092
35240093
35240094
35240095
35240096
35240097
35240098
35240099
35240100
35240101
35240102
35240103
35240104
35240105
35240106
35240107
35240108
35240109
35240110
35240111
35240112
35240113
35240114
35240115
35240116
35240117
35240118
35240119
35240120
35240121
35240122
35240123
35240124
35240125
35240126
35240127
35240128
35240129
35240130
35240131
35240132
35240133
35240134
35240135
35240136
35240137
35240138
35240139
35240140
35240141
35240142
35240143
35240144
35240145
35240146
35240147
35240148
35240149
35240150
35240151
35240152
35240153
35240154
35240155
35240156
35240157
35240158
35240159
35240160
35240161
35240162
35240163
35240164
35240165
35240166
35240167
35240168
35240169
35240170
35240171
35240172
35240173
35240174
35240175
35240176
35240177
35240178
35240179
35240180
35240181
35240182
35240183
35240184
35240185
35240186
35240187
35240188
35240189
35240190
35240191
35240192
35240193
35240194
35240195
35240196
35240197
35240198
35240199
35240200
35240201
35240202
35240203
35240204
35240205
35240206
35240207
35240208
35240209
35240210
35240211
35240212
35240213
35240214
35240215
35240216
35240217
35240218
35240219
35240220
35240221
35240222
35240223
35240224
35240225
35240226
35240227
35240228
35240229
35240230
35240231
35240232
35240233
35240234
35240235
35240236
35240237
35240238
35240239
35240240
35240241
35240242
35240243
35240244
35240245
35240246
35240247
35240248
35240249
35240250
35240251
35240252
35240253
35240254
35240255
35240256
35240257
35240258
35240259
35240260
35240261
35240262
35240263
35240264
35240265
35240266
35240267
35240268
35240269
35240270
35240271
35240272
35240273
35240274
35240275
35240276
35240277
35240278
35240279
35240280
35240281
35240282
35240283
35240284
35240285
35240286
35240287
35240288
35240289
35240290
35240291
35240292
35240293
35240294
35240295
35240296
35240297
35240298
35240299
35240300
35240301
35240302
35240303
35240304
35240305
35240306
35240307
35240308
35240309
35240310
35240311
35240312
35240313
35240314
35240315
35240316
35240317
35240318
35240319
35240320
35240321
35240322
35240323
35240324
35240325
35240326
35240327
35240328
35240329
35240330
35240331
35240332
35240333
35240334
35240335
35240336
35240337
35240338
35240339
35240340
35240341
35240342
35240343
35240344
35240345
35240346
35240347
35240348
35240349
35240350
35240351
35240352
35240353
35240354
35240355
35240356
35240357
35240358
35240359
35240360
35240361
35240362
35240363
35240364
35240365
35240366
35240367
35240368
35240369
35240370
35240371
35240372
35240373
35240374
35240375
35240376
35240377
35240378
35240379
35240380
35240381
35240382
35240383
35240384
35240385
35240386
35240387
35240388
35240389
35240390
35240391
35240392
35240393
35240394
35240395
35240396
35240397
35240398
35240399
35240400
35240401
35240402
35240403
35240404
35240405
35240406
35240407
35240408
35240409
35240410
35240411
35240412
35240413
35240414
35240415
35240416
35240417
35240418
35240419
35240420
35240421
35240422
35240423
35240424
35240425
35240426
35240427
35240428
35240429
35240430
35240431
35240432
35240433
35240434
35240435
35240436
35240437
35240438
35240439
35240440
35240441
35240442
35240443
35240444
35240445
35240446
35240447
35240448
35240449
35240450
35240451
35240452
35240453
35240454
35240455
35240456
35240457
35240458
35240459
35240460
35240461
35240462
35240463
35240464
35240465
35240466
35240467
35240468
35240469
35240470
35240471
35240472
35240473
35240474
35240475
35240476
35240477
35240478
35240479
35240480
35240481
35240482
35240483
35240484
35240485
35240486
35240487
35240488
35240489
35240490
35240491
35240492
35240493
35240494
35240495
35240496
35240497
35240498
35240499
35240500
35240501
35240502
35240503
35240504
35240505
35240506
35240507
35240508
35240509
35240510
35240511
35240512
35240513
35240514
35240515
35240516
35240517
35240518
35240519
35240520
35240521
35240522
35240523
35240524
35240525
35240526
35240527
35240528
35240529
35240530
35240531
35240532
35240533
35240534
35240535
35240536
35240537
35240538
35240539
35240540
35240541
35240542
35240543
35240544
35240545
35240546
35240547
35240548
35240549
35240550
35240551
35240552
35240553
35240554
35240555
35240556
35240557
35240558
35240559
35240560
35240561
35240562
35240563
35240564
35240565
35240566
35240567
35240568
35240569
35240570
35240571
35240572
35240573
35240574
35240575
35240576
35240577
35240578
35240579
35240580
35240581
35240582
35240583
35240584
35240585
35240586
35240587
35240588
35240589
35240590
35240591
35240592
35240593
35240594
35240595
35240596
35240597
35240598
35240599
35240600
35240601
35240602
35240603
35240604
35240605
35240606
35240607
35240608
35240609
35240610
35240611
35240612
35240613
35240614
35240615
35240616
35240617
35240618
35240619
35240620
35240621
35240622
35240623
35240624
35240625
35240626
35240627
35240628
35240629
35240630
35240631
35240632
35240633
35240634
35240635
35240636
35240637
35240638
35240639
35240640
35240641
35240642
35240643
35240644
35240645
35240646
35240647
35240648
35240649
35240650
35240651
35240652
35240653
35240654
35240655
35240656
35240657
35240658
35240659
35240660
35240661
35240662
35240663
35240664
35240665
35240666
35240667
35240668
35240669
35240670
35240671
35240672
35240673
35240674
35240675
35240676
35240677
35240678
35240679
35240680
35240681
35240682
35240683
35240684
35240685
35240686
35240687
35240688
35240689
35240690
35240691
35240692
35240693
35240694
35240695
35240696
35240697
35240698
35240699
35240700
35240701
35240702
35240703
35240704
35240705
35240706
35240707
35240708
35240709
35240710
35240711
35240712
35240713
35240714
35240715
35240716
35240717
35240718
35240719
35240720
35240721
35240722
35240723
35240724
35240725
35240726
35240727
35240728
35240729
35240730
35240731
35240732
35240733
35240734
35240735
35240736
35240737
35240738
35240739
35240740
35240741
35240742
35240743
35240744
35240745
35240746
35240747
35240748
35240749
35240750
35240751
35240752
35240753
35240754
35240755
35240756
35240757
35240758
35240759
35240760
35240761
35240762
35240763
35240764
35240765
35240766
35240767
35240768
35240769
35240770
35240771
35240772
35240773
35240774
35240775
35240776
35240777
35240778
35240779
35240780
35240781
35240782
35240783
35240784
35240785
35240786
35240787
35240788
35240789
35240790
35240791
35240792
35240793
35240794
35240795
35240796
35240797
35240798
35240799
35240800
35240801
35240802
35240803
35240804
35240805
35240806
35240807
35240808
35240809
35240810
35240811
35240812
35240813
35240814
35240815
35240816
35240817
35240818
35240819
35240820
35240821
35240822
35240823
35240824
35240825
35240826
35240827
35240828
35240829
35240830
35240831
35240832
35240833
35240834
35240835
35240836
35240837
35240838
35240839
35240840
35240841
35240842
35240843
35240844
35240845
35240846
35240847
35240848
35240849
35240850
35240851
35240852
35240853
35240854
35240855
35240856
35240857
35240858
35240859
35240860
35240861
35240862
35240863
35240864
35240865
35240866
35240867
35240868
35240869
35240870
35240871
35240872
35240873
35240874
35240875
35240876
35240877
35240878
35240879
35240880
35240881
35240882
35240883
35240884
35240885
35240886
35240887
35240888
35240889
35240890
35240891
35240892
35240893
35240894
35240895
35240896
35240897
35240898
35240899
35240900
35240901
35240902
35240903
35240904
35240905
35240906
35240907
35240908
35240909
35240910
35240911
35240912
35240913
35240914
35240915
35240916
35240917
35240918
35240919
35240920
35240921
35240922
35240923
35240924
35240925
35240926
35240927
35240928
35240929
35240930
35240931
35240932
35240933
35240934
35240935
35240936
35240937
35240938
35240939
35240940
35240941
35240942
35240943
35240944
35240945
35240946
35240947
35240948
35240949
35240950
35240951
35240952
35240953
35240954
35240955
35240956
35240957
35240958
35240959
35240960
35240961
35240962
35240963
35240964
35240965
35240966
35240967
35240968
35240969
35240970
35240971
35240972
35240973
35240974
35240975
35240976
35240977
35240978
35240979
35240980
35240981
35240982
35240983
35240984
35240985
35240986
35240987
35240988
35240989
35240990
35240991
35240992
35240993
35240994
35240995
35240996
35240997
35240998
35240999
35241000
35241001
35241002
35241003
35241004
35241005
35241006
35241007
35241008
35241009
35241010
35241011
35241012
35241013
35241014
35241015
35241016
35241017
35241018
35241019
35241020
35241021
35241022
35241023
35241024
35241025
35241026
35241027
35241028
35241029
35241030
35241031
35241032
35241033
35241034
35241035
35241036
35241037
35241038
35241039
35241040
35241041
35241042
35241043
35241044
35241045
35241046
35241047
35241048
35241049
35241050
35241051
35241052
35241053
35241054
35241055
35241056
35241057
35241058
35241059
35241060
35241061
35241062
35241063
35241064
35241065
35241066
35241067
35241068
35241069
35241070
35241071
35241072
35241073
35241074
35241075
35241076
35241077
35241078
35241079
35241080
35241081
35241082
35241083
35241084
35241085
35241086
35241087
35241088
35241089
35241090
35241091
35241092
35241093
35241094
35241095
35241096
35241097
35241098
35241099
35241100
35241101
35241102
35241103
35241104
35241105
35241106
35241107
35241108
35241109
35241110
35241111
35241112
35241113
35241114
35241115
35241116
35241117
35241118
35241119
35241120
35241121
35241122
35241123
35241124
35241125
35241126
35241127
35241128
35241129
35241130
35241131
35241132
35241133
35241134
35241135
35241136
35241137
35241138
35241139
35241140
35241141
35241142
35241143
35241144
35241145
35241146
35241147
35241148
35241149
35241150
35241151
35241152
35241153
35241154
35241155
35241156
35241157
35241158
35241159
35241160
35241161
35241162
35241163
35241164
35241165
35241166
35241167
35241168
35241169
35241170
35241171
35241172
35241173
35241174
35241175
35241176
35241177
35241178
35241179
35241180
35241181
35241182
35241183
35241184
35241185
35241186
35241187
35241188
35241189
35241190
35241191
35241192
35241193
35241194
35241195
35241196
35241197
35241198
35241199
35241200
35241201
35241202
35241203
35241204
35241205
35241206
35241207
35241208
35241209
35241210
35241211
35241212
35241213
35241214
35241215
35241216
35241217
35241218
35241219
35241220
35241221
35241222
35241223
35241224
35241225
35241226
35241227
35241228
35241229
35241230
35241231
35241232
35241233
35241234
35241235
35241236
35241237
35241238
35241239
35241240
35241241
35241242
35241243
35241244
35241245
35241246
35241247
35241248
35241249
35241250
35241251
35241252
35241253
35241254
35241255
35241256
35241257
35241258
35241259
35241260
35241261
35241262
35241263
35241264
35241265
35241266
35241267
35241268
35241269
35241270
35241271
35241272
35241273
35241274
35241275
35241276
35241277
35241278
35241279
35241280
35241281
35241282
35241283
35241284
35241285
35241286
35241287
35241288
35241289
35241290
35241291
35241292
35241293
35241294
35241295
35241296
35241297
35241298
35241299
35241300
35241301
35241302
35241303
35241304
35241305
35241306
35241307
35241308
35241309
35241310
35241311
35241312
35241313
35241314
35241315
35241316
35241317
35241318
35241319
35241320
35241321
35241322
35241323
35241324
35241325
35241326
35241327
35241328
35241329
35241330
35241331
35241332
35241333
35241334
35241335
35241336
35241337
35241338
35241339
35241340
35241341
35241342
35241343
35241344
35241345
35241346
35241347
35241348
35241349
35241350
35241351
35241352
35241353
35241354
35241355
35241356
35241357
35241358
35241359
35241360
35241361
35241362
35241363
35241364
35241365
35241366
35241367
35241368
35241369
35241370
35241371
35241372
35241373
35241374
35241375
35241376
35241377
35241378
35241379
35241380
35241381
35241382
35241383
35241384
35241385
35241386
35241387
35241388
35241389
35241390
35241391
35241392
35241393
35241394
35241395
35241396
35241397
35241398
35241399
35241400
35241401
35241402
35241403
35241404
35241405
35241406
35241407
35241408
35241409
35241410
35241411
35241412
35241413
35241414
35241415
35241416
35241417
35241418
35241419
35241420
35241421
35241422
35241423
35241424
35241425
35241426
35241427
35241428
35241429
35241430
35241431
35241432
35241433
35241434
35241435
35241436
35241437
35241438
35241439
35241440
35241441
35241442
35241443
35241444
35241445
35241446
35241447
35241448
35241449
35241450
35241451
35241452
35241453
35241454
35241455
35241456
35241457
35241458
35241459
35241460
35241461
35241462
35241463
35241464
35241465
35241466
35241467
35241468
35241469
35241470
35241471
35241472
35241473
35241474
35241475
35241476
35241477
35241478
35241479
35241480
35241481
35241482
35241483
35241484
35241485
35241486
35241487
35241488
35241489
35241490
35241491
35241492
35241493
35241494
35241495
35241496
35241497
35241498
35241499
35241500
35241501
35241502
35241503
35241504
35241505
35241506
35241507
35241508
35241509
35241510
35241511
35241512
35241513
35241514
35241515
35241516
35241517
35241518
35241519
35241520
35241521
35241522
35241523
35241524
35241525
35241526
35241527
35241528
35241529
35241530
35241531
35241532
35241533
35241534
35241535
35241536
35241537
35241538
35241539
35241540
35241541
35241542
35241543
35241544
35241545
35241546
35241547
35241548
35241549
35241550
35241551
35241552
35241553
35241554
35241555
35241556
35241557
35241558
35241559
35241560
35241561
35241562
35241563
35241564
35241565
35241566
35241567
35241568
35241569
35241570
35241571
35241572
35241573
35241574
35241575
35241576
35241577
35241578
35241579
35241580
35241581
35241582
35241583
35241584
35241585
35241586
35241587
35241588
35241589
35241590
35241591
35241592
35241593
35241594
35241595
35241596
35241597
35241598
35241599
35241600
35241601
35241602
35241603
35241604
35241605
35241606
35241607
35241608
35241609
35241610
35241611
35241612
35241613
35241614
35241615
35241616
35241617
35241618
35241619
35241620
35241621
35241622
35241623
35241624
35241625
35241626
35241627
35241628
35241629
35241630
35241631
35241632
35241633
35241634
35241635
35241636
35241637
35241638
35241639
35241640
35241641
35241642
35241643
35241644
35241645
35241646
35241647
35241648
35241649
35241650
35241651
35241652
35241653
35241654
35241655
35241656
35241657
35241658
35241659
35241660
35241661
35241662
35241663
35241664
35241665
35241666
35241667
35241668
35241669
35241670
35241671
35241672
35241673
35241674
35241675
35241676
35241677
35241678
35241679
35241680
35241681
35241682
35241683
35241684
35241685
35241686
35241687
35241688
35241689
35241690
35241691
35241692
35241693
35241694
35241695
35241696
35241697
35241698
35241699
35241700
35241701
35241702
35241703
35241704
35241705
35241706
35241707
35241708
35241709
35241710
35241711
35241712
35241713
35241714
35241715
35241716
35241717
35241718
35241719
35241720
35241721
35241722
35241723
35241724
35241725
35241726
35241727
35241728
35241729
35241730
35241731
35241732
35241733
35241734
35241735
35241736
35241737
35241738
35241739
35241740
35241741
35241742
35241743
35241744
35241745
35241746
35241747
35241748
35241749
35241750
35241751
35241752
35241753
35241754
35241755
35241756
35241757
35241758
35241759
35241760
35241761
35241762
35241763
35241764
35241765
35241766
35241767
35241768
35241769
35241770
35241771
35241772
35241773
35241774
35241775
35241776
35241777
35241778
35241779
35241780
35241781
35241782
35241783
35241784
35241785
35241786
35241787
35241788
35241789
35241790
35241791
35241792
35241793
35241794
35241795
35241796
35241797
35241798
35241799
35241800
35241801
35241802
35241803
35241804
35241805
35241806
35241807
35241808
35241809
35241810
35241811
35241812
35241813
35241814
35241815
35241816
35241817
35241818
35241819
35241820
35241821
35241822
35241823
35241824
35241825
35241826
35241827
35241828
35241829
35241830
35241831
35241832
35241833
35241834
35241835
35241836
35241837
35241838
35241839
35241840
35241841
35241842
35241843
35241844
35241845
35241846
35241847
35241848
35241849
35241850
35241851
35241852
35241853
35241854
35241855
35241856
35241857
35241858
35241859
35241860
35241861
35241862
35241863
35241864
35241865
35241866
35241867
35241868
35241869
35241870
35241871
35241872
35241873
35241874
35241875
35241876
35241877
35241878
35241879
35241880
35241881
35241882
35241883
35241884
35241885
35241886
35241887
35241888
35241889
35241890
35241891
35241892
35241893
35241894
35241895
35241896
35241897
35241898
35241899
35241900
35241901
35241902
35241903
35241904
35241905
35241906
35241907
35241908
35241909
35241910
35241911
35241912
35241913
35241914
35241915
35241916
35241917
35241918
35241919
35241920
35241921
35241922
35241923
35241924
35241925
35241926
35241927
35241928
35241929
35241930
35241931
35241932
35241933
35241934
35241935
35241936
35241937
35241938
35241939
35241940
35241941
35241942
35241943
35241944
35241945
35241946
35241947
35241948
35241949
35241950
35241951
35241952
35241953
35241954
35241955
35241956
35241957
35241958
35241959
35241960
35241961
35241962
35241963
35241964
35241965
35241966
35241967
35241968
35241969
35241970
35241971
35241972
35241973
35241974
35241975
35241976
35241977
35241978
35241979
35241980
35241981
35241982
35241983
35241984
35241985
35241986
35241987
35241988
35241989
35241990
35241991
35241992
35241993
35241994
35241995
35241996
35241997
35241998
35241999
35242000
35242001
35242002
35242003
35242004
35242005
35242006
35242007
35242008
35242009
35242010
35242011
35242012
35242013
35242014
35242015
35242016
35242017
35242018
35242019
35242020
35242021
35242022
35242023
35242024
35242025
35242026
35242027
35242028
35242029
35242030
35242031
35242032
35242033
35242034
35242035
35242036
35242037
35242038
35242039
35242040
35242041
35242042
35242043
35242044
35242045
35242046
35242047
35242048
35242049
35242050
35242051
35242052
35242053
35242054
35242055
35242056
35242057
35242058
35242059
35242060
35242061
35242062
35242063
35242064
35242065
35242066
35242067
35242068
35242069
35242070
35242071
35242072
35242073
35242074
35242075
35242076
35242077
35242078
35242079
35242080
35242081
35242082
35242083
35242084
35242085
35242086
35242087
35242088
35242089
35242090
35242091
35242092
35242093
35242094
35242095
35242096
35242097
35242098
35242099
35242100
35242101
35242102
35242103
35242104
35242105
35242106
35242107
35242108
35242109
35242110
35242111
35242112
35242113
35242114
35242115
35242116
35242117
35242118
35242119
35242120
35242121
35242122
35242123
35242124
35242125
35242126
35242127
35242128
35242129
35242130
35242131
35242132
35242133
35242134
35242135
35242136
35242137
35242138
35242139
35242140
35242141
35242142
35242143
35242144
35242145
35242146
35242147
35242148
35242149
35242150
35242151
35242152
35242153
35242154
35242155
35242156
35242157
35242158
35242159
35242160
35242161
35242162
35242163
35242164
35242165
35242166
35242167
35242168
35242169
35242170
35242171
35242172
35242173
35242174
35242175
35242176
35242177
35242178
35242179
35242180
35242181
35242182
35242183
35242184
35242185
35242186
35242187
35242188
35242189
35242190
35242191
35242192
35242193
35242194
35242195
35242196
35242197
35242198
35242199
35242200
35242201
35242202
35242203
35242204
35242205
35242206
35242207
35242208
35242209
35242210
35242211
35242212
35242213
35242214
35242215
35242216
35242217
35242218
35242219
35242220
35242221
35242222
35242223
35242224
35242225
35242226
35242227
35242228
35242229
35242230
35242231
35242232
35242233
35242234
35242235
35242236
35242237
35242238
35242239
35242240
35242241
35242242
35242243
35242244
35242245
35242246
35242247
35242248
35242249
35242250
35242251
35242252
35242253
35242254
35242255
35242256
35242257
35242258
35242259
35242260
35242261
35242262
35242263
35242264
35242265
35242266
35242267
35242268
35242269
35242270
35242271
35242272
35242273
35242274
35242275
35242276
35242277
35242278
35242279
35242280
35242281
35242282
35242283
35242284
35242285
35242286
35242287
35242288
35242289
35242290
35242291
35242292
35242293
35242294
35242295
35242296
35242297
35242298
35242299
35242300
35242301
35242302
35242303
35242304
35242305
35242306
35242307
35242308
35242309
35242310
35242311
35242312
35242313
35242314
35242315
35242316
35242317
35242318
35242319
35242320
35242321
35242322
35242323
35242324
35242325
35242326
35242327
35242328
35242329
35242330
35242331
35242332
35242333
35242334
35242335
35242336
35242337
35242338
35242339
35242340
35242341
35242342
35242343
35242344
35242345
35242346
35242347
35242348
35242349
35242350
35242351
35242352
35242353
35242354
35242355
35242356
35242357
35242358
35242359
35242360
35242361
35242362
35242363
35242364
35242365
35242366
35242367
35242368
35242369
35242370
35242371
35242372
35242373
35242374
35242375
35242376
35242377
35242378
35242379
35242380
35242381
35242382
35242383
35242384
35242385
35242386
35242387
35242388
35242389
35242390
35242391
35242392
35242393
35242394
35242395
35242396
35242397
35242398
35242399
35242400
35242401
35242402
35242403
35242404
35242405
35242406
35242407
35242408
35242409
35242410
35242411
35242412
35242413
35242414
35242415
35242416
35242417
35242418
35242419
35242420
35242421
35242422
35242423
35242424
35242425
35242426
35242427
35242428
35242429
35242430
35242431
35242432
35242433
35242434
35242435
35242436
35242437
35242438
35242439
35242440
35242441
35242442
35242443
35242444
35242445
35242446
35242447
35242448
35242449
35242450
35242451
35242452
35242453
35242454
35242455
35242456
35242457
35242458
35242459
35242460
35242461
35242462
35242463
35242464
35242465
35242466
35242467
35242468
35242469
35242470
35242471
35242472
35242473
35242474
35242475
35242476
35242477
35242478
35242479
35242480
35242481
35242482
35242483
35242484
35242485
35242486
35242487
35242488
35242489
35242490
35242491
35242492
35242493
35242494
35242495
35242496
35242497
35242498
35242499
35242500
35242501
35242502
35242503
35242504
35242505
35242506
35242507
35242508
35242509
35242510
35242511
35242512
35242513
35242514
35242515
35242516
35242517
35242518
35242519
35242520
35242521
35242522
35242523
35242524
35242525
35242526
35242527
35242528
35242529
35242530
35242531
35242532
35242533
35242534
35242535
35242536
35242537
35242538
35242539
35242540
35242541
35242542
35242543
35242544
35242545
35242546
35242547
35242548
35242549
35242550
35242551
35242552
35242553
35242554
35242555
35242556
35242557
35242558
35242559
35242560
35242561
35242562
35242563
35242564
35242565
35242566
35242567
35242568
35242569
35242570
35242571
35242572
35242573
35242574
35242575
35242576
35242577
35242578
35242579
35242580
35242581
35242582
35242583
35242584
35242585
35242586
35242587
35242588
35242589
35242590
35242591
35242592
35242593
35242594
35242595
35242596
35242597
35242598
35242599
35242600
35242601
35242602
35242603
35242604
35242605
35242606
35242607
35242608
35242609
35242610
35242611
35242612
35242613
35242614
35242615
35242616
35242617
35242618
35242619
35242620
35242621
35242622
35242623
35242624
35242625
35242626
35242627
35242628
35242629
35242630
35242631
35242632
35242633
35242634
35242635
35242636
35242637
35242638
35242639
35242640
35242641
35242642
35242643
35242644
35242645
35242646
35242647
35242648
35242649
35242650
35242651
35242652
35242653
35242654
35242655
35242656
35242657
35242658
35242659
35242660
35242661
35242662
35242663
35242664
35242665
35242666
35242667
35242668
35242669
35242670
35242671
35242672
35242673
35242674
35242675
35242676
35242677
35242678
35242679
35242680
35242681
35242682
35242683
35242684
35242685
35242686
35242687
35242688
35242689
35242690
35242691
35242692
35242693
35242694
35242695
35242696
35242697
35242698
35242699
35242700
35242701
35242702
35242703
35242704
35242705
35242706
35242707
35242708
35242709
35242710
35242711
35242712
35242713
35242714
35242715
35242716
35242717
35242718
35242719
35242720
35242721
35242722
35242723
35242724
35242725
35242726
35242727
35242728
35242729
35242730
35242731
35242732
35242733
35242734
35242735
35242736
35242737
35242738
35242739
35242740
35242741
35242742
35242743
35242744
35242745
35242746
35242747
35242748
35242749
35242750
35242751
35242752
35242753
35242754
35242755
35242756
35242757
35242758
35242759
35242760
35242761
35242762
35242763
35242764
35242765
35242766
35242767
35242768
35242769
35242770
35242771
35242772
35242773
35242774
35242775
35242776
35242777
35242778
35242779
35242780
35242781
35242782
35242783
35242784
35242785
35242786
35242787
35242788
35242789
35242790
35242791
35242792
35242793
35242794
35242795
35242796
35242797
35242798
35242799
35242800
35242801
35242802
35242803
35242804
35242805
35242806
35242807
35242808
35242809
35242810
35242811
35242812
35242813
35242814
35242815
35242816
35242817
35242818
35242819
35242820
35242821
35242822
35242823
35242824
35242825
35242826
35242827
35242828
35242829
35242830
35242831
35242832
35242833
35242834
35242835
35242836
35242837
35242838
35242839
35242840
35242841
35242842
35242843
35242844
35242845
35242846
35242847
35242848
35242849
35242850
35242851
35242852
35242853
35242854
35242855
35242856
35242857
35242858
35242859
35242860
35242861
35242862
35242863
35242864
35242865
35242866
35242867
35242868
35242869
35242870
35242871
35242872
35242873
35242874
35242875
35242876
35242877
35242878
35242879
35242880
35242881
35242882
35242883
35242884
35242885
35242886
35242887
35242888
35242889
35242890
35242891
35242892
35242893
35242894
35242895
35242896
35242897
35242898
35242899
35242900
35242901
35242902
35242903
35242904
35242905
35242906
35242907
35242908
35242909
35242910
35242911
35242912
35242913
35242914
35242915
35242916
35242917
35242918
35242919
35242920
35242921
35242922
35242923
35242924
35242925
35242926
35242927
35242928
35242929
35242930
35242931
35242932
35242933
35242934
35242935
35242936
35242937
35242938
35242939
35242940
35242941
35242942
35242943
35242944
35242945
35242946
35242947
35242948
35242949
35242950
35242951
35242952
35242953
35242954
35242955
35242956
35242957
35242958
35242959
35242960
35242961
35242962
35242963
35242964
35242965
35242966
35242967
35242968
35242969
35242970
35242971
35242972
35242973
35242974
35242975
35242976
35242977
35242978
35242979
35242980
35242981
35242982
35242983
35242984
35242985
35242986
35242987
35242988
35242989
35242990
35242991
35242992
35242993
35242994
35242995
35242996
35242997
35242998
35242999
35243000
35243001
35243002
35243003
35243004
35243005
35243006
35243007
35243008
35243009
35243010
35243011
35243012
35243013
35243014
35243015
35243016
35243017
35243018
35243019
35243020
35243021
35243022
35243023
35243024
35243025
35243026
35243027
35243028
35243029
35243030
35243031
35243032
35243033
35243034
35243035
35243036
35243037
35243038
35243039
35243040
35243041
35243042
35243043
35243044
35243045
35243046
35243047
35243048
35243049
35243050
35243051
35243052
35243053
35243054
35243055
35243056
35243057
35243058
35243059
35243060
35243061
35243062
35243063
35243064
35243065
35243066
35243067
35243068
35243069
35243070
35243071
35243072
35243073
35243074
35243075
35243076
35243077
35243078
35243079
35243080
35243081
35243082
35243083
35243084
35243085
35243086
35243087
35243088
35243089
35243090
35243091
35243092
35243093
35243094
35243095
35243096
35243097
35243098
35243099
35243100
35243101
35243102
35243103
35243104
35243105
35243106
35243107
35243108
35243109
35243110
35243111
35243112
35243113
35243114
35243115
35243116
35243117
35243118
35243119
35243120
35243121
35243122
35243123
35243124
35243125
35243126
35243127
35243128
35243129
35243130
35243131
35243132
35243133
35243134
35243135
35243136
35243137
35243138
35243139
35243140
35243141
35243142
35243143
35243144
35243145
35243146
35243147
35243148
35243149
35243150
35243151
35243152
35243153
35243154
35243155
35243156
35243157
35243158
35243159
35243160
35243161
35243162
35243163
35243164
35243165
35243166
35243167
35243168
35243169
35243170
35243171
35243172
35243173
35243174
35243175
35243176
35243177
35243178
35243179
35243180
35243181
35243182
35243183
35243184
35243185
35243186
35243187
35243188
35243189
35243190
35243191
35243192
35243193
35243194
35243195
35243196
35243197
35243198
35243199
35243200
35243201
35243202
35243203
35243204
35243205
35243206
35243207
35243208
35243209
35243210
35243211
35243212
35243213
35243214
35243215
35243216
35243217
35243218
35243219
35243220
35243221
35243222
35243223
35243224
35243225
35243226
35243227
35243228
35243229
35243230
35243231
35243232
35243233
35243234
35243235
35243236
35243237
35243238
35243239
35243240
35243241
35243242
35243243
35243244
35243245
35243246
35243247
35243248
35243249
35243250
35243251
35243252
35243253
35243254
35243255
35243256
35243257
35243258
35243259
35243260
35243261
35243262
35243263
35243264
35243265
35243266
35243267
35243268
35243269
35243270
35243271
35243272
35243273
35243274
35243275
35243276
35243277
35243278
35243279
35243280
35243281
35243282
35243283
35243284
35243285
35243286
35243287
35243288
35243289
35243290
35243291
35243292
35243293
35243294
35243295
35243296
35243297
35243298
35243299
35243300
35243301
35243302
35243303
35243304
35243305
35243306
35243307
35243308
35243309
35243310
35243311
35243312
35243313
35243314
35243315
35243316
35243317
35243318
35243319
35243320
35243321
35243322
35243323
35243324
35243325
35243326
35243327
35243328
35243329
35243330
35243331
35243332
35243333
35243334
35243335
35243336
35243337
35243338
35243339
35243340
35243341
35243342
35243343
35243344
35243345
35243346
35243347
35243348
35243349
35243350
35243351
35243352
35243353
35243354
35243355
35243356
35243357
35243358
35243359
35243360
35243361
35243362
35243363
35243364
35243365
35243366
35243367
35243368
35243369
35243370
35243371
35243372
35243373
35243374
35243375
35243376
35243377
35243378
35243379
35243380
35243381
35243382
35243383
35243384
35243385
35243386
35243387
35243388
35243389
35243390
35243391
35243392
35243393
35243394
35243395
35243396
35243397
35243398
35243399
35243400
35243401
35243402
35243403
35243404
35243405
35243406
35243407
35243408
35243409
35243410
35243411
35243412
35243413
35243414
35243415
35243416
35243417
35243418
35243419
35243420
35243421
35243422
35243423
35243424
35243425
35243426
35243427
35243428
35243429
35243430
35243431
35243432
35243433
35243434
35243435
35243436
35243437
35243438
35243439
35243440
35243441
35243442
35243443
35243444
35243445
35243446
35243447
35243448
35243449
35243450
35243451
35243452
35243453
35243454
35243455
35243456
35243457
35243458
35243459
35243460
35243461
35243462
35243463
35243464
35243465
35243466
35243467
35243468
35243469
35243470
35243471
35243472
35243473
35243474
35243475
35243476
35243477
35243478
35243479
35243480
35243481
35243482
35243483
35243484
35243485
35243486
35243487
35243488
35243489
35243490
35243491
35243492
35243493
35243494
35243495
35243496
35243497
35243498
35243499
35243500
35243501
35243502
35243503
35243504
35243505
35243506
35243507
35243508
35243509
35243510
35243511
35243512
35243513
35243514
35243515
35243516
35243517
35243518
35243519
35243520
35243521
35243522
35243523
35243524
35243525
35243526
35243527
35243528
35243529
35243530
35243531
35243532
35243533
35243534
35243535
35243536
35243537
35243538
35243539
35243540
35243541
35243542
35243543
35243544
35243545
35243546
35243547
35243548
35243549
35243550
35243551
35243552
35243553
35243554
35243555
35243556
35243557
35243558
35243559
35243560
35243561
35243562
35243563
35243564
35243565
35243566
35243567
35243568
35243569
35243570
35243571
35243572
35243573
35243574
35243575
35243576
35243577
35243578
35243579
35243580
35243581
35243582
35243583
35243584
35243585
35243586
35243587
35243588
35243589
35243590
35243591
35243592
35243593
35243594
35243595
35243596
35243597
35243598
35243599
35243600
35243601
35243602
35243603
35243604
35243605
35243606
35243607
35243608
35243609
35243610
35243611
35243612
35243613
35243614
35243615
35243616
35243617
35243618
35243619
35243620
35243621
35243622
35243623
35243624
35243625
35243626
35243627
35243628
35243629
35243630
35243631
35243632
35243633
35243634
35243635
35243636
35243637
35243638
35243639
35243640
35243641
35243642
35243643
35243644
35243645
35243646
35243647
35243648
35243649
35243650
35243651
35243652
35243653
35243654
35243655
35243656
35243657
35243658
35243659
35243660
35243661
35243662
35243663
35243664
35243665
35243666
35243667
35243668
35243669
35243670
35243671
35243672
35243673
35243674
35243675
35243676
35243677
35243678
35243679
35243680
35243681
35243682
35243683
35243684
35243685
35243686
35243687
35243688
35243689
35243690
35243691
35243692
35243693
35243694
35243695
35243696
35243697
35243698
35243699
35243700
35243701
35243702
35243703
35243704
35243705
35243706
35243707
35243708
35243709
35243710
35243711
35243712
35243713
35243714
35243715
35243716
35243717
35243718
35243719
35243720
35243721
35243722
35243723
35243724
35243725
35243726
35243727
35243728
35243729
35243730
35243731
35243732
35243733
35243734
35243735
35243736
35243737
35243738
35243739
35243740
35243741
35243742
35243743
35243744
35243745
35243746
35243747
35243748
35243749
35243750
35243751
35243752
35243753
35243754
35243755
35243756
35243757
35243758
35243759
35243760
35243761
35243762
35243763
35243764
35243765
35243766
35243767
35243768
35243769
35243770
35243771
35243772
35243773
35243774
35243775
35243776
35243777
35243778
35243779
35243780
35243781
35243782
35243783
35243784
35243785
35243786
35243787
35243788
35243789
35243790
35243791
35243792
35243793
35243794
35243795
35243796
35243797
35243798
35243799
35243800
35243801
35243802
35243803
35243804
35243805
35243806
35243807
35243808
35243809
35243810
35243811
35243812
35243813
35243814
35243815
35243816
35243817
35243818
35243819
35243820
35243821
35243822
35243823
35243824
35243825
35243826
35243827
35243828
35243829
35243830
35243831
35243832
35243833
35243834
35243835
35243836
35243837
35243838
35243839
35243840
35243841
35243842
35243843
35243844
35243845
35243846
35243847
35243848
35243849
35243850
35243851
35243852
35243853
35243854
35243855
35243856
35243857
35243858
35243859
35243860
35243861
35243862
35243863
35243864
35243865
35243866
35243867
35243868
35243869
35243870
35243871
35243872
35243873
35243874
35243875
35243876
35243877
35243878
35243879
35243880
35243881
35243882
35243883
35243884
35243885
35243886
35243887
35243888
35243889
35243890
35243891
35243892
35243893
35243894
35243895
35243896
35243897
35243898
35243899
35243900
35243901
35243902
35243903
35243904
35243905
35243906
35243907
35243908
35243909
35243910
35243911
35243912
35243913
35243914
35243915
35243916
35243917
35243918
35243919
35243920
35243921
35243922
35243923
35243924
35243925
35243926
35243927
35243928
35243929
35243930
35243931
35243932
35243933
35243934
35243935
35243936
35243937
35243938
35243939
35243940
35243941
35243942
35243943
35243944
35243945
35243946
35243947
35243948
35243949
35243950
35243951
35243952
35243953
35243954
35243955
35243956
35243957
35243958
35243959
35243960
35243961
35243962
35243963
35243964
35243965
35243966
35243967
35243968
35243969
35243970
35243971
35243972
35243973
35243974
35243975
35243976
35243977
35243978
35243979
35243980
35243981
35243982
35243983
35243984
35243985
35243986
35243987
35243988
35243989
35243990
35243991
35243992
35243993
35243994
35243995
35243996
35243997
35243998
35243999
35244000
35244001
35244002
35244003
35244004
35244005
35244006
35244007
35244008
35244009
35244010
35244011
35244012
35244013
35244014
35244015
35244016
35244017
35244018
35244019
35244020
35244021
35244022
35244023
35244024
35244025
35244026
35244027
35244028
35244029
35244030
35244031
35244032
35244033
35244034
35244035
35244036
35244037
35244038
35244039
35244040
35244041
35244042
35244043
35244044
35244045
35244046
35244047
35244048
35244049
35244050
35244051
35244052
35244053
35244054
35244055
35244056
35244057
35244058
35244059
35244060
35244061
35244062
35244063
35244064
35244065
35244066
35244067
35244068
35244069
35244070
35244071
35244072
35244073
35244074
35244075
35244076
35244077
35244078
35244079
35244080
35244081
35244082
35244083
35244084
35244085
35244086
35244087
35244088
35244089
35244090
35244091
35244092
35244093
35244094
35244095
35244096
35244097
35244098
35244099
35244100
35244101
35244102
35244103
35244104
35244105
35244106
35244107
35244108
35244109
35244110
35244111
35244112
35244113
35244114
35244115
35244116
35244117
35244118
35244119
35244120
35244121
35244122
35244123
35244124
35244125
35244126
35244127
35244128
35244129
35244130
35244131
35244132
35244133
35244134
35244135
35244136
35244137
35244138
35244139
35244140
35244141
35244142
35244143
35244144
35244145
35244146
35244147
35244148
35244149
35244150
35244151
35244152
35244153
35244154
35244155
35244156
35244157
35244158
35244159
35244160
35244161
35244162
35244163
35244164
35244165
35244166
35244167
35244168
35244169
35244170
35244171
35244172
35244173
35244174
35244175
35244176
35244177
35244178
35244179
35244180
35244181
35244182
35244183
35244184
35244185
35244186
35244187
35244188
35244189
35244190
35244191
35244192
35244193
35244194
35244195
35244196
35244197
35244198
35244199
35244200
35244201
35244202
35244203
35244204
35244205
35244206
35244207
35244208
35244209
35244210
35244211
35244212
35244213
35244214
35244215
35244216
35244217
35244218
35244219
35244220
35244221
35244222
35244223
35244224
35244225
35244226
35244227
35244228
35244229
35244230
35244231
35244232
35244233
35244234
35244235
35244236
35244237
35244238
35244239
35244240
35244241
35244242
35244243
35244244
35244245
35244246
35244247
35244248
35244249
35244250
35244251
35244252
35244253
35244254
35244255
35244256
35244257
35244258
35244259
35244260
35244261
35244262
35244263
35244264
35244265
35244266
35244267
35244268
35244269
35244270
35244271
35244272
35244273
35244274
35244275
35244276
35244277
35244278
35244279
35244280
35244281
35244282
35244283
35244284
35244285
35244286
35244287
35244288
35244289
35244290
35244291
35244292
35244293
35244294
35244295
35244296
35244297
35244298
35244299
35244300
35244301
35244302
35244303
35244304
35244305
35244306
35244307
35244308
35244309
35244310
35244311
35244312
35244313
35244314
35244315
35244316
35244317
35244318
35244319
35244320
35244321
35244322
35244323
35244324
35244325
35244326
35244327
35244328
35244329
35244330
35244331
35244332
35244333
35244334
35244335
35244336
35244337
35244338
35244339
35244340
35244341
35244342
35244343
35244344
35244345
35244346
35244347
35244348
35244349
35244350
35244351
35244352
35244353
35244354
35244355
35244356
35244357
35244358
35244359
35244360
35244361
35244362
35244363
35244364
35244365
35244366
35244367
35244368
35244369
35244370
35244371
35244372
35244373
35244374
35244375
35244376
35244377
35244378
35244379
35244380
35244381
35244382
35244383
35244384
35244385
35244386
35244387
35244388
35244389
35244390
35244391
35244392
35244393
35244394
35244395
35244396
35244397
35244398
35244399
35244400
35244401
35244402
35244403
35244404
35244405
35244406
35244407
35244408
35244409
35244410
35244411
35244412
35244413
35244414
35244415
35244416
35244417
35244418
35244419
35244420
35244421
35244422
35244423
35244424
35244425
35244426
35244427
35244428
35244429
35244430
35244431
35244432
35244433
35244434
35244435
35244436
35244437
35244438
35244439
35244440
35244441
35244442
35244443
35244444
35244445
35244446
35244447
35244448
35244449
35244450
35244451
35244452
35244453
35244454
35244455
35244456
35244457
35244458
35244459
35244460
35244461
35244462
35244463
35244464
35244465
35244466
35244467
35244468
35244469
35244470
35244471
35244472
35244473
35244474
35244475
35244476
35244477
35244478
35244479
35244480
35244481
35244482
35244483
35244484
35244485
35244486
35244487
35244488
35244489
35244490
35244491
35244492
35244493
35244494
35244495
35244496
35244497
35244498
35244499
35244500
35244501
35244502
35244503
35244504
35244505
35244506
35244507
35244508
35244509
35244510
35244511
35244512
35244513
35244514
35244515
35244516
35244517
35244518
35244519
35244520
35244521
35244522
35244523
35244524
35244525
35244526
35244527
35244528
35244529
35244530
35244531
35244532
35244533
35244534
35244535
35244536
35244537
35244538
35244539
35244540
35244541
35244542
35244543
35244544
35244545
35244546
35244547
35244548
35244549
35244550
35244551
35244552
35244553
35244554
35244555
35244556
35244557
35244558
35244559
35244560
35244561
35244562
35244563
35244564
35244565
35244566
35244567
35244568
35244569
35244570
35244571
35244572
35244573
35244574
35244575
35244576
35244577
35244578
35244579
35244580
35244581
35244582
35244583
35244584
35244585
35244586
35244587
35244588
35244589
35244590
35244591
35244592
35244593
35244594
35244595
35244596
35244597
35244598
35244599
35244600
35244601
35244602
35244603
35244604
35244605
35244606
35244607
35244608
35244609
35244610
35244611
35244612
35244613
35244614
35244615
35244616
35244617
35244618
35244619
35244620
35244621
35244622
35244623
35244624
35244625
35244626
35244627
35244628
35244629
35244630
35244631
35244632
35244633
35244634
35244635
35244636
35244637
35244638
35244639
35244640
35244641
35244642
35244643
35244644
35244645
35244646
35244647
35244648
35244649
35244650
35244651
35244652
35244653
35244654
35244655
35244656
35244657
35244658
35244659
35244660
35244661
35244662
35244663
35244664
35244665
35244666
35244667
35244668
35244669
35244670
35244671
35244672
35244673
35244674
35244675
35244676
35244677
35244678
35244679
35244680
35244681
35244682
35244683
35244684
35244685
35244686
35244687
35244688
35244689
35244690
35244691
35244692
35244693
35244694
35244695
35244696
35244697
35244698
35244699
35244700
35244701
35244702
35244703
35244704
35244705
35244706
35244707
35244708
35244709
35244710
35244711
35244712
35244713
35244714
35244715
35244716
35244717
35244718
35244719
35244720
35244721
35244722
35244723
35244724
35244725
35244726
35244727
35244728
35244729
35244730
35244731
35244732
35244733
35244734
35244735
35244736
35244737
35244738
35244739
35244740
35244741
35244742
35244743
35244744
35244745
35244746
35244747
35244748
35244749
35244750
35244751
35244752
35244753
35244754
35244755
35244756
35244757
35244758
35244759
35244760
35244761
35244762
35244763
35244764
35244765
35244766
35244767
35244768
35244769
35244770
35244771
35244772
35244773
35244774
35244775
35244776
35244777
35244778
35244779
35244780
35244781
35244782
35244783
35244784
35244785
35244786
35244787
35244788
35244789
35244790
35244791
35244792
35244793
35244794
35244795
35244796
35244797
35244798
35244799
35244800
35244801
35244802
35244803
35244804
35244805
35244806
35244807
35244808
35244809
35244810
35244811
35244812
35244813
35244814
35244815
35244816
35244817
35244818
35244819
35244820
35244821
35244822
35244823
35244824
35244825
35244826
35244827
35244828
35244829
35244830
35244831
35244832
35244833
35244834
35244835
35244836
35244837
35244838
35244839
35244840
35244841
35244842
35244843
35244844
35244845
35244846
35244847
35244848
35244849
35244850
35244851
35244852
35244853
35244854
35244855
35244856
35244857
35244858
35244859
35244860
35244861
35244862
35244863
35244864
35244865
35244866
35244867
35244868
35244869
35244870
35244871
35244872
35244873
35244874
35244875
35244876
35244877
35244878
35244879
35244880
35244881
35244882
35244883
35244884
35244885
35244886
35244887
35244888
35244889
35244890
35244891
35244892
35244893
35244894
35244895
35244896
35244897
35244898
35244899
35244900
35244901
35244902
35244903
35244904
35244905
35244906
35244907
35244908
35244909
35244910
35244911
35244912
35244913
35244914
35244915
35244916
35244917
35244918
35244919
35244920
35244921
35244922
35244923
35244924
35244925
35244926
35244927
35244928
35244929
35244930
35244931
35244932
35244933
35244934
35244935
35244936
35244937
35244938
35244939
35244940
35244941
35244942
35244943
35244944
35244945
35244946
35244947
35244948
35244949
35244950
35244951
35244952
35244953
35244954
35244955
35244956
35244957
35244958
35244959
35244960
35244961
35244962
35244963
35244964
35244965
35244966
35244967
35244968
35244969
35244970
35244971
35244972
35244973
35244974
35244975
35244976
35244977
35244978
35244979
35244980
35244981
35244982
35244983
35244984
35244985
35244986
35244987
35244988
35244989
35244990
35244991
35244992
35244993
35244994
35244995
35244996
35244997
35244998
35244999
35245000
35245001
35245002
35245003
35245004
35245005
35245006
35245007
35245008
35245009
35245010
35245011
35245012
35245013
35245014
35245015
35245016
35245017
35245018
35245019
35245020
35245021
35245022
35245023
35245024
35245025
35245026
35245027
35245028
35245029
35245030
35245031
35245032
35245033
35245034
35245035
35245036
35245037
35245038
35245039
35245040
35245041
35245042
35245043
35245044
35245045
35245046
35245047
35245048
35245049
35245050
35245051
35245052
35245053
35245054
35245055
35245056
35245057
35245058
35245059
35245060
35245061
35245062
35245063
35245064
35245065
35245066
35245067
35245068
35245069
35245070
35245071
35245072
35245073
35245074
35245075
35245076
35245077
35245078
35245079
35245080
35245081
35245082
35245083
35245084
35245085
35245086
35245087
35245088
35245089
35245090
35245091
35245092
35245093
35245094
35245095
35245096
35245097
35245098
35245099
35245100
35245101
35245102
35245103
35245104
35245105
35245106
35245107
35245108
35245109
35245110
35245111
35245112
35245113
35245114
35245115
35245116
35245117
35245118
35245119
35245120
35245121
35245122
35245123
35245124
35245125
35245126
35245127
35245128
35245129
35245130
35245131
35245132
35245133
35245134
35245135
35245136
35245137
35245138
35245139
35245140
35245141
35245142
35245143
35245144
35245145
35245146
35245147
35245148
35245149
35245150
35245151
35245152
35245153
35245154
35245155
35245156
35245157
35245158
35245159
35245160
35245161
35245162
35245163
35245164
35245165
35245166
35245167
35245168
35245169
35245170
35245171
35245172
35245173
35245174
35245175
35245176
35245177
35245178
35245179
35245180
35245181
35245182
35245183
35245184
35245185
35245186
35245187
35245188
35245189
35245190
35245191
35245192
35245193
35245194
35245195
35245196
35245197
35245198
35245199
35245200
35245201
35245202
35245203
35245204
35245205
35245206
35245207
35245208
35245209
35245210
35245211
35245212
35245213
35245214
35245215
35245216
35245217
35245218
35245219
35245220
35245221
35245222
35245223
35245224
35245225
35245226
35245227
35245228
35245229
35245230
35245231
35245232
35245233
35245234
35245235
35245236
35245237
35245238
35245239
35245240
35245241
35245242
35245243
35245244
35245245
35245246
35245247
35245248
35245249
35245250
35245251
35245252
35245253
35245254
35245255
35245256
35245257
35245258
35245259
35245260
35245261
35245262
35245263
35245264
35245265
35245266
35245267
35245268
35245269
35245270
35245271
35245272
35245273
35245274
35245275
35245276
35245277
35245278
35245279
35245280
35245281
35245282
35245283
35245284
35245285
35245286
35245287
35245288
35245289
35245290
35245291
35245292
35245293
35245294
35245295
35245296
35245297
35245298
35245299
35245300
35245301
35245302
35245303
35245304
35245305
35245306
35245307
35245308
35245309
35245310
35245311
35245312
35245313
35245314
35245315
35245316
35245317
35245318
35245319
35245320
35245321
35245322
35245323
35245324
35245325
35245326
35245327
35245328
35245329
35245330
35245331
35245332
35245333
35245334
35245335
35245336
35245337
35245338
35245339
35245340
35245341
35245342
35245343
35245344
35245345
35245346
35245347
35245348
35245349
35245350
35245351
35245352
35245353
35245354
35245355
35245356
35245357
35245358
35245359
35245360
35245361
35245362
35245363
35245364
35245365
35245366
35245367
35245368
35245369
35245370
35245371
35245372
35245373
35245374
35245375
35245376
35245377
35245378
35245379
35245380
35245381
35245382
35245383
35245384
35245385
35245386
35245387
35245388
35245389
35245390
35245391
35245392
35245393
35245394
35245395
35245396
35245397
35245398
35245399
35245400
35245401
35245402
35245403
35245404
35245405
35245406
35245407
35245408
35245409
35245410
35245411
35245412
35245413
35245414
35245415
35245416
35245417
35245418
35245419
35245420
35245421
35245422
35245423
35245424
35245425
35245426
35245427
35245428
35245429
35245430
35245431
35245432
35245433
35245434
35245435
35245436
35245437
35245438
35245439
35245440
35245441
35245442
35245443
35245444
35245445
35245446
35245447
35245448
35245449
35245450
35245451
35245452
35245453
35245454
35245455
35245456
35245457
35245458
35245459
35245460
35245461
35245462
35245463
35245464
35245465
35245466
35245467
35245468
35245469
35245470
35245471
35245472
35245473
35245474
35245475
35245476
35245477
35245478
35245479
35245480
35245481
35245482
35245483
35245484
35245485
35245486
35245487
35245488
35245489
35245490
35245491
35245492
35245493
35245494
35245495
35245496
35245497
35245498
35245499
35245500
35245501
35245502
35245503
35245504
35245505
35245506
35245507
35245508
35245509
35245510
35245511
35245512
35245513
35245514
35245515
35245516
35245517
35245518
35245519
35245520
35245521
35245522
35245523
35245524
35245525
35245526
35245527
35245528
35245529
35245530
35245531
35245532
35245533
35245534
35245535
35245536
35245537
35245538
35245539
35245540
35245541
35245542
35245543
35245544
35245545
35245546
35245547
35245548
35245549
35245550
35245551
35245552
35245553
35245554
35245555
35245556
35245557
35245558
35245559
35245560
35245561
35245562
35245563
35245564
35245565
35245566
35245567
35245568
35245569
35245570
35245571
35245572
35245573
35245574
35245575
35245576
35245577
35245578
35245579
35245580
35245581
35245582
35245583
35245584
35245585
35245586
35245587
35245588
35245589
35245590
35245591
35245592
35245593
35245594
35245595
35245596
35245597
35245598
35245599
35245600
35245601
35245602
35245603
35245604
35245605
35245606
35245607
35245608
35245609
35245610
35245611
35245612
35245613
35245614
35245615
35245616
35245617
35245618
35245619
35245620
35245621
35245622
35245623
35245624
35245625
35245626
35245627
35245628
35245629
35245630
35245631
35245632
35245633
35245634
35245635
35245636
35245637
35245638
35245639
35245640
35245641
35245642
35245643
35245644
35245645
35245646
35245647
35245648
35245649
35245650
35245651
35245652
35245653
35245654
35245655
35245656
35245657
35245658
35245659
35245660
35245661
35245662
35245663
35245664
35245665
35245666
35245667
35245668
35245669
35245670
35245671
35245672
35245673
35245674
35245675
35245676
35245677
35245678
35245679
35245680
35245681
35245682
35245683
35245684
35245685
35245686
35245687
35245688
35245689
35245690
35245691
35245692
35245693
35245694
35245695
35245696
35245697
35245698
35245699
35245700
35245701
35245702
35245703
35245704
35245705
35245706
35245707
35245708
35245709
35245710
35245711
35245712
35245713
35245714
35245715
35245716
35245717
35245718
35245719
35245720
35245721
35245722
35245723
35245724
35245725
35245726
35245727
35245728
35245729
35245730
35245731
35245732
35245733
35245734
35245735
35245736
35245737
35245738
35245739
35245740
35245741
35245742
35245743
35245744
35245745
35245746
35245747
35245748
35245749
35245750
35245751
35245752
35245753
35245754
35245755
35245756
35245757
35245758
35245759
35245760
35245761
35245762
35245763
35245764
35245765
35245766
35245767
35245768
35245769
35245770
35245771
35245772
35245773
35245774
35245775
35245776
35245777
35245778
35245779
35245780
35245781
35245782
35245783
35245784
35245785
35245786
35245787
35245788
35245789
35245790
35245791
35245792
35245793
35245794
35245795
35245796
35245797
35245798
35245799
35245800
35245801
35245802
35245803
35245804
35245805
35245806
35245807
35245808
35245809
35245810
35245811
35245812
35245813
35245814
35245815
35245816
35245817
35245818
35245819
35245820
35245821
35245822
35245823
35245824
35245825
35245826
35245827
35245828
35245829
35245830
35245831
35245832
35245833
35245834
35245835
35245836
35245837
35245838
35245839
35245840
35245841
35245842
35245843
35245844
35245845
35245846
35245847
35245848
35245849
35245850
35245851
35245852
35245853
35245854
35245855
35245856
35245857
35245858
35245859
35245860
35245861
35245862
35245863
35245864
35245865
35245866
35245867
35245868
35245869
35245870
35245871
35245872
35245873
35245874
35245875
35245876
35245877
35245878
35245879
35245880
35245881
35245882
35245883
35245884
35245885
35245886
35245887
35245888
35245889
35245890
35245891
35245892
35245893
35245894
35245895
35245896
35245897
35245898
35245899
35245900
35245901
35245902
35245903
35245904
35245905
35245906
35245907
35245908
35245909
35245910
35245911
35245912
35245913
35245914
35245915
35245916
35245917
35245918
35245919
35245920
35245921
35245922
35245923
35245924
35245925
35245926
35245927
35245928
35245929
35245930
35245931
35245932
35245933
35245934
35245935
35245936
35245937
35245938
35245939
35245940
35245941
35245942
35245943
35245944
35245945
35245946
35245947
35245948
35245949
35245950
35245951
35245952
35245953
35245954
35245955
35245956
35245957
35245958
35245959
35245960
35245961
35245962
35245963
35245964
35245965
35245966
35245967
35245968
35245969
35245970
35245971
35245972
35245973
35245974
35245975
35245976
35245977
35245978
35245979
35245980
35245981
35245982
35245983
35245984
35245985
35245986
35245987
35245988
35245989
35245990
35245991
35245992
35245993
35245994
35245995
35245996
35245997
35245998
35245999
35246000
35246001
35246002
35246003
35246004
35246005
35246006
35246007
35246008
35246009
35246010
35246011
35246012
35246013
35246014
35246015
35246016
35246017
35246018
35246019
35246020
35246021
35246022
35246023
35246024
35246025
35246026
35246027
35246028
35246029
35246030
35246031
35246032
35246033
35246034
35246035
35246036
35246037
35246038
35246039
35246040
35246041
35246042
35246043
35246044
35246045
35246046
35246047
35246048
35246049
35246050
35246051
35246052
35246053
35246054
35246055
35246056
35246057
35246058
35246059
35246060
35246061
35246062
35246063
35246064
35246065
35246066
35246067
35246068
35246069
35246070
35246071
35246072
35246073
35246074
35246075
35246076
35246077
35246078
35246079
35246080
35246081
35246082
35246083
35246084
35246085
35246086
35246087
35246088
35246089
35246090
35246091
35246092
35246093
35246094
35246095
35246096
35246097
35246098
35246099
35246100
35246101
35246102
35246103
35246104
35246105
35246106
35246107
35246108
35246109
35246110
35246111
35246112
35246113
35246114
35246115
35246116
35246117
35246118
35246119
35246120
35246121
35246122
35246123
35246124
35246125
35246126
35246127
35246128
35246129
35246130
35246131
35246132
35246133
35246134
35246135
35246136
35246137
35246138
35246139
35246140
35246141
35246142
35246143
35246144
35246145
35246146
35246147
35246148
35246149
35246150
35246151
35246152
35246153
35246154
35246155
35246156
35246157
35246158
35246159
35246160
35246161
35246162
35246163
35246164
35246165
35246166
35246167
35246168
35246169
35246170
35246171
35246172
35246173
35246174
35246175
35246176
35246177
35246178
35246179
35246180
35246181
35246182
35246183
35246184
35246185
35246186
35246187
35246188
35246189
35246190
35246191
35246192
35246193
35246194
35246195
35246196
35246197
35246198
35246199
35246200
35246201
35246202
35246203
35246204
35246205
35246206
35246207
35246208
35246209
35246210
35246211
35246212
35246213
35246214
35246215
35246216
35246217
35246218
35246219
35246220
35246221
35246222
35246223
35246224
35246225
35246226
35246227
35246228
35246229
35246230
35246231
35246232
35246233
35246234
35246235
35246236
35246237
35246238
35246239
35246240
35246241
35246242
35246243
35246244
35246245
35246246
35246247
35246248
35246249
35246250
35246251
35246252
35246253
35246254
35246255
35246256
35246257
35246258
35246259
35246260
35246261
35246262
35246263
35246264
35246265
35246266
35246267
35246268
35246269
35246270
35246271
35246272
35246273
35246274
35246275
35246276
35246277
35246278
35246279
35246280
35246281
35246282
35246283
35246284
35246285
35246286
35246287
35246288
35246289
35246290
35246291
35246292
35246293
35246294
35246295
35246296
35246297
35246298
35246299
35246300
35246301
35246302
35246303
35246304
35246305
35246306
35246307
35246308
35246309
35246310
35246311
35246312
35246313
35246314
35246315
35246316
35246317
35246318
35246319
35246320
35246321
35246322
35246323
35246324
35246325
35246326
35246327
35246328
35246329
35246330
35246331
35246332
35246333
35246334
35246335
35246336
35246337
35246338
35246339
35246340
35246341
35246342
35246343
35246344
35246345
35246346
35246347
35246348
35246349
35246350
35246351
35246352
35246353
35246354
35246355
35246356
35246357
35246358
35246359
35246360
35246361
35246362
35246363
35246364
35246365
35246366
35246367
35246368
35246369
35246370
35246371
35246372
35246373
35246374
35246375
35246376
35246377
35246378
35246379
35246380
35246381
35246382
35246383
35246384
35246385
35246386
35246387
35246388
35246389
35246390
35246391
35246392
35246393
35246394
35246395
35246396
35246397
35246398
35246399
35246400
35246401
35246402
35246403
35246404
35246405
35246406
35246407
35246408
35246409
35246410
35246411
35246412
35246413
35246414
35246415
35246416
35246417
35246418
35246419
35246420
35246421
35246422
35246423
35246424
35246425
35246426
35246427
35246428
35246429
35246430
35246431
35246432
35246433
35246434
35246435
35246436
35246437
35246438
35246439
35246440
35246441
35246442
35246443
35246444
35246445
35246446
35246447
35246448
35246449
35246450
35246451
35246452
35246453
35246454
35246455
35246456
35246457
35246458
35246459
35246460
35246461
35246462
35246463
35246464
35246465
35246466
35246467
35246468
35246469
35246470
35246471
35246472
35246473
35246474
35246475
35246476
35246477
35246478
35246479
35246480
35246481
35246482
35246483
35246484
35246485
35246486
35246487
35246488
35246489
35246490
35246491
35246492
35246493
35246494
35246495
35246496
35246497
35246498
35246499
35246500
35246501
35246502
35246503
35246504
35246505
35246506
35246507
35246508
35246509
35246510
35246511
35246512
35246513
35246514
35246515
35246516
35246517
35246518
35246519
35246520
35246521
35246522
35246523
35246524
35246525
35246526
35246527
35246528
35246529
35246530
35246531
35246532
35246533
35246534
35246535
35246536
35246537
35246538
35246539
35246540
35246541
35246542
35246543
35246544
35246545
35246546
35246547
35246548
35246549
35246550
35246551
35246552
35246553
35246554
35246555
35246556
35246557
35246558
35246559
35246560
35246561
35246562
35246563
35246564
35246565
35246566
35246567
35246568
35246569
35246570
35246571
35246572
35246573
35246574
35246575
35246576
35246577
35246578
35246579
35246580
35246581
35246582
35246583
35246584
35246585
35246586
35246587
35246588
35246589
35246590
35246591
35246592
35246593
35246594
35246595
35246596
35246597
35246598
35246599
35246600
35246601
35246602
35246603
35246604
35246605
35246606
35246607
35246608
35246609
35246610
35246611
35246612
35246613
35246614
35246615
35246616
35246617
35246618
35246619
35246620
35246621
35246622
35246623
35246624
35246625
35246626
35246627
35246628
35246629
35246630
35246631
35246632
35246633
35246634
35246635
35246636
35246637
35246638
35246639
35246640
35246641
35246642
35246643
35246644
35246645
35246646
35246647
35246648
35246649
35246650
35246651
35246652
35246653
35246654
35246655
35246656
35246657
35246658
35246659
35246660
35246661
35246662
35246663
35246664
35246665
35246666
35246667
35246668
35246669
35246670
35246671
35246672
35246673
35246674
35246675
35246676
35246677
35246678
35246679
35246680
35246681
35246682
35246683
35246684
35246685
35246686
35246687
35246688
35246689
35246690
35246691
35246692
35246693
35246694
35246695
35246696
35246697
35246698
35246699
35246700
35246701
35246702
35246703
35246704
35246705
35246706
35246707
35246708
35246709
35246710
35246711
35246712
35246713
35246714
35246715
35246716
35246717
35246718
35246719
35246720
35246721
35246722
35246723
35246724
35246725
35246726
35246727
35246728
35246729
35246730
35246731
35246732
35246733
35246734
35246735
35246736
35246737
35246738
35246739
35246740
35246741
35246742
35246743
35246744
35246745
35246746
35246747
35246748
35246749
35246750
35246751
35246752
35246753
35246754
35246755
35246756
35246757
35246758
35246759
35246760
35246761
35246762
35246763
35246764
35246765
35246766
35246767
35246768
35246769
35246770
35246771
35246772
35246773
35246774
35246775
35246776
35246777
35246778
35246779
35246780
35246781
35246782
35246783
35246784
35246785
35246786
35246787
35246788
35246789
35246790
35246791
35246792
35246793
35246794
35246795
35246796
35246797
35246798
35246799
35246800
35246801
35246802
35246803
35246804
35246805
35246806
35246807
35246808
35246809
35246810
35246811
35246812
35246813
35246814
35246815
35246816
35246817
35246818
35246819
35246820
35246821
35246822
35246823
35246824
35246825
35246826
35246827
35246828
35246829
35246830
35246831
35246832
35246833
35246834
35246835
35246836
35246837
35246838
35246839
35246840
35246841
35246842
35246843
35246844
35246845
35246846
35246847
35246848
35246849
35246850
35246851
35246852
35246853
35246854
35246855
35246856
35246857
35246858
35246859
35246860
35246861
35246862
35246863
35246864
35246865
35246866
35246867
35246868
35246869
35246870
35246871
35246872
35246873
35246874
35246875
35246876
35246877
35246878
35246879
35246880
35246881
35246882
35246883
35246884
35246885
35246886
35246887
35246888
35246889
35246890
35246891
35246892
35246893
35246894
35246895
35246896
35246897
35246898
35246899
35246900
35246901
35246902
35246903
35246904
35246905
35246906
35246907
35246908
35246909
35246910
35246911
35246912
35246913
35246914
35246915
35246916
35246917
35246918
35246919
35246920
35246921
35246922
35246923
35246924
35246925
35246926
35246927
35246928
35246929
35246930
35246931
35246932
35246933
35246934
35246935
35246936
35246937
35246938
35246939
35246940
35246941
35246942
35246943
35246944
35246945
35246946
35246947
35246948
35246949
35246950
35246951
35246952
35246953
35246954
35246955
35246956
35246957
35246958
35246959
35246960
35246961
35246962
35246963
35246964
35246965
35246966
35246967
35246968
35246969
35246970
35246971
35246972
35246973
35246974
35246975
35246976
35246977
35246978
35246979
35246980
35246981
35246982
35246983
35246984
35246985
35246986
35246987
35246988
35246989
35246990
35246991
35246992
35246993
35246994
35246995
35246996
35246997
35246998
35246999
35247000
35247001
35247002
35247003
35247004
35247005
35247006
35247007
35247008
35247009
35247010
35247011
35247012
35247013
35247014
35247015
35247016
35247017
35247018
35247019
35247020
35247021
35247022
35247023
35247024
35247025
35247026
35247027
35247028
35247029
35247030
35247031
35247032
35247033
35247034
35247035
35247036
35247037
35247038
35247039
35247040
35247041
35247042
35247043
35247044
35247045
35247046
35247047
35247048
35247049
35247050
35247051
35247052
35247053
35247054
35247055
35247056
35247057
35247058
35247059
35247060
35247061
35247062
35247063
35247064
35247065
35247066
35247067
35247068
35247069
35247070
35247071
35247072
35247073
35247074
35247075
35247076
35247077
35247078
35247079
35247080
35247081
35247082
35247083
35247084
35247085
35247086
35247087
35247088
35247089
35247090
35247091
35247092
35247093
35247094
35247095
35247096
35247097
35247098
35247099
35247100
35247101
35247102
35247103
35247104
35247105
35247106
35247107
35247108
35247109
35247110
35247111
35247112
35247113
35247114
35247115
35247116
35247117
35247118
35247119
35247120
35247121
35247122
35247123
35247124
35247125
35247126
35247127
35247128
35247129
35247130
35247131
35247132
35247133
35247134
35247135
35247136
35247137
35247138
35247139
35247140
35247141
35247142
35247143
35247144
35247145
35247146
35247147
35247148
35247149
35247150
35247151
35247152
35247153
35247154
35247155
35247156
35247157
35247158
35247159
35247160
35247161
35247162
35247163
35247164
35247165
35247166
35247167
35247168
35247169
35247170
35247171
35247172
35247173
35247174
35247175
35247176
35247177
35247178
35247179
35247180
35247181
35247182
35247183
35247184
35247185
35247186
35247187
35247188
35247189
35247190
35247191
35247192
35247193
35247194
35247195
35247196
35247197
35247198
35247199
35247200
35247201
35247202
35247203
35247204
35247205
35247206
35247207
35247208
35247209
35247210
35247211
35247212
35247213
35247214
35247215
35247216
35247217
35247218
35247219
35247220
35247221
35247222
35247223
35247224
35247225
35247226
35247227
35247228
35247229
35247230
35247231
35247232
35247233
35247234
35247235
35247236
35247237
35247238
35247239
35247240
35247241
35247242
35247243
35247244
35247245
35247246
35247247
35247248
35247249
35247250
35247251
35247252
35247253
35247254
35247255
35247256
35247257
35247258
35247259
35247260
35247261
35247262
35247263
35247264
35247265
35247266
35247267
35247268
35247269
35247270
35247271
35247272
35247273
35247274
35247275
35247276
35247277
35247278
35247279
35247280
35247281
35247282
35247283
35247284
35247285
35247286
35247287
35247288
35247289
35247290
35247291
35247292
35247293
35247294
35247295
35247296
35247297
35247298
35247299
35247300
35247301
35247302
35247303
35247304
35247305
35247306
35247307
35247308
35247309
35247310
35247311
35247312
35247313
35247314
35247315
35247316
35247317
35247318
35247319
35247320
35247321
35247322
35247323
35247324
35247325
35247326
35247327
35247328
35247329
35247330
35247331
35247332
35247333
35247334
35247335
35247336
35247337
35247338
35247339
35247340
35247341
35247342
35247343
35247344
35247345
35247346
35247347
35247348
35247349
35247350
35247351
35247352
35247353
35247354
35247355
35247356
35247357
35247358
35247359
35247360
35247361
35247362
35247363
35247364
35247365
35247366
35247367
35247368
35247369
35247370
35247371
35247372
35247373
35247374
35247375
35247376
35247377
35247378
35247379
35247380
35247381
35247382
35247383
35247384
35247385
35247386
35247387
35247388
35247389
35247390
35247391
35247392
35247393
35247394
35247395
35247396
35247397
35247398
35247399
35247400
35247401
35247402
35247403
35247404
35247405
35247406
35247407
35247408
35247409
35247410
35247411
35247412
35247413
35247414
35247415
35247416
35247417
35247418
35247419
35247420
35247421
35247422
35247423
35247424
35247425
35247426
35247427
35247428
35247429
35247430
35247431
35247432
35247433
35247434
35247435
35247436
35247437
35247438
35247439
35247440
35247441
35247442
35247443
35247444
35247445
35247446
35247447
35247448
35247449
35247450
35247451
35247452
35247453
35247454
35247455
35247456
35247457
35247458
35247459
35247460
35247461
35247462
35247463
35247464
35247465
35247466
35247467
35247468
35247469
35247470
35247471
35247472
35247473
35247474
35247475
35247476
35247477
35247478
35247479
35247480
35247481
35247482
35247483
35247484
35247485
35247486
35247487
35247488
35247489
35247490
35247491
35247492
35247493
35247494
35247495
35247496
35247497
35247498
35247499
35247500
35247501
35247502
35247503
35247504
35247505
35247506
35247507
35247508
35247509
35247510
35247511
35247512
35247513
35247514
35247515
35247516
35247517
35247518
35247519
35247520
35247521
35247522
35247523
35247524
35247525
35247526
35247527
35247528
35247529
35247530
35247531
35247532
35247533
35247534
35247535
35247536
35247537
35247538
35247539
35247540
35247541
35247542
35247543
35247544
35247545
35247546
35247547
35247548
35247549
35247550
35247551
35247552
35247553
35247554
35247555
35247556
35247557
35247558
35247559
35247560
35247561
35247562
35247563
35247564
35247565
35247566
35247567
35247568
35247569
35247570
35247571
35247572
35247573
35247574
35247575
35247576
35247577
35247578
35247579
35247580
35247581
35247582
35247583
35247584
35247585
35247586
35247587
35247588
35247589
35247590
35247591
35247592
35247593
35247594
35247595
35247596
35247597
35247598
35247599
35247600
35247601
35247602
35247603
35247604
35247605
35247606
35247607
35247608
35247609
35247610
35247611
35247612
35247613
35247614
35247615
35247616
35247617
35247618
35247619
35247620
35247621
35247622
35247623
35247624
35247625
35247626
35247627
35247628
35247629
35247630
35247631
35247632
35247633
35247634
35247635
35247636
35247637
35247638
35247639
35247640
35247641
35247642
35247643
35247644
35247645
35247646
35247647
35247648
35247649
35247650
35247651
35247652
35247653
35247654
35247655
35247656
35247657
35247658
35247659
35247660
35247661
35247662
35247663
35247664
35247665
35247666
35247667
35247668
35247669
35247670
35247671
35247672
35247673
35247674
35247675
35247676
35247677
35247678
35247679
35247680
35247681
35247682
35247683
35247684
35247685
35247686
35247687
35247688
35247689
35247690
35247691
35247692
35247693
35247694
35247695
35247696
35247697
35247698
35247699
35247700
35247701
35247702
35247703
35247704
35247705
35247706
35247707
35247708
35247709
35247710
35247711
35247712
35247713
35247714
35247715
35247716
35247717
35247718
35247719
35247720
35247721
35247722
35247723
35247724
35247725
35247726
35247727
35247728
35247729
35247730
35247731
35247732
35247733
35247734
35247735
35247736
35247737
35247738
35247739
35247740
35247741
35247742
35247743
35247744
35247745
35247746
35247747
35247748
35247749
35247750
35247751
35247752
35247753
35247754
35247755
35247756
35247757
35247758
35247759
35247760
35247761
35247762
35247763
35247764
35247765
35247766
35247767
35247768
35247769
35247770
35247771
35247772
35247773
35247774
35247775
35247776
35247777
35247778
35247779
35247780
35247781
35247782
35247783
35247784
35247785
35247786
35247787
35247788
35247789
35247790
35247791
35247792
35247793
35247794
35247795
35247796
35247797
35247798
35247799
35247800
35247801
35247802
35247803
35247804
35247805
35247806
35247807
35247808
35247809
35247810
35247811
35247812
35247813
35247814
35247815
35247816
35247817
35247818
35247819
35247820
35247821
35247822
35247823
35247824
35247825
35247826
35247827
35247828
35247829
35247830
35247831
35247832
35247833
35247834
35247835
35247836
35247837
35247838
35247839
35247840
35247841
35247842
35247843
35247844
35247845
35247846
35247847
35247848
35247849
35247850
35247851
35247852
35247853
35247854
35247855
35247856
35247857
35247858
35247859
35247860
35247861
35247862
35247863
35247864
35247865
35247866
35247867
35247868
35247869
35247870
35247871
35247872
35247873
35247874
35247875
35247876
35247877
35247878
35247879
35247880
35247881
35247882
35247883
35247884
35247885
35247886
35247887
35247888
35247889
35247890
35247891
35247892
35247893
35247894
35247895
35247896
35247897
35247898
35247899
35247900
35247901
35247902
35247903
35247904
35247905
35247906
35247907
35247908
35247909
35247910
35247911
35247912
35247913
35247914
35247915
35247916
35247917
35247918
35247919
35247920
35247921
35247922
35247923
35247924
35247925
35247926
35247927
35247928
35247929
35247930
35247931
35247932
35247933
35247934
35247935
35247936
35247937
35247938
35247939
35247940
35247941
35247942
35247943
35247944
35247945
35247946
35247947
35247948
35247949
35247950
35247951
35247952
35247953
35247954
35247955
35247956
35247957
35247958
35247959
35247960
35247961
35247962
35247963
35247964
35247965
35247966
35247967
35247968
35247969
35247970
35247971
35247972
35247973
35247974
35247975
35247976
35247977
35247978
35247979
35247980
35247981
35247982
35247983
35247984
35247985
35247986
35247987
35247988
35247989
35247990
35247991
35247992
35247993
35247994
35247995
35247996
35247997
35247998
35247999
35248000
35248001
35248002
35248003
35248004
35248005
35248006
35248007
35248008
35248009
35248010
35248011
35248012
35248013
35248014
35248015
35248016
35248017
35248018
35248019
35248020
35248021
35248022
35248023
35248024
35248025
35248026
35248027
35248028
35248029
35248030
35248031
35248032
35248033
35248034
35248035
35248036
35248037
35248038
35248039
35248040
35248041
35248042
35248043
35248044
35248045
35248046
35248047
35248048
35248049
35248050
35248051
35248052
35248053
35248054
35248055
35248056
35248057
35248058
35248059
35248060
35248061
35248062
35248063
35248064
35248065
35248066
35248067
35248068
35248069
35248070
35248071
35248072
35248073
35248074
35248075
35248076
35248077
35248078
35248079
35248080
35248081
35248082
35248083
35248084
35248085
35248086
35248087
35248088
35248089
35248090
35248091
35248092
35248093
35248094
35248095
35248096
35248097
35248098
35248099
35248100
35248101
35248102
35248103
35248104
35248105
35248106
35248107
35248108
35248109
35248110
35248111
35248112
35248113
35248114
35248115
35248116
35248117
35248118
35248119
35248120
35248121
35248122
35248123
35248124
35248125
35248126
35248127
35248128
35248129
35248130
35248131
35248132
35248133
35248134
35248135
35248136
35248137
35248138
35248139
35248140
35248141
35248142
35248143
35248144
35248145
35248146
35248147
35248148
35248149
35248150
35248151
35248152
35248153
35248154
35248155
35248156
35248157
35248158
35248159
35248160
35248161
35248162
35248163
35248164
35248165
35248166
35248167
35248168
35248169
35248170
35248171
35248172
35248173
35248174
35248175
35248176
35248177
35248178
35248179
35248180
35248181
35248182
35248183
35248184
35248185
35248186
35248187
35248188
35248189
35248190
35248191
35248192
35248193
35248194
35248195
35248196
35248197
35248198
35248199
35248200
35248201
35248202
35248203
35248204
35248205
35248206
35248207
35248208
35248209
35248210
35248211
35248212
35248213
35248214
35248215
35248216
35248217
35248218
35248219
35248220
35248221
35248222
35248223
35248224
35248225
35248226
35248227
35248228
35248229
35248230
35248231
35248232
35248233
35248234
35248235
35248236
35248237
35248238
35248239
35248240
35248241
35248242
35248243
35248244
35248245
35248246
35248247
35248248
35248249
35248250
35248251
35248252
35248253
35248254
35248255
35248256
35248257
35248258
35248259
35248260
35248261
35248262
35248263
35248264
35248265
35248266
35248267
35248268
35248269
35248270
35248271
35248272
35248273
35248274
35248275
35248276
35248277
35248278
35248279
35248280
35248281
35248282
35248283
35248284
35248285
35248286
35248287
35248288
35248289
35248290
35248291
35248292
35248293
35248294
35248295
35248296
35248297
35248298
35248299
35248300
35248301
35248302
35248303
35248304
35248305
35248306
35248307
35248308
35248309
35248310
35248311
35248312
35248313
35248314
35248315
35248316
35248317
35248318
35248319
35248320
35248321
35248322
35248323
35248324
35248325
35248326
35248327
35248328
35248329
35248330
35248331
35248332
35248333
35248334
35248335
35248336
35248337
35248338
35248339
35248340
35248341
35248342
35248343
35248344
35248345
35248346
35248347
35248348
35248349
35248350
35248351
35248352
35248353
35248354
35248355
35248356
35248357
35248358
35248359
35248360
35248361
35248362
35248363
35248364
35248365
35248366
35248367
35248368
35248369
35248370
35248371
35248372
35248373
35248374
35248375
35248376
35248377
35248378
35248379
35248380
35248381
35248382
35248383
35248384
35248385
35248386
35248387
35248388
35248389
35248390
35248391
35248392
35248393
35248394
35248395
35248396
35248397
35248398
35248399
35248400
35248401
35248402
35248403
35248404
35248405
35248406
35248407
35248408
35248409
35248410
35248411
35248412
35248413
35248414
35248415
35248416
35248417
35248418
35248419
35248420
35248421
35248422
35248423
35248424
35248425
35248426
35248427
35248428
35248429
35248430
35248431
35248432
35248433
35248434
35248435
35248436
35248437
35248438
35248439
35248440
35248441
35248442
35248443
35248444
35248445
35248446
35248447
35248448
35248449
35248450
35248451
35248452
35248453
35248454
35248455
35248456
35248457
35248458
35248459
35248460
35248461
35248462
35248463
35248464
35248465
35248466
35248467
35248468
35248469
35248470
35248471
35248472
35248473
35248474
35248475
35248476
35248477
35248478
35248479
35248480
35248481
35248482
35248483
35248484
35248485
35248486
35248487
35248488
35248489
35248490
35248491
35248492
35248493
35248494
35248495
35248496
35248497
35248498
35248499
35248500
35248501
35248502
35248503
35248504
35248505
35248506
35248507
35248508
35248509
35248510
35248511
35248512
35248513
35248514
35248515
35248516
35248517
35248518
35248519
35248520
35248521
35248522
35248523
35248524
35248525
35248526
35248527
35248528
35248529
35248530
35248531
35248532
35248533
35248534
35248535
35248536
35248537
35248538
35248539
35248540
35248541
35248542
35248543
35248544
35248545
35248546
35248547
35248548
35248549
35248550
35248551
35248552
35248553
35248554
35248555
35248556
35248557
35248558
35248559
35248560
35248561
35248562
35248563
35248564
35248565
35248566
35248567
35248568
35248569
35248570
35248571
35248572
35248573
35248574
35248575
35248576
35248577
35248578
35248579
35248580
35248581
35248582
35248583
35248584
35248585
35248586
35248587
35248588
35248589
35248590
35248591
35248592
35248593
35248594
35248595
35248596
35248597
35248598
35248599
35248600
35248601
35248602
35248603
35248604
35248605
35248606
35248607
35248608
35248609
35248610
35248611
35248612
35248613
35248614
35248615
35248616
35248617
35248618
35248619
35248620
35248621
35248622
35248623
35248624
35248625
35248626
35248627
35248628
35248629
35248630
35248631
35248632
35248633
35248634
35248635
35248636
35248637
35248638
35248639
35248640
35248641
35248642
35248643
35248644
35248645
35248646
35248647
35248648
35248649
35248650
35248651
35248652
35248653
35248654
35248655
35248656
35248657
35248658
35248659
35248660
35248661
35248662
35248663
35248664
35248665
35248666
35248667
35248668
35248669
35248670
35248671
35248672
35248673
35248674
35248675
35248676
35248677
35248678
35248679
35248680
35248681
35248682
35248683
35248684
35248685
35248686
35248687
35248688
35248689
35248690
35248691
35248692
35248693
35248694
35248695
35248696
35248697
35248698
35248699
35248700
35248701
35248702
35248703
35248704
35248705
35248706
35248707
35248708
35248709
35248710
35248711
35248712
35248713
35248714
35248715
35248716
35248717
35248718
35248719
35248720
35248721
35248722
35248723
35248724
35248725
35248726
35248727
35248728
35248729
35248730
35248731
35248732
35248733
35248734
35248735
35248736
35248737
35248738
35248739
35248740
35248741
35248742
35248743
35248744
35248745
35248746
35248747
35248748
35248749
35248750
35248751
35248752
35248753
35248754
35248755
35248756
35248757
35248758
35248759
35248760
35248761
35248762
35248763
35248764
35248765
35248766
35248767
35248768
35248769
35248770
35248771
35248772
35248773
35248774
35248775
35248776
35248777
35248778
35248779
35248780
35248781
35248782
35248783
35248784
35248785
35248786
35248787
35248788
35248789
35248790
35248791
35248792
35248793
35248794
35248795
35248796
35248797
35248798
35248799
35248800
35248801
35248802
35248803
35248804
35248805
35248806
35248807
35248808
35248809
35248810
35248811
35248812
35248813
35248814
35248815
35248816
35248817
35248818
35248819
35248820
35248821
35248822
35248823
35248824
35248825
35248826
35248827
35248828
35248829
35248830
35248831
35248832
35248833
35248834
35248835
35248836
35248837
35248838
35248839
35248840
35248841
35248842
35248843
35248844
35248845
35248846
35248847
35248848
35248849
35248850
35248851
35248852
35248853
35248854
35248855
35248856
35248857
35248858
35248859
35248860
35248861
35248862
35248863
35248864
35248865
35248866
35248867
35248868
35248869
35248870
35248871
35248872
35248873
35248874
35248875
35248876
35248877
35248878
35248879
35248880
35248881
35248882
35248883
35248884
35248885
35248886
35248887
35248888
35248889
