36168890
36168891
36168892
36168893
36168894
36168895
36168896
36168897
36168898
36168899
36168900
36168901
36168902
36168903
36168904
36168905
36168906
36168907
36168908
36168909
36168910
36168911
36168912
36168913
36168914
36168915
36168916
36168917
36168918
36168919
36168920
36168921
36168922
36168923
36168924
36168925
36168926
36168927
36168928
36168929
36168930
36168931
36168932
36168933
36168934
36168935
36168936
36168937
36168938
36168939
36168940
36168941
36168942
36168943
36168944
36168945
36168946
36168947
36168948
36168949
36168950
36168951
36168952
36168953
36168954
36168955
36168956
36168957
36168958
36168959
36168960
36168961
36168962
36168963
36168964
36168965
36168966
36168967
36168968
36168969
36168970
36168971
36168972
36168973
36168974
36168975
36168976
36168977
36168978
36168979
36168980
36168981
36168982
36168983
36168984
36168985
36168986
36168987
36168988
36168989
36168990
36168991
36168992
36168993
36168994
36168995
36168996
36168997
36168998
36168999
36169000
36169001
36169002
36169003
36169004
36169005
36169006
36169007
36169008
36169009
36169010
36169011
36169012
36169013
36169014
36169015
36169016
36169017
36169018
36169019
36169020
36169021
36169022
36169023
36169024
36169025
36169026
36169027
36169028
36169029
36169030
36169031
36169032
36169033
36169034
36169035
36169036
36169037
36169038
36169039
36169040
36169041
36169042
36169043
36169044
36169045
36169046
36169047
36169048
36169049
36169050
36169051
36169052
36169053
36169054
36169055
36169056
36169057
36169058
36169059
36169060
36169061
36169062
36169063
36169064
36169065
36169066
36169067
36169068
36169069
36169070
36169071
36169072
36169073
36169074
36169075
36169076
36169077
36169078
36169079
36169080
36169081
36169082
36169083
36169084
36169085
36169086
36169087
36169088
36169089
36169090
36169091
36169092
36169093
36169094
36169095
36169096
36169097
36169098
36169099
36169100
36169101
36169102
36169103
36169104
36169105
36169106
36169107
36169108
36169109
36169110
36169111
36169112
36169113
36169114
36169115
36169116
36169117
36169118
36169119
36169120
36169121
36169122
36169123
36169124
36169125
36169126
36169127
36169128
36169129
36169130
36169131
36169132
36169133
36169134
36169135
36169136
36169137
36169138
36169139
36169140
36169141
36169142
36169143
36169144
36169145
36169146
36169147
36169148
36169149
36169150
36169151
36169152
36169153
36169154
36169155
36169156
36169157
36169158
36169159
36169160
36169161
36169162
36169163
36169164
36169165
36169166
36169167
36169168
36169169
36169170
36169171
36169172
36169173
36169174
36169175
36169176
36169177
36169178
36169179
36169180
36169181
36169182
36169183
36169184
36169185
36169186
36169187
36169188
36169189
36169190
36169191
36169192
36169193
36169194
36169195
36169196
36169197
36169198
36169199
36169200
36169201
36169202
36169203
36169204
36169205
36169206
36169207
36169208
36169209
36169210
36169211
36169212
36169213
36169214
36169215
36169216
36169217
36169218
36169219
36169220
36169221
36169222
36169223
36169224
36169225
36169226
36169227
36169228
36169229
36169230
36169231
36169232
36169233
36169234
36169235
36169236
36169237
36169238
36169239
36169240
36169241
36169242
36169243
36169244
36169245
36169246
36169247
36169248
36169249
36169250
36169251
36169252
36169253
36169254
36169255
36169256
36169257
36169258
36169259
36169260
36169261
36169262
36169263
36169264
36169265
36169266
36169267
36169268
36169269
36169270
36169271
36169272
36169273
36169274
36169275
36169276
36169277
36169278
36169279
36169280
36169281
36169282
36169283
36169284
36169285
36169286
36169287
36169288
36169289
36169290
36169291
36169292
36169293
36169294
36169295
36169296
36169297
36169298
36169299
36169300
36169301
36169302
36169303
36169304
36169305
36169306
36169307
36169308
36169309
36169310
36169311
36169312
36169313
36169314
36169315
36169316
36169317
36169318
36169319
36169320
36169321
36169322
36169323
36169324
36169325
36169326
36169327
36169328
36169329
36169330
36169331
36169332
36169333
36169334
36169335
36169336
36169337
36169338
36169339
36169340
36169341
36169342
36169343
36169344
36169345
36169346
36169347
36169348
36169349
36169350
36169351
36169352
36169353
36169354
36169355
36169356
36169357
36169358
36169359
36169360
36169361
36169362
36169363
36169364
36169365
36169366
36169367
36169368
36169369
36169370
36169371
36169372
36169373
36169374
36169375
36169376
36169377
36169378
36169379
36169380
36169381
36169382
36169383
36169384
36169385
36169386
36169387
36169388
36169389
36169390
36169391
36169392
36169393
36169394
36169395
36169396
36169397
36169398
36169399
36169400
36169401
36169402
36169403
36169404
36169405
36169406
36169407
36169408
36169409
36169410
36169411
36169412
36169413
36169414
36169415
36169416
36169417
36169418
36169419
36169420
36169421
36169422
36169423
36169424
36169425
36169426
36169427
36169428
36169429
36169430
36169431
36169432
36169433
36169434
36169435
36169436
36169437
36169438
36169439
36169440
36169441
36169442
36169443
36169444
36169445
36169446
36169447
36169448
36169449
36169450
36169451
36169452
36169453
36169454
36169455
36169456
36169457
36169458
36169459
36169460
36169461
36169462
36169463
36169464
36169465
36169466
36169467
36169468
36169469
36169470
36169471
36169472
36169473
36169474
36169475
36169476
36169477
36169478
36169479
36169480
36169481
36169482
36169483
36169484
36169485
36169486
36169487
36169488
36169489
36169490
36169491
36169492
36169493
36169494
36169495
36169496
36169497
36169498
36169499
36169500
36169501
36169502
36169503
36169504
36169505
36169506
36169507
36169508
36169509
36169510
36169511
36169512
36169513
36169514
36169515
36169516
36169517
36169518
36169519
36169520
36169521
36169522
36169523
36169524
36169525
36169526
36169527
36169528
36169529
36169530
36169531
36169532
36169533
36169534
36169535
36169536
36169537
36169538
36169539
36169540
36169541
36169542
36169543
36169544
36169545
36169546
36169547
36169548
36169549
36169550
36169551
36169552
36169553
36169554
36169555
36169556
36169557
36169558
36169559
36169560
36169561
36169562
36169563
36169564
36169565
36169566
36169567
36169568
36169569
36169570
36169571
36169572
36169573
36169574
36169575
36169576
36169577
36169578
36169579
36169580
36169581
36169582
36169583
36169584
36169585
36169586
36169587
36169588
36169589
36169590
36169591
36169592
36169593
36169594
36169595
36169596
36169597
36169598
36169599
36169600
36169601
36169602
36169603
36169604
36169605
36169606
36169607
36169608
36169609
36169610
36169611
36169612
36169613
36169614
36169615
36169616
36169617
36169618
36169619
36169620
36169621
36169622
36169623
36169624
36169625
36169626
36169627
36169628
36169629
36169630
36169631
36169632
36169633
36169634
36169635
36169636
36169637
36169638
36169639
36169640
36169641
36169642
36169643
36169644
36169645
36169646
36169647
36169648
36169649
36169650
36169651
36169652
36169653
36169654
36169655
36169656
36169657
36169658
36169659
36169660
36169661
36169662
36169663
36169664
36169665
36169666
36169667
36169668
36169669
36169670
36169671
36169672
36169673
36169674
36169675
36169676
36169677
36169678
36169679
36169680
36169681
36169682
36169683
36169684
36169685
36169686
36169687
36169688
36169689
36169690
36169691
36169692
36169693
36169694
36169695
36169696
36169697
36169698
36169699
36169700
36169701
36169702
36169703
36169704
36169705
36169706
36169707
36169708
36169709
36169710
36169711
36169712
36169713
36169714
36169715
36169716
36169717
36169718
36169719
36169720
36169721
36169722
36169723
36169724
36169725
36169726
36169727
36169728
36169729
36169730
36169731
36169732
36169733
36169734
36169735
36169736
36169737
36169738
36169739
36169740
36169741
36169742
36169743
36169744
36169745
36169746
36169747
36169748
36169749
36169750
36169751
36169752
36169753
36169754
36169755
36169756
36169757
36169758
36169759
36169760
36169761
36169762
36169763
36169764
36169765
36169766
36169767
36169768
36169769
36169770
36169771
36169772
36169773
36169774
36169775
36169776
36169777
36169778
36169779
36169780
36169781
36169782
36169783
36169784
36169785
36169786
36169787
36169788
36169789
36169790
36169791
36169792
36169793
36169794
36169795
36169796
36169797
36169798
36169799
36169800
36169801
36169802
36169803
36169804
36169805
36169806
36169807
36169808
36169809
36169810
36169811
36169812
36169813
36169814
36169815
36169816
36169817
36169818
36169819
36169820
36169821
36169822
36169823
36169824
36169825
36169826
36169827
36169828
36169829
36169830
36169831
36169832
36169833
36169834
36169835
36169836
36169837
36169838
36169839
36169840
36169841
36169842
36169843
36169844
36169845
36169846
36169847
36169848
36169849
36169850
36169851
36169852
36169853
36169854
36169855
36169856
36169857
36169858
36169859
36169860
36169861
36169862
36169863
36169864
36169865
36169866
36169867
36169868
36169869
36169870
36169871
36169872
36169873
36169874
36169875
36169876
36169877
36169878
36169879
36169880
36169881
36169882
36169883
36169884
36169885
36169886
36169887
36169888
36169889
36169890
36169891
36169892
36169893
36169894
36169895
36169896
36169897
36169898
36169899
36169900
36169901
36169902
36169903
36169904
36169905
36169906
36169907
36169908
36169909
36169910
36169911
36169912
36169913
36169914
36169915
36169916
36169917
36169918
36169919
36169920
36169921
36169922
36169923
36169924
36169925
36169926
36169927
36169928
36169929
36169930
36169931
36169932
36169933
36169934
36169935
36169936
36169937
36169938
36169939
36169940
36169941
36169942
36169943
36169944
36169945
36169946
36169947
36169948
36169949
36169950
36169951
36169952
36169953
36169954
36169955
36169956
36169957
36169958
36169959
36169960
36169961
36169962
36169963
36169964
36169965
36169966
36169967
36169968
36169969
36169970
36169971
36169972
36169973
36169974
36169975
36169976
36169977
36169978
36169979
36169980
36169981
36169982
36169983
36169984
36169985
36169986
36169987
36169988
36169989
36169990
36169991
36169992
36169993
36169994
36169995
36169996
36169997
36169998
36169999
36170000
36170001
36170002
36170003
36170004
36170005
36170006
36170007
36170008
36170009
36170010
36170011
36170012
36170013
36170014
36170015
36170016
36170017
36170018
36170019
36170020
36170021
36170022
36170023
36170024
36170025
36170026
36170027
36170028
36170029
36170030
36170031
36170032
36170033
36170034
36170035
36170036
36170037
36170038
36170039
36170040
36170041
36170042
36170043
36170044
36170045
36170046
36170047
36170048
36170049
36170050
36170051
36170052
36170053
36170054
36170055
36170056
36170057
36170058
36170059
36170060
36170061
36170062
36170063
36170064
36170065
36170066
36170067
36170068
36170069
36170070
36170071
36170072
36170073
36170074
36170075
36170076
36170077
36170078
36170079
36170080
36170081
36170082
36170083
36170084
36170085
36170086
36170087
36170088
36170089
36170090
36170091
36170092
36170093
36170094
36170095
36170096
36170097
36170098
36170099
36170100
36170101
36170102
36170103
36170104
36170105
36170106
36170107
36170108
36170109
36170110
36170111
36170112
36170113
36170114
36170115
36170116
36170117
36170118
36170119
36170120
36170121
36170122
36170123
36170124
36170125
36170126
36170127
36170128
36170129
36170130
36170131
36170132
36170133
36170134
36170135
36170136
36170137
36170138
36170139
36170140
36170141
36170142
36170143
36170144
36170145
36170146
36170147
36170148
36170149
36170150
36170151
36170152
36170153
36170154
36170155
36170156
36170157
36170158
36170159
36170160
36170161
36170162
36170163
36170164
36170165
36170166
36170167
36170168
36170169
36170170
36170171
36170172
36170173
36170174
36170175
36170176
36170177
36170178
36170179
36170180
36170181
36170182
36170183
36170184
36170185
36170186
36170187
36170188
36170189
36170190
36170191
36170192
36170193
36170194
36170195
36170196
36170197
36170198
36170199
36170200
36170201
36170202
36170203
36170204
36170205
36170206
36170207
36170208
36170209
36170210
36170211
36170212
36170213
36170214
36170215
36170216
36170217
36170218
36170219
36170220
36170221
36170222
36170223
36170224
36170225
36170226
36170227
36170228
36170229
36170230
36170231
36170232
36170233
36170234
36170235
36170236
36170237
36170238
36170239
36170240
36170241
36170242
36170243
36170244
36170245
36170246
36170247
36170248
36170249
36170250
36170251
36170252
36170253
36170254
36170255
36170256
36170257
36170258
36170259
36170260
36170261
36170262
36170263
36170264
36170265
36170266
36170267
36170268
36170269
36170270
36170271
36170272
36170273
36170274
36170275
36170276
36170277
36170278
36170279
36170280
36170281
36170282
36170283
36170284
36170285
36170286
36170287
36170288
36170289
36170290
36170291
36170292
36170293
36170294
36170295
36170296
36170297
36170298
36170299
36170300
36170301
36170302
36170303
36170304
36170305
36170306
36170307
36170308
36170309
36170310
36170311
36170312
36170313
36170314
36170315
36170316
36170317
36170318
36170319
36170320
36170321
36170322
36170323
36170324
36170325
36170326
36170327
36170328
36170329
36170330
36170331
36170332
36170333
36170334
36170335
36170336
36170337
36170338
36170339
36170340
36170341
36170342
36170343
36170344
36170345
36170346
36170347
36170348
36170349
36170350
36170351
36170352
36170353
36170354
36170355
36170356
36170357
36170358
36170359
36170360
36170361
36170362
36170363
36170364
36170365
36170366
36170367
36170368
36170369
36170370
36170371
36170372
36170373
36170374
36170375
36170376
36170377
36170378
36170379
36170380
36170381
36170382
36170383
36170384
36170385
36170386
36170387
36170388
36170389
36170390
36170391
36170392
36170393
36170394
36170395
36170396
36170397
36170398
36170399
36170400
36170401
36170402
36170403
36170404
36170405
36170406
36170407
36170408
36170409
36170410
36170411
36170412
36170413
36170414
36170415
36170416
36170417
36170418
36170419
36170420
36170421
36170422
36170423
36170424
36170425
36170426
36170427
36170428
36170429
36170430
36170431
36170432
36170433
36170434
36170435
36170436
36170437
36170438
36170439
36170440
36170441
36170442
36170443
36170444
36170445
36170446
36170447
36170448
36170449
36170450
36170451
36170452
36170453
36170454
36170455
36170456
36170457
36170458
36170459
36170460
36170461
36170462
36170463
36170464
36170465
36170466
36170467
36170468
36170469
36170470
36170471
36170472
36170473
36170474
36170475
36170476
36170477
36170478
36170479
36170480
36170481
36170482
36170483
36170484
36170485
36170486
36170487
36170488
36170489
36170490
36170491
36170492
36170493
36170494
36170495
36170496
36170497
36170498
36170499
36170500
36170501
36170502
36170503
36170504
36170505
36170506
36170507
36170508
36170509
36170510
36170511
36170512
36170513
36170514
36170515
36170516
36170517
36170518
36170519
36170520
36170521
36170522
36170523
36170524
36170525
36170526
36170527
36170528
36170529
36170530
36170531
36170532
36170533
36170534
36170535
36170536
36170537
36170538
36170539
36170540
36170541
36170542
36170543
36170544
36170545
36170546
36170547
36170548
36170549
36170550
36170551
36170552
36170553
36170554
36170555
36170556
36170557
36170558
36170559
36170560
36170561
36170562
36170563
36170564
36170565
36170566
36170567
36170568
36170569
36170570
36170571
36170572
36170573
36170574
36170575
36170576
36170577
36170578
36170579
36170580
36170581
36170582
36170583
36170584
36170585
36170586
36170587
36170588
36170589
36170590
36170591
36170592
36170593
36170594
36170595
36170596
36170597
36170598
36170599
36170600
36170601
36170602
36170603
36170604
36170605
36170606
36170607
36170608
36170609
36170610
36170611
36170612
36170613
36170614
36170615
36170616
36170617
36170618
36170619
36170620
36170621
36170622
36170623
36170624
36170625
36170626
36170627
36170628
36170629
36170630
36170631
36170632
36170633
36170634
36170635
36170636
36170637
36170638
36170639
36170640
36170641
36170642
36170643
36170644
36170645
36170646
36170647
36170648
36170649
36170650
36170651
36170652
36170653
36170654
36170655
36170656
36170657
36170658
36170659
36170660
36170661
36170662
36170663
36170664
36170665
36170666
36170667
36170668
36170669
36170670
36170671
36170672
36170673
36170674
36170675
36170676
36170677
36170678
36170679
36170680
36170681
36170682
36170683
36170684
36170685
36170686
36170687
36170688
36170689
36170690
36170691
36170692
36170693
36170694
36170695
36170696
36170697
36170698
36170699
36170700
36170701
36170702
36170703
36170704
36170705
36170706
36170707
36170708
36170709
36170710
36170711
36170712
36170713
36170714
36170715
36170716
36170717
36170718
36170719
36170720
36170721
36170722
36170723
36170724
36170725
36170726
36170727
36170728
36170729
36170730
36170731
36170732
36170733
36170734
36170735
36170736
36170737
36170738
36170739
36170740
36170741
36170742
36170743
36170744
36170745
36170746
36170747
36170748
36170749
36170750
36170751
36170752
36170753
36170754
36170755
36170756
36170757
36170758
36170759
36170760
36170761
36170762
36170763
36170764
36170765
36170766
36170767
36170768
36170769
36170770
36170771
36170772
36170773
36170774
36170775
36170776
36170777
36170778
36170779
36170780
36170781
36170782
36170783
36170784
36170785
36170786
36170787
36170788
36170789
36170790
36170791
36170792
36170793
36170794
36170795
36170796
36170797
36170798
36170799
36170800
36170801
36170802
36170803
36170804
36170805
36170806
36170807
36170808
36170809
36170810
36170811
36170812
36170813
36170814
36170815
36170816
36170817
36170818
36170819
36170820
36170821
36170822
36170823
36170824
36170825
36170826
36170827
36170828
36170829
36170830
36170831
36170832
36170833
36170834
36170835
36170836
36170837
36170838
36170839
36170840
36170841
36170842
36170843
36170844
36170845
36170846
36170847
36170848
36170849
36170850
36170851
36170852
36170853
36170854
36170855
36170856
36170857
36170858
36170859
36170860
36170861
36170862
36170863
36170864
36170865
36170866
36170867
36170868
36170869
36170870
36170871
36170872
36170873
36170874
36170875
36170876
36170877
36170878
36170879
36170880
36170881
36170882
36170883
36170884
36170885
36170886
36170887
36170888
36170889
36170890
36170891
36170892
36170893
36170894
36170895
36170896
36170897
36170898
36170899
36170900
36170901
36170902
36170903
36170904
36170905
36170906
36170907
36170908
36170909
36170910
36170911
36170912
36170913
36170914
36170915
36170916
36170917
36170918
36170919
36170920
36170921
36170922
36170923
36170924
36170925
36170926
36170927
36170928
36170929
36170930
36170931
36170932
36170933
36170934
36170935
36170936
36170937
36170938
36170939
36170940
36170941
36170942
36170943
36170944
36170945
36170946
36170947
36170948
36170949
36170950
36170951
36170952
36170953
36170954
36170955
36170956
36170957
36170958
36170959
36170960
36170961
36170962
36170963
36170964
36170965
36170966
36170967
36170968
36170969
36170970
36170971
36170972
36170973
36170974
36170975
36170976
36170977
36170978
36170979
36170980
36170981
36170982
36170983
36170984
36170985
36170986
36170987
36170988
36170989
36170990
36170991
36170992
36170993
36170994
36170995
36170996
36170997
36170998
36170999
36171000
36171001
36171002
36171003
36171004
36171005
36171006
36171007
36171008
36171009
36171010
36171011
36171012
36171013
36171014
36171015
36171016
36171017
36171018
36171019
36171020
36171021
36171022
36171023
36171024
36171025
36171026
36171027
36171028
36171029
36171030
36171031
36171032
36171033
36171034
36171035
36171036
36171037
36171038
36171039
36171040
36171041
36171042
36171043
36171044
36171045
36171046
36171047
36171048
36171049
36171050
36171051
36171052
36171053
36171054
36171055
36171056
36171057
36171058
36171059
36171060
36171061
36171062
36171063
36171064
36171065
36171066
36171067
36171068
36171069
36171070
36171071
36171072
36171073
36171074
36171075
36171076
36171077
36171078
36171079
36171080
36171081
36171082
36171083
36171084
36171085
36171086
36171087
36171088
36171089
36171090
36171091
36171092
36171093
36171094
36171095
36171096
36171097
36171098
36171099
36171100
36171101
36171102
36171103
36171104
36171105
36171106
36171107
36171108
36171109
36171110
36171111
36171112
36171113
36171114
36171115
36171116
36171117
36171118
36171119
36171120
36171121
36171122
36171123
36171124
36171125
36171126
36171127
36171128
36171129
36171130
36171131
36171132
36171133
36171134
36171135
36171136
36171137
36171138
36171139
36171140
36171141
36171142
36171143
36171144
36171145
36171146
36171147
36171148
36171149
36171150
36171151
36171152
36171153
36171154
36171155
36171156
36171157
36171158
36171159
36171160
36171161
36171162
36171163
36171164
36171165
36171166
36171167
36171168
36171169
36171170
36171171
36171172
36171173
36171174
36171175
36171176
36171177
36171178
36171179
36171180
36171181
36171182
36171183
36171184
36171185
36171186
36171187
36171188
36171189
36171190
36171191
36171192
36171193
36171194
36171195
36171196
36171197
36171198
36171199
36171200
36171201
36171202
36171203
36171204
36171205
36171206
36171207
36171208
36171209
36171210
36171211
36171212
36171213
36171214
36171215
36171216
36171217
36171218
36171219
36171220
36171221
36171222
36171223
36171224
36171225
36171226
36171227
36171228
36171229
36171230
36171231
36171232
36171233
36171234
36171235
36171236
36171237
36171238
36171239
36171240
36171241
36171242
36171243
36171244
36171245
36171246
36171247
36171248
36171249
36171250
36171251
36171252
36171253
36171254
36171255
36171256
36171257
36171258
36171259
36171260
36171261
36171262
36171263
36171264
36171265
36171266
36171267
36171268
36171269
36171270
36171271
36171272
36171273
36171274
36171275
36171276
36171277
36171278
36171279
36171280
36171281
36171282
36171283
36171284
36171285
36171286
36171287
36171288
36171289
36171290
36171291
36171292
36171293
36171294
36171295
36171296
36171297
36171298
36171299
36171300
36171301
36171302
36171303
36171304
36171305
36171306
36171307
36171308
36171309
36171310
36171311
36171312
36171313
36171314
36171315
36171316
36171317
36171318
36171319
36171320
36171321
36171322
36171323
36171324
36171325
36171326
36171327
36171328
36171329
36171330
36171331
36171332
36171333
36171334
36171335
36171336
36171337
36171338
36171339
36171340
36171341
36171342
36171343
36171344
36171345
36171346
36171347
36171348
36171349
36171350
36171351
36171352
36171353
36171354
36171355
36171356
36171357
36171358
36171359
36171360
36171361
36171362
36171363
36171364
36171365
36171366
36171367
36171368
36171369
36171370
36171371
36171372
36171373
36171374
36171375
36171376
36171377
36171378
36171379
36171380
36171381
36171382
36171383
36171384
36171385
36171386
36171387
36171388
36171389
36171390
36171391
36171392
36171393
36171394
36171395
36171396
36171397
36171398
36171399
36171400
36171401
36171402
36171403
36171404
36171405
36171406
36171407
36171408
36171409
36171410
36171411
36171412
36171413
36171414
36171415
36171416
36171417
36171418
36171419
36171420
36171421
36171422
36171423
36171424
36171425
36171426
36171427
36171428
36171429
36171430
36171431
36171432
36171433
36171434
36171435
36171436
36171437
36171438
36171439
36171440
36171441
36171442
36171443
36171444
36171445
36171446
36171447
36171448
36171449
36171450
36171451
36171452
36171453
36171454
36171455
36171456
36171457
36171458
36171459
36171460
36171461
36171462
36171463
36171464
36171465
36171466
36171467
36171468
36171469
36171470
36171471
36171472
36171473
36171474
36171475
36171476
36171477
36171478
36171479
36171480
36171481
36171482
36171483
36171484
36171485
36171486
36171487
36171488
36171489
36171490
36171491
36171492
36171493
36171494
36171495
36171496
36171497
36171498
36171499
36171500
36171501
36171502
36171503
36171504
36171505
36171506
36171507
36171508
36171509
36171510
36171511
36171512
36171513
36171514
36171515
36171516
36171517
36171518
36171519
36171520
36171521
36171522
36171523
36171524
36171525
36171526
36171527
36171528
36171529
36171530
36171531
36171532
36171533
36171534
36171535
36171536
36171537
36171538
36171539
36171540
36171541
36171542
36171543
36171544
36171545
36171546
36171547
36171548
36171549
36171550
36171551
36171552
36171553
36171554
36171555
36171556
36171557
36171558
36171559
36171560
36171561
36171562
36171563
36171564
36171565
36171566
36171567
36171568
36171569
36171570
36171571
36171572
36171573
36171574
36171575
36171576
36171577
36171578
36171579
36171580
36171581
36171582
36171583
36171584
36171585
36171586
36171587
36171588
36171589
36171590
36171591
36171592
36171593
36171594
36171595
36171596
36171597
36171598
36171599
36171600
36171601
36171602
36171603
36171604
36171605
36171606
36171607
36171608
36171609
36171610
36171611
36171612
36171613
36171614
36171615
36171616
36171617
36171618
36171619
36171620
36171621
36171622
36171623
36171624
36171625
36171626
36171627
36171628
36171629
36171630
36171631
36171632
36171633
36171634
36171635
36171636
36171637
36171638
36171639
36171640
36171641
36171642
36171643
36171644
36171645
36171646
36171647
36171648
36171649
36171650
36171651
36171652
36171653
36171654
36171655
36171656
36171657
36171658
36171659
36171660
36171661
36171662
36171663
36171664
36171665
36171666
36171667
36171668
36171669
36171670
36171671
36171672
36171673
36171674
36171675
36171676
36171677
36171678
36171679
36171680
36171681
36171682
36171683
36171684
36171685
36171686
36171687
36171688
36171689
36171690
36171691
36171692
36171693
36171694
36171695
36171696
36171697
36171698
36171699
36171700
36171701
36171702
36171703
36171704
36171705
36171706
36171707
36171708
36171709
36171710
36171711
36171712
36171713
36171714
36171715
36171716
36171717
36171718
36171719
36171720
36171721
36171722
36171723
36171724
36171725
36171726
36171727
36171728
36171729
36171730
36171731
36171732
36171733
36171734
36171735
36171736
36171737
36171738
36171739
36171740
36171741
36171742
36171743
36171744
36171745
36171746
36171747
36171748
36171749
36171750
36171751
36171752
36171753
36171754
36171755
36171756
36171757
36171758
36171759
36171760
36171761
36171762
36171763
36171764
36171765
36171766
36171767
36171768
36171769
36171770
36171771
36171772
36171773
36171774
36171775
36171776
36171777
36171778
36171779
36171780
36171781
36171782
36171783
36171784
36171785
36171786
36171787
36171788
36171789
36171790
36171791
36171792
36171793
36171794
36171795
36171796
36171797
36171798
36171799
36171800
36171801
36171802
36171803
36171804
36171805
36171806
36171807
36171808
36171809
36171810
36171811
36171812
36171813
36171814
36171815
36171816
36171817
36171818
36171819
36171820
36171821
36171822
36171823
36171824
36171825
36171826
36171827
36171828
36171829
36171830
36171831
36171832
36171833
36171834
36171835
36171836
36171837
36171838
36171839
36171840
36171841
36171842
36171843
36171844
36171845
36171846
36171847
36171848
36171849
36171850
36171851
36171852
36171853
36171854
36171855
36171856
36171857
36171858
36171859
36171860
36171861
36171862
36171863
36171864
36171865
36171866
36171867
36171868
36171869
36171870
36171871
36171872
36171873
36171874
36171875
36171876
36171877
36171878
36171879
36171880
36171881
36171882
36171883
36171884
36171885
36171886
36171887
36171888
36171889
36171890
36171891
36171892
36171893
36171894
36171895
36171896
36171897
36171898
36171899
36171900
36171901
36171902
36171903
36171904
36171905
36171906
36171907
36171908
36171909
36171910
36171911
36171912
36171913
36171914
36171915
36171916
36171917
36171918
36171919
36171920
36171921
36171922
36171923
36171924
36171925
36171926
36171927
36171928
36171929
36171930
36171931
36171932
36171933
36171934
36171935
36171936
36171937
36171938
36171939
36171940
36171941
36171942
36171943
36171944
36171945
36171946
36171947
36171948
36171949
36171950
36171951
36171952
36171953
36171954
36171955
36171956
36171957
36171958
36171959
36171960
36171961
36171962
36171963
36171964
36171965
36171966
36171967
36171968
36171969
36171970
36171971
36171972
36171973
36171974
36171975
36171976
36171977
36171978
36171979
36171980
36171981
36171982
36171983
36171984
36171985
36171986
36171987
36171988
36171989
36171990
36171991
36171992
36171993
36171994
36171995
36171996
36171997
36171998
36171999
36172000
36172001
36172002
36172003
36172004
36172005
36172006
36172007
36172008
36172009
36172010
36172011
36172012
36172013
36172014
36172015
36172016
36172017
36172018
36172019
36172020
36172021
36172022
36172023
36172024
36172025
36172026
36172027
36172028
36172029
36172030
36172031
36172032
36172033
36172034
36172035
36172036
36172037
36172038
36172039
36172040
36172041
36172042
36172043
36172044
36172045
36172046
36172047
36172048
36172049
36172050
36172051
36172052
36172053
36172054
36172055
36172056
36172057
36172058
36172059
36172060
36172061
36172062
36172063
36172064
36172065
36172066
36172067
36172068
36172069
36172070
36172071
36172072
36172073
36172074
36172075
36172076
36172077
36172078
36172079
36172080
36172081
36172082
36172083
36172084
36172085
36172086
36172087
36172088
36172089
36172090
36172091
36172092
36172093
36172094
36172095
36172096
36172097
36172098
36172099
36172100
36172101
36172102
36172103
36172104
36172105
36172106
36172107
36172108
36172109
36172110
36172111
36172112
36172113
36172114
36172115
36172116
36172117
36172118
36172119
36172120
36172121
36172122
36172123
36172124
36172125
36172126
36172127
36172128
36172129
36172130
36172131
36172132
36172133
36172134
36172135
36172136
36172137
36172138
36172139
36172140
36172141
36172142
36172143
36172144
36172145
36172146
36172147
36172148
36172149
36172150
36172151
36172152
36172153
36172154
36172155
36172156
36172157
36172158
36172159
36172160
36172161
36172162
36172163
36172164
36172165
36172166
36172167
36172168
36172169
36172170
36172171
36172172
36172173
36172174
36172175
36172176
36172177
36172178
36172179
36172180
36172181
36172182
36172183
36172184
36172185
36172186
36172187
36172188
36172189
36172190
36172191
36172192
36172193
36172194
36172195
36172196
36172197
36172198
36172199
36172200
36172201
36172202
36172203
36172204
36172205
36172206
36172207
36172208
36172209
36172210
36172211
36172212
36172213
36172214
36172215
36172216
36172217
36172218
36172219
36172220
36172221
36172222
36172223
36172224
36172225
36172226
36172227
36172228
36172229
36172230
36172231
36172232
36172233
36172234
36172235
36172236
36172237
36172238
36172239
36172240
36172241
36172242
36172243
36172244
36172245
36172246
36172247
36172248
36172249
36172250
36172251
36172252
36172253
36172254
36172255
36172256
36172257
36172258
36172259
36172260
36172261
36172262
36172263
36172264
36172265
36172266
36172267
36172268
36172269
36172270
36172271
36172272
36172273
36172274
36172275
36172276
36172277
36172278
36172279
36172280
36172281
36172282
36172283
36172284
36172285
36172286
36172287
36172288
36172289
36172290
36172291
36172292
36172293
36172294
36172295
36172296
36172297
36172298
36172299
36172300
36172301
36172302
36172303
36172304
36172305
36172306
36172307
36172308
36172309
36172310
36172311
36172312
36172313
36172314
36172315
36172316
36172317
36172318
36172319
36172320
36172321
36172322
36172323
36172324
36172325
36172326
36172327
36172328
36172329
36172330
36172331
36172332
36172333
36172334
36172335
36172336
36172337
36172338
36172339
36172340
36172341
36172342
36172343
36172344
36172345
36172346
36172347
36172348
36172349
36172350
36172351
36172352
36172353
36172354
36172355
36172356
36172357
36172358
36172359
36172360
36172361
36172362
36172363
36172364
36172365
36172366
36172367
36172368
36172369
36172370
36172371
36172372
36172373
36172374
36172375
36172376
36172377
36172378
36172379
36172380
36172381
36172382
36172383
36172384
36172385
36172386
36172387
36172388
36172389
36172390
36172391
36172392
36172393
36172394
36172395
36172396
36172397
36172398
36172399
36172400
36172401
36172402
36172403
36172404
36172405
36172406
36172407
36172408
36172409
36172410
36172411
36172412
36172413
36172414
36172415
36172416
36172417
36172418
36172419
36172420
36172421
36172422
36172423
36172424
36172425
36172426
36172427
36172428
36172429
36172430
36172431
36172432
36172433
36172434
36172435
36172436
36172437
36172438
36172439
36172440
36172441
36172442
36172443
36172444
36172445
36172446
36172447
36172448
36172449
36172450
36172451
36172452
36172453
36172454
36172455
36172456
36172457
36172458
36172459
36172460
36172461
36172462
36172463
36172464
36172465
36172466
36172467
36172468
36172469
36172470
36172471
36172472
36172473
36172474
36172475
36172476
36172477
36172478
36172479
36172480
36172481
36172482
36172483
36172484
36172485
36172486
36172487
36172488
36172489
36172490
36172491
36172492
36172493
36172494
36172495
36172496
36172497
36172498
36172499
36172500
36172501
36172502
36172503
36172504
36172505
36172506
36172507
36172508
36172509
36172510
36172511
36172512
36172513
36172514
36172515
36172516
36172517
36172518
36172519
36172520
36172521
36172522
36172523
36172524
36172525
36172526
36172527
36172528
36172529
36172530
36172531
36172532
36172533
36172534
36172535
36172536
36172537
36172538
36172539
36172540
36172541
36172542
36172543
36172544
36172545
36172546
36172547
36172548
36172549
36172550
36172551
36172552
36172553
36172554
36172555
36172556
36172557
36172558
36172559
36172560
36172561
36172562
36172563
36172564
36172565
36172566
36172567
36172568
36172569
36172570
36172571
36172572
36172573
36172574
36172575
36172576
36172577
36172578
36172579
36172580
36172581
36172582
36172583
36172584
36172585
36172586
36172587
36172588
36172589
36172590
36172591
36172592
36172593
36172594
36172595
36172596
36172597
36172598
36172599
36172600
36172601
36172602
36172603
36172604
36172605
36172606
36172607
36172608
36172609
36172610
36172611
36172612
36172613
36172614
36172615
36172616
36172617
36172618
36172619
36172620
36172621
36172622
36172623
36172624
36172625
36172626
36172627
36172628
36172629
36172630
36172631
36172632
36172633
36172634
36172635
36172636
36172637
36172638
36172639
36172640
36172641
36172642
36172643
36172644
36172645
36172646
36172647
36172648
36172649
36172650
36172651
36172652
36172653
36172654
36172655
36172656
36172657
36172658
36172659
36172660
36172661
36172662
36172663
36172664
36172665
36172666
36172667
36172668
36172669
36172670
36172671
36172672
36172673
36172674
36172675
36172676
36172677
36172678
36172679
36172680
36172681
36172682
36172683
36172684
36172685
36172686
36172687
36172688
36172689
36172690
36172691
36172692
36172693
36172694
36172695
36172696
36172697
36172698
36172699
36172700
36172701
36172702
36172703
36172704
36172705
36172706
36172707
36172708
36172709
36172710
36172711
36172712
36172713
36172714
36172715
36172716
36172717
36172718
36172719
36172720
36172721
36172722
36172723
36172724
36172725
36172726
36172727
36172728
36172729
36172730
36172731
36172732
36172733
36172734
36172735
36172736
36172737
36172738
36172739
36172740
36172741
36172742
36172743
36172744
36172745
36172746
36172747
36172748
36172749
36172750
36172751
36172752
36172753
36172754
36172755
36172756
36172757
36172758
36172759
36172760
36172761
36172762
36172763
36172764
36172765
36172766
36172767
36172768
36172769
36172770
36172771
36172772
36172773
36172774
36172775
36172776
36172777
36172778
36172779
36172780
36172781
36172782
36172783
36172784
36172785
36172786
36172787
36172788
36172789
36172790
36172791
36172792
36172793
36172794
36172795
36172796
36172797
36172798
36172799
36172800
36172801
36172802
36172803
36172804
36172805
36172806
36172807
36172808
36172809
36172810
36172811
36172812
36172813
36172814
36172815
36172816
36172817
36172818
36172819
36172820
36172821
36172822
36172823
36172824
36172825
36172826
36172827
36172828
36172829
36172830
36172831
36172832
36172833
36172834
36172835
36172836
36172837
36172838
36172839
36172840
36172841
36172842
36172843
36172844
36172845
36172846
36172847
36172848
36172849
36172850
36172851
36172852
36172853
36172854
36172855
36172856
36172857
36172858
36172859
36172860
36172861
36172862
36172863
36172864
36172865
36172866
36172867
36172868
36172869
36172870
36172871
36172872
36172873
36172874
36172875
36172876
36172877
36172878
36172879
36172880
36172881
36172882
36172883
36172884
36172885
36172886
36172887
36172888
36172889
36172890
36172891
36172892
36172893
36172894
36172895
36172896
36172897
36172898
36172899
36172900
36172901
36172902
36172903
36172904
36172905
36172906
36172907
36172908
36172909
36172910
36172911
36172912
36172913
36172914
36172915
36172916
36172917
36172918
36172919
36172920
36172921
36172922
36172923
36172924
36172925
36172926
36172927
36172928
36172929
36172930
36172931
36172932
36172933
36172934
36172935
36172936
36172937
36172938
36172939
36172940
36172941
36172942
36172943
36172944
36172945
36172946
36172947
36172948
36172949
36172950
36172951
36172952
36172953
36172954
36172955
36172956
36172957
36172958
36172959
36172960
36172961
36172962
36172963
36172964
36172965
36172966
36172967
36172968
36172969
36172970
36172971
36172972
36172973
36172974
36172975
36172976
36172977
36172978
36172979
36172980
36172981
36172982
36172983
36172984
36172985
36172986
36172987
36172988
36172989
36172990
36172991
36172992
36172993
36172994
36172995
36172996
36172997
36172998
36172999
36173000
36173001
36173002
36173003
36173004
36173005
36173006
36173007
36173008
36173009
36173010
36173011
36173012
36173013
36173014
36173015
36173016
36173017
36173018
36173019
36173020
36173021
36173022
36173023
36173024
36173025
36173026
36173027
36173028
36173029
36173030
36173031
36173032
36173033
36173034
36173035
36173036
36173037
36173038
36173039
36173040
36173041
36173042
36173043
36173044
36173045
36173046
36173047
36173048
36173049
36173050
36173051
36173052
36173053
36173054
36173055
36173056
36173057
36173058
36173059
36173060
36173061
36173062
36173063
36173064
36173065
36173066
36173067
36173068
36173069
36173070
36173071
36173072
36173073
36173074
36173075
36173076
36173077
36173078
36173079
36173080
36173081
36173082
36173083
36173084
36173085
36173086
36173087
36173088
36173089
36173090
36173091
36173092
36173093
36173094
36173095
36173096
36173097
36173098
36173099
36173100
36173101
36173102
36173103
36173104
36173105
36173106
36173107
36173108
36173109
36173110
36173111
36173112
36173113
36173114
36173115
36173116
36173117
36173118
36173119
36173120
36173121
36173122
36173123
36173124
36173125
36173126
36173127
36173128
36173129
36173130
36173131
36173132
36173133
36173134
36173135
36173136
36173137
36173138
36173139
36173140
36173141
36173142
36173143
36173144
36173145
36173146
36173147
36173148
36173149
36173150
36173151
36173152
36173153
36173154
36173155
36173156
36173157
36173158
36173159
36173160
36173161
36173162
36173163
36173164
36173165
36173166
36173167
36173168
36173169
36173170
36173171
36173172
36173173
36173174
36173175
36173176
36173177
36173178
36173179
36173180
36173181
36173182
36173183
36173184
36173185
36173186
36173187
36173188
36173189
36173190
36173191
36173192
36173193
36173194
36173195
36173196
36173197
36173198
36173199
36173200
36173201
36173202
36173203
36173204
36173205
36173206
36173207
36173208
36173209
36173210
36173211
36173212
36173213
36173214
36173215
36173216
36173217
36173218
36173219
36173220
36173221
36173222
36173223
36173224
36173225
36173226
36173227
36173228
36173229
36173230
36173231
36173232
36173233
36173234
36173235
36173236
36173237
36173238
36173239
36173240
36173241
36173242
36173243
36173244
36173245
36173246
36173247
36173248
36173249
36173250
36173251
36173252
36173253
36173254
36173255
36173256
36173257
36173258
36173259
36173260
36173261
36173262
36173263
36173264
36173265
36173266
36173267
36173268
36173269
36173270
36173271
36173272
36173273
36173274
36173275
36173276
36173277
36173278
36173279
36173280
36173281
36173282
36173283
36173284
36173285
36173286
36173287
36173288
36173289
36173290
36173291
36173292
36173293
36173294
36173295
36173296
36173297
36173298
36173299
36173300
36173301
36173302
36173303
36173304
36173305
36173306
36173307
36173308
36173309
36173310
36173311
36173312
36173313
36173314
36173315
36173316
36173317
36173318
36173319
36173320
36173321
36173322
36173323
36173324
36173325
36173326
36173327
36173328
36173329
36173330
36173331
36173332
36173333
36173334
36173335
36173336
36173337
36173338
36173339
36173340
36173341
36173342
36173343
36173344
36173345
36173346
36173347
36173348
36173349
36173350
36173351
36173352
36173353
36173354
36173355
36173356
36173357
36173358
36173359
36173360
36173361
36173362
36173363
36173364
36173365
36173366
36173367
36173368
36173369
36173370
36173371
36173372
36173373
36173374
36173375
36173376
36173377
36173378
36173379
36173380
36173381
36173382
36173383
36173384
36173385
36173386
36173387
36173388
36173389
36173390
36173391
36173392
36173393
36173394
36173395
36173396
36173397
36173398
36173399
36173400
36173401
36173402
36173403
36173404
36173405
36173406
36173407
36173408
36173409
36173410
36173411
36173412
36173413
36173414
36173415
36173416
36173417
36173418
36173419
36173420
36173421
36173422
36173423
36173424
36173425
36173426
36173427
36173428
36173429
36173430
36173431
36173432
36173433
36173434
36173435
36173436
36173437
36173438
36173439
36173440
36173441
36173442
36173443
36173444
36173445
36173446
36173447
36173448
36173449
36173450
36173451
36173452
36173453
36173454
36173455
36173456
36173457
36173458
36173459
36173460
36173461
36173462
36173463
36173464
36173465
36173466
36173467
36173468
36173469
36173470
36173471
36173472
36173473
36173474
36173475
36173476
36173477
36173478
36173479
36173480
36173481
36173482
36173483
36173484
36173485
36173486
36173487
36173488
36173489
36173490
36173491
36173492
36173493
36173494
36173495
36173496
36173497
36173498
36173499
36173500
36173501
36173502
36173503
36173504
36173505
36173506
36173507
36173508
36173509
36173510
36173511
36173512
36173513
36173514
36173515
36173516
36173517
36173518
36173519
36173520
36173521
36173522
36173523
36173524
36173525
36173526
36173527
36173528
36173529
36173530
36173531
36173532
36173533
36173534
36173535
36173536
36173537
36173538
36173539
36173540
36173541
36173542
36173543
36173544
36173545
36173546
36173547
36173548
36173549
36173550
36173551
36173552
36173553
36173554
36173555
36173556
36173557
36173558
36173559
36173560
36173561
36173562
36173563
36173564
36173565
36173566
36173567
36173568
36173569
36173570
36173571
36173572
36173573
36173574
36173575
36173576
36173577
36173578
36173579
36173580
36173581
36173582
36173583
36173584
36173585
36173586
36173587
36173588
36173589
36173590
36173591
36173592
36173593
36173594
36173595
36173596
36173597
36173598
36173599
36173600
36173601
36173602
36173603
36173604
36173605
36173606
36173607
36173608
36173609
36173610
36173611
36173612
36173613
36173614
36173615
36173616
36173617
36173618
36173619
36173620
36173621
36173622
36173623
36173624
36173625
36173626
36173627
36173628
36173629
36173630
36173631
36173632
36173633
36173634
36173635
36173636
36173637
36173638
36173639
36173640
36173641
36173642
36173643
36173644
36173645
36173646
36173647
36173648
36173649
36173650
36173651
36173652
36173653
36173654
36173655
36173656
36173657
36173658
36173659
36173660
36173661
36173662
36173663
36173664
36173665
36173666
36173667
36173668
36173669
36173670
36173671
36173672
36173673
36173674
36173675
36173676
36173677
36173678
36173679
36173680
36173681
36173682
36173683
36173684
36173685
36173686
36173687
36173688
36173689
36173690
36173691
36173692
36173693
36173694
36173695
36173696
36173697
36173698
36173699
36173700
36173701
36173702
36173703
36173704
36173705
36173706
36173707
36173708
36173709
36173710
36173711
36173712
36173713
36173714
36173715
36173716
36173717
36173718
36173719
36173720
36173721
36173722
36173723
36173724
36173725
36173726
36173727
36173728
36173729
36173730
36173731
36173732
36173733
36173734
36173735
36173736
36173737
36173738
36173739
36173740
36173741
36173742
36173743
36173744
36173745
36173746
36173747
36173748
36173749
36173750
36173751
36173752
36173753
36173754
36173755
36173756
36173757
36173758
36173759
36173760
36173761
36173762
36173763
36173764
36173765
36173766
36173767
36173768
36173769
36173770
36173771
36173772
36173773
36173774
36173775
36173776
36173777
36173778
36173779
36173780
36173781
36173782
36173783
36173784
36173785
36173786
36173787
36173788
36173789
36173790
36173791
36173792
36173793
36173794
36173795
36173796
36173797
36173798
36173799
36173800
36173801
36173802
36173803
36173804
36173805
36173806
36173807
36173808
36173809
36173810
36173811
36173812
36173813
36173814
36173815
36173816
36173817
36173818
36173819
36173820
36173821
36173822
36173823
36173824
36173825
36173826
36173827
36173828
36173829
36173830
36173831
36173832
36173833
36173834
36173835
36173836
36173837
36173838
36173839
36173840
36173841
36173842
36173843
36173844
36173845
36173846
36173847
36173848
36173849
36173850
36173851
36173852
36173853
36173854
36173855
36173856
36173857
36173858
36173859
36173860
36173861
36173862
36173863
36173864
36173865
36173866
36173867
36173868
36173869
36173870
36173871
36173872
36173873
36173874
36173875
36173876
36173877
36173878
36173879
36173880
36173881
36173882
36173883
36173884
36173885
36173886
36173887
36173888
36173889
36173890
36173891
36173892
36173893
36173894
36173895
36173896
36173897
36173898
36173899
36173900
36173901
36173902
36173903
36173904
36173905
36173906
36173907
36173908
36173909
36173910
36173911
36173912
36173913
36173914
36173915
36173916
36173917
36173918
36173919
36173920
36173921
36173922
36173923
36173924
36173925
36173926
36173927
36173928
36173929
36173930
36173931
36173932
36173933
36173934
36173935
36173936
36173937
36173938
36173939
36173940
36173941
36173942
36173943
36173944
36173945
36173946
36173947
36173948
36173949
36173950
36173951
36173952
36173953
36173954
36173955
36173956
36173957
36173958
36173959
36173960
36173961
36173962
36173963
36173964
36173965
36173966
36173967
36173968
36173969
36173970
36173971
36173972
36173973
36173974
36173975
36173976
36173977
36173978
36173979
36173980
36173981
36173982
36173983
36173984
36173985
36173986
36173987
36173988
36173989
36173990
36173991
36173992
36173993
36173994
36173995
36173996
36173997
36173998
36173999
36174000
36174001
36174002
36174003
36174004
36174005
36174006
36174007
36174008
36174009
36174010
36174011
36174012
36174013
36174014
36174015
36174016
36174017
36174018
36174019
36174020
36174021
36174022
36174023
36174024
36174025
36174026
36174027
36174028
36174029
36174030
36174031
36174032
36174033
36174034
36174035
36174036
36174037
36174038
36174039
36174040
36174041
36174042
36174043
36174044
36174045
36174046
36174047
36174048
36174049
36174050
36174051
36174052
36174053
36174054
36174055
36174056
36174057
36174058
36174059
36174060
36174061
36174062
36174063
36174064
36174065
36174066
36174067
36174068
36174069
36174070
36174071
36174072
36174073
36174074
36174075
36174076
36174077
36174078
36174079
36174080
36174081
36174082
36174083
36174084
36174085
36174086
36174087
36174088
36174089
36174090
36174091
36174092
36174093
36174094
36174095
36174096
36174097
36174098
36174099
36174100
36174101
36174102
36174103
36174104
36174105
36174106
36174107
36174108
36174109
36174110
36174111
36174112
36174113
36174114
36174115
36174116
36174117
36174118
36174119
36174120
36174121
36174122
36174123
36174124
36174125
36174126
36174127
36174128
36174129
36174130
36174131
36174132
36174133
36174134
36174135
36174136
36174137
36174138
36174139
36174140
36174141
36174142
36174143
36174144
36174145
36174146
36174147
36174148
36174149
36174150
36174151
36174152
36174153
36174154
36174155
36174156
36174157
36174158
36174159
36174160
36174161
36174162
36174163
36174164
36174165
36174166
36174167
36174168
36174169
36174170
36174171
36174172
36174173
36174174
36174175
36174176
36174177
36174178
36174179
36174180
36174181
36174182
36174183
36174184
36174185
36174186
36174187
36174188
36174189
36174190
36174191
36174192
36174193
36174194
36174195
36174196
36174197
36174198
36174199
36174200
36174201
36174202
36174203
36174204
36174205
36174206
36174207
36174208
36174209
36174210
36174211
36174212
36174213
36174214
36174215
36174216
36174217
36174218
36174219
36174220
36174221
36174222
36174223
36174224
36174225
36174226
36174227
36174228
36174229
36174230
36174231
36174232
36174233
36174234
36174235
36174236
36174237
36174238
36174239
36174240
36174241
36174242
36174243
36174244
36174245
36174246
36174247
36174248
36174249
36174250
36174251
36174252
36174253
36174254
36174255
36174256
36174257
36174258
36174259
36174260
36174261
36174262
36174263
36174264
36174265
36174266
36174267
36174268
36174269
36174270
36174271
36174272
36174273
36174274
36174275
36174276
36174277
36174278
36174279
36174280
36174281
36174282
36174283
36174284
36174285
36174286
36174287
36174288
36174289
36174290
36174291
36174292
36174293
36174294
36174295
36174296
36174297
36174298
36174299
36174300
36174301
36174302
36174303
36174304
36174305
36174306
36174307
36174308
36174309
36174310
36174311
36174312
36174313
36174314
36174315
36174316
36174317
36174318
36174319
36174320
36174321
36174322
36174323
36174324
36174325
36174326
36174327
36174328
36174329
36174330
36174331
36174332
36174333
36174334
36174335
36174336
36174337
36174338
36174339
36174340
36174341
36174342
36174343
36174344
36174345
36174346
36174347
36174348
36174349
36174350
36174351
36174352
36174353
36174354
36174355
36174356
36174357
36174358
36174359
36174360
36174361
36174362
36174363
36174364
36174365
36174366
36174367
36174368
36174369
36174370
36174371
36174372
36174373
36174374
36174375
36174376
36174377
36174378
36174379
36174380
36174381
36174382
36174383
36174384
36174385
36174386
36174387
36174388
36174389
36174390
36174391
36174392
36174393
36174394
36174395
36174396
36174397
36174398
36174399
36174400
36174401
36174402
36174403
36174404
36174405
36174406
36174407
36174408
36174409
36174410
36174411
36174412
36174413
36174414
36174415
36174416
36174417
36174418
36174419
36174420
36174421
36174422
36174423
36174424
36174425
36174426
36174427
36174428
36174429
36174430
36174431
36174432
36174433
36174434
36174435
36174436
36174437
36174438
36174439
36174440
36174441
36174442
36174443
36174444
36174445
36174446
36174447
36174448
36174449
36174450
36174451
36174452
36174453
36174454
36174455
36174456
36174457
36174458
36174459
36174460
36174461
36174462
36174463
36174464
36174465
36174466
36174467
36174468
36174469
36174470
36174471
36174472
36174473
36174474
36174475
36174476
36174477
36174478
36174479
36174480
36174481
36174482
36174483
36174484
36174485
36174486
36174487
36174488
36174489
36174490
36174491
36174492
36174493
36174494
36174495
36174496
36174497
36174498
36174499
36174500
36174501
36174502
36174503
36174504
36174505
36174506
36174507
36174508
36174509
36174510
36174511
36174512
36174513
36174514
36174515
36174516
36174517
36174518
36174519
36174520
36174521
36174522
36174523
36174524
36174525
36174526
36174527
36174528
36174529
36174530
36174531
36174532
36174533
36174534
36174535
36174536
36174537
36174538
36174539
36174540
36174541
36174542
36174543
36174544
36174545
36174546
36174547
36174548
36174549
36174550
36174551
36174552
36174553
36174554
36174555
36174556
36174557
36174558
36174559
36174560
36174561
36174562
36174563
36174564
36174565
36174566
36174567
36174568
36174569
36174570
36174571
36174572
36174573
36174574
36174575
36174576
36174577
36174578
36174579
36174580
36174581
36174582
36174583
36174584
36174585
36174586
36174587
36174588
36174589
36174590
36174591
36174592
36174593
36174594
36174595
36174596
36174597
36174598
36174599
36174600
36174601
36174602
36174603
36174604
36174605
36174606
36174607
36174608
36174609
36174610
36174611
36174612
36174613
36174614
36174615
36174616
36174617
36174618
36174619
36174620
36174621
36174622
36174623
36174624
36174625
36174626
36174627
36174628
36174629
36174630
36174631
36174632
36174633
36174634
36174635
36174636
36174637
36174638
36174639
36174640
36174641
36174642
36174643
36174644
36174645
36174646
36174647
36174648
36174649
36174650
36174651
36174652
36174653
36174654
36174655
36174656
36174657
36174658
36174659
36174660
36174661
36174662
36174663
36174664
36174665
36174666
36174667
36174668
36174669
36174670
36174671
36174672
36174673
36174674
36174675
36174676
36174677
36174678
36174679
36174680
36174681
36174682
36174683
36174684
36174685
36174686
36174687
36174688
36174689
36174690
36174691
36174692
36174693
36174694
36174695
36174696
36174697
36174698
36174699
36174700
36174701
36174702
36174703
36174704
36174705
36174706
36174707
36174708
36174709
36174710
36174711
36174712
36174713
36174714
36174715
36174716
36174717
36174718
36174719
36174720
36174721
36174722
36174723
36174724
36174725
36174726
36174727
36174728
36174729
36174730
36174731
36174732
36174733
36174734
36174735
36174736
36174737
36174738
36174739
36174740
36174741
36174742
36174743
36174744
36174745
36174746
36174747
36174748
36174749
36174750
36174751
36174752
36174753
36174754
36174755
36174756
36174757
36174758
36174759
36174760
36174761
36174762
36174763
36174764
36174765
36174766
36174767
36174768
36174769
36174770
36174771
36174772
36174773
36174774
36174775
36174776
36174777
36174778
36174779
36174780
36174781
36174782
36174783
36174784
36174785
36174786
36174787
36174788
36174789
36174790
36174791
36174792
36174793
36174794
36174795
36174796
36174797
36174798
36174799
36174800
36174801
36174802
36174803
36174804
36174805
36174806
36174807
36174808
36174809
36174810
36174811
36174812
36174813
36174814
36174815
36174816
36174817
36174818
36174819
36174820
36174821
36174822
36174823
36174824
36174825
36174826
36174827
36174828
36174829
36174830
36174831
36174832
36174833
36174834
36174835
36174836
36174837
36174838
36174839
36174840
36174841
36174842
36174843
36174844
36174845
36174846
36174847
36174848
36174849
36174850
36174851
36174852
36174853
36174854
36174855
36174856
36174857
36174858
36174859
36174860
36174861
36174862
36174863
36174864
36174865
36174866
36174867
36174868
36174869
36174870
36174871
36174872
36174873
36174874
36174875
36174876
36174877
36174878
36174879
36174880
36174881
36174882
36174883
36174884
36174885
36174886
36174887
36174888
36174889
36174890
36174891
36174892
36174893
36174894
36174895
36174896
36174897
36174898
36174899
36174900
36174901
36174902
36174903
36174904
36174905
36174906
36174907
36174908
36174909
36174910
36174911
36174912
36174913
36174914
36174915
36174916
36174917
36174918
36174919
36174920
36174921
36174922
36174923
36174924
36174925
36174926
36174927
36174928
36174929
36174930
36174931
36174932
36174933
36174934
36174935
36174936
36174937
36174938
36174939
36174940
36174941
36174942
36174943
36174944
36174945
36174946
36174947
36174948
36174949
36174950
36174951
36174952
36174953
36174954
36174955
36174956
36174957
36174958
36174959
36174960
36174961
36174962
36174963
36174964
36174965
36174966
36174967
36174968
36174969
36174970
36174971
36174972
36174973
36174974
36174975
36174976
36174977
36174978
36174979
36174980
36174981
36174982
36174983
36174984
36174985
36174986
36174987
36174988
36174989
36174990
36174991
36174992
36174993
36174994
36174995
36174996
36174997
36174998
36174999
36175000
36175001
36175002
36175003
36175004
36175005
36175006
36175007
36175008
36175009
36175010
36175011
36175012
36175013
36175014
36175015
36175016
36175017
36175018
36175019
36175020
36175021
36175022
36175023
36175024
36175025
36175026
36175027
36175028
36175029
36175030
36175031
36175032
36175033
36175034
36175035
36175036
36175037
36175038
36175039
36175040
36175041
36175042
36175043
36175044
36175045
36175046
36175047
36175048
36175049
36175050
36175051
36175052
36175053
36175054
36175055
36175056
36175057
36175058
36175059
36175060
36175061
36175062
36175063
36175064
36175065
36175066
36175067
36175068
36175069
36175070
36175071
36175072
36175073
36175074
36175075
36175076
36175077
36175078
36175079
36175080
36175081
36175082
36175083
36175084
36175085
36175086
36175087
36175088
36175089
36175090
36175091
36175092
36175093
36175094
36175095
36175096
36175097
36175098
36175099
36175100
36175101
36175102
36175103
36175104
36175105
36175106
36175107
36175108
36175109
36175110
36175111
36175112
36175113
36175114
36175115
36175116
36175117
36175118
36175119
36175120
36175121
36175122
36175123
36175124
36175125
36175126
36175127
36175128
36175129
36175130
36175131
36175132
36175133
36175134
36175135
36175136
36175137
36175138
36175139
36175140
36175141
36175142
36175143
36175144
36175145
36175146
36175147
36175148
36175149
36175150
36175151
36175152
36175153
36175154
36175155
36175156
36175157
36175158
36175159
36175160
36175161
36175162
36175163
36175164
36175165
36175166
36175167
36175168
36175169
36175170
36175171
36175172
36175173
36175174
36175175
36175176
36175177
36175178
36175179
36175180
36175181
36175182
36175183
36175184
36175185
36175186
36175187
36175188
36175189
36175190
36175191
36175192
36175193
36175194
36175195
36175196
36175197
36175198
36175199
36175200
36175201
36175202
36175203
36175204
36175205
36175206
36175207
36175208
36175209
36175210
36175211
36175212
36175213
36175214
36175215
36175216
36175217
36175218
36175219
36175220
36175221
36175222
36175223
36175224
36175225
36175226
36175227
36175228
36175229
36175230
36175231
36175232
36175233
36175234
36175235
36175236
36175237
36175238
36175239
36175240
36175241
36175242
36175243
36175244
36175245
36175246
36175247
36175248
36175249
36175250
36175251
36175252
36175253
36175254
36175255
36175256
36175257
36175258
36175259
36175260
36175261
36175262
36175263
36175264
36175265
36175266
36175267
36175268
36175269
36175270
36175271
36175272
36175273
36175274
36175275
36175276
36175277
36175278
36175279
36175280
36175281
36175282
36175283
36175284
36175285
36175286
36175287
36175288
36175289
36175290
36175291
36175292
36175293
36175294
36175295
36175296
36175297
36175298
36175299
36175300
36175301
36175302
36175303
36175304
36175305
36175306
36175307
36175308
36175309
36175310
36175311
36175312
36175313
36175314
36175315
36175316
36175317
36175318
36175319
36175320
36175321
36175322
36175323
36175324
36175325
36175326
36175327
36175328
36175329
36175330
36175331
36175332
36175333
36175334
36175335
36175336
36175337
36175338
36175339
36175340
36175341
36175342
36175343
36175344
36175345
36175346
36175347
36175348
36175349
36175350
36175351
36175352
36175353
36175354
36175355
36175356
36175357
36175358
36175359
36175360
36175361
36175362
36175363
36175364
36175365
36175366
36175367
36175368
36175369
36175370
36175371
36175372
36175373
36175374
36175375
36175376
36175377
36175378
36175379
36175380
36175381
36175382
36175383
36175384
36175385
36175386
36175387
36175388
36175389
36175390
36175391
36175392
36175393
36175394
36175395
36175396
36175397
36175398
36175399
36175400
36175401
36175402
36175403
36175404
36175405
36175406
36175407
36175408
36175409
36175410
36175411
36175412
36175413
36175414
36175415
36175416
36175417
36175418
36175419
36175420
36175421
36175422
36175423
36175424
36175425
36175426
36175427
36175428
36175429
36175430
36175431
36175432
36175433
36175434
36175435
36175436
36175437
36175438
36175439
36175440
36175441
36175442
36175443
36175444
36175445
36175446
36175447
36175448
36175449
36175450
36175451
36175452
36175453
36175454
36175455
36175456
36175457
36175458
36175459
36175460
36175461
36175462
36175463
36175464
36175465
36175466
36175467
36175468
36175469
36175470
36175471
36175472
36175473
36175474
36175475
36175476
36175477
36175478
36175479
36175480
36175481
36175482
36175483
36175484
36175485
36175486
36175487
36175488
36175489
36175490
36175491
36175492
36175493
36175494
36175495
36175496
36175497
36175498
36175499
36175500
36175501
36175502
36175503
36175504
36175505
36175506
36175507
36175508
36175509
36175510
36175511
36175512
36175513
36175514
36175515
36175516
36175517
36175518
36175519
36175520
36175521
36175522
36175523
36175524
36175525
36175526
36175527
36175528
36175529
36175530
36175531
36175532
36175533
36175534
36175535
36175536
36175537
36175538
36175539
36175540
36175541
36175542
36175543
36175544
36175545
36175546
36175547
36175548
36175549
36175550
36175551
36175552
36175553
36175554
36175555
36175556
36175557
36175558
36175559
36175560
36175561
36175562
36175563
36175564
36175565
36175566
36175567
36175568
36175569
36175570
36175571
36175572
36175573
36175574
36175575
36175576
36175577
36175578
36175579
36175580
36175581
36175582
36175583
36175584
36175585
36175586
36175587
36175588
36175589
36175590
36175591
36175592
36175593
36175594
36175595
36175596
36175597
36175598
36175599
36175600
36175601
36175602
36175603
36175604
36175605
36175606
36175607
36175608
36175609
36175610
36175611
36175612
36175613
36175614
36175615
36175616
36175617
36175618
36175619
36175620
36175621
36175622
36175623
36175624
36175625
36175626
36175627
36175628
36175629
36175630
36175631
36175632
36175633
36175634
36175635
36175636
36175637
36175638
36175639
36175640
36175641
36175642
36175643
36175644
36175645
36175646
36175647
36175648
36175649
36175650
36175651
36175652
36175653
36175654
36175655
36175656
36175657
36175658
36175659
36175660
36175661
36175662
36175663
36175664
36175665
36175666
36175667
36175668
36175669
36175670
36175671
36175672
36175673
36175674
36175675
36175676
36175677
36175678
36175679
36175680
36175681
36175682
36175683
36175684
36175685
36175686
36175687
36175688
36175689
36175690
36175691
36175692
36175693
36175694
36175695
36175696
36175697
36175698
36175699
36175700
36175701
36175702
36175703
36175704
36175705
36175706
36175707
36175708
36175709
36175710
36175711
36175712
36175713
36175714
36175715
36175716
36175717
36175718
36175719
36175720
36175721
36175722
36175723
36175724
36175725
36175726
36175727
36175728
36175729
36175730
36175731
36175732
36175733
36175734
36175735
36175736
36175737
36175738
36175739
36175740
36175741
36175742
36175743
36175744
36175745
36175746
36175747
36175748
36175749
36175750
36175751
36175752
36175753
36175754
36175755
36175756
36175757
36175758
36175759
36175760
36175761
36175762
36175763
36175764
36175765
36175766
36175767
36175768
36175769
36175770
36175771
36175772
36175773
36175774
36175775
36175776
36175777
36175778
36175779
36175780
36175781
36175782
36175783
36175784
36175785
36175786
36175787
36175788
36175789
36175790
36175791
36175792
36175793
36175794
36175795
36175796
36175797
36175798
36175799
36175800
36175801
36175802
36175803
36175804
36175805
36175806
36175807
36175808
36175809
36175810
36175811
36175812
36175813
36175814
36175815
36175816
36175817
36175818
36175819
36175820
36175821
36175822
36175823
36175824
36175825
36175826
36175827
36175828
36175829
36175830
36175831
36175832
36175833
36175834
36175835
36175836
36175837
36175838
36175839
36175840
36175841
36175842
36175843
36175844
36175845
36175846
36175847
36175848
36175849
36175850
36175851
36175852
36175853
36175854
36175855
36175856
36175857
36175858
36175859
36175860
36175861
36175862
36175863
36175864
36175865
36175866
36175867
36175868
36175869
36175870
36175871
36175872
36175873
36175874
36175875
36175876
36175877
36175878
36175879
36175880
36175881
36175882
36175883
36175884
36175885
36175886
36175887
36175888
36175889
36175890
36175891
36175892
36175893
36175894
36175895
36175896
36175897
36175898
36175899
36175900
36175901
36175902
36175903
36175904
36175905
36175906
36175907
36175908
36175909
36175910
36175911
36175912
36175913
36175914
36175915
36175916
36175917
36175918
36175919
36175920
36175921
36175922
36175923
36175924
36175925
36175926
36175927
36175928
36175929
36175930
36175931
36175932
36175933
36175934
36175935
36175936
36175937
36175938
36175939
36175940
36175941
36175942
36175943
36175944
36175945
36175946
36175947
36175948
36175949
36175950
36175951
36175952
36175953
36175954
36175955
36175956
36175957
36175958
36175959
36175960
36175961
36175962
36175963
36175964
36175965
36175966
36175967
36175968
36175969
36175970
36175971
36175972
36175973
36175974
36175975
36175976
36175977
36175978
36175979
36175980
36175981
36175982
36175983
36175984
36175985
36175986
36175987
36175988
36175989
36175990
36175991
36175992
36175993
36175994
36175995
36175996
36175997
36175998
36175999
36176000
36176001
36176002
36176003
36176004
36176005
36176006
36176007
36176008
36176009
36176010
36176011
36176012
36176013
36176014
36176015
36176016
36176017
36176018
36176019
36176020
36176021
36176022
36176023
36176024
36176025
36176026
36176027
36176028
36176029
36176030
36176031
36176032
36176033
36176034
36176035
36176036
36176037
36176038
36176039
36176040
36176041
36176042
36176043
36176044
36176045
36176046
36176047
36176048
36176049
36176050
36176051
36176052
36176053
36176054
36176055
36176056
36176057
36176058
36176059
36176060
36176061
36176062
36176063
36176064
36176065
36176066
36176067
36176068
36176069
36176070
36176071
36176072
36176073
36176074
36176075
36176076
36176077
36176078
36176079
36176080
36176081
36176082
36176083
36176084
36176085
36176086
36176087
36176088
36176089
36176090
36176091
36176092
36176093
36176094
36176095
36176096
36176097
36176098
36176099
36176100
36176101
36176102
36176103
36176104
36176105
36176106
36176107
36176108
36176109
36176110
36176111
36176112
36176113
36176114
36176115
36176116
36176117
36176118
36176119
36176120
36176121
36176122
36176123
36176124
36176125
36176126
36176127
36176128
36176129
36176130
36176131
36176132
36176133
36176134
36176135
36176136
36176137
36176138
36176139
36176140
36176141
36176142
36176143
36176144
36176145
36176146
36176147
36176148
36176149
36176150
36176151
36176152
36176153
36176154
36176155
36176156
36176157
36176158
36176159
36176160
36176161
36176162
36176163
36176164
36176165
36176166
36176167
36176168
36176169
36176170
36176171
36176172
36176173
36176174
36176175
36176176
36176177
36176178
36176179
36176180
36176181
36176182
36176183
36176184
36176185
36176186
36176187
36176188
36176189
36176190
36176191
36176192
36176193
36176194
36176195
36176196
36176197
36176198
36176199
36176200
36176201
36176202
36176203
36176204
36176205
36176206
36176207
36176208
36176209
36176210
36176211
36176212
36176213
36176214
36176215
36176216
36176217
36176218
36176219
36176220
36176221
36176222
36176223
36176224
36176225
36176226
36176227
36176228
36176229
36176230
36176231
36176232
36176233
36176234
36176235
36176236
36176237
36176238
36176239
36176240
36176241
36176242
36176243
36176244
36176245
36176246
36176247
36176248
36176249
36176250
36176251
36176252
36176253
36176254
36176255
36176256
36176257
36176258
36176259
36176260
36176261
36176262
36176263
36176264
36176265
36176266
36176267
36176268
36176269
36176270
36176271
36176272
36176273
36176274
36176275
36176276
36176277
36176278
36176279
36176280
36176281
36176282
36176283
36176284
36176285
36176286
36176287
36176288
36176289
36176290
36176291
36176292
36176293
36176294
36176295
36176296
36176297
36176298
36176299
36176300
36176301
36176302
36176303
36176304
36176305
36176306
36176307
36176308
36176309
36176310
36176311
36176312
36176313
36176314
36176315
36176316
36176317
36176318
36176319
36176320
36176321
36176322
36176323
36176324
36176325
36176326
36176327
36176328
36176329
36176330
36176331
36176332
36176333
36176334
36176335
36176336
36176337
36176338
36176339
36176340
36176341
36176342
36176343
36176344
36176345
36176346
36176347
36176348
36176349
36176350
36176351
36176352
36176353
36176354
36176355
36176356
36176357
36176358
36176359
36176360
36176361
36176362
36176363
36176364
36176365
36176366
36176367
36176368
36176369
36176370
36176371
36176372
36176373
36176374
36176375
36176376
36176377
36176378
36176379
36176380
36176381
36176382
36176383
36176384
36176385
36176386
36176387
36176388
36176389
36176390
36176391
36176392
36176393
36176394
36176395
36176396
36176397
36176398
36176399
36176400
36176401
36176402
36176403
36176404
36176405
36176406
36176407
36176408
36176409
36176410
36176411
36176412
36176413
36176414
36176415
36176416
36176417
36176418
36176419
36176420
36176421
36176422
36176423
36176424
36176425
36176426
36176427
36176428
36176429
36176430
36176431
36176432
36176433
36176434
36176435
36176436
36176437
36176438
36176439
36176440
36176441
36176442
36176443
36176444
36176445
36176446
36176447
36176448
36176449
36176450
36176451
36176452
36176453
36176454
36176455
36176456
36176457
36176458
36176459
36176460
36176461
36176462
36176463
36176464
36176465
36176466
36176467
36176468
36176469
36176470
36176471
36176472
36176473
36176474
36176475
36176476
36176477
36176478
36176479
36176480
36176481
36176482
36176483
36176484
36176485
36176486
36176487
36176488
36176489
36176490
36176491
36176492
36176493
36176494
36176495
36176496
36176497
36176498
36176499
36176500
36176501
36176502
36176503
36176504
36176505
36176506
36176507
36176508
36176509
36176510
36176511
36176512
36176513
36176514
36176515
36176516
36176517
36176518
36176519
36176520
36176521
36176522
36176523
36176524
36176525
36176526
36176527
36176528
36176529
36176530
36176531
36176532
36176533
36176534
36176535
36176536
36176537
36176538
36176539
36176540
36176541
36176542
36176543
36176544
36176545
36176546
36176547
36176548
36176549
36176550
36176551
36176552
36176553
36176554
36176555
36176556
36176557
36176558
36176559
36176560
36176561
36176562
36176563
36176564
36176565
36176566
36176567
36176568
36176569
36176570
36176571
36176572
36176573
36176574
36176575
36176576
36176577
36176578
36176579
36176580
36176581
36176582
36176583
36176584
36176585
36176586
36176587
36176588
36176589
36176590
36176591
36176592
36176593
36176594
36176595
36176596
36176597
36176598
36176599
36176600
36176601
36176602
36176603
36176604
36176605
36176606
36176607
36176608
36176609
36176610
36176611
36176612
36176613
36176614
36176615
36176616
36176617
36176618
36176619
36176620
36176621
36176622
36176623
36176624
36176625
36176626
36176627
36176628
36176629
36176630
36176631
36176632
36176633
36176634
36176635
36176636
36176637
36176638
36176639
36176640
36176641
36176642
36176643
36176644
36176645
36176646
36176647
36176648
36176649
36176650
36176651
36176652
36176653
36176654
36176655
36176656
36176657
36176658
36176659
36176660
36176661
36176662
36176663
36176664
36176665
36176666
36176667
36176668
36176669
36176670
36176671
36176672
36176673
36176674
36176675
36176676
36176677
36176678
36176679
36176680
36176681
36176682
36176683
36176684
36176685
36176686
36176687
36176688
36176689
36176690
36176691
36176692
36176693
36176694
36176695
36176696
36176697
36176698
36176699
36176700
36176701
36176702
36176703
36176704
36176705
36176706
36176707
36176708
36176709
36176710
36176711
36176712
36176713
36176714
36176715
36176716
36176717
36176718
36176719
36176720
36176721
36176722
36176723
36176724
36176725
36176726
36176727
36176728
36176729
36176730
36176731
36176732
36176733
36176734
36176735
36176736
36176737
36176738
36176739
36176740
36176741
36176742
36176743
36176744
36176745
36176746
36176747
36176748
36176749
36176750
36176751
36176752
36176753
36176754
36176755
36176756
36176757
36176758
36176759
36176760
36176761
36176762
36176763
36176764
36176765
36176766
36176767
36176768
36176769
36176770
36176771
36176772
36176773
36176774
36176775
36176776
36176777
36176778
36176779
36176780
36176781
36176782
36176783
36176784
36176785
36176786
36176787
36176788
36176789
36176790
36176791
36176792
36176793
36176794
36176795
36176796
36176797
36176798
36176799
36176800
36176801
36176802
36176803
36176804
36176805
36176806
36176807
36176808
36176809
36176810
36176811
36176812
36176813
36176814
36176815
36176816
36176817
36176818
36176819
36176820
36176821
36176822
36176823
36176824
36176825
36176826
36176827
36176828
36176829
36176830
36176831
36176832
36176833
36176834
36176835
36176836
36176837
36176838
36176839
36176840
36176841
36176842
36176843
36176844
36176845
36176846
36176847
36176848
36176849
36176850
36176851
36176852
36176853
36176854
36176855
36176856
36176857
36176858
36176859
36176860
36176861
36176862
36176863
36176864
36176865
36176866
36176867
36176868
36176869
36176870
36176871
36176872
36176873
36176874
36176875
36176876
36176877
36176878
36176879
36176880
36176881
36176882
36176883
36176884
36176885
36176886
36176887
36176888
36176889
36176890
36176891
36176892
36176893
36176894
36176895
36176896
36176897
36176898
36176899
36176900
36176901
36176902
36176903
36176904
36176905
36176906
36176907
36176908
36176909
36176910
36176911
36176912
36176913
36176914
36176915
36176916
36176917
36176918
36176919
36176920
36176921
36176922
36176923
36176924
36176925
36176926
36176927
36176928
36176929
36176930
36176931
36176932
36176933
36176934
36176935
36176936
36176937
36176938
36176939
36176940
36176941
36176942
36176943
36176944
36176945
36176946
36176947
36176948
36176949
36176950
36176951
36176952
36176953
36176954
36176955
36176956
36176957
36176958
36176959
36176960
36176961
36176962
36176963
36176964
36176965
36176966
36176967
36176968
36176969
36176970
36176971
36176972
36176973
36176974
36176975
36176976
36176977
36176978
36176979
36176980
36176981
36176982
36176983
36176984
36176985
36176986
36176987
36176988
36176989
36176990
36176991
36176992
36176993
36176994
36176995
36176996
36176997
36176998
36176999
36177000
36177001
36177002
36177003
36177004
36177005
36177006
36177007
36177008
36177009
36177010
36177011
36177012
36177013
36177014
36177015
36177016
36177017
36177018
36177019
36177020
36177021
36177022
36177023
36177024
36177025
36177026
36177027
36177028
36177029
36177030
36177031
36177032
36177033
36177034
36177035
36177036
36177037
36177038
36177039
36177040
36177041
36177042
36177043
36177044
36177045
36177046
36177047
36177048
36177049
36177050
36177051
36177052
36177053
36177054
36177055
36177056
36177057
36177058
36177059
36177060
36177061
36177062
36177063
36177064
36177065
36177066
36177067
36177068
36177069
36177070
36177071
36177072
36177073
36177074
36177075
36177076
36177077
36177078
36177079
36177080
36177081
36177082
36177083
36177084
36177085
36177086
36177087
36177088
36177089
36177090
36177091
36177092
36177093
36177094
36177095
36177096
36177097
36177098
36177099
36177100
36177101
36177102
36177103
36177104
36177105
36177106
36177107
36177108
36177109
36177110
36177111
36177112
36177113
36177114
36177115
36177116
36177117
36177118
36177119
36177120
36177121
36177122
36177123
36177124
36177125
36177126
36177127
36177128
36177129
36177130
36177131
36177132
36177133
36177134
36177135
36177136
36177137
36177138
36177139
36177140
36177141
36177142
36177143
36177144
36177145
36177146
36177147
36177148
36177149
36177150
36177151
36177152
36177153
36177154
36177155
36177156
36177157
36177158
36177159
36177160
36177161
36177162
36177163
36177164
36177165
36177166
36177167
36177168
36177169
36177170
36177171
36177172
36177173
36177174
36177175
36177176
36177177
36177178
36177179
36177180
36177181
36177182
36177183
36177184
36177185
36177186
36177187
36177188
36177189
36177190
36177191
36177192
36177193
36177194
36177195
36177196
36177197
36177198
36177199
36177200
36177201
36177202
36177203
36177204
36177205
36177206
36177207
36177208
36177209
36177210
36177211
36177212
36177213
36177214
36177215
36177216
36177217
36177218
36177219
36177220
36177221
36177222
36177223
36177224
36177225
36177226
36177227
36177228
36177229
36177230
36177231
36177232
36177233
36177234
36177235
36177236
36177237
36177238
36177239
36177240
36177241
36177242
36177243
36177244
36177245
36177246
36177247
36177248
36177249
36177250
36177251
36177252
36177253
36177254
36177255
36177256
36177257
36177258
36177259
36177260
36177261
36177262
36177263
36177264
36177265
36177266
36177267
36177268
36177269
36177270
36177271
36177272
36177273
36177274
36177275
36177276
36177277
36177278
36177279
36177280
36177281
36177282
36177283
36177284
36177285
36177286
36177287
36177288
36177289
36177290
36177291
36177292
36177293
36177294
36177295
36177296
36177297
36177298
36177299
36177300
36177301
36177302
36177303
36177304
36177305
36177306
36177307
36177308
36177309
36177310
36177311
36177312
36177313
36177314
36177315
36177316
36177317
36177318
36177319
36177320
36177321
36177322
36177323
36177324
36177325
36177326
36177327
36177328
36177329
36177330
36177331
36177332
36177333
36177334
36177335
36177336
36177337
36177338
36177339
36177340
36177341
36177342
36177343
36177344
36177345
36177346
36177347
36177348
36177349
36177350
36177351
36177352
36177353
36177354
36177355
36177356
36177357
36177358
36177359
36177360
36177361
36177362
36177363
36177364
36177365
36177366
36177367
36177368
36177369
36177370
36177371
36177372
36177373
36177374
36177375
36177376
36177377
36177378
36177379
36177380
36177381
36177382
36177383
36177384
36177385
36177386
36177387
36177388
36177389
36177390
36177391
36177392
36177393
36177394
36177395
36177396
36177397
36177398
36177399
36177400
36177401
36177402
36177403
36177404
36177405
36177406
36177407
36177408
36177409
36177410
36177411
36177412
36177413
36177414
36177415
36177416
36177417
36177418
36177419
36177420
36177421
36177422
36177423
36177424
36177425
36177426
36177427
36177428
36177429
36177430
36177431
36177432
36177433
36177434
36177435
36177436
36177437
36177438
36177439
36177440
36177441
36177442
36177443
36177444
36177445
36177446
36177447
36177448
36177449
36177450
36177451
36177452
36177453
36177454
36177455
36177456
36177457
36177458
36177459
36177460
36177461
36177462
36177463
36177464
36177465
36177466
36177467
36177468
36177469
36177470
36177471
36177472
36177473
36177474
36177475
36177476
36177477
36177478
36177479
36177480
36177481
36177482
36177483
36177484
36177485
36177486
36177487
36177488
36177489
36177490
36177491
36177492
36177493
36177494
36177495
36177496
36177497
36177498
36177499
36177500
36177501
36177502
36177503
36177504
36177505
36177506
36177507
36177508
36177509
36177510
36177511
36177512
36177513
36177514
36177515
36177516
36177517
36177518
36177519
36177520
36177521
36177522
36177523
36177524
36177525
36177526
36177527
36177528
36177529
36177530
36177531
36177532
36177533
36177534
36177535
36177536
36177537
36177538
36177539
36177540
36177541
36177542
36177543
36177544
36177545
36177546
36177547
36177548
36177549
36177550
36177551
36177552
36177553
36177554
36177555
36177556
36177557
36177558
36177559
36177560
36177561
36177562
36177563
36177564
36177565
36177566
36177567
36177568
36177569
36177570
36177571
36177572
36177573
36177574
36177575
36177576
36177577
36177578
36177579
36177580
36177581
36177582
36177583
36177584
36177585
36177586
36177587
36177588
36177589
36177590
36177591
36177592
36177593
36177594
36177595
36177596
36177597
36177598
36177599
36177600
36177601
36177602
36177603
36177604
36177605
36177606
36177607
36177608
36177609
36177610
36177611
36177612
36177613
36177614
36177615
36177616
36177617
36177618
36177619
36177620
36177621
36177622
36177623
36177624
36177625
36177626
36177627
36177628
36177629
36177630
36177631
36177632
36177633
36177634
36177635
36177636
36177637
36177638
36177639
36177640
36177641
36177642
36177643
36177644
36177645
36177646
36177647
36177648
36177649
36177650
36177651
36177652
36177653
36177654
36177655
36177656
36177657
36177658
36177659
36177660
36177661
36177662
36177663
36177664
36177665
36177666
36177667
36177668
36177669
36177670
36177671
36177672
36177673
36177674
36177675
36177676
36177677
36177678
36177679
36177680
36177681
36177682
36177683
36177684
36177685
36177686
36177687
36177688
36177689
36177690
36177691
36177692
36177693
36177694
36177695
36177696
36177697
36177698
36177699
36177700
36177701
36177702
36177703
36177704
36177705
36177706
36177707
36177708
36177709
36177710
36177711
36177712
36177713
36177714
36177715
36177716
36177717
36177718
36177719
36177720
36177721
36177722
36177723
36177724
36177725
36177726
36177727
36177728
36177729
36177730
36177731
36177732
36177733
36177734
36177735
36177736
36177737
36177738
36177739
36177740
36177741
36177742
36177743
36177744
36177745
36177746
36177747
36177748
36177749
36177750
36177751
36177752
36177753
36177754
36177755
36177756
36177757
36177758
36177759
36177760
36177761
36177762
36177763
36177764
36177765
36177766
36177767
36177768
36177769
36177770
36177771
36177772
36177773
36177774
36177775
36177776
36177777
36177778
36177779
36177780
36177781
36177782
36177783
36177784
36177785
36177786
36177787
36177788
36177789
36177790
36177791
36177792
36177793
36177794
36177795
36177796
36177797
36177798
36177799
36177800
36177801
36177802
36177803
36177804
36177805
36177806
36177807
36177808
36177809
36177810
36177811
36177812
36177813
36177814
36177815
36177816
36177817
36177818
36177819
36177820
36177821
36177822
36177823
36177824
36177825
36177826
36177827
36177828
36177829
36177830
36177831
36177832
36177833
36177834
36177835
36177836
36177837
36177838
36177839
36177840
36177841
36177842
36177843
36177844
36177845
36177846
36177847
36177848
36177849
36177850
36177851
36177852
36177853
36177854
36177855
36177856
36177857
36177858
36177859
36177860
36177861
36177862
36177863
36177864
36177865
36177866
36177867
36177868
36177869
36177870
36177871
36177872
36177873
36177874
36177875
36177876
36177877
36177878
36177879
36177880
36177881
36177882
36177883
36177884
36177885
36177886
36177887
36177888
36177889
36177890
36177891
36177892
36177893
36177894
36177895
36177896
36177897
36177898
36177899
36177900
36177901
36177902
36177903
36177904
36177905
36177906
36177907
36177908
36177909
36177910
36177911
36177912
36177913
36177914
36177915
36177916
36177917
36177918
36177919
36177920
36177921
36177922
36177923
36177924
36177925
36177926
36177927
36177928
36177929
36177930
36177931
36177932
36177933
36177934
36177935
36177936
36177937
36177938
36177939
36177940
36177941
36177942
36177943
36177944
36177945
36177946
36177947
36177948
36177949
36177950
36177951
36177952
36177953
36177954
36177955
36177956
36177957
36177958
36177959
36177960
36177961
36177962
36177963
36177964
36177965
36177966
36177967
36177968
36177969
36177970
36177971
36177972
36177973
36177974
36177975
36177976
36177977
36177978
36177979
36177980
36177981
36177982
36177983
36177984
36177985
36177986
36177987
36177988
36177989
36177990
36177991
36177992
36177993
36177994
36177995
36177996
36177997
36177998
36177999
36178000
36178001
36178002
36178003
36178004
36178005
36178006
36178007
36178008
36178009
36178010
36178011
36178012
36178013
36178014
36178015
36178016
36178017
36178018
36178019
36178020
36178021
36178022
36178023
36178024
36178025
36178026
36178027
36178028
36178029
36178030
36178031
36178032
36178033
36178034
36178035
36178036
36178037
36178038
36178039
36178040
36178041
36178042
36178043
36178044
36178045
36178046
36178047
36178048
36178049
36178050
36178051
36178052
36178053
36178054
36178055
36178056
36178057
36178058
36178059
36178060
36178061
36178062
36178063
36178064
36178065
36178066
36178067
36178068
36178069
36178070
36178071
36178072
36178073
36178074
36178075
36178076
36178077
36178078
36178079
36178080
36178081
36178082
36178083
36178084
36178085
36178086
36178087
36178088
36178089
36178090
36178091
36178092
36178093
36178094
36178095
36178096
36178097
36178098
36178099
36178100
36178101
36178102
36178103
36178104
36178105
36178106
36178107
36178108
36178109
36178110
36178111
36178112
36178113
36178114
36178115
36178116
36178117
36178118
36178119
36178120
36178121
36178122
36178123
36178124
36178125
36178126
36178127
36178128
36178129
36178130
36178131
36178132
36178133
36178134
36178135
36178136
36178137
36178138
36178139
36178140
36178141
36178142
36178143
36178144
36178145
36178146
36178147
36178148
36178149
36178150
36178151
36178152
36178153
36178154
36178155
36178156
36178157
36178158
36178159
36178160
36178161
36178162
36178163
36178164
36178165
36178166
36178167
36178168
36178169
36178170
36178171
36178172
36178173
36178174
36178175
36178176
36178177
36178178
36178179
36178180
36178181
36178182
36178183
36178184
36178185
36178186
36178187
36178188
36178189
36178190
36178191
36178192
36178193
36178194
36178195
36178196
36178197
36178198
36178199
36178200
36178201
36178202
36178203
36178204
36178205
36178206
36178207
36178208
36178209
36178210
36178211
36178212
36178213
36178214
36178215
36178216
36178217
36178218
36178219
36178220
36178221
36178222
36178223
36178224
36178225
36178226
36178227
36178228
36178229
36178230
36178231
36178232
36178233
36178234
36178235
36178236
36178237
36178238
36178239
36178240
36178241
36178242
36178243
36178244
36178245
36178246
36178247
36178248
36178249
36178250
36178251
36178252
36178253
36178254
36178255
36178256
36178257
36178258
36178259
36178260
36178261
36178262
36178263
36178264
36178265
36178266
36178267
36178268
36178269
36178270
36178271
36178272
36178273
36178274
36178275
36178276
36178277
36178278
36178279
36178280
36178281
36178282
36178283
36178284
36178285
36178286
36178287
36178288
36178289
36178290
36178291
36178292
36178293
36178294
36178295
36178296
36178297
36178298
36178299
36178300
36178301
36178302
36178303
36178304
36178305
36178306
36178307
36178308
36178309
36178310
36178311
36178312
36178313
36178314
36178315
36178316
36178317
36178318
36178319
36178320
36178321
36178322
36178323
36178324
36178325
36178326
36178327
36178328
36178329
36178330
36178331
36178332
36178333
36178334
36178335
36178336
36178337
36178338
36178339
36178340
36178341
36178342
36178343
36178344
36178345
36178346
36178347
36178348
36178349
36178350
36178351
36178352
36178353
36178354
36178355
36178356
36178357
36178358
36178359
36178360
36178361
36178362
36178363
36178364
36178365
36178366
36178367
36178368
36178369
36178370
36178371
36178372
36178373
36178374
36178375
36178376
36178377
36178378
36178379
36178380
36178381
36178382
36178383
36178384
36178385
36178386
36178387
36178388
36178389
36178390
36178391
36178392
36178393
36178394
36178395
36178396
36178397
36178398
36178399
36178400
36178401
36178402
36178403
36178404
36178405
36178406
36178407
36178408
36178409
36178410
36178411
36178412
36178413
36178414
36178415
36178416
36178417
36178418
36178419
36178420
36178421
36178422
36178423
36178424
36178425
36178426
36178427
36178428
36178429
36178430
36178431
36178432
36178433
36178434
36178435
36178436
36178437
36178438
36178439
36178440
36178441
36178442
36178443
36178444
36178445
36178446
36178447
36178448
36178449
36178450
36178451
36178452
36178453
36178454
36178455
36178456
36178457
36178458
36178459
36178460
36178461
36178462
36178463
36178464
36178465
36178466
36178467
36178468
36178469
36178470
36178471
36178472
36178473
36178474
36178475
36178476
36178477
36178478
36178479
36178480
36178481
36178482
36178483
36178484
36178485
36178486
36178487
36178488
36178489
36178490
36178491
36178492
36178493
36178494
36178495
36178496
36178497
36178498
36178499
36178500
36178501
36178502
36178503
36178504
36178505
36178506
36178507
36178508
36178509
36178510
36178511
36178512
36178513
36178514
36178515
36178516
36178517
36178518
36178519
36178520
36178521
36178522
36178523
36178524
36178525
36178526
36178527
36178528
36178529
36178530
36178531
36178532
36178533
36178534
36178535
36178536
36178537
36178538
36178539
36178540
36178541
36178542
36178543
36178544
36178545
36178546
36178547
36178548
36178549
36178550
36178551
36178552
36178553
36178554
36178555
36178556
36178557
36178558
36178559
36178560
36178561
36178562
36178563
36178564
36178565
36178566
36178567
36178568
36178569
36178570
36178571
36178572
36178573
36178574
36178575
36178576
36178577
36178578
36178579
36178580
36178581
36178582
36178583
36178584
36178585
36178586
36178587
36178588
36178589
36178590
36178591
36178592
36178593
36178594
36178595
36178596
36178597
36178598
36178599
36178600
36178601
36178602
36178603
36178604
36178605
36178606
36178607
36178608
36178609
36178610
36178611
36178612
36178613
36178614
36178615
36178616
36178617
36178618
36178619
36178620
36178621
36178622
36178623
36178624
36178625
36178626
36178627
36178628
36178629
36178630
36178631
36178632
36178633
36178634
36178635
36178636
36178637
36178638
36178639
36178640
36178641
36178642
36178643
36178644
36178645
36178646
36178647
36178648
36178649
36178650
36178651
36178652
36178653
36178654
36178655
36178656
36178657
36178658
36178659
36178660
36178661
36178662
36178663
36178664
36178665
36178666
36178667
36178668
36178669
36178670
36178671
36178672
36178673
36178674
36178675
36178676
36178677
36178678
36178679
36178680
36178681
36178682
36178683
36178684
36178685
36178686
36178687
36178688
36178689
36178690
36178691
36178692
36178693
36178694
36178695
36178696
36178697
36178698
36178699
36178700
36178701
36178702
36178703
36178704
36178705
36178706
36178707
36178708
36178709
36178710
36178711
36178712
36178713
36178714
36178715
36178716
36178717
36178718
36178719
36178720
36178721
36178722
36178723
36178724
36178725
36178726
36178727
36178728
36178729
36178730
36178731
36178732
36178733
36178734
36178735
36178736
36178737
36178738
36178739
36178740
36178741
36178742
36178743
36178744
36178745
36178746
36178747
36178748
36178749
36178750
36178751
36178752
36178753
36178754
36178755
36178756
36178757
36178758
36178759
36178760
36178761
36178762
36178763
36178764
36178765
36178766
36178767
36178768
36178769
36178770
36178771
36178772
36178773
36178774
36178775
36178776
36178777
36178778
36178779
36178780
36178781
36178782
36178783
36178784
36178785
36178786
36178787
36178788
36178789
36178790
36178791
36178792
36178793
36178794
36178795
36178796
36178797
36178798
36178799
36178800
36178801
36178802
36178803
36178804
36178805
36178806
36178807
36178808
36178809
36178810
36178811
36178812
36178813
36178814
36178815
36178816
36178817
36178818
36178819
36178820
36178821
36178822
36178823
36178824
36178825
36178826
36178827
36178828
36178829
36178830
36178831
36178832
36178833
36178834
36178835
36178836
36178837
36178838
36178839
36178840
36178841
36178842
36178843
36178844
36178845
36178846
36178847
36178848
36178849
36178850
36178851
36178852
36178853
36178854
36178855
36178856
36178857
36178858
36178859
36178860
36178861
36178862
36178863
36178864
36178865
36178866
36178867
36178868
36178869
36178870
36178871
36178872
36178873
36178874
36178875
36178876
36178877
36178878
36178879
36178880
36178881
36178882
36178883
36178884
36178885
36178886
36178887
36178888
36178889
