36298890
36298891
36298892
36298893
36298894
36298895
36298896
36298897
36298898
36298899
36298900
36298901
36298902
36298903
36298904
36298905
36298906
36298907
36298908
36298909
36298910
36298911
36298912
36298913
36298914
36298915
36298916
36298917
36298918
36298919
36298920
36298921
36298922
36298923
36298924
36298925
36298926
36298927
36298928
36298929
36298930
36298931
36298932
36298933
36298934
36298935
36298936
36298937
36298938
36298939
36298940
36298941
36298942
36298943
36298944
36298945
36298946
36298947
36298948
36298949
36298950
36298951
36298952
36298953
36298954
36298955
36298956
36298957
36298958
36298959
36298960
36298961
36298962
36298963
36298964
36298965
36298966
36298967
36298968
36298969
36298970
36298971
36298972
36298973
36298974
36298975
36298976
36298977
36298978
36298979
36298980
36298981
36298982
36298983
36298984
36298985
36298986
36298987
36298988
36298989
36298990
36298991
36298992
36298993
36298994
36298995
36298996
36298997
36298998
36298999
36299000
36299001
36299002
36299003
36299004
36299005
36299006
36299007
36299008
36299009
36299010
36299011
36299012
36299013
36299014
36299015
36299016
36299017
36299018
36299019
36299020
36299021
36299022
36299023
36299024
36299025
36299026
36299027
36299028
36299029
36299030
36299031
36299032
36299033
36299034
36299035
36299036
36299037
36299038
36299039
36299040
36299041
36299042
36299043
36299044
36299045
36299046
36299047
36299048
36299049
36299050
36299051
36299052
36299053
36299054
36299055
36299056
36299057
36299058
36299059
36299060
36299061
36299062
36299063
36299064
36299065
36299066
36299067
36299068
36299069
36299070
36299071
36299072
36299073
36299074
36299075
36299076
36299077
36299078
36299079
36299080
36299081
36299082
36299083
36299084
36299085
36299086
36299087
36299088
36299089
36299090
36299091
36299092
36299093
36299094
36299095
36299096
36299097
36299098
36299099
36299100
36299101
36299102
36299103
36299104
36299105
36299106
36299107
36299108
36299109
36299110
36299111
36299112
36299113
36299114
36299115
36299116
36299117
36299118
36299119
36299120
36299121
36299122
36299123
36299124
36299125
36299126
36299127
36299128
36299129
36299130
36299131
36299132
36299133
36299134
36299135
36299136
36299137
36299138
36299139
36299140
36299141
36299142
36299143
36299144
36299145
36299146
36299147
36299148
36299149
36299150
36299151
36299152
36299153
36299154
36299155
36299156
36299157
36299158
36299159
36299160
36299161
36299162
36299163
36299164
36299165
36299166
36299167
36299168
36299169
36299170
36299171
36299172
36299173
36299174
36299175
36299176
36299177
36299178
36299179
36299180
36299181
36299182
36299183
36299184
36299185
36299186
36299187
36299188
36299189
36299190
36299191
36299192
36299193
36299194
36299195
36299196
36299197
36299198
36299199
36299200
36299201
36299202
36299203
36299204
36299205
36299206
36299207
36299208
36299209
36299210
36299211
36299212
36299213
36299214
36299215
36299216
36299217
36299218
36299219
36299220
36299221
36299222
36299223
36299224
36299225
36299226
36299227
36299228
36299229
36299230
36299231
36299232
36299233
36299234
36299235
36299236
36299237
36299238
36299239
36299240
36299241
36299242
36299243
36299244
36299245
36299246
36299247
36299248
36299249
36299250
36299251
36299252
36299253
36299254
36299255
36299256
36299257
36299258
36299259
36299260
36299261
36299262
36299263
36299264
36299265
36299266
36299267
36299268
36299269
36299270
36299271
36299272
36299273
36299274
36299275
36299276
36299277
36299278
36299279
36299280
36299281
36299282
36299283
36299284
36299285
36299286
36299287
36299288
36299289
36299290
36299291
36299292
36299293
36299294
36299295
36299296
36299297
36299298
36299299
36299300
36299301
36299302
36299303
36299304
36299305
36299306
36299307
36299308
36299309
36299310
36299311
36299312
36299313
36299314
36299315
36299316
36299317
36299318
36299319
36299320
36299321
36299322
36299323
36299324
36299325
36299326
36299327
36299328
36299329
36299330
36299331
36299332
36299333
36299334
36299335
36299336
36299337
36299338
36299339
36299340
36299341
36299342
36299343
36299344
36299345
36299346
36299347
36299348
36299349
36299350
36299351
36299352
36299353
36299354
36299355
36299356
36299357
36299358
36299359
36299360
36299361
36299362
36299363
36299364
36299365
36299366
36299367
36299368
36299369
36299370
36299371
36299372
36299373
36299374
36299375
36299376
36299377
36299378
36299379
36299380
36299381
36299382
36299383
36299384
36299385
36299386
36299387
36299388
36299389
36299390
36299391
36299392
36299393
36299394
36299395
36299396
36299397
36299398
36299399
36299400
36299401
36299402
36299403
36299404
36299405
36299406
36299407
36299408
36299409
36299410
36299411
36299412
36299413
36299414
36299415
36299416
36299417
36299418
36299419
36299420
36299421
36299422
36299423
36299424
36299425
36299426
36299427
36299428
36299429
36299430
36299431
36299432
36299433
36299434
36299435
36299436
36299437
36299438
36299439
36299440
36299441
36299442
36299443
36299444
36299445
36299446
36299447
36299448
36299449
36299450
36299451
36299452
36299453
36299454
36299455
36299456
36299457
36299458
36299459
36299460
36299461
36299462
36299463
36299464
36299465
36299466
36299467
36299468
36299469
36299470
36299471
36299472
36299473
36299474
36299475
36299476
36299477
36299478
36299479
36299480
36299481
36299482
36299483
36299484
36299485
36299486
36299487
36299488
36299489
36299490
36299491
36299492
36299493
36299494
36299495
36299496
36299497
36299498
36299499
36299500
36299501
36299502
36299503
36299504
36299505
36299506
36299507
36299508
36299509
36299510
36299511
36299512
36299513
36299514
36299515
36299516
36299517
36299518
36299519
36299520
36299521
36299522
36299523
36299524
36299525
36299526
36299527
36299528
36299529
36299530
36299531
36299532
36299533
36299534
36299535
36299536
36299537
36299538
36299539
36299540
36299541
36299542
36299543
36299544
36299545
36299546
36299547
36299548
36299549
36299550
36299551
36299552
36299553
36299554
36299555
36299556
36299557
36299558
36299559
36299560
36299561
36299562
36299563
36299564
36299565
36299566
36299567
36299568
36299569
36299570
36299571
36299572
36299573
36299574
36299575
36299576
36299577
36299578
36299579
36299580
36299581
36299582
36299583
36299584
36299585
36299586
36299587
36299588
36299589
36299590
36299591
36299592
36299593
36299594
36299595
36299596
36299597
36299598
36299599
36299600
36299601
36299602
36299603
36299604
36299605
36299606
36299607
36299608
36299609
36299610
36299611
36299612
36299613
36299614
36299615
36299616
36299617
36299618
36299619
36299620
36299621
36299622
36299623
36299624
36299625
36299626
36299627
36299628
36299629
36299630
36299631
36299632
36299633
36299634
36299635
36299636
36299637
36299638
36299639
36299640
36299641
36299642
36299643
36299644
36299645
36299646
36299647
36299648
36299649
36299650
36299651
36299652
36299653
36299654
36299655
36299656
36299657
36299658
36299659
36299660
36299661
36299662
36299663
36299664
36299665
36299666
36299667
36299668
36299669
36299670
36299671
36299672
36299673
36299674
36299675
36299676
36299677
36299678
36299679
36299680
36299681
36299682
36299683
36299684
36299685
36299686
36299687
36299688
36299689
36299690
36299691
36299692
36299693
36299694
36299695
36299696
36299697
36299698
36299699
36299700
36299701
36299702
36299703
36299704
36299705
36299706
36299707
36299708
36299709
36299710
36299711
36299712
36299713
36299714
36299715
36299716
36299717
36299718
36299719
36299720
36299721
36299722
36299723
36299724
36299725
36299726
36299727
36299728
36299729
36299730
36299731
36299732
36299733
36299734
36299735
36299736
36299737
36299738
36299739
36299740
36299741
36299742
36299743
36299744
36299745
36299746
36299747
36299748
36299749
36299750
36299751
36299752
36299753
36299754
36299755
36299756
36299757
36299758
36299759
36299760
36299761
36299762
36299763
36299764
36299765
36299766
36299767
36299768
36299769
36299770
36299771
36299772
36299773
36299774
36299775
36299776
36299777
36299778
36299779
36299780
36299781
36299782
36299783
36299784
36299785
36299786
36299787
36299788
36299789
36299790
36299791
36299792
36299793
36299794
36299795
36299796
36299797
36299798
36299799
36299800
36299801
36299802
36299803
36299804
36299805
36299806
36299807
36299808
36299809
36299810
36299811
36299812
36299813
36299814
36299815
36299816
36299817
36299818
36299819
36299820
36299821
36299822
36299823
36299824
36299825
36299826
36299827
36299828
36299829
36299830
36299831
36299832
36299833
36299834
36299835
36299836
36299837
36299838
36299839
36299840
36299841
36299842
36299843
36299844
36299845
36299846
36299847
36299848
36299849
36299850
36299851
36299852
36299853
36299854
36299855
36299856
36299857
36299858
36299859
36299860
36299861
36299862
36299863
36299864
36299865
36299866
36299867
36299868
36299869
36299870
36299871
36299872
36299873
36299874
36299875
36299876
36299877
36299878
36299879
36299880
36299881
36299882
36299883
36299884
36299885
36299886
36299887
36299888
36299889
36299890
36299891
36299892
36299893
36299894
36299895
36299896
36299897
36299898
36299899
36299900
36299901
36299902
36299903
36299904
36299905
36299906
36299907
36299908
36299909
36299910
36299911
36299912
36299913
36299914
36299915
36299916
36299917
36299918
36299919
36299920
36299921
36299922
36299923
36299924
36299925
36299926
36299927
36299928
36299929
36299930
36299931
36299932
36299933
36299934
36299935
36299936
36299937
36299938
36299939
36299940
36299941
36299942
36299943
36299944
36299945
36299946
36299947
36299948
36299949
36299950
36299951
36299952
36299953
36299954
36299955
36299956
36299957
36299958
36299959
36299960
36299961
36299962
36299963
36299964
36299965
36299966
36299967
36299968
36299969
36299970
36299971
36299972
36299973
36299974
36299975
36299976
36299977
36299978
36299979
36299980
36299981
36299982
36299983
36299984
36299985
36299986
36299987
36299988
36299989
36299990
36299991
36299992
36299993
36299994
36299995
36299996
36299997
36299998
36299999
36300000
36300001
36300002
36300003
36300004
36300005
36300006
36300007
36300008
36300009
36300010
36300011
36300012
36300013
36300014
36300015
36300016
36300017
36300018
36300019
36300020
36300021
36300022
36300023
36300024
36300025
36300026
36300027
36300028
36300029
36300030
36300031
36300032
36300033
36300034
36300035
36300036
36300037
36300038
36300039
36300040
36300041
36300042
36300043
36300044
36300045
36300046
36300047
36300048
36300049
36300050
36300051
36300052
36300053
36300054
36300055
36300056
36300057
36300058
36300059
36300060
36300061
36300062
36300063
36300064
36300065
36300066
36300067
36300068
36300069
36300070
36300071
36300072
36300073
36300074
36300075
36300076
36300077
36300078
36300079
36300080
36300081
36300082
36300083
36300084
36300085
36300086
36300087
36300088
36300089
36300090
36300091
36300092
36300093
36300094
36300095
36300096
36300097
36300098
36300099
36300100
36300101
36300102
36300103
36300104
36300105
36300106
36300107
36300108
36300109
36300110
36300111
36300112
36300113
36300114
36300115
36300116
36300117
36300118
36300119
36300120
36300121
36300122
36300123
36300124
36300125
36300126
36300127
36300128
36300129
36300130
36300131
36300132
36300133
36300134
36300135
36300136
36300137
36300138
36300139
36300140
36300141
36300142
36300143
36300144
36300145
36300146
36300147
36300148
36300149
36300150
36300151
36300152
36300153
36300154
36300155
36300156
36300157
36300158
36300159
36300160
36300161
36300162
36300163
36300164
36300165
36300166
36300167
36300168
36300169
36300170
36300171
36300172
36300173
36300174
36300175
36300176
36300177
36300178
36300179
36300180
36300181
36300182
36300183
36300184
36300185
36300186
36300187
36300188
36300189
36300190
36300191
36300192
36300193
36300194
36300195
36300196
36300197
36300198
36300199
36300200
36300201
36300202
36300203
36300204
36300205
36300206
36300207
36300208
36300209
36300210
36300211
36300212
36300213
36300214
36300215
36300216
36300217
36300218
36300219
36300220
36300221
36300222
36300223
36300224
36300225
36300226
36300227
36300228
36300229
36300230
36300231
36300232
36300233
36300234
36300235
36300236
36300237
36300238
36300239
36300240
36300241
36300242
36300243
36300244
36300245
36300246
36300247
36300248
36300249
36300250
36300251
36300252
36300253
36300254
36300255
36300256
36300257
36300258
36300259
36300260
36300261
36300262
36300263
36300264
36300265
36300266
36300267
36300268
36300269
36300270
36300271
36300272
36300273
36300274
36300275
36300276
36300277
36300278
36300279
36300280
36300281
36300282
36300283
36300284
36300285
36300286
36300287
36300288
36300289
36300290
36300291
36300292
36300293
36300294
36300295
36300296
36300297
36300298
36300299
36300300
36300301
36300302
36300303
36300304
36300305
36300306
36300307
36300308
36300309
36300310
36300311
36300312
36300313
36300314
36300315
36300316
36300317
36300318
36300319
36300320
36300321
36300322
36300323
36300324
36300325
36300326
36300327
36300328
36300329
36300330
36300331
36300332
36300333
36300334
36300335
36300336
36300337
36300338
36300339
36300340
36300341
36300342
36300343
36300344
36300345
36300346
36300347
36300348
36300349
36300350
36300351
36300352
36300353
36300354
36300355
36300356
36300357
36300358
36300359
36300360
36300361
36300362
36300363
36300364
36300365
36300366
36300367
36300368
36300369
36300370
36300371
36300372
36300373
36300374
36300375
36300376
36300377
36300378
36300379
36300380
36300381
36300382
36300383
36300384
36300385
36300386
36300387
36300388
36300389
36300390
36300391
36300392
36300393
36300394
36300395
36300396
36300397
36300398
36300399
36300400
36300401
36300402
36300403
36300404
36300405
36300406
36300407
36300408
36300409
36300410
36300411
36300412
36300413
36300414
36300415
36300416
36300417
36300418
36300419
36300420
36300421
36300422
36300423
36300424
36300425
36300426
36300427
36300428
36300429
36300430
36300431
36300432
36300433
36300434
36300435
36300436
36300437
36300438
36300439
36300440
36300441
36300442
36300443
36300444
36300445
36300446
36300447
36300448
36300449
36300450
36300451
36300452
36300453
36300454
36300455
36300456
36300457
36300458
36300459
36300460
36300461
36300462
36300463
36300464
36300465
36300466
36300467
36300468
36300469
36300470
36300471
36300472
36300473
36300474
36300475
36300476
36300477
36300478
36300479
36300480
36300481
36300482
36300483
36300484
36300485
36300486
36300487
36300488
36300489
36300490
36300491
36300492
36300493
36300494
36300495
36300496
36300497
36300498
36300499
36300500
36300501
36300502
36300503
36300504
36300505
36300506
36300507
36300508
36300509
36300510
36300511
36300512
36300513
36300514
36300515
36300516
36300517
36300518
36300519
36300520
36300521
36300522
36300523
36300524
36300525
36300526
36300527
36300528
36300529
36300530
36300531
36300532
36300533
36300534
36300535
36300536
36300537
36300538
36300539
36300540
36300541
36300542
36300543
36300544
36300545
36300546
36300547
36300548
36300549
36300550
36300551
36300552
36300553
36300554
36300555
36300556
36300557
36300558
36300559
36300560
36300561
36300562
36300563
36300564
36300565
36300566
36300567
36300568
36300569
36300570
36300571
36300572
36300573
36300574
36300575
36300576
36300577
36300578
36300579
36300580
36300581
36300582
36300583
36300584
36300585
36300586
36300587
36300588
36300589
36300590
36300591
36300592
36300593
36300594
36300595
36300596
36300597
36300598
36300599
36300600
36300601
36300602
36300603
36300604
36300605
36300606
36300607
36300608
36300609
36300610
36300611
36300612
36300613
36300614
36300615
36300616
36300617
36300618
36300619
36300620
36300621
36300622
36300623
36300624
36300625
36300626
36300627
36300628
36300629
36300630
36300631
36300632
36300633
36300634
36300635
36300636
36300637
36300638
36300639
36300640
36300641
36300642
36300643
36300644
36300645
36300646
36300647
36300648
36300649
36300650
36300651
36300652
36300653
36300654
36300655
36300656
36300657
36300658
36300659
36300660
36300661
36300662
36300663
36300664
36300665
36300666
36300667
36300668
36300669
36300670
36300671
36300672
36300673
36300674
36300675
36300676
36300677
36300678
36300679
36300680
36300681
36300682
36300683
36300684
36300685
36300686
36300687
36300688
36300689
36300690
36300691
36300692
36300693
36300694
36300695
36300696
36300697
36300698
36300699
36300700
36300701
36300702
36300703
36300704
36300705
36300706
36300707
36300708
36300709
36300710
36300711
36300712
36300713
36300714
36300715
36300716
36300717
36300718
36300719
36300720
36300721
36300722
36300723
36300724
36300725
36300726
36300727
36300728
36300729
36300730
36300731
36300732
36300733
36300734
36300735
36300736
36300737
36300738
36300739
36300740
36300741
36300742
36300743
36300744
36300745
36300746
36300747
36300748
36300749
36300750
36300751
36300752
36300753
36300754
36300755
36300756
36300757
36300758
36300759
36300760
36300761
36300762
36300763
36300764
36300765
36300766
36300767
36300768
36300769
36300770
36300771
36300772
36300773
36300774
36300775
36300776
36300777
36300778
36300779
36300780
36300781
36300782
36300783
36300784
36300785
36300786
36300787
36300788
36300789
36300790
36300791
36300792
36300793
36300794
36300795
36300796
36300797
36300798
36300799
36300800
36300801
36300802
36300803
36300804
36300805
36300806
36300807
36300808
36300809
36300810
36300811
36300812
36300813
36300814
36300815
36300816
36300817
36300818
36300819
36300820
36300821
36300822
36300823
36300824
36300825
36300826
36300827
36300828
36300829
36300830
36300831
36300832
36300833
36300834
36300835
36300836
36300837
36300838
36300839
36300840
36300841
36300842
36300843
36300844
36300845
36300846
36300847
36300848
36300849
36300850
36300851
36300852
36300853
36300854
36300855
36300856
36300857
36300858
36300859
36300860
36300861
36300862
36300863
36300864
36300865
36300866
36300867
36300868
36300869
36300870
36300871
36300872
36300873
36300874
36300875
36300876
36300877
36300878
36300879
36300880
36300881
36300882
36300883
36300884
36300885
36300886
36300887
36300888
36300889
36300890
36300891
36300892
36300893
36300894
36300895
36300896
36300897
36300898
36300899
36300900
36300901
36300902
36300903
36300904
36300905
36300906
36300907
36300908
36300909
36300910
36300911
36300912
36300913
36300914
36300915
36300916
36300917
36300918
36300919
36300920
36300921
36300922
36300923
36300924
36300925
36300926
36300927
36300928
36300929
36300930
36300931
36300932
36300933
36300934
36300935
36300936
36300937
36300938
36300939
36300940
36300941
36300942
36300943
36300944
36300945
36300946
36300947
36300948
36300949
36300950
36300951
36300952
36300953
36300954
36300955
36300956
36300957
36300958
36300959
36300960
36300961
36300962
36300963
36300964
36300965
36300966
36300967
36300968
36300969
36300970
36300971
36300972
36300973
36300974
36300975
36300976
36300977
36300978
36300979
36300980
36300981
36300982
36300983
36300984
36300985
36300986
36300987
36300988
36300989
36300990
36300991
36300992
36300993
36300994
36300995
36300996
36300997
36300998
36300999
36301000
36301001
36301002
36301003
36301004
36301005
36301006
36301007
36301008
36301009
36301010
36301011
36301012
36301013
36301014
36301015
36301016
36301017
36301018
36301019
36301020
36301021
36301022
36301023
36301024
36301025
36301026
36301027
36301028
36301029
36301030
36301031
36301032
36301033
36301034
36301035
36301036
36301037
36301038
36301039
36301040
36301041
36301042
36301043
36301044
36301045
36301046
36301047
36301048
36301049
36301050
36301051
36301052
36301053
36301054
36301055
36301056
36301057
36301058
36301059
36301060
36301061
36301062
36301063
36301064
36301065
36301066
36301067
36301068
36301069
36301070
36301071
36301072
36301073
36301074
36301075
36301076
36301077
36301078
36301079
36301080
36301081
36301082
36301083
36301084
36301085
36301086
36301087
36301088
36301089
36301090
36301091
36301092
36301093
36301094
36301095
36301096
36301097
36301098
36301099
36301100
36301101
36301102
36301103
36301104
36301105
36301106
36301107
36301108
36301109
36301110
36301111
36301112
36301113
36301114
36301115
36301116
36301117
36301118
36301119
36301120
36301121
36301122
36301123
36301124
36301125
36301126
36301127
36301128
36301129
36301130
36301131
36301132
36301133
36301134
36301135
36301136
36301137
36301138
36301139
36301140
36301141
36301142
36301143
36301144
36301145
36301146
36301147
36301148
36301149
36301150
36301151
36301152
36301153
36301154
36301155
36301156
36301157
36301158
36301159
36301160
36301161
36301162
36301163
36301164
36301165
36301166
36301167
36301168
36301169
36301170
36301171
36301172
36301173
36301174
36301175
36301176
36301177
36301178
36301179
36301180
36301181
36301182
36301183
36301184
36301185
36301186
36301187
36301188
36301189
36301190
36301191
36301192
36301193
36301194
36301195
36301196
36301197
36301198
36301199
36301200
36301201
36301202
36301203
36301204
36301205
36301206
36301207
36301208
36301209
36301210
36301211
36301212
36301213
36301214
36301215
36301216
36301217
36301218
36301219
36301220
36301221
36301222
36301223
36301224
36301225
36301226
36301227
36301228
36301229
36301230
36301231
36301232
36301233
36301234
36301235
36301236
36301237
36301238
36301239
36301240
36301241
36301242
36301243
36301244
36301245
36301246
36301247
36301248
36301249
36301250
36301251
36301252
36301253
36301254
36301255
36301256
36301257
36301258
36301259
36301260
36301261
36301262
36301263
36301264
36301265
36301266
36301267
36301268
36301269
36301270
36301271
36301272
36301273
36301274
36301275
36301276
36301277
36301278
36301279
36301280
36301281
36301282
36301283
36301284
36301285
36301286
36301287
36301288
36301289
36301290
36301291
36301292
36301293
36301294
36301295
36301296
36301297
36301298
36301299
36301300
36301301
36301302
36301303
36301304
36301305
36301306
36301307
36301308
36301309
36301310
36301311
36301312
36301313
36301314
36301315
36301316
36301317
36301318
36301319
36301320
36301321
36301322
36301323
36301324
36301325
36301326
36301327
36301328
36301329
36301330
36301331
36301332
36301333
36301334
36301335
36301336
36301337
36301338
36301339
36301340
36301341
36301342
36301343
36301344
36301345
36301346
36301347
36301348
36301349
36301350
36301351
36301352
36301353
36301354
36301355
36301356
36301357
36301358
36301359
36301360
36301361
36301362
36301363
36301364
36301365
36301366
36301367
36301368
36301369
36301370
36301371
36301372
36301373
36301374
36301375
36301376
36301377
36301378
36301379
36301380
36301381
36301382
36301383
36301384
36301385
36301386
36301387
36301388
36301389
36301390
36301391
36301392
36301393
36301394
36301395
36301396
36301397
36301398
36301399
36301400
36301401
36301402
36301403
36301404
36301405
36301406
36301407
36301408
36301409
36301410
36301411
36301412
36301413
36301414
36301415
36301416
36301417
36301418
36301419
36301420
36301421
36301422
36301423
36301424
36301425
36301426
36301427
36301428
36301429
36301430
36301431
36301432
36301433
36301434
36301435
36301436
36301437
36301438
36301439
36301440
36301441
36301442
36301443
36301444
36301445
36301446
36301447
36301448
36301449
36301450
36301451
36301452
36301453
36301454
36301455
36301456
36301457
36301458
36301459
36301460
36301461
36301462
36301463
36301464
36301465
36301466
36301467
36301468
36301469
36301470
36301471
36301472
36301473
36301474
36301475
36301476
36301477
36301478
36301479
36301480
36301481
36301482
36301483
36301484
36301485
36301486
36301487
36301488
36301489
36301490
36301491
36301492
36301493
36301494
36301495
36301496
36301497
36301498
36301499
36301500
36301501
36301502
36301503
36301504
36301505
36301506
36301507
36301508
36301509
36301510
36301511
36301512
36301513
36301514
36301515
36301516
36301517
36301518
36301519
36301520
36301521
36301522
36301523
36301524
36301525
36301526
36301527
36301528
36301529
36301530
36301531
36301532
36301533
36301534
36301535
36301536
36301537
36301538
36301539
36301540
36301541
36301542
36301543
36301544
36301545
36301546
36301547
36301548
36301549
36301550
36301551
36301552
36301553
36301554
36301555
36301556
36301557
36301558
36301559
36301560
36301561
36301562
36301563
36301564
36301565
36301566
36301567
36301568
36301569
36301570
36301571
36301572
36301573
36301574
36301575
36301576
36301577
36301578
36301579
36301580
36301581
36301582
36301583
36301584
36301585
36301586
36301587
36301588
36301589
36301590
36301591
36301592
36301593
36301594
36301595
36301596
36301597
36301598
36301599
36301600
36301601
36301602
36301603
36301604
36301605
36301606
36301607
36301608
36301609
36301610
36301611
36301612
36301613
36301614
36301615
36301616
36301617
36301618
36301619
36301620
36301621
36301622
36301623
36301624
36301625
36301626
36301627
36301628
36301629
36301630
36301631
36301632
36301633
36301634
36301635
36301636
36301637
36301638
36301639
36301640
36301641
36301642
36301643
36301644
36301645
36301646
36301647
36301648
36301649
36301650
36301651
36301652
36301653
36301654
36301655
36301656
36301657
36301658
36301659
36301660
36301661
36301662
36301663
36301664
36301665
36301666
36301667
36301668
36301669
36301670
36301671
36301672
36301673
36301674
36301675
36301676
36301677
36301678
36301679
36301680
36301681
36301682
36301683
36301684
36301685
36301686
36301687
36301688
36301689
36301690
36301691
36301692
36301693
36301694
36301695
36301696
36301697
36301698
36301699
36301700
36301701
36301702
36301703
36301704
36301705
36301706
36301707
36301708
36301709
36301710
36301711
36301712
36301713
36301714
36301715
36301716
36301717
36301718
36301719
36301720
36301721
36301722
36301723
36301724
36301725
36301726
36301727
36301728
36301729
36301730
36301731
36301732
36301733
36301734
36301735
36301736
36301737
36301738
36301739
36301740
36301741
36301742
36301743
36301744
36301745
36301746
36301747
36301748
36301749
36301750
36301751
36301752
36301753
36301754
36301755
36301756
36301757
36301758
36301759
36301760
36301761
36301762
36301763
36301764
36301765
36301766
36301767
36301768
36301769
36301770
36301771
36301772
36301773
36301774
36301775
36301776
36301777
36301778
36301779
36301780
36301781
36301782
36301783
36301784
36301785
36301786
36301787
36301788
36301789
36301790
36301791
36301792
36301793
36301794
36301795
36301796
36301797
36301798
36301799
36301800
36301801
36301802
36301803
36301804
36301805
36301806
36301807
36301808
36301809
36301810
36301811
36301812
36301813
36301814
36301815
36301816
36301817
36301818
36301819
36301820
36301821
36301822
36301823
36301824
36301825
36301826
36301827
36301828
36301829
36301830
36301831
36301832
36301833
36301834
36301835
36301836
36301837
36301838
36301839
36301840
36301841
36301842
36301843
36301844
36301845
36301846
36301847
36301848
36301849
36301850
36301851
36301852
36301853
36301854
36301855
36301856
36301857
36301858
36301859
36301860
36301861
36301862
36301863
36301864
36301865
36301866
36301867
36301868
36301869
36301870
36301871
36301872
36301873
36301874
36301875
36301876
36301877
36301878
36301879
36301880
36301881
36301882
36301883
36301884
36301885
36301886
36301887
36301888
36301889
36301890
36301891
36301892
36301893
36301894
36301895
36301896
36301897
36301898
36301899
36301900
36301901
36301902
36301903
36301904
36301905
36301906
36301907
36301908
36301909
36301910
36301911
36301912
36301913
36301914
36301915
36301916
36301917
36301918
36301919
36301920
36301921
36301922
36301923
36301924
36301925
36301926
36301927
36301928
36301929
36301930
36301931
36301932
36301933
36301934
36301935
36301936
36301937
36301938
36301939
36301940
36301941
36301942
36301943
36301944
36301945
36301946
36301947
36301948
36301949
36301950
36301951
36301952
36301953
36301954
36301955
36301956
36301957
36301958
36301959
36301960
36301961
36301962
36301963
36301964
36301965
36301966
36301967
36301968
36301969
36301970
36301971
36301972
36301973
36301974
36301975
36301976
36301977
36301978
36301979
36301980
36301981
36301982
36301983
36301984
36301985
36301986
36301987
36301988
36301989
36301990
36301991
36301992
36301993
36301994
36301995
36301996
36301997
36301998
36301999
36302000
36302001
36302002
36302003
36302004
36302005
36302006
36302007
36302008
36302009
36302010
36302011
36302012
36302013
36302014
36302015
36302016
36302017
36302018
36302019
36302020
36302021
36302022
36302023
36302024
36302025
36302026
36302027
36302028
36302029
36302030
36302031
36302032
36302033
36302034
36302035
36302036
36302037
36302038
36302039
36302040
36302041
36302042
36302043
36302044
36302045
36302046
36302047
36302048
36302049
36302050
36302051
36302052
36302053
36302054
36302055
36302056
36302057
36302058
36302059
36302060
36302061
36302062
36302063
36302064
36302065
36302066
36302067
36302068
36302069
36302070
36302071
36302072
36302073
36302074
36302075
36302076
36302077
36302078
36302079
36302080
36302081
36302082
36302083
36302084
36302085
36302086
36302087
36302088
36302089
36302090
36302091
36302092
36302093
36302094
36302095
36302096
36302097
36302098
36302099
36302100
36302101
36302102
36302103
36302104
36302105
36302106
36302107
36302108
36302109
36302110
36302111
36302112
36302113
36302114
36302115
36302116
36302117
36302118
36302119
36302120
36302121
36302122
36302123
36302124
36302125
36302126
36302127
36302128
36302129
36302130
36302131
36302132
36302133
36302134
36302135
36302136
36302137
36302138
36302139
36302140
36302141
36302142
36302143
36302144
36302145
36302146
36302147
36302148
36302149
36302150
36302151
36302152
36302153
36302154
36302155
36302156
36302157
36302158
36302159
36302160
36302161
36302162
36302163
36302164
36302165
36302166
36302167
36302168
36302169
36302170
36302171
36302172
36302173
36302174
36302175
36302176
36302177
36302178
36302179
36302180
36302181
36302182
36302183
36302184
36302185
36302186
36302187
36302188
36302189
36302190
36302191
36302192
36302193
36302194
36302195
36302196
36302197
36302198
36302199
36302200
36302201
36302202
36302203
36302204
36302205
36302206
36302207
36302208
36302209
36302210
36302211
36302212
36302213
36302214
36302215
36302216
36302217
36302218
36302219
36302220
36302221
36302222
36302223
36302224
36302225
36302226
36302227
36302228
36302229
36302230
36302231
36302232
36302233
36302234
36302235
36302236
36302237
36302238
36302239
36302240
36302241
36302242
36302243
36302244
36302245
36302246
36302247
36302248
36302249
36302250
36302251
36302252
36302253
36302254
36302255
36302256
36302257
36302258
36302259
36302260
36302261
36302262
36302263
36302264
36302265
36302266
36302267
36302268
36302269
36302270
36302271
36302272
36302273
36302274
36302275
36302276
36302277
36302278
36302279
36302280
36302281
36302282
36302283
36302284
36302285
36302286
36302287
36302288
36302289
36302290
36302291
36302292
36302293
36302294
36302295
36302296
36302297
36302298
36302299
36302300
36302301
36302302
36302303
36302304
36302305
36302306
36302307
36302308
36302309
36302310
36302311
36302312
36302313
36302314
36302315
36302316
36302317
36302318
36302319
36302320
36302321
36302322
36302323
36302324
36302325
36302326
36302327
36302328
36302329
36302330
36302331
36302332
36302333
36302334
36302335
36302336
36302337
36302338
36302339
36302340
36302341
36302342
36302343
36302344
36302345
36302346
36302347
36302348
36302349
36302350
36302351
36302352
36302353
36302354
36302355
36302356
36302357
36302358
36302359
36302360
36302361
36302362
36302363
36302364
36302365
36302366
36302367
36302368
36302369
36302370
36302371
36302372
36302373
36302374
36302375
36302376
36302377
36302378
36302379
36302380
36302381
36302382
36302383
36302384
36302385
36302386
36302387
36302388
36302389
36302390
36302391
36302392
36302393
36302394
36302395
36302396
36302397
36302398
36302399
36302400
36302401
36302402
36302403
36302404
36302405
36302406
36302407
36302408
36302409
36302410
36302411
36302412
36302413
36302414
36302415
36302416
36302417
36302418
36302419
36302420
36302421
36302422
36302423
36302424
36302425
36302426
36302427
36302428
36302429
36302430
36302431
36302432
36302433
36302434
36302435
36302436
36302437
36302438
36302439
36302440
36302441
36302442
36302443
36302444
36302445
36302446
36302447
36302448
36302449
36302450
36302451
36302452
36302453
36302454
36302455
36302456
36302457
36302458
36302459
36302460
36302461
36302462
36302463
36302464
36302465
36302466
36302467
36302468
36302469
36302470
36302471
36302472
36302473
36302474
36302475
36302476
36302477
36302478
36302479
36302480
36302481
36302482
36302483
36302484
36302485
36302486
36302487
36302488
36302489
36302490
36302491
36302492
36302493
36302494
36302495
36302496
36302497
36302498
36302499
36302500
36302501
36302502
36302503
36302504
36302505
36302506
36302507
36302508
36302509
36302510
36302511
36302512
36302513
36302514
36302515
36302516
36302517
36302518
36302519
36302520
36302521
36302522
36302523
36302524
36302525
36302526
36302527
36302528
36302529
36302530
36302531
36302532
36302533
36302534
36302535
36302536
36302537
36302538
36302539
36302540
36302541
36302542
36302543
36302544
36302545
36302546
36302547
36302548
36302549
36302550
36302551
36302552
36302553
36302554
36302555
36302556
36302557
36302558
36302559
36302560
36302561
36302562
36302563
36302564
36302565
36302566
36302567
36302568
36302569
36302570
36302571
36302572
36302573
36302574
36302575
36302576
36302577
36302578
36302579
36302580
36302581
36302582
36302583
36302584
36302585
36302586
36302587
36302588
36302589
36302590
36302591
36302592
36302593
36302594
36302595
36302596
36302597
36302598
36302599
36302600
36302601
36302602
36302603
36302604
36302605
36302606
36302607
36302608
36302609
36302610
36302611
36302612
36302613
36302614
36302615
36302616
36302617
36302618
36302619
36302620
36302621
36302622
36302623
36302624
36302625
36302626
36302627
36302628
36302629
36302630
36302631
36302632
36302633
36302634
36302635
36302636
36302637
36302638
36302639
36302640
36302641
36302642
36302643
36302644
36302645
36302646
36302647
36302648
36302649
36302650
36302651
36302652
36302653
36302654
36302655
36302656
36302657
36302658
36302659
36302660
36302661
36302662
36302663
36302664
36302665
36302666
36302667
36302668
36302669
36302670
36302671
36302672
36302673
36302674
36302675
36302676
36302677
36302678
36302679
36302680
36302681
36302682
36302683
36302684
36302685
36302686
36302687
36302688
36302689
36302690
36302691
36302692
36302693
36302694
36302695
36302696
36302697
36302698
36302699
36302700
36302701
36302702
36302703
36302704
36302705
36302706
36302707
36302708
36302709
36302710
36302711
36302712
36302713
36302714
36302715
36302716
36302717
36302718
36302719
36302720
36302721
36302722
36302723
36302724
36302725
36302726
36302727
36302728
36302729
36302730
36302731
36302732
36302733
36302734
36302735
36302736
36302737
36302738
36302739
36302740
36302741
36302742
36302743
36302744
36302745
36302746
36302747
36302748
36302749
36302750
36302751
36302752
36302753
36302754
36302755
36302756
36302757
36302758
36302759
36302760
36302761
36302762
36302763
36302764
36302765
36302766
36302767
36302768
36302769
36302770
36302771
36302772
36302773
36302774
36302775
36302776
36302777
36302778
36302779
36302780
36302781
36302782
36302783
36302784
36302785
36302786
36302787
36302788
36302789
36302790
36302791
36302792
36302793
36302794
36302795
36302796
36302797
36302798
36302799
36302800
36302801
36302802
36302803
36302804
36302805
36302806
36302807
36302808
36302809
36302810
36302811
36302812
36302813
36302814
36302815
36302816
36302817
36302818
36302819
36302820
36302821
36302822
36302823
36302824
36302825
36302826
36302827
36302828
36302829
36302830
36302831
36302832
36302833
36302834
36302835
36302836
36302837
36302838
36302839
36302840
36302841
36302842
36302843
36302844
36302845
36302846
36302847
36302848
36302849
36302850
36302851
36302852
36302853
36302854
36302855
36302856
36302857
36302858
36302859
36302860
36302861
36302862
36302863
36302864
36302865
36302866
36302867
36302868
36302869
36302870
36302871
36302872
36302873
36302874
36302875
36302876
36302877
36302878
36302879
36302880
36302881
36302882
36302883
36302884
36302885
36302886
36302887
36302888
36302889
36302890
36302891
36302892
36302893
36302894
36302895
36302896
36302897
36302898
36302899
36302900
36302901
36302902
36302903
36302904
36302905
36302906
36302907
36302908
36302909
36302910
36302911
36302912
36302913
36302914
36302915
36302916
36302917
36302918
36302919
36302920
36302921
36302922
36302923
36302924
36302925
36302926
36302927
36302928
36302929
36302930
36302931
36302932
36302933
36302934
36302935
36302936
36302937
36302938
36302939
36302940
36302941
36302942
36302943
36302944
36302945
36302946
36302947
36302948
36302949
36302950
36302951
36302952
36302953
36302954
36302955
36302956
36302957
36302958
36302959
36302960
36302961
36302962
36302963
36302964
36302965
36302966
36302967
36302968
36302969
36302970
36302971
36302972
36302973
36302974
36302975
36302976
36302977
36302978
36302979
36302980
36302981
36302982
36302983
36302984
36302985
36302986
36302987
36302988
36302989
36302990
36302991
36302992
36302993
36302994
36302995
36302996
36302997
36302998
36302999
36303000
36303001
36303002
36303003
36303004
36303005
36303006
36303007
36303008
36303009
36303010
36303011
36303012
36303013
36303014
36303015
36303016
36303017
36303018
36303019
36303020
36303021
36303022
36303023
36303024
36303025
36303026
36303027
36303028
36303029
36303030
36303031
36303032
36303033
36303034
36303035
36303036
36303037
36303038
36303039
36303040
36303041
36303042
36303043
36303044
36303045
36303046
36303047
36303048
36303049
36303050
36303051
36303052
36303053
36303054
36303055
36303056
36303057
36303058
36303059
36303060
36303061
36303062
36303063
36303064
36303065
36303066
36303067
36303068
36303069
36303070
36303071
36303072
36303073
36303074
36303075
36303076
36303077
36303078
36303079
36303080
36303081
36303082
36303083
36303084
36303085
36303086
36303087
36303088
36303089
36303090
36303091
36303092
36303093
36303094
36303095
36303096
36303097
36303098
36303099
36303100
36303101
36303102
36303103
36303104
36303105
36303106
36303107
36303108
36303109
36303110
36303111
36303112
36303113
36303114
36303115
36303116
36303117
36303118
36303119
36303120
36303121
36303122
36303123
36303124
36303125
36303126
36303127
36303128
36303129
36303130
36303131
36303132
36303133
36303134
36303135
36303136
36303137
36303138
36303139
36303140
36303141
36303142
36303143
36303144
36303145
36303146
36303147
36303148
36303149
36303150
36303151
36303152
36303153
36303154
36303155
36303156
36303157
36303158
36303159
36303160
36303161
36303162
36303163
36303164
36303165
36303166
36303167
36303168
36303169
36303170
36303171
36303172
36303173
36303174
36303175
36303176
36303177
36303178
36303179
36303180
36303181
36303182
36303183
36303184
36303185
36303186
36303187
36303188
36303189
36303190
36303191
36303192
36303193
36303194
36303195
36303196
36303197
36303198
36303199
36303200
36303201
36303202
36303203
36303204
36303205
36303206
36303207
36303208
36303209
36303210
36303211
36303212
36303213
36303214
36303215
36303216
36303217
36303218
36303219
36303220
36303221
36303222
36303223
36303224
36303225
36303226
36303227
36303228
36303229
36303230
36303231
36303232
36303233
36303234
36303235
36303236
36303237
36303238
36303239
36303240
36303241
36303242
36303243
36303244
36303245
36303246
36303247
36303248
36303249
36303250
36303251
36303252
36303253
36303254
36303255
36303256
36303257
36303258
36303259
36303260
36303261
36303262
36303263
36303264
36303265
36303266
36303267
36303268
36303269
36303270
36303271
36303272
36303273
36303274
36303275
36303276
36303277
36303278
36303279
36303280
36303281
36303282
36303283
36303284
36303285
36303286
36303287
36303288
36303289
36303290
36303291
36303292
36303293
36303294
36303295
36303296
36303297
36303298
36303299
36303300
36303301
36303302
36303303
36303304
36303305
36303306
36303307
36303308
36303309
36303310
36303311
36303312
36303313
36303314
36303315
36303316
36303317
36303318
36303319
36303320
36303321
36303322
36303323
36303324
36303325
36303326
36303327
36303328
36303329
36303330
36303331
36303332
36303333
36303334
36303335
36303336
36303337
36303338
36303339
36303340
36303341
36303342
36303343
36303344
36303345
36303346
36303347
36303348
36303349
36303350
36303351
36303352
36303353
36303354
36303355
36303356
36303357
36303358
36303359
36303360
36303361
36303362
36303363
36303364
36303365
36303366
36303367
36303368
36303369
36303370
36303371
36303372
36303373
36303374
36303375
36303376
36303377
36303378
36303379
36303380
36303381
36303382
36303383
36303384
36303385
36303386
36303387
36303388
36303389
36303390
36303391
36303392
36303393
36303394
36303395
36303396
36303397
36303398
36303399
36303400
36303401
36303402
36303403
36303404
36303405
36303406
36303407
36303408
36303409
36303410
36303411
36303412
36303413
36303414
36303415
36303416
36303417
36303418
36303419
36303420
36303421
36303422
36303423
36303424
36303425
36303426
36303427
36303428
36303429
36303430
36303431
36303432
36303433
36303434
36303435
36303436
36303437
36303438
36303439
36303440
36303441
36303442
36303443
36303444
36303445
36303446
36303447
36303448
36303449
36303450
36303451
36303452
36303453
36303454
36303455
36303456
36303457
36303458
36303459
36303460
36303461
36303462
36303463
36303464
36303465
36303466
36303467
36303468
36303469
36303470
36303471
36303472
36303473
36303474
36303475
36303476
36303477
36303478
36303479
36303480
36303481
36303482
36303483
36303484
36303485
36303486
36303487
36303488
36303489
36303490
36303491
36303492
36303493
36303494
36303495
36303496
36303497
36303498
36303499
36303500
36303501
36303502
36303503
36303504
36303505
36303506
36303507
36303508
36303509
36303510
36303511
36303512
36303513
36303514
36303515
36303516
36303517
36303518
36303519
36303520
36303521
36303522
36303523
36303524
36303525
36303526
36303527
36303528
36303529
36303530
36303531
36303532
36303533
36303534
36303535
36303536
36303537
36303538
36303539
36303540
36303541
36303542
36303543
36303544
36303545
36303546
36303547
36303548
36303549
36303550
36303551
36303552
36303553
36303554
36303555
36303556
36303557
36303558
36303559
36303560
36303561
36303562
36303563
36303564
36303565
36303566
36303567
36303568
36303569
36303570
36303571
36303572
36303573
36303574
36303575
36303576
36303577
36303578
36303579
36303580
36303581
36303582
36303583
36303584
36303585
36303586
36303587
36303588
36303589
36303590
36303591
36303592
36303593
36303594
36303595
36303596
36303597
36303598
36303599
36303600
36303601
36303602
36303603
36303604
36303605
36303606
36303607
36303608
36303609
36303610
36303611
36303612
36303613
36303614
36303615
36303616
36303617
36303618
36303619
36303620
36303621
36303622
36303623
36303624
36303625
36303626
36303627
36303628
36303629
36303630
36303631
36303632
36303633
36303634
36303635
36303636
36303637
36303638
36303639
36303640
36303641
36303642
36303643
36303644
36303645
36303646
36303647
36303648
36303649
36303650
36303651
36303652
36303653
36303654
36303655
36303656
36303657
36303658
36303659
36303660
36303661
36303662
36303663
36303664
36303665
36303666
36303667
36303668
36303669
36303670
36303671
36303672
36303673
36303674
36303675
36303676
36303677
36303678
36303679
36303680
36303681
36303682
36303683
36303684
36303685
36303686
36303687
36303688
36303689
36303690
36303691
36303692
36303693
36303694
36303695
36303696
36303697
36303698
36303699
36303700
36303701
36303702
36303703
36303704
36303705
36303706
36303707
36303708
36303709
36303710
36303711
36303712
36303713
36303714
36303715
36303716
36303717
36303718
36303719
36303720
36303721
36303722
36303723
36303724
36303725
36303726
36303727
36303728
36303729
36303730
36303731
36303732
36303733
36303734
36303735
36303736
36303737
36303738
36303739
36303740
36303741
36303742
36303743
36303744
36303745
36303746
36303747
36303748
36303749
36303750
36303751
36303752
36303753
36303754
36303755
36303756
36303757
36303758
36303759
36303760
36303761
36303762
36303763
36303764
36303765
36303766
36303767
36303768
36303769
36303770
36303771
36303772
36303773
36303774
36303775
36303776
36303777
36303778
36303779
36303780
36303781
36303782
36303783
36303784
36303785
36303786
36303787
36303788
36303789
36303790
36303791
36303792
36303793
36303794
36303795
36303796
36303797
36303798
36303799
36303800
36303801
36303802
36303803
36303804
36303805
36303806
36303807
36303808
36303809
36303810
36303811
36303812
36303813
36303814
36303815
36303816
36303817
36303818
36303819
36303820
36303821
36303822
36303823
36303824
36303825
36303826
36303827
36303828
36303829
36303830
36303831
36303832
36303833
36303834
36303835
36303836
36303837
36303838
36303839
36303840
36303841
36303842
36303843
36303844
36303845
36303846
36303847
36303848
36303849
36303850
36303851
36303852
36303853
36303854
36303855
36303856
36303857
36303858
36303859
36303860
36303861
36303862
36303863
36303864
36303865
36303866
36303867
36303868
36303869
36303870
36303871
36303872
36303873
36303874
36303875
36303876
36303877
36303878
36303879
36303880
36303881
36303882
36303883
36303884
36303885
36303886
36303887
36303888
36303889
36303890
36303891
36303892
36303893
36303894
36303895
36303896
36303897
36303898
36303899
36303900
36303901
36303902
36303903
36303904
36303905
36303906
36303907
36303908
36303909
36303910
36303911
36303912
36303913
36303914
36303915
36303916
36303917
36303918
36303919
36303920
36303921
36303922
36303923
36303924
36303925
36303926
36303927
36303928
36303929
36303930
36303931
36303932
36303933
36303934
36303935
36303936
36303937
36303938
36303939
36303940
36303941
36303942
36303943
36303944
36303945
36303946
36303947
36303948
36303949
36303950
36303951
36303952
36303953
36303954
36303955
36303956
36303957
36303958
36303959
36303960
36303961
36303962
36303963
36303964
36303965
36303966
36303967
36303968
36303969
36303970
36303971
36303972
36303973
36303974
36303975
36303976
36303977
36303978
36303979
36303980
36303981
36303982
36303983
36303984
36303985
36303986
36303987
36303988
36303989
36303990
36303991
36303992
36303993
36303994
36303995
36303996
36303997
36303998
36303999
36304000
36304001
36304002
36304003
36304004
36304005
36304006
36304007
36304008
36304009
36304010
36304011
36304012
36304013
36304014
36304015
36304016
36304017
36304018
36304019
36304020
36304021
36304022
36304023
36304024
36304025
36304026
36304027
36304028
36304029
36304030
36304031
36304032
36304033
36304034
36304035
36304036
36304037
36304038
36304039
36304040
36304041
36304042
36304043
36304044
36304045
36304046
36304047
36304048
36304049
36304050
36304051
36304052
36304053
36304054
36304055
36304056
36304057
36304058
36304059
36304060
36304061
36304062
36304063
36304064
36304065
36304066
36304067
36304068
36304069
36304070
36304071
36304072
36304073
36304074
36304075
36304076
36304077
36304078
36304079
36304080
36304081
36304082
36304083
36304084
36304085
36304086
36304087
36304088
36304089
36304090
36304091
36304092
36304093
36304094
36304095
36304096
36304097
36304098
36304099
36304100
36304101
36304102
36304103
36304104
36304105
36304106
36304107
36304108
36304109
36304110
36304111
36304112
36304113
36304114
36304115
36304116
36304117
36304118
36304119
36304120
36304121
36304122
36304123
36304124
36304125
36304126
36304127
36304128
36304129
36304130
36304131
36304132
36304133
36304134
36304135
36304136
36304137
36304138
36304139
36304140
36304141
36304142
36304143
36304144
36304145
36304146
36304147
36304148
36304149
36304150
36304151
36304152
36304153
36304154
36304155
36304156
36304157
36304158
36304159
36304160
36304161
36304162
36304163
36304164
36304165
36304166
36304167
36304168
36304169
36304170
36304171
36304172
36304173
36304174
36304175
36304176
36304177
36304178
36304179
36304180
36304181
36304182
36304183
36304184
36304185
36304186
36304187
36304188
36304189
36304190
36304191
36304192
36304193
36304194
36304195
36304196
36304197
36304198
36304199
36304200
36304201
36304202
36304203
36304204
36304205
36304206
36304207
36304208
36304209
36304210
36304211
36304212
36304213
36304214
36304215
36304216
36304217
36304218
36304219
36304220
36304221
36304222
36304223
36304224
36304225
36304226
36304227
36304228
36304229
36304230
36304231
36304232
36304233
36304234
36304235
36304236
36304237
36304238
36304239
36304240
36304241
36304242
36304243
36304244
36304245
36304246
36304247
36304248
36304249
36304250
36304251
36304252
36304253
36304254
36304255
36304256
36304257
36304258
36304259
36304260
36304261
36304262
36304263
36304264
36304265
36304266
36304267
36304268
36304269
36304270
36304271
36304272
36304273
36304274
36304275
36304276
36304277
36304278
36304279
36304280
36304281
36304282
36304283
36304284
36304285
36304286
36304287
36304288
36304289
36304290
36304291
36304292
36304293
36304294
36304295
36304296
36304297
36304298
36304299
36304300
36304301
36304302
36304303
36304304
36304305
36304306
36304307
36304308
36304309
36304310
36304311
36304312
36304313
36304314
36304315
36304316
36304317
36304318
36304319
36304320
36304321
36304322
36304323
36304324
36304325
36304326
36304327
36304328
36304329
36304330
36304331
36304332
36304333
36304334
36304335
36304336
36304337
36304338
36304339
36304340
36304341
36304342
36304343
36304344
36304345
36304346
36304347
36304348
36304349
36304350
36304351
36304352
36304353
36304354
36304355
36304356
36304357
36304358
36304359
36304360
36304361
36304362
36304363
36304364
36304365
36304366
36304367
36304368
36304369
36304370
36304371
36304372
36304373
36304374
36304375
36304376
36304377
36304378
36304379
36304380
36304381
36304382
36304383
36304384
36304385
36304386
36304387
36304388
36304389
36304390
36304391
36304392
36304393
36304394
36304395
36304396
36304397
36304398
36304399
36304400
36304401
36304402
36304403
36304404
36304405
36304406
36304407
36304408
36304409
36304410
36304411
36304412
36304413
36304414
36304415
36304416
36304417
36304418
36304419
36304420
36304421
36304422
36304423
36304424
36304425
36304426
36304427
36304428
36304429
36304430
36304431
36304432
36304433
36304434
36304435
36304436
36304437
36304438
36304439
36304440
36304441
36304442
36304443
36304444
36304445
36304446
36304447
36304448
36304449
36304450
36304451
36304452
36304453
36304454
36304455
36304456
36304457
36304458
36304459
36304460
36304461
36304462
36304463
36304464
36304465
36304466
36304467
36304468
36304469
36304470
36304471
36304472
36304473
36304474
36304475
36304476
36304477
36304478
36304479
36304480
36304481
36304482
36304483
36304484
36304485
36304486
36304487
36304488
36304489
36304490
36304491
36304492
36304493
36304494
36304495
36304496
36304497
36304498
36304499
36304500
36304501
36304502
36304503
36304504
36304505
36304506
36304507
36304508
36304509
36304510
36304511
36304512
36304513
36304514
36304515
36304516
36304517
36304518
36304519
36304520
36304521
36304522
36304523
36304524
36304525
36304526
36304527
36304528
36304529
36304530
36304531
36304532
36304533
36304534
36304535
36304536
36304537
36304538
36304539
36304540
36304541
36304542
36304543
36304544
36304545
36304546
36304547
36304548
36304549
36304550
36304551
36304552
36304553
36304554
36304555
36304556
36304557
36304558
36304559
36304560
36304561
36304562
36304563
36304564
36304565
36304566
36304567
36304568
36304569
36304570
36304571
36304572
36304573
36304574
36304575
36304576
36304577
36304578
36304579
36304580
36304581
36304582
36304583
36304584
36304585
36304586
36304587
36304588
36304589
36304590
36304591
36304592
36304593
36304594
36304595
36304596
36304597
36304598
36304599
36304600
36304601
36304602
36304603
36304604
36304605
36304606
36304607
36304608
36304609
36304610
36304611
36304612
36304613
36304614
36304615
36304616
36304617
36304618
36304619
36304620
36304621
36304622
36304623
36304624
36304625
36304626
36304627
36304628
36304629
36304630
36304631
36304632
36304633
36304634
36304635
36304636
36304637
36304638
36304639
36304640
36304641
36304642
36304643
36304644
36304645
36304646
36304647
36304648
36304649
36304650
36304651
36304652
36304653
36304654
36304655
36304656
36304657
36304658
36304659
36304660
36304661
36304662
36304663
36304664
36304665
36304666
36304667
36304668
36304669
36304670
36304671
36304672
36304673
36304674
36304675
36304676
36304677
36304678
36304679
36304680
36304681
36304682
36304683
36304684
36304685
36304686
36304687
36304688
36304689
36304690
36304691
36304692
36304693
36304694
36304695
36304696
36304697
36304698
36304699
36304700
36304701
36304702
36304703
36304704
36304705
36304706
36304707
36304708
36304709
36304710
36304711
36304712
36304713
36304714
36304715
36304716
36304717
36304718
36304719
36304720
36304721
36304722
36304723
36304724
36304725
36304726
36304727
36304728
36304729
36304730
36304731
36304732
36304733
36304734
36304735
36304736
36304737
36304738
36304739
36304740
36304741
36304742
36304743
36304744
36304745
36304746
36304747
36304748
36304749
36304750
36304751
36304752
36304753
36304754
36304755
36304756
36304757
36304758
36304759
36304760
36304761
36304762
36304763
36304764
36304765
36304766
36304767
36304768
36304769
36304770
36304771
36304772
36304773
36304774
36304775
36304776
36304777
36304778
36304779
36304780
36304781
36304782
36304783
36304784
36304785
36304786
36304787
36304788
36304789
36304790
36304791
36304792
36304793
36304794
36304795
36304796
36304797
36304798
36304799
36304800
36304801
36304802
36304803
36304804
36304805
36304806
36304807
36304808
36304809
36304810
36304811
36304812
36304813
36304814
36304815
36304816
36304817
36304818
36304819
36304820
36304821
36304822
36304823
36304824
36304825
36304826
36304827
36304828
36304829
36304830
36304831
36304832
36304833
36304834
36304835
36304836
36304837
36304838
36304839
36304840
36304841
36304842
36304843
36304844
36304845
36304846
36304847
36304848
36304849
36304850
36304851
36304852
36304853
36304854
36304855
36304856
36304857
36304858
36304859
36304860
36304861
36304862
36304863
36304864
36304865
36304866
36304867
36304868
36304869
36304870
36304871
36304872
36304873
36304874
36304875
36304876
36304877
36304878
36304879
36304880
36304881
36304882
36304883
36304884
36304885
36304886
36304887
36304888
36304889
36304890
36304891
36304892
36304893
36304894
36304895
36304896
36304897
36304898
36304899
36304900
36304901
36304902
36304903
36304904
36304905
36304906
36304907
36304908
36304909
36304910
36304911
36304912
36304913
36304914
36304915
36304916
36304917
36304918
36304919
36304920
36304921
36304922
36304923
36304924
36304925
36304926
36304927
36304928
36304929
36304930
36304931
36304932
36304933
36304934
36304935
36304936
36304937
36304938
36304939
36304940
36304941
36304942
36304943
36304944
36304945
36304946
36304947
36304948
36304949
36304950
36304951
36304952
36304953
36304954
36304955
36304956
36304957
36304958
36304959
36304960
36304961
36304962
36304963
36304964
36304965
36304966
36304967
36304968
36304969
36304970
36304971
36304972
36304973
36304974
36304975
36304976
36304977
36304978
36304979
36304980
36304981
36304982
36304983
36304984
36304985
36304986
36304987
36304988
36304989
36304990
36304991
36304992
36304993
36304994
36304995
36304996
36304997
36304998
36304999
36305000
36305001
36305002
36305003
36305004
36305005
36305006
36305007
36305008
36305009
36305010
36305011
36305012
36305013
36305014
36305015
36305016
36305017
36305018
36305019
36305020
36305021
36305022
36305023
36305024
36305025
36305026
36305027
36305028
36305029
36305030
36305031
36305032
36305033
36305034
36305035
36305036
36305037
36305038
36305039
36305040
36305041
36305042
36305043
36305044
36305045
36305046
36305047
36305048
36305049
36305050
36305051
36305052
36305053
36305054
36305055
36305056
36305057
36305058
36305059
36305060
36305061
36305062
36305063
36305064
36305065
36305066
36305067
36305068
36305069
36305070
36305071
36305072
36305073
36305074
36305075
36305076
36305077
36305078
36305079
36305080
36305081
36305082
36305083
36305084
36305085
36305086
36305087
36305088
36305089
36305090
36305091
36305092
36305093
36305094
36305095
36305096
36305097
36305098
36305099
36305100
36305101
36305102
36305103
36305104
36305105
36305106
36305107
36305108
36305109
36305110
36305111
36305112
36305113
36305114
36305115
36305116
36305117
36305118
36305119
36305120
36305121
36305122
36305123
36305124
36305125
36305126
36305127
36305128
36305129
36305130
36305131
36305132
36305133
36305134
36305135
36305136
36305137
36305138
36305139
36305140
36305141
36305142
36305143
36305144
36305145
36305146
36305147
36305148
36305149
36305150
36305151
36305152
36305153
36305154
36305155
36305156
36305157
36305158
36305159
36305160
36305161
36305162
36305163
36305164
36305165
36305166
36305167
36305168
36305169
36305170
36305171
36305172
36305173
36305174
36305175
36305176
36305177
36305178
36305179
36305180
36305181
36305182
36305183
36305184
36305185
36305186
36305187
36305188
36305189
36305190
36305191
36305192
36305193
36305194
36305195
36305196
36305197
36305198
36305199
36305200
36305201
36305202
36305203
36305204
36305205
36305206
36305207
36305208
36305209
36305210
36305211
36305212
36305213
36305214
36305215
36305216
36305217
36305218
36305219
36305220
36305221
36305222
36305223
36305224
36305225
36305226
36305227
36305228
36305229
36305230
36305231
36305232
36305233
36305234
36305235
36305236
36305237
36305238
36305239
36305240
36305241
36305242
36305243
36305244
36305245
36305246
36305247
36305248
36305249
36305250
36305251
36305252
36305253
36305254
36305255
36305256
36305257
36305258
36305259
36305260
36305261
36305262
36305263
36305264
36305265
36305266
36305267
36305268
36305269
36305270
36305271
36305272
36305273
36305274
36305275
36305276
36305277
36305278
36305279
36305280
36305281
36305282
36305283
36305284
36305285
36305286
36305287
36305288
36305289
36305290
36305291
36305292
36305293
36305294
36305295
36305296
36305297
36305298
36305299
36305300
36305301
36305302
36305303
36305304
36305305
36305306
36305307
36305308
36305309
36305310
36305311
36305312
36305313
36305314
36305315
36305316
36305317
36305318
36305319
36305320
36305321
36305322
36305323
36305324
36305325
36305326
36305327
36305328
36305329
36305330
36305331
36305332
36305333
36305334
36305335
36305336
36305337
36305338
36305339
36305340
36305341
36305342
36305343
36305344
36305345
36305346
36305347
36305348
36305349
36305350
36305351
36305352
36305353
36305354
36305355
36305356
36305357
36305358
36305359
36305360
36305361
36305362
36305363
36305364
36305365
36305366
36305367
36305368
36305369
36305370
36305371
36305372
36305373
36305374
36305375
36305376
36305377
36305378
36305379
36305380
36305381
36305382
36305383
36305384
36305385
36305386
36305387
36305388
36305389
36305390
36305391
36305392
36305393
36305394
36305395
36305396
36305397
36305398
36305399
36305400
36305401
36305402
36305403
36305404
36305405
36305406
36305407
36305408
36305409
36305410
36305411
36305412
36305413
36305414
36305415
36305416
36305417
36305418
36305419
36305420
36305421
36305422
36305423
36305424
36305425
36305426
36305427
36305428
36305429
36305430
36305431
36305432
36305433
36305434
36305435
36305436
36305437
36305438
36305439
36305440
36305441
36305442
36305443
36305444
36305445
36305446
36305447
36305448
36305449
36305450
36305451
36305452
36305453
36305454
36305455
36305456
36305457
36305458
36305459
36305460
36305461
36305462
36305463
36305464
36305465
36305466
36305467
36305468
36305469
36305470
36305471
36305472
36305473
36305474
36305475
36305476
36305477
36305478
36305479
36305480
36305481
36305482
36305483
36305484
36305485
36305486
36305487
36305488
36305489
36305490
36305491
36305492
36305493
36305494
36305495
36305496
36305497
36305498
36305499
36305500
36305501
36305502
36305503
36305504
36305505
36305506
36305507
36305508
36305509
36305510
36305511
36305512
36305513
36305514
36305515
36305516
36305517
36305518
36305519
36305520
36305521
36305522
36305523
36305524
36305525
36305526
36305527
36305528
36305529
36305530
36305531
36305532
36305533
36305534
36305535
36305536
36305537
36305538
36305539
36305540
36305541
36305542
36305543
36305544
36305545
36305546
36305547
36305548
36305549
36305550
36305551
36305552
36305553
36305554
36305555
36305556
36305557
36305558
36305559
36305560
36305561
36305562
36305563
36305564
36305565
36305566
36305567
36305568
36305569
36305570
36305571
36305572
36305573
36305574
36305575
36305576
36305577
36305578
36305579
36305580
36305581
36305582
36305583
36305584
36305585
36305586
36305587
36305588
36305589
36305590
36305591
36305592
36305593
36305594
36305595
36305596
36305597
36305598
36305599
36305600
36305601
36305602
36305603
36305604
36305605
36305606
36305607
36305608
36305609
36305610
36305611
36305612
36305613
36305614
36305615
36305616
36305617
36305618
36305619
36305620
36305621
36305622
36305623
36305624
36305625
36305626
36305627
36305628
36305629
36305630
36305631
36305632
36305633
36305634
36305635
36305636
36305637
36305638
36305639
36305640
36305641
36305642
36305643
36305644
36305645
36305646
36305647
36305648
36305649
36305650
36305651
36305652
36305653
36305654
36305655
36305656
36305657
36305658
36305659
36305660
36305661
36305662
36305663
36305664
36305665
36305666
36305667
36305668
36305669
36305670
36305671
36305672
36305673
36305674
36305675
36305676
36305677
36305678
36305679
36305680
36305681
36305682
36305683
36305684
36305685
36305686
36305687
36305688
36305689
36305690
36305691
36305692
36305693
36305694
36305695
36305696
36305697
36305698
36305699
36305700
36305701
36305702
36305703
36305704
36305705
36305706
36305707
36305708
36305709
36305710
36305711
36305712
36305713
36305714
36305715
36305716
36305717
36305718
36305719
36305720
36305721
36305722
36305723
36305724
36305725
36305726
36305727
36305728
36305729
36305730
36305731
36305732
36305733
36305734
36305735
36305736
36305737
36305738
36305739
36305740
36305741
36305742
36305743
36305744
36305745
36305746
36305747
36305748
36305749
36305750
36305751
36305752
36305753
36305754
36305755
36305756
36305757
36305758
36305759
36305760
36305761
36305762
36305763
36305764
36305765
36305766
36305767
36305768
36305769
36305770
36305771
36305772
36305773
36305774
36305775
36305776
36305777
36305778
36305779
36305780
36305781
36305782
36305783
36305784
36305785
36305786
36305787
36305788
36305789
36305790
36305791
36305792
36305793
36305794
36305795
36305796
36305797
36305798
36305799
36305800
36305801
36305802
36305803
36305804
36305805
36305806
36305807
36305808
36305809
36305810
36305811
36305812
36305813
36305814
36305815
36305816
36305817
36305818
36305819
36305820
36305821
36305822
36305823
36305824
36305825
36305826
36305827
36305828
36305829
36305830
36305831
36305832
36305833
36305834
36305835
36305836
36305837
36305838
36305839
36305840
36305841
36305842
36305843
36305844
36305845
36305846
36305847
36305848
36305849
36305850
36305851
36305852
36305853
36305854
36305855
36305856
36305857
36305858
36305859
36305860
36305861
36305862
36305863
36305864
36305865
36305866
36305867
36305868
36305869
36305870
36305871
36305872
36305873
36305874
36305875
36305876
36305877
36305878
36305879
36305880
36305881
36305882
36305883
36305884
36305885
36305886
36305887
36305888
36305889
36305890
36305891
36305892
36305893
36305894
36305895
36305896
36305897
36305898
36305899
36305900
36305901
36305902
36305903
36305904
36305905
36305906
36305907
36305908
36305909
36305910
36305911
36305912
36305913
36305914
36305915
36305916
36305917
36305918
36305919
36305920
36305921
36305922
36305923
36305924
36305925
36305926
36305927
36305928
36305929
36305930
36305931
36305932
36305933
36305934
36305935
36305936
36305937
36305938
36305939
36305940
36305941
36305942
36305943
36305944
36305945
36305946
36305947
36305948
36305949
36305950
36305951
36305952
36305953
36305954
36305955
36305956
36305957
36305958
36305959
36305960
36305961
36305962
36305963
36305964
36305965
36305966
36305967
36305968
36305969
36305970
36305971
36305972
36305973
36305974
36305975
36305976
36305977
36305978
36305979
36305980
36305981
36305982
36305983
36305984
36305985
36305986
36305987
36305988
36305989
36305990
36305991
36305992
36305993
36305994
36305995
36305996
36305997
36305998
36305999
36306000
36306001
36306002
36306003
36306004
36306005
36306006
36306007
36306008
36306009
36306010
36306011
36306012
36306013
36306014
36306015
36306016
36306017
36306018
36306019
36306020
36306021
36306022
36306023
36306024
36306025
36306026
36306027
36306028
36306029
36306030
36306031
36306032
36306033
36306034
36306035
36306036
36306037
36306038
36306039
36306040
36306041
36306042
36306043
36306044
36306045
36306046
36306047
36306048
36306049
36306050
36306051
36306052
36306053
36306054
36306055
36306056
36306057
36306058
36306059
36306060
36306061
36306062
36306063
36306064
36306065
36306066
36306067
36306068
36306069
36306070
36306071
36306072
36306073
36306074
36306075
36306076
36306077
36306078
36306079
36306080
36306081
36306082
36306083
36306084
36306085
36306086
36306087
36306088
36306089
36306090
36306091
36306092
36306093
36306094
36306095
36306096
36306097
36306098
36306099
36306100
36306101
36306102
36306103
36306104
36306105
36306106
36306107
36306108
36306109
36306110
36306111
36306112
36306113
36306114
36306115
36306116
36306117
36306118
36306119
36306120
36306121
36306122
36306123
36306124
36306125
36306126
36306127
36306128
36306129
36306130
36306131
36306132
36306133
36306134
36306135
36306136
36306137
36306138
36306139
36306140
36306141
36306142
36306143
36306144
36306145
36306146
36306147
36306148
36306149
36306150
36306151
36306152
36306153
36306154
36306155
36306156
36306157
36306158
36306159
36306160
36306161
36306162
36306163
36306164
36306165
36306166
36306167
36306168
36306169
36306170
36306171
36306172
36306173
36306174
36306175
36306176
36306177
36306178
36306179
36306180
36306181
36306182
36306183
36306184
36306185
36306186
36306187
36306188
36306189
36306190
36306191
36306192
36306193
36306194
36306195
36306196
36306197
36306198
36306199
36306200
36306201
36306202
36306203
36306204
36306205
36306206
36306207
36306208
36306209
36306210
36306211
36306212
36306213
36306214
36306215
36306216
36306217
36306218
36306219
36306220
36306221
36306222
36306223
36306224
36306225
36306226
36306227
36306228
36306229
36306230
36306231
36306232
36306233
36306234
36306235
36306236
36306237
36306238
36306239
36306240
36306241
36306242
36306243
36306244
36306245
36306246
36306247
36306248
36306249
36306250
36306251
36306252
36306253
36306254
36306255
36306256
36306257
36306258
36306259
36306260
36306261
36306262
36306263
36306264
36306265
36306266
36306267
36306268
36306269
36306270
36306271
36306272
36306273
36306274
36306275
36306276
36306277
36306278
36306279
36306280
36306281
36306282
36306283
36306284
36306285
36306286
36306287
36306288
36306289
36306290
36306291
36306292
36306293
36306294
36306295
36306296
36306297
36306298
36306299
36306300
36306301
36306302
36306303
36306304
36306305
36306306
36306307
36306308
36306309
36306310
36306311
36306312
36306313
36306314
36306315
36306316
36306317
36306318
36306319
36306320
36306321
36306322
36306323
36306324
36306325
36306326
36306327
36306328
36306329
36306330
36306331
36306332
36306333
36306334
36306335
36306336
36306337
36306338
36306339
36306340
36306341
36306342
36306343
36306344
36306345
36306346
36306347
36306348
36306349
36306350
36306351
36306352
36306353
36306354
36306355
36306356
36306357
36306358
36306359
36306360
36306361
36306362
36306363
36306364
36306365
36306366
36306367
36306368
36306369
36306370
36306371
36306372
36306373
36306374
36306375
36306376
36306377
36306378
36306379
36306380
36306381
36306382
36306383
36306384
36306385
36306386
36306387
36306388
36306389
36306390
36306391
36306392
36306393
36306394
36306395
36306396
36306397
36306398
36306399
36306400
36306401
36306402
36306403
36306404
36306405
36306406
36306407
36306408
36306409
36306410
36306411
36306412
36306413
36306414
36306415
36306416
36306417
36306418
36306419
36306420
36306421
36306422
36306423
36306424
36306425
36306426
36306427
36306428
36306429
36306430
36306431
36306432
36306433
36306434
36306435
36306436
36306437
36306438
36306439
36306440
36306441
36306442
36306443
36306444
36306445
36306446
36306447
36306448
36306449
36306450
36306451
36306452
36306453
36306454
36306455
36306456
36306457
36306458
36306459
36306460
36306461
36306462
36306463
36306464
36306465
36306466
36306467
36306468
36306469
36306470
36306471
36306472
36306473
36306474
36306475
36306476
36306477
36306478
36306479
36306480
36306481
36306482
36306483
36306484
36306485
36306486
36306487
36306488
36306489
36306490
36306491
36306492
36306493
36306494
36306495
36306496
36306497
36306498
36306499
36306500
36306501
36306502
36306503
36306504
36306505
36306506
36306507
36306508
36306509
36306510
36306511
36306512
36306513
36306514
36306515
36306516
36306517
36306518
36306519
36306520
36306521
36306522
36306523
36306524
36306525
36306526
36306527
36306528
36306529
36306530
36306531
36306532
36306533
36306534
36306535
36306536
36306537
36306538
36306539
36306540
36306541
36306542
36306543
36306544
36306545
36306546
36306547
36306548
36306549
36306550
36306551
36306552
36306553
36306554
36306555
36306556
36306557
36306558
36306559
36306560
36306561
36306562
36306563
36306564
36306565
36306566
36306567
36306568
36306569
36306570
36306571
36306572
36306573
36306574
36306575
36306576
36306577
36306578
36306579
36306580
36306581
36306582
36306583
36306584
36306585
36306586
36306587
36306588
36306589
36306590
36306591
36306592
36306593
36306594
36306595
36306596
36306597
36306598
36306599
36306600
36306601
36306602
36306603
36306604
36306605
36306606
36306607
36306608
36306609
36306610
36306611
36306612
36306613
36306614
36306615
36306616
36306617
36306618
36306619
36306620
36306621
36306622
36306623
36306624
36306625
36306626
36306627
36306628
36306629
36306630
36306631
36306632
36306633
36306634
36306635
36306636
36306637
36306638
36306639
36306640
36306641
36306642
36306643
36306644
36306645
36306646
36306647
36306648
36306649
36306650
36306651
36306652
36306653
36306654
36306655
36306656
36306657
36306658
36306659
36306660
36306661
36306662
36306663
36306664
36306665
36306666
36306667
36306668
36306669
36306670
36306671
36306672
36306673
36306674
36306675
36306676
36306677
36306678
36306679
36306680
36306681
36306682
36306683
36306684
36306685
36306686
36306687
36306688
36306689
36306690
36306691
36306692
36306693
36306694
36306695
36306696
36306697
36306698
36306699
36306700
36306701
36306702
36306703
36306704
36306705
36306706
36306707
36306708
36306709
36306710
36306711
36306712
36306713
36306714
36306715
36306716
36306717
36306718
36306719
36306720
36306721
36306722
36306723
36306724
36306725
36306726
36306727
36306728
36306729
36306730
36306731
36306732
36306733
36306734
36306735
36306736
36306737
36306738
36306739
36306740
36306741
36306742
36306743
36306744
36306745
36306746
36306747
36306748
36306749
36306750
36306751
36306752
36306753
36306754
36306755
36306756
36306757
36306758
36306759
36306760
36306761
36306762
36306763
36306764
36306765
36306766
36306767
36306768
36306769
36306770
36306771
36306772
36306773
36306774
36306775
36306776
36306777
36306778
36306779
36306780
36306781
36306782
36306783
36306784
36306785
36306786
36306787
36306788
36306789
36306790
36306791
36306792
36306793
36306794
36306795
36306796
36306797
36306798
36306799
36306800
36306801
36306802
36306803
36306804
36306805
36306806
36306807
36306808
36306809
36306810
36306811
36306812
36306813
36306814
36306815
36306816
36306817
36306818
36306819
36306820
36306821
36306822
36306823
36306824
36306825
36306826
36306827
36306828
36306829
36306830
36306831
36306832
36306833
36306834
36306835
36306836
36306837
36306838
36306839
36306840
36306841
36306842
36306843
36306844
36306845
36306846
36306847
36306848
36306849
36306850
36306851
36306852
36306853
36306854
36306855
36306856
36306857
36306858
36306859
36306860
36306861
36306862
36306863
36306864
36306865
36306866
36306867
36306868
36306869
36306870
36306871
36306872
36306873
36306874
36306875
36306876
36306877
36306878
36306879
36306880
36306881
36306882
36306883
36306884
36306885
36306886
36306887
36306888
36306889
36306890
36306891
36306892
36306893
36306894
36306895
36306896
36306897
36306898
36306899
36306900
36306901
36306902
36306903
36306904
36306905
36306906
36306907
36306908
36306909
36306910
36306911
36306912
36306913
36306914
36306915
36306916
36306917
36306918
36306919
36306920
36306921
36306922
36306923
36306924
36306925
36306926
36306927
36306928
36306929
36306930
36306931
36306932
36306933
36306934
36306935
36306936
36306937
36306938
36306939
36306940
36306941
36306942
36306943
36306944
36306945
36306946
36306947
36306948
36306949
36306950
36306951
36306952
36306953
36306954
36306955
36306956
36306957
36306958
36306959
36306960
36306961
36306962
36306963
36306964
36306965
36306966
36306967
36306968
36306969
36306970
36306971
36306972
36306973
36306974
36306975
36306976
36306977
36306978
36306979
36306980
36306981
36306982
36306983
36306984
36306985
36306986
36306987
36306988
36306989
36306990
36306991
36306992
36306993
36306994
36306995
36306996
36306997
36306998
36306999
36307000
36307001
36307002
36307003
36307004
36307005
36307006
36307007
36307008
36307009
36307010
36307011
36307012
36307013
36307014
36307015
36307016
36307017
36307018
36307019
36307020
36307021
36307022
36307023
36307024
36307025
36307026
36307027
36307028
36307029
36307030
36307031
36307032
36307033
36307034
36307035
36307036
36307037
36307038
36307039
36307040
36307041
36307042
36307043
36307044
36307045
36307046
36307047
36307048
36307049
36307050
36307051
36307052
36307053
36307054
36307055
36307056
36307057
36307058
36307059
36307060
36307061
36307062
36307063
36307064
36307065
36307066
36307067
36307068
36307069
36307070
36307071
36307072
36307073
36307074
36307075
36307076
36307077
36307078
36307079
36307080
36307081
36307082
36307083
36307084
36307085
36307086
36307087
36307088
36307089
36307090
36307091
36307092
36307093
36307094
36307095
36307096
36307097
36307098
36307099
36307100
36307101
36307102
36307103
36307104
36307105
36307106
36307107
36307108
36307109
36307110
36307111
36307112
36307113
36307114
36307115
36307116
36307117
36307118
36307119
36307120
36307121
36307122
36307123
36307124
36307125
36307126
36307127
36307128
36307129
36307130
36307131
36307132
36307133
36307134
36307135
36307136
36307137
36307138
36307139
36307140
36307141
36307142
36307143
36307144
36307145
36307146
36307147
36307148
36307149
36307150
36307151
36307152
36307153
36307154
36307155
36307156
36307157
36307158
36307159
36307160
36307161
36307162
36307163
36307164
36307165
36307166
36307167
36307168
36307169
36307170
36307171
36307172
36307173
36307174
36307175
36307176
36307177
36307178
36307179
36307180
36307181
36307182
36307183
36307184
36307185
36307186
36307187
36307188
36307189
36307190
36307191
36307192
36307193
36307194
36307195
36307196
36307197
36307198
36307199
36307200
36307201
36307202
36307203
36307204
36307205
36307206
36307207
36307208
36307209
36307210
36307211
36307212
36307213
36307214
36307215
36307216
36307217
36307218
36307219
36307220
36307221
36307222
36307223
36307224
36307225
36307226
36307227
36307228
36307229
36307230
36307231
36307232
36307233
36307234
36307235
36307236
36307237
36307238
36307239
36307240
36307241
36307242
36307243
36307244
36307245
36307246
36307247
36307248
36307249
36307250
36307251
36307252
36307253
36307254
36307255
36307256
36307257
36307258
36307259
36307260
36307261
36307262
36307263
36307264
36307265
36307266
36307267
36307268
36307269
36307270
36307271
36307272
36307273
36307274
36307275
36307276
36307277
36307278
36307279
36307280
36307281
36307282
36307283
36307284
36307285
36307286
36307287
36307288
36307289
36307290
36307291
36307292
36307293
36307294
36307295
36307296
36307297
36307298
36307299
36307300
36307301
36307302
36307303
36307304
36307305
36307306
36307307
36307308
36307309
36307310
36307311
36307312
36307313
36307314
36307315
36307316
36307317
36307318
36307319
36307320
36307321
36307322
36307323
36307324
36307325
36307326
36307327
36307328
36307329
36307330
36307331
36307332
36307333
36307334
36307335
36307336
36307337
36307338
36307339
36307340
36307341
36307342
36307343
36307344
36307345
36307346
36307347
36307348
36307349
36307350
36307351
36307352
36307353
36307354
36307355
36307356
36307357
36307358
36307359
36307360
36307361
36307362
36307363
36307364
36307365
36307366
36307367
36307368
36307369
36307370
36307371
36307372
36307373
36307374
36307375
36307376
36307377
36307378
36307379
36307380
36307381
36307382
36307383
36307384
36307385
36307386
36307387
36307388
36307389
36307390
36307391
36307392
36307393
36307394
36307395
36307396
36307397
36307398
36307399
36307400
36307401
36307402
36307403
36307404
36307405
36307406
36307407
36307408
36307409
36307410
36307411
36307412
36307413
36307414
36307415
36307416
36307417
36307418
36307419
36307420
36307421
36307422
36307423
36307424
36307425
36307426
36307427
36307428
36307429
36307430
36307431
36307432
36307433
36307434
36307435
36307436
36307437
36307438
36307439
36307440
36307441
36307442
36307443
36307444
36307445
36307446
36307447
36307448
36307449
36307450
36307451
36307452
36307453
36307454
36307455
36307456
36307457
36307458
36307459
36307460
36307461
36307462
36307463
36307464
36307465
36307466
36307467
36307468
36307469
36307470
36307471
36307472
36307473
36307474
36307475
36307476
36307477
36307478
36307479
36307480
36307481
36307482
36307483
36307484
36307485
36307486
36307487
36307488
36307489
36307490
36307491
36307492
36307493
36307494
36307495
36307496
36307497
36307498
36307499
36307500
36307501
36307502
36307503
36307504
36307505
36307506
36307507
36307508
36307509
36307510
36307511
36307512
36307513
36307514
36307515
36307516
36307517
36307518
36307519
36307520
36307521
36307522
36307523
36307524
36307525
36307526
36307527
36307528
36307529
36307530
36307531
36307532
36307533
36307534
36307535
36307536
36307537
36307538
36307539
36307540
36307541
36307542
36307543
36307544
36307545
36307546
36307547
36307548
36307549
36307550
36307551
36307552
36307553
36307554
36307555
36307556
36307557
36307558
36307559
36307560
36307561
36307562
36307563
36307564
36307565
36307566
36307567
36307568
36307569
36307570
36307571
36307572
36307573
36307574
36307575
36307576
36307577
36307578
36307579
36307580
36307581
36307582
36307583
36307584
36307585
36307586
36307587
36307588
36307589
36307590
36307591
36307592
36307593
36307594
36307595
36307596
36307597
36307598
36307599
36307600
36307601
36307602
36307603
36307604
36307605
36307606
36307607
36307608
36307609
36307610
36307611
36307612
36307613
36307614
36307615
36307616
36307617
36307618
36307619
36307620
36307621
36307622
36307623
36307624
36307625
36307626
36307627
36307628
36307629
36307630
36307631
36307632
36307633
36307634
36307635
36307636
36307637
36307638
36307639
36307640
36307641
36307642
36307643
36307644
36307645
36307646
36307647
36307648
36307649
36307650
36307651
36307652
36307653
36307654
36307655
36307656
36307657
36307658
36307659
36307660
36307661
36307662
36307663
36307664
36307665
36307666
36307667
36307668
36307669
36307670
36307671
36307672
36307673
36307674
36307675
36307676
36307677
36307678
36307679
36307680
36307681
36307682
36307683
36307684
36307685
36307686
36307687
36307688
36307689
36307690
36307691
36307692
36307693
36307694
36307695
36307696
36307697
36307698
36307699
36307700
36307701
36307702
36307703
36307704
36307705
36307706
36307707
36307708
36307709
36307710
36307711
36307712
36307713
36307714
36307715
36307716
36307717
36307718
36307719
36307720
36307721
36307722
36307723
36307724
36307725
36307726
36307727
36307728
36307729
36307730
36307731
36307732
36307733
36307734
36307735
36307736
36307737
36307738
36307739
36307740
36307741
36307742
36307743
36307744
36307745
36307746
36307747
36307748
36307749
36307750
36307751
36307752
36307753
36307754
36307755
36307756
36307757
36307758
36307759
36307760
36307761
36307762
36307763
36307764
36307765
36307766
36307767
36307768
36307769
36307770
36307771
36307772
36307773
36307774
36307775
36307776
36307777
36307778
36307779
36307780
36307781
36307782
36307783
36307784
36307785
36307786
36307787
36307788
36307789
36307790
36307791
36307792
36307793
36307794
36307795
36307796
36307797
36307798
36307799
36307800
36307801
36307802
36307803
36307804
36307805
36307806
36307807
36307808
36307809
36307810
36307811
36307812
36307813
36307814
36307815
36307816
36307817
36307818
36307819
36307820
36307821
36307822
36307823
36307824
36307825
36307826
36307827
36307828
36307829
36307830
36307831
36307832
36307833
36307834
36307835
36307836
36307837
36307838
36307839
36307840
36307841
36307842
36307843
36307844
36307845
36307846
36307847
36307848
36307849
36307850
36307851
36307852
36307853
36307854
36307855
36307856
36307857
36307858
36307859
36307860
36307861
36307862
36307863
36307864
36307865
36307866
36307867
36307868
36307869
36307870
36307871
36307872
36307873
36307874
36307875
36307876
36307877
36307878
36307879
36307880
36307881
36307882
36307883
36307884
36307885
36307886
36307887
36307888
36307889
36307890
36307891
36307892
36307893
36307894
36307895
36307896
36307897
36307898
36307899
36307900
36307901
36307902
36307903
36307904
36307905
36307906
36307907
36307908
36307909
36307910
36307911
36307912
36307913
36307914
36307915
36307916
36307917
36307918
36307919
36307920
36307921
36307922
36307923
36307924
36307925
36307926
36307927
36307928
36307929
36307930
36307931
36307932
36307933
36307934
36307935
36307936
36307937
36307938
36307939
36307940
36307941
36307942
36307943
36307944
36307945
36307946
36307947
36307948
36307949
36307950
36307951
36307952
36307953
36307954
36307955
36307956
36307957
36307958
36307959
36307960
36307961
36307962
36307963
36307964
36307965
36307966
36307967
36307968
36307969
36307970
36307971
36307972
36307973
36307974
36307975
36307976
36307977
36307978
36307979
36307980
36307981
36307982
36307983
36307984
36307985
36307986
36307987
36307988
36307989
36307990
36307991
36307992
36307993
36307994
36307995
36307996
36307997
36307998
36307999
36308000
36308001
36308002
36308003
36308004
36308005
36308006
36308007
36308008
36308009
36308010
36308011
36308012
36308013
36308014
36308015
36308016
36308017
36308018
36308019
36308020
36308021
36308022
36308023
36308024
36308025
36308026
36308027
36308028
36308029
36308030
36308031
36308032
36308033
36308034
36308035
36308036
36308037
36308038
36308039
36308040
36308041
36308042
36308043
36308044
36308045
36308046
36308047
36308048
36308049
36308050
36308051
36308052
36308053
36308054
36308055
36308056
36308057
36308058
36308059
36308060
36308061
36308062
36308063
36308064
36308065
36308066
36308067
36308068
36308069
36308070
36308071
36308072
36308073
36308074
36308075
36308076
36308077
36308078
36308079
36308080
36308081
36308082
36308083
36308084
36308085
36308086
36308087
36308088
36308089
36308090
36308091
36308092
36308093
36308094
36308095
36308096
36308097
36308098
36308099
36308100
36308101
36308102
36308103
36308104
36308105
36308106
36308107
36308108
36308109
36308110
36308111
36308112
36308113
36308114
36308115
36308116
36308117
36308118
36308119
36308120
36308121
36308122
36308123
36308124
36308125
36308126
36308127
36308128
36308129
36308130
36308131
36308132
36308133
36308134
36308135
36308136
36308137
36308138
36308139
36308140
36308141
36308142
36308143
36308144
36308145
36308146
36308147
36308148
36308149
36308150
36308151
36308152
36308153
36308154
36308155
36308156
36308157
36308158
36308159
36308160
36308161
36308162
36308163
36308164
36308165
36308166
36308167
36308168
36308169
36308170
36308171
36308172
36308173
36308174
36308175
36308176
36308177
36308178
36308179
36308180
36308181
36308182
36308183
36308184
36308185
36308186
36308187
36308188
36308189
36308190
36308191
36308192
36308193
36308194
36308195
36308196
36308197
36308198
36308199
36308200
36308201
36308202
36308203
36308204
36308205
36308206
36308207
36308208
36308209
36308210
36308211
36308212
36308213
36308214
36308215
36308216
36308217
36308218
36308219
36308220
36308221
36308222
36308223
36308224
36308225
36308226
36308227
36308228
36308229
36308230
36308231
36308232
36308233
36308234
36308235
36308236
36308237
36308238
36308239
36308240
36308241
36308242
36308243
36308244
36308245
36308246
36308247
36308248
36308249
36308250
36308251
36308252
36308253
36308254
36308255
36308256
36308257
36308258
36308259
36308260
36308261
36308262
36308263
36308264
36308265
36308266
36308267
36308268
36308269
36308270
36308271
36308272
36308273
36308274
36308275
36308276
36308277
36308278
36308279
36308280
36308281
36308282
36308283
36308284
36308285
36308286
36308287
36308288
36308289
36308290
36308291
36308292
36308293
36308294
36308295
36308296
36308297
36308298
36308299
36308300
36308301
36308302
36308303
36308304
36308305
36308306
36308307
36308308
36308309
36308310
36308311
36308312
36308313
36308314
36308315
36308316
36308317
36308318
36308319
36308320
36308321
36308322
36308323
36308324
36308325
36308326
36308327
36308328
36308329
36308330
36308331
36308332
36308333
36308334
36308335
36308336
36308337
36308338
36308339
36308340
36308341
36308342
36308343
36308344
36308345
36308346
36308347
36308348
36308349
36308350
36308351
36308352
36308353
36308354
36308355
36308356
36308357
36308358
36308359
36308360
36308361
36308362
36308363
36308364
36308365
36308366
36308367
36308368
36308369
36308370
36308371
36308372
36308373
36308374
36308375
36308376
36308377
36308378
36308379
36308380
36308381
36308382
36308383
36308384
36308385
36308386
36308387
36308388
36308389
36308390
36308391
36308392
36308393
36308394
36308395
36308396
36308397
36308398
36308399
36308400
36308401
36308402
36308403
36308404
36308405
36308406
36308407
36308408
36308409
36308410
36308411
36308412
36308413
36308414
36308415
36308416
36308417
36308418
36308419
36308420
36308421
36308422
36308423
36308424
36308425
36308426
36308427
36308428
36308429
36308430
36308431
36308432
36308433
36308434
36308435
36308436
36308437
36308438
36308439
36308440
36308441
36308442
36308443
36308444
36308445
36308446
36308447
36308448
36308449
36308450
36308451
36308452
36308453
36308454
36308455
36308456
36308457
36308458
36308459
36308460
36308461
36308462
36308463
36308464
36308465
36308466
36308467
36308468
36308469
36308470
36308471
36308472
36308473
36308474
36308475
36308476
36308477
36308478
36308479
36308480
36308481
36308482
36308483
36308484
36308485
36308486
36308487
36308488
36308489
36308490
36308491
36308492
36308493
36308494
36308495
36308496
36308497
36308498
36308499
36308500
36308501
36308502
36308503
36308504
36308505
36308506
36308507
36308508
36308509
36308510
36308511
36308512
36308513
36308514
36308515
36308516
36308517
36308518
36308519
36308520
36308521
36308522
36308523
36308524
36308525
36308526
36308527
36308528
36308529
36308530
36308531
36308532
36308533
36308534
36308535
36308536
36308537
36308538
36308539
36308540
36308541
36308542
36308543
36308544
36308545
36308546
36308547
36308548
36308549
36308550
36308551
36308552
36308553
36308554
36308555
36308556
36308557
36308558
36308559
36308560
36308561
36308562
36308563
36308564
36308565
36308566
36308567
36308568
36308569
36308570
36308571
36308572
36308573
36308574
36308575
36308576
36308577
36308578
36308579
36308580
36308581
36308582
36308583
36308584
36308585
36308586
36308587
36308588
36308589
36308590
36308591
36308592
36308593
36308594
36308595
36308596
36308597
36308598
36308599
36308600
36308601
36308602
36308603
36308604
36308605
36308606
36308607
36308608
36308609
36308610
36308611
36308612
36308613
36308614
36308615
36308616
36308617
36308618
36308619
36308620
36308621
36308622
36308623
36308624
36308625
36308626
36308627
36308628
36308629
36308630
36308631
36308632
36308633
36308634
36308635
36308636
36308637
36308638
36308639
36308640
36308641
36308642
36308643
36308644
36308645
36308646
36308647
36308648
36308649
36308650
36308651
36308652
36308653
36308654
36308655
36308656
36308657
36308658
36308659
36308660
36308661
36308662
36308663
36308664
36308665
36308666
36308667
36308668
36308669
36308670
36308671
36308672
36308673
36308674
36308675
36308676
36308677
36308678
36308679
36308680
36308681
36308682
36308683
36308684
36308685
36308686
36308687
36308688
36308689
36308690
36308691
36308692
36308693
36308694
36308695
36308696
36308697
36308698
36308699
36308700
36308701
36308702
36308703
36308704
36308705
36308706
36308707
36308708
36308709
36308710
36308711
36308712
36308713
36308714
36308715
36308716
36308717
36308718
36308719
36308720
36308721
36308722
36308723
36308724
36308725
36308726
36308727
36308728
36308729
36308730
36308731
36308732
36308733
36308734
36308735
36308736
36308737
36308738
36308739
36308740
36308741
36308742
36308743
36308744
36308745
36308746
36308747
36308748
36308749
36308750
36308751
36308752
36308753
36308754
36308755
36308756
36308757
36308758
36308759
36308760
36308761
36308762
36308763
36308764
36308765
36308766
36308767
36308768
36308769
36308770
36308771
36308772
36308773
36308774
36308775
36308776
36308777
36308778
36308779
36308780
36308781
36308782
36308783
36308784
36308785
36308786
36308787
36308788
36308789
36308790
36308791
36308792
36308793
36308794
36308795
36308796
36308797
36308798
36308799
36308800
36308801
36308802
36308803
36308804
36308805
36308806
36308807
36308808
36308809
36308810
36308811
36308812
36308813
36308814
36308815
36308816
36308817
36308818
36308819
36308820
36308821
36308822
36308823
36308824
36308825
36308826
36308827
36308828
36308829
36308830
36308831
36308832
36308833
36308834
36308835
36308836
36308837
36308838
36308839
36308840
36308841
36308842
36308843
36308844
36308845
36308846
36308847
36308848
36308849
36308850
36308851
36308852
36308853
36308854
36308855
36308856
36308857
36308858
36308859
36308860
36308861
36308862
36308863
36308864
36308865
36308866
36308867
36308868
36308869
36308870
36308871
36308872
36308873
36308874
36308875
36308876
36308877
36308878
36308879
36308880
36308881
36308882
36308883
36308884
36308885
36308886
36308887
36308888
36308889
