43738890
43738891
43738892
43738893
43738894
43738895
43738896
43738897
43738898
43738899
43738900
43738901
43738902
43738903
43738904
43738905
43738906
43738907
43738908
43738909
43738910
43738911
43738912
43738913
43738914
43738915
43738916
43738917
43738918
43738919
43738920
43738921
43738922
43738923
43738924
43738925
43738926
43738927
43738928
43738929
43738930
43738931
43738932
43738933
43738934
43738935
43738936
43738937
43738938
43738939
43738940
43738941
43738942
43738943
43738944
43738945
43738946
43738947
43738948
43738949
43738950
43738951
43738952
43738953
43738954
43738955
43738956
43738957
43738958
43738959
43738960
43738961
43738962
43738963
43738964
43738965
43738966
43738967
43738968
43738969
43738970
43738971
43738972
43738973
43738974
43738975
43738976
43738977
43738978
43738979
43738980
43738981
43738982
43738983
43738984
43738985
43738986
43738987
43738988
43738989
43738990
43738991
43738992
43738993
43738994
43738995
43738996
43738997
43738998
43738999
43739000
43739001
43739002
43739003
43739004
43739005
43739006
43739007
43739008
43739009
43739010
43739011
43739012
43739013
43739014
43739015
43739016
43739017
43739018
43739019
43739020
43739021
43739022
43739023
43739024
43739025
43739026
43739027
43739028
43739029
43739030
43739031
43739032
43739033
43739034
43739035
43739036
43739037
43739038
43739039
43739040
43739041
43739042
43739043
43739044
43739045
43739046
43739047
43739048
43739049
43739050
43739051
43739052
43739053
43739054
43739055
43739056
43739057
43739058
43739059
43739060
43739061
43739062
43739063
43739064
43739065
43739066
43739067
43739068
43739069
43739070
43739071
43739072
43739073
43739074
43739075
43739076
43739077
43739078
43739079
43739080
43739081
43739082
43739083
43739084
43739085
43739086
43739087
43739088
43739089
43739090
43739091
43739092
43739093
43739094
43739095
43739096
43739097
43739098
43739099
43739100
43739101
43739102
43739103
43739104
43739105
43739106
43739107
43739108
43739109
43739110
43739111
43739112
43739113
43739114
43739115
43739116
43739117
43739118
43739119
43739120
43739121
43739122
43739123
43739124
43739125
43739126
43739127
43739128
43739129
43739130
43739131
43739132
43739133
43739134
43739135
43739136
43739137
43739138
43739139
43739140
43739141
43739142
43739143
43739144
43739145
43739146
43739147
43739148
43739149
43739150
43739151
43739152
43739153
43739154
43739155
43739156
43739157
43739158
43739159
43739160
43739161
43739162
43739163
43739164
43739165
43739166
43739167
43739168
43739169
43739170
43739171
43739172
43739173
43739174
43739175
43739176
43739177
43739178
43739179
43739180
43739181
43739182
43739183
43739184
43739185
43739186
43739187
43739188
43739189
43739190
43739191
43739192
43739193
43739194
43739195
43739196
43739197
43739198
43739199
43739200
43739201
43739202
43739203
43739204
43739205
43739206
43739207
43739208
43739209
43739210
43739211
43739212
43739213
43739214
43739215
43739216
43739217
43739218
43739219
43739220
43739221
43739222
43739223
43739224
43739225
43739226
43739227
43739228
43739229
43739230
43739231
43739232
43739233
43739234
43739235
43739236
43739237
43739238
43739239
43739240
43739241
43739242
43739243
43739244
43739245
43739246
43739247
43739248
43739249
43739250
43739251
43739252
43739253
43739254
43739255
43739256
43739257
43739258
43739259
43739260
43739261
43739262
43739263
43739264
43739265
43739266
43739267
43739268
43739269
43739270
43739271
43739272
43739273
43739274
43739275
43739276
43739277
43739278
43739279
43739280
43739281
43739282
43739283
43739284
43739285
43739286
43739287
43739288
43739289
43739290
43739291
43739292
43739293
43739294
43739295
43739296
43739297
43739298
43739299
43739300
43739301
43739302
43739303
43739304
43739305
43739306
43739307
43739308
43739309
43739310
43739311
43739312
43739313
43739314
43739315
43739316
43739317
43739318
43739319
43739320
43739321
43739322
43739323
43739324
43739325
43739326
43739327
43739328
43739329
43739330
43739331
43739332
43739333
43739334
43739335
43739336
43739337
43739338
43739339
43739340
43739341
43739342
43739343
43739344
43739345
43739346
43739347
43739348
43739349
43739350
43739351
43739352
43739353
43739354
43739355
43739356
43739357
43739358
43739359
43739360
43739361
43739362
43739363
43739364
43739365
43739366
43739367
43739368
43739369
43739370
43739371
43739372
43739373
43739374
43739375
43739376
43739377
43739378
43739379
43739380
43739381
43739382
43739383
43739384
43739385
43739386
43739387
43739388
43739389
43739390
43739391
43739392
43739393
43739394
43739395
43739396
43739397
43739398
43739399
43739400
43739401
43739402
43739403
43739404
43739405
43739406
43739407
43739408
43739409
43739410
43739411
43739412
43739413
43739414
43739415
43739416
43739417
43739418
43739419
43739420
43739421
43739422
43739423
43739424
43739425
43739426
43739427
43739428
43739429
43739430
43739431
43739432
43739433
43739434
43739435
43739436
43739437
43739438
43739439
43739440
43739441
43739442
43739443
43739444
43739445
43739446
43739447
43739448
43739449
43739450
43739451
43739452
43739453
43739454
43739455
43739456
43739457
43739458
43739459
43739460
43739461
43739462
43739463
43739464
43739465
43739466
43739467
43739468
43739469
43739470
43739471
43739472
43739473
43739474
43739475
43739476
43739477
43739478
43739479
43739480
43739481
43739482
43739483
43739484
43739485
43739486
43739487
43739488
43739489
43739490
43739491
43739492
43739493
43739494
43739495
43739496
43739497
43739498
43739499
43739500
43739501
43739502
43739503
43739504
43739505
43739506
43739507
43739508
43739509
43739510
43739511
43739512
43739513
43739514
43739515
43739516
43739517
43739518
43739519
43739520
43739521
43739522
43739523
43739524
43739525
43739526
43739527
43739528
43739529
43739530
43739531
43739532
43739533
43739534
43739535
43739536
43739537
43739538
43739539
43739540
43739541
43739542
43739543
43739544
43739545
43739546
43739547
43739548
43739549
43739550
43739551
43739552
43739553
43739554
43739555
43739556
43739557
43739558
43739559
43739560
43739561
43739562
43739563
43739564
43739565
43739566
43739567
43739568
43739569
43739570
43739571
43739572
43739573
43739574
43739575
43739576
43739577
43739578
43739579
43739580
43739581
43739582
43739583
43739584
43739585
43739586
43739587
43739588
43739589
43739590
43739591
43739592
43739593
43739594
43739595
43739596
43739597
43739598
43739599
43739600
43739601
43739602
43739603
43739604
43739605
43739606
43739607
43739608
43739609
43739610
43739611
43739612
43739613
43739614
43739615
43739616
43739617
43739618
43739619
43739620
43739621
43739622
43739623
43739624
43739625
43739626
43739627
43739628
43739629
43739630
43739631
43739632
43739633
43739634
43739635
43739636
43739637
43739638
43739639
43739640
43739641
43739642
43739643
43739644
43739645
43739646
43739647
43739648
43739649
43739650
43739651
43739652
43739653
43739654
43739655
43739656
43739657
43739658
43739659
43739660
43739661
43739662
43739663
43739664
43739665
43739666
43739667
43739668
43739669
43739670
43739671
43739672
43739673
43739674
43739675
43739676
43739677
43739678
43739679
43739680
43739681
43739682
43739683
43739684
43739685
43739686
43739687
43739688
43739689
43739690
43739691
43739692
43739693
43739694
43739695
43739696
43739697
43739698
43739699
43739700
43739701
43739702
43739703
43739704
43739705
43739706
43739707
43739708
43739709
43739710
43739711
43739712
43739713
43739714
43739715
43739716
43739717
43739718
43739719
43739720
43739721
43739722
43739723
43739724
43739725
43739726
43739727
43739728
43739729
43739730
43739731
43739732
43739733
43739734
43739735
43739736
43739737
43739738
43739739
43739740
43739741
43739742
43739743
43739744
43739745
43739746
43739747
43739748
43739749
43739750
43739751
43739752
43739753
43739754
43739755
43739756
43739757
43739758
43739759
43739760
43739761
43739762
43739763
43739764
43739765
43739766
43739767
43739768
43739769
43739770
43739771
43739772
43739773
43739774
43739775
43739776
43739777
43739778
43739779
43739780
43739781
43739782
43739783
43739784
43739785
43739786
43739787
43739788
43739789
43739790
43739791
43739792
43739793
43739794
43739795
43739796
43739797
43739798
43739799
43739800
43739801
43739802
43739803
43739804
43739805
43739806
43739807
43739808
43739809
43739810
43739811
43739812
43739813
43739814
43739815
43739816
43739817
43739818
43739819
43739820
43739821
43739822
43739823
43739824
43739825
43739826
43739827
43739828
43739829
43739830
43739831
43739832
43739833
43739834
43739835
43739836
43739837
43739838
43739839
43739840
43739841
43739842
43739843
43739844
43739845
43739846
43739847
43739848
43739849
43739850
43739851
43739852
43739853
43739854
43739855
43739856
43739857
43739858
43739859
43739860
43739861
43739862
43739863
43739864
43739865
43739866
43739867
43739868
43739869
43739870
43739871
43739872
43739873
43739874
43739875
43739876
43739877
43739878
43739879
43739880
43739881
43739882
43739883
43739884
43739885
43739886
43739887
43739888
43739889
43739890
43739891
43739892
43739893
43739894
43739895
43739896
43739897
43739898
43739899
43739900
43739901
43739902
43739903
43739904
43739905
43739906
43739907
43739908
43739909
43739910
43739911
43739912
43739913
43739914
43739915
43739916
43739917
43739918
43739919
43739920
43739921
43739922
43739923
43739924
43739925
43739926
43739927
43739928
43739929
43739930
43739931
43739932
43739933
43739934
43739935
43739936
43739937
43739938
43739939
43739940
43739941
43739942
43739943
43739944
43739945
43739946
43739947
43739948
43739949
43739950
43739951
43739952
43739953
43739954
43739955
43739956
43739957
43739958
43739959
43739960
43739961
43739962
43739963
43739964
43739965
43739966
43739967
43739968
43739969
43739970
43739971
43739972
43739973
43739974
43739975
43739976
43739977
43739978
43739979
43739980
43739981
43739982
43739983
43739984
43739985
43739986
43739987
43739988
43739989
43739990
43739991
43739992
43739993
43739994
43739995
43739996
43739997
43739998
43739999
43740000
43740001
43740002
43740003
43740004
43740005
43740006
43740007
43740008
43740009
43740010
43740011
43740012
43740013
43740014
43740015
43740016
43740017
43740018
43740019
43740020
43740021
43740022
43740023
43740024
43740025
43740026
43740027
43740028
43740029
43740030
43740031
43740032
43740033
43740034
43740035
43740036
43740037
43740038
43740039
43740040
43740041
43740042
43740043
43740044
43740045
43740046
43740047
43740048
43740049
43740050
43740051
43740052
43740053
43740054
43740055
43740056
43740057
43740058
43740059
43740060
43740061
43740062
43740063
43740064
43740065
43740066
43740067
43740068
43740069
43740070
43740071
43740072
43740073
43740074
43740075
43740076
43740077
43740078
43740079
43740080
43740081
43740082
43740083
43740084
43740085
43740086
43740087
43740088
43740089
43740090
43740091
43740092
43740093
43740094
43740095
43740096
43740097
43740098
43740099
43740100
43740101
43740102
43740103
43740104
43740105
43740106
43740107
43740108
43740109
43740110
43740111
43740112
43740113
43740114
43740115
43740116
43740117
43740118
43740119
43740120
43740121
43740122
43740123
43740124
43740125
43740126
43740127
43740128
43740129
43740130
43740131
43740132
43740133
43740134
43740135
43740136
43740137
43740138
43740139
43740140
43740141
43740142
43740143
43740144
43740145
43740146
43740147
43740148
43740149
43740150
43740151
43740152
43740153
43740154
43740155
43740156
43740157
43740158
43740159
43740160
43740161
43740162
43740163
43740164
43740165
43740166
43740167
43740168
43740169
43740170
43740171
43740172
43740173
43740174
43740175
43740176
43740177
43740178
43740179
43740180
43740181
43740182
43740183
43740184
43740185
43740186
43740187
43740188
43740189
43740190
43740191
43740192
43740193
43740194
43740195
43740196
43740197
43740198
43740199
43740200
43740201
43740202
43740203
43740204
43740205
43740206
43740207
43740208
43740209
43740210
43740211
43740212
43740213
43740214
43740215
43740216
43740217
43740218
43740219
43740220
43740221
43740222
43740223
43740224
43740225
43740226
43740227
43740228
43740229
43740230
43740231
43740232
43740233
43740234
43740235
43740236
43740237
43740238
43740239
43740240
43740241
43740242
43740243
43740244
43740245
43740246
43740247
43740248
43740249
43740250
43740251
43740252
43740253
43740254
43740255
43740256
43740257
43740258
43740259
43740260
43740261
43740262
43740263
43740264
43740265
43740266
43740267
43740268
43740269
43740270
43740271
43740272
43740273
43740274
43740275
43740276
43740277
43740278
43740279
43740280
43740281
43740282
43740283
43740284
43740285
43740286
43740287
43740288
43740289
43740290
43740291
43740292
43740293
43740294
43740295
43740296
43740297
43740298
43740299
43740300
43740301
43740302
43740303
43740304
43740305
43740306
43740307
43740308
43740309
43740310
43740311
43740312
43740313
43740314
43740315
43740316
43740317
43740318
43740319
43740320
43740321
43740322
43740323
43740324
43740325
43740326
43740327
43740328
43740329
43740330
43740331
43740332
43740333
43740334
43740335
43740336
43740337
43740338
43740339
43740340
43740341
43740342
43740343
43740344
43740345
43740346
43740347
43740348
43740349
43740350
43740351
43740352
43740353
43740354
43740355
43740356
43740357
43740358
43740359
43740360
43740361
43740362
43740363
43740364
43740365
43740366
43740367
43740368
43740369
43740370
43740371
43740372
43740373
43740374
43740375
43740376
43740377
43740378
43740379
43740380
43740381
43740382
43740383
43740384
43740385
43740386
43740387
43740388
43740389
43740390
43740391
43740392
43740393
43740394
43740395
43740396
43740397
43740398
43740399
43740400
43740401
43740402
43740403
43740404
43740405
43740406
43740407
43740408
43740409
43740410
43740411
43740412
43740413
43740414
43740415
43740416
43740417
43740418
43740419
43740420
43740421
43740422
43740423
43740424
43740425
43740426
43740427
43740428
43740429
43740430
43740431
43740432
43740433
43740434
43740435
43740436
43740437
43740438
43740439
43740440
43740441
43740442
43740443
43740444
43740445
43740446
43740447
43740448
43740449
43740450
43740451
43740452
43740453
43740454
43740455
43740456
43740457
43740458
43740459
43740460
43740461
43740462
43740463
43740464
43740465
43740466
43740467
43740468
43740469
43740470
43740471
43740472
43740473
43740474
43740475
43740476
43740477
43740478
43740479
43740480
43740481
43740482
43740483
43740484
43740485
43740486
43740487
43740488
43740489
43740490
43740491
43740492
43740493
43740494
43740495
43740496
43740497
43740498
43740499
43740500
43740501
43740502
43740503
43740504
43740505
43740506
43740507
43740508
43740509
43740510
43740511
43740512
43740513
43740514
43740515
43740516
43740517
43740518
43740519
43740520
43740521
43740522
43740523
43740524
43740525
43740526
43740527
43740528
43740529
43740530
43740531
43740532
43740533
43740534
43740535
43740536
43740537
43740538
43740539
43740540
43740541
43740542
43740543
43740544
43740545
43740546
43740547
43740548
43740549
43740550
43740551
43740552
43740553
43740554
43740555
43740556
43740557
43740558
43740559
43740560
43740561
43740562
43740563
43740564
43740565
43740566
43740567
43740568
43740569
43740570
43740571
43740572
43740573
43740574
43740575
43740576
43740577
43740578
43740579
43740580
43740581
43740582
43740583
43740584
43740585
43740586
43740587
43740588
43740589
43740590
43740591
43740592
43740593
43740594
43740595
43740596
43740597
43740598
43740599
43740600
43740601
43740602
43740603
43740604
43740605
43740606
43740607
43740608
43740609
43740610
43740611
43740612
43740613
43740614
43740615
43740616
43740617
43740618
43740619
43740620
43740621
43740622
43740623
43740624
43740625
43740626
43740627
43740628
43740629
43740630
43740631
43740632
43740633
43740634
43740635
43740636
43740637
43740638
43740639
43740640
43740641
43740642
43740643
43740644
43740645
43740646
43740647
43740648
43740649
43740650
43740651
43740652
43740653
43740654
43740655
43740656
43740657
43740658
43740659
43740660
43740661
43740662
43740663
43740664
43740665
43740666
43740667
43740668
43740669
43740670
43740671
43740672
43740673
43740674
43740675
43740676
43740677
43740678
43740679
43740680
43740681
43740682
43740683
43740684
43740685
43740686
43740687
43740688
43740689
43740690
43740691
43740692
43740693
43740694
43740695
43740696
43740697
43740698
43740699
43740700
43740701
43740702
43740703
43740704
43740705
43740706
43740707
43740708
43740709
43740710
43740711
43740712
43740713
43740714
43740715
43740716
43740717
43740718
43740719
43740720
43740721
43740722
43740723
43740724
43740725
43740726
43740727
43740728
43740729
43740730
43740731
43740732
43740733
43740734
43740735
43740736
43740737
43740738
43740739
43740740
43740741
43740742
43740743
43740744
43740745
43740746
43740747
43740748
43740749
43740750
43740751
43740752
43740753
43740754
43740755
43740756
43740757
43740758
43740759
43740760
43740761
43740762
43740763
43740764
43740765
43740766
43740767
43740768
43740769
43740770
43740771
43740772
43740773
43740774
43740775
43740776
43740777
43740778
43740779
43740780
43740781
43740782
43740783
43740784
43740785
43740786
43740787
43740788
43740789
43740790
43740791
43740792
43740793
43740794
43740795
43740796
43740797
43740798
43740799
43740800
43740801
43740802
43740803
43740804
43740805
43740806
43740807
43740808
43740809
43740810
43740811
43740812
43740813
43740814
43740815
43740816
43740817
43740818
43740819
43740820
43740821
43740822
43740823
43740824
43740825
43740826
43740827
43740828
43740829
43740830
43740831
43740832
43740833
43740834
43740835
43740836
43740837
43740838
43740839
43740840
43740841
43740842
43740843
43740844
43740845
43740846
43740847
43740848
43740849
43740850
43740851
43740852
43740853
43740854
43740855
43740856
43740857
43740858
43740859
43740860
43740861
43740862
43740863
43740864
43740865
43740866
43740867
43740868
43740869
43740870
43740871
43740872
43740873
43740874
43740875
43740876
43740877
43740878
43740879
43740880
43740881
43740882
43740883
43740884
43740885
43740886
43740887
43740888
43740889
43740890
43740891
43740892
43740893
43740894
43740895
43740896
43740897
43740898
43740899
43740900
43740901
43740902
43740903
43740904
43740905
43740906
43740907
43740908
43740909
43740910
43740911
43740912
43740913
43740914
43740915
43740916
43740917
43740918
43740919
43740920
43740921
43740922
43740923
43740924
43740925
43740926
43740927
43740928
43740929
43740930
43740931
43740932
43740933
43740934
43740935
43740936
43740937
43740938
43740939
43740940
43740941
43740942
43740943
43740944
43740945
43740946
43740947
43740948
43740949
43740950
43740951
43740952
43740953
43740954
43740955
43740956
43740957
43740958
43740959
43740960
43740961
43740962
43740963
43740964
43740965
43740966
43740967
43740968
43740969
43740970
43740971
43740972
43740973
43740974
43740975
43740976
43740977
43740978
43740979
43740980
43740981
43740982
43740983
43740984
43740985
43740986
43740987
43740988
43740989
43740990
43740991
43740992
43740993
43740994
43740995
43740996
43740997
43740998
43740999
43741000
43741001
43741002
43741003
43741004
43741005
43741006
43741007
43741008
43741009
43741010
43741011
43741012
43741013
43741014
43741015
43741016
43741017
43741018
43741019
43741020
43741021
43741022
43741023
43741024
43741025
43741026
43741027
43741028
43741029
43741030
43741031
43741032
43741033
43741034
43741035
43741036
43741037
43741038
43741039
43741040
43741041
43741042
43741043
43741044
43741045
43741046
43741047
43741048
43741049
43741050
43741051
43741052
43741053
43741054
43741055
43741056
43741057
43741058
43741059
43741060
43741061
43741062
43741063
43741064
43741065
43741066
43741067
43741068
43741069
43741070
43741071
43741072
43741073
43741074
43741075
43741076
43741077
43741078
43741079
43741080
43741081
43741082
43741083
43741084
43741085
43741086
43741087
43741088
43741089
43741090
43741091
43741092
43741093
43741094
43741095
43741096
43741097
43741098
43741099
43741100
43741101
43741102
43741103
43741104
43741105
43741106
43741107
43741108
43741109
43741110
43741111
43741112
43741113
43741114
43741115
43741116
43741117
43741118
43741119
43741120
43741121
43741122
43741123
43741124
43741125
43741126
43741127
43741128
43741129
43741130
43741131
43741132
43741133
43741134
43741135
43741136
43741137
43741138
43741139
43741140
43741141
43741142
43741143
43741144
43741145
43741146
43741147
43741148
43741149
43741150
43741151
43741152
43741153
43741154
43741155
43741156
43741157
43741158
43741159
43741160
43741161
43741162
43741163
43741164
43741165
43741166
43741167
43741168
43741169
43741170
43741171
43741172
43741173
43741174
43741175
43741176
43741177
43741178
43741179
43741180
43741181
43741182
43741183
43741184
43741185
43741186
43741187
43741188
43741189
43741190
43741191
43741192
43741193
43741194
43741195
43741196
43741197
43741198
43741199
43741200
43741201
43741202
43741203
43741204
43741205
43741206
43741207
43741208
43741209
43741210
43741211
43741212
43741213
43741214
43741215
43741216
43741217
43741218
43741219
43741220
43741221
43741222
43741223
43741224
43741225
43741226
43741227
43741228
43741229
43741230
43741231
43741232
43741233
43741234
43741235
43741236
43741237
43741238
43741239
43741240
43741241
43741242
43741243
43741244
43741245
43741246
43741247
43741248
43741249
43741250
43741251
43741252
43741253
43741254
43741255
43741256
43741257
43741258
43741259
43741260
43741261
43741262
43741263
43741264
43741265
43741266
43741267
43741268
43741269
43741270
43741271
43741272
43741273
43741274
43741275
43741276
43741277
43741278
43741279
43741280
43741281
43741282
43741283
43741284
43741285
43741286
43741287
43741288
43741289
43741290
43741291
43741292
43741293
43741294
43741295
43741296
43741297
43741298
43741299
43741300
43741301
43741302
43741303
43741304
43741305
43741306
43741307
43741308
43741309
43741310
43741311
43741312
43741313
43741314
43741315
43741316
43741317
43741318
43741319
43741320
43741321
43741322
43741323
43741324
43741325
43741326
43741327
43741328
43741329
43741330
43741331
43741332
43741333
43741334
43741335
43741336
43741337
43741338
43741339
43741340
43741341
43741342
43741343
43741344
43741345
43741346
43741347
43741348
43741349
43741350
43741351
43741352
43741353
43741354
43741355
43741356
43741357
43741358
43741359
43741360
43741361
43741362
43741363
43741364
43741365
43741366
43741367
43741368
43741369
43741370
43741371
43741372
43741373
43741374
43741375
43741376
43741377
43741378
43741379
43741380
43741381
43741382
43741383
43741384
43741385
43741386
43741387
43741388
43741389
43741390
43741391
43741392
43741393
43741394
43741395
43741396
43741397
43741398
43741399
43741400
43741401
43741402
43741403
43741404
43741405
43741406
43741407
43741408
43741409
43741410
43741411
43741412
43741413
43741414
43741415
43741416
43741417
43741418
43741419
43741420
43741421
43741422
43741423
43741424
43741425
43741426
43741427
43741428
43741429
43741430
43741431
43741432
43741433
43741434
43741435
43741436
43741437
43741438
43741439
43741440
43741441
43741442
43741443
43741444
43741445
43741446
43741447
43741448
43741449
43741450
43741451
43741452
43741453
43741454
43741455
43741456
43741457
43741458
43741459
43741460
43741461
43741462
43741463
43741464
43741465
43741466
43741467
43741468
43741469
43741470
43741471
43741472
43741473
43741474
43741475
43741476
43741477
43741478
43741479
43741480
43741481
43741482
43741483
43741484
43741485
43741486
43741487
43741488
43741489
43741490
43741491
43741492
43741493
43741494
43741495
43741496
43741497
43741498
43741499
43741500
43741501
43741502
43741503
43741504
43741505
43741506
43741507
43741508
43741509
43741510
43741511
43741512
43741513
43741514
43741515
43741516
43741517
43741518
43741519
43741520
43741521
43741522
43741523
43741524
43741525
43741526
43741527
43741528
43741529
43741530
43741531
43741532
43741533
43741534
43741535
43741536
43741537
43741538
43741539
43741540
43741541
43741542
43741543
43741544
43741545
43741546
43741547
43741548
43741549
43741550
43741551
43741552
43741553
43741554
43741555
43741556
43741557
43741558
43741559
43741560
43741561
43741562
43741563
43741564
43741565
43741566
43741567
43741568
43741569
43741570
43741571
43741572
43741573
43741574
43741575
43741576
43741577
43741578
43741579
43741580
43741581
43741582
43741583
43741584
43741585
43741586
43741587
43741588
43741589
43741590
43741591
43741592
43741593
43741594
43741595
43741596
43741597
43741598
43741599
43741600
43741601
43741602
43741603
43741604
43741605
43741606
43741607
43741608
43741609
43741610
43741611
43741612
43741613
43741614
43741615
43741616
43741617
43741618
43741619
43741620
43741621
43741622
43741623
43741624
43741625
43741626
43741627
43741628
43741629
43741630
43741631
43741632
43741633
43741634
43741635
43741636
43741637
43741638
43741639
43741640
43741641
43741642
43741643
43741644
43741645
43741646
43741647
43741648
43741649
43741650
43741651
43741652
43741653
43741654
43741655
43741656
43741657
43741658
43741659
43741660
43741661
43741662
43741663
43741664
43741665
43741666
43741667
43741668
43741669
43741670
43741671
43741672
43741673
43741674
43741675
43741676
43741677
43741678
43741679
43741680
43741681
43741682
43741683
43741684
43741685
43741686
43741687
43741688
43741689
43741690
43741691
43741692
43741693
43741694
43741695
43741696
43741697
43741698
43741699
43741700
43741701
43741702
43741703
43741704
43741705
43741706
43741707
43741708
43741709
43741710
43741711
43741712
43741713
43741714
43741715
43741716
43741717
43741718
43741719
43741720
43741721
43741722
43741723
43741724
43741725
43741726
43741727
43741728
43741729
43741730
43741731
43741732
43741733
43741734
43741735
43741736
43741737
43741738
43741739
43741740
43741741
43741742
43741743
43741744
43741745
43741746
43741747
43741748
43741749
43741750
43741751
43741752
43741753
43741754
43741755
43741756
43741757
43741758
43741759
43741760
43741761
43741762
43741763
43741764
43741765
43741766
43741767
43741768
43741769
43741770
43741771
43741772
43741773
43741774
43741775
43741776
43741777
43741778
43741779
43741780
43741781
43741782
43741783
43741784
43741785
43741786
43741787
43741788
43741789
43741790
43741791
43741792
43741793
43741794
43741795
43741796
43741797
43741798
43741799
43741800
43741801
43741802
43741803
43741804
43741805
43741806
43741807
43741808
43741809
43741810
43741811
43741812
43741813
43741814
43741815
43741816
43741817
43741818
43741819
43741820
43741821
43741822
43741823
43741824
43741825
43741826
43741827
43741828
43741829
43741830
43741831
43741832
43741833
43741834
43741835
43741836
43741837
43741838
43741839
43741840
43741841
43741842
43741843
43741844
43741845
43741846
43741847
43741848
43741849
43741850
43741851
43741852
43741853
43741854
43741855
43741856
43741857
43741858
43741859
43741860
43741861
43741862
43741863
43741864
43741865
43741866
43741867
43741868
43741869
43741870
43741871
43741872
43741873
43741874
43741875
43741876
43741877
43741878
43741879
43741880
43741881
43741882
43741883
43741884
43741885
43741886
43741887
43741888
43741889
43741890
43741891
43741892
43741893
43741894
43741895
43741896
43741897
43741898
43741899
43741900
43741901
43741902
43741903
43741904
43741905
43741906
43741907
43741908
43741909
43741910
43741911
43741912
43741913
43741914
43741915
43741916
43741917
43741918
43741919
43741920
43741921
43741922
43741923
43741924
43741925
43741926
43741927
43741928
43741929
43741930
43741931
43741932
43741933
43741934
43741935
43741936
43741937
43741938
43741939
43741940
43741941
43741942
43741943
43741944
43741945
43741946
43741947
43741948
43741949
43741950
43741951
43741952
43741953
43741954
43741955
43741956
43741957
43741958
43741959
43741960
43741961
43741962
43741963
43741964
43741965
43741966
43741967
43741968
43741969
43741970
43741971
43741972
43741973
43741974
43741975
43741976
43741977
43741978
43741979
43741980
43741981
43741982
43741983
43741984
43741985
43741986
43741987
43741988
43741989
43741990
43741991
43741992
43741993
43741994
43741995
43741996
43741997
43741998
43741999
43742000
43742001
43742002
43742003
43742004
43742005
43742006
43742007
43742008
43742009
43742010
43742011
43742012
43742013
43742014
43742015
43742016
43742017
43742018
43742019
43742020
43742021
43742022
43742023
43742024
43742025
43742026
43742027
43742028
43742029
43742030
43742031
43742032
43742033
43742034
43742035
43742036
43742037
43742038
43742039
43742040
43742041
43742042
43742043
43742044
43742045
43742046
43742047
43742048
43742049
43742050
43742051
43742052
43742053
43742054
43742055
43742056
43742057
43742058
43742059
43742060
43742061
43742062
43742063
43742064
43742065
43742066
43742067
43742068
43742069
43742070
43742071
43742072
43742073
43742074
43742075
43742076
43742077
43742078
43742079
43742080
43742081
43742082
43742083
43742084
43742085
43742086
43742087
43742088
43742089
43742090
43742091
43742092
43742093
43742094
43742095
43742096
43742097
43742098
43742099
43742100
43742101
43742102
43742103
43742104
43742105
43742106
43742107
43742108
43742109
43742110
43742111
43742112
43742113
43742114
43742115
43742116
43742117
43742118
43742119
43742120
43742121
43742122
43742123
43742124
43742125
43742126
43742127
43742128
43742129
43742130
43742131
43742132
43742133
43742134
43742135
43742136
43742137
43742138
43742139
43742140
43742141
43742142
43742143
43742144
43742145
43742146
43742147
43742148
43742149
43742150
43742151
43742152
43742153
43742154
43742155
43742156
43742157
43742158
43742159
43742160
43742161
43742162
43742163
43742164
43742165
43742166
43742167
43742168
43742169
43742170
43742171
43742172
43742173
43742174
43742175
43742176
43742177
43742178
43742179
43742180
43742181
43742182
43742183
43742184
43742185
43742186
43742187
43742188
43742189
43742190
43742191
43742192
43742193
43742194
43742195
43742196
43742197
43742198
43742199
43742200
43742201
43742202
43742203
43742204
43742205
43742206
43742207
43742208
43742209
43742210
43742211
43742212
43742213
43742214
43742215
43742216
43742217
43742218
43742219
43742220
43742221
43742222
43742223
43742224
43742225
43742226
43742227
43742228
43742229
43742230
43742231
43742232
43742233
43742234
43742235
43742236
43742237
43742238
43742239
43742240
43742241
43742242
43742243
43742244
43742245
43742246
43742247
43742248
43742249
43742250
43742251
43742252
43742253
43742254
43742255
43742256
43742257
43742258
43742259
43742260
43742261
43742262
43742263
43742264
43742265
43742266
43742267
43742268
43742269
43742270
43742271
43742272
43742273
43742274
43742275
43742276
43742277
43742278
43742279
43742280
43742281
43742282
43742283
43742284
43742285
43742286
43742287
43742288
43742289
43742290
43742291
43742292
43742293
43742294
43742295
43742296
43742297
43742298
43742299
43742300
43742301
43742302
43742303
43742304
43742305
43742306
43742307
43742308
43742309
43742310
43742311
43742312
43742313
43742314
43742315
43742316
43742317
43742318
43742319
43742320
43742321
43742322
43742323
43742324
43742325
43742326
43742327
43742328
43742329
43742330
43742331
43742332
43742333
43742334
43742335
43742336
43742337
43742338
43742339
43742340
43742341
43742342
43742343
43742344
43742345
43742346
43742347
43742348
43742349
43742350
43742351
43742352
43742353
43742354
43742355
43742356
43742357
43742358
43742359
43742360
43742361
43742362
43742363
43742364
43742365
43742366
43742367
43742368
43742369
43742370
43742371
43742372
43742373
43742374
43742375
43742376
43742377
43742378
43742379
43742380
43742381
43742382
43742383
43742384
43742385
43742386
43742387
43742388
43742389
43742390
43742391
43742392
43742393
43742394
43742395
43742396
43742397
43742398
43742399
43742400
43742401
43742402
43742403
43742404
43742405
43742406
43742407
43742408
43742409
43742410
43742411
43742412
43742413
43742414
43742415
43742416
43742417
43742418
43742419
43742420
43742421
43742422
43742423
43742424
43742425
43742426
43742427
43742428
43742429
43742430
43742431
43742432
43742433
43742434
43742435
43742436
43742437
43742438
43742439
43742440
43742441
43742442
43742443
43742444
43742445
43742446
43742447
43742448
43742449
43742450
43742451
43742452
43742453
43742454
43742455
43742456
43742457
43742458
43742459
43742460
43742461
43742462
43742463
43742464
43742465
43742466
43742467
43742468
43742469
43742470
43742471
43742472
43742473
43742474
43742475
43742476
43742477
43742478
43742479
43742480
43742481
43742482
43742483
43742484
43742485
43742486
43742487
43742488
43742489
43742490
43742491
43742492
43742493
43742494
43742495
43742496
43742497
43742498
43742499
43742500
43742501
43742502
43742503
43742504
43742505
43742506
43742507
43742508
43742509
43742510
43742511
43742512
43742513
43742514
43742515
43742516
43742517
43742518
43742519
43742520
43742521
43742522
43742523
43742524
43742525
43742526
43742527
43742528
43742529
43742530
43742531
43742532
43742533
43742534
43742535
43742536
43742537
43742538
43742539
43742540
43742541
43742542
43742543
43742544
43742545
43742546
43742547
43742548
43742549
43742550
43742551
43742552
43742553
43742554
43742555
43742556
43742557
43742558
43742559
43742560
43742561
43742562
43742563
43742564
43742565
43742566
43742567
43742568
43742569
43742570
43742571
43742572
43742573
43742574
43742575
43742576
43742577
43742578
43742579
43742580
43742581
43742582
43742583
43742584
43742585
43742586
43742587
43742588
43742589
43742590
43742591
43742592
43742593
43742594
43742595
43742596
43742597
43742598
43742599
43742600
43742601
43742602
43742603
43742604
43742605
43742606
43742607
43742608
43742609
43742610
43742611
43742612
43742613
43742614
43742615
43742616
43742617
43742618
43742619
43742620
43742621
43742622
43742623
43742624
43742625
43742626
43742627
43742628
43742629
43742630
43742631
43742632
43742633
43742634
43742635
43742636
43742637
43742638
43742639
43742640
43742641
43742642
43742643
43742644
43742645
43742646
43742647
43742648
43742649
43742650
43742651
43742652
43742653
43742654
43742655
43742656
43742657
43742658
43742659
43742660
43742661
43742662
43742663
43742664
43742665
43742666
43742667
43742668
43742669
43742670
43742671
43742672
43742673
43742674
43742675
43742676
43742677
43742678
43742679
43742680
43742681
43742682
43742683
43742684
43742685
43742686
43742687
43742688
43742689
43742690
43742691
43742692
43742693
43742694
43742695
43742696
43742697
43742698
43742699
43742700
43742701
43742702
43742703
43742704
43742705
43742706
43742707
43742708
43742709
43742710
43742711
43742712
43742713
43742714
43742715
43742716
43742717
43742718
43742719
43742720
43742721
43742722
43742723
43742724
43742725
43742726
43742727
43742728
43742729
43742730
43742731
43742732
43742733
43742734
43742735
43742736
43742737
43742738
43742739
43742740
43742741
43742742
43742743
43742744
43742745
43742746
43742747
43742748
43742749
43742750
43742751
43742752
43742753
43742754
43742755
43742756
43742757
43742758
43742759
43742760
43742761
43742762
43742763
43742764
43742765
43742766
43742767
43742768
43742769
43742770
43742771
43742772
43742773
43742774
43742775
43742776
43742777
43742778
43742779
43742780
43742781
43742782
43742783
43742784
43742785
43742786
43742787
43742788
43742789
43742790
43742791
43742792
43742793
43742794
43742795
43742796
43742797
43742798
43742799
43742800
43742801
43742802
43742803
43742804
43742805
43742806
43742807
43742808
43742809
43742810
43742811
43742812
43742813
43742814
43742815
43742816
43742817
43742818
43742819
43742820
43742821
43742822
43742823
43742824
43742825
43742826
43742827
43742828
43742829
43742830
43742831
43742832
43742833
43742834
43742835
43742836
43742837
43742838
43742839
43742840
43742841
43742842
43742843
43742844
43742845
43742846
43742847
43742848
43742849
43742850
43742851
43742852
43742853
43742854
43742855
43742856
43742857
43742858
43742859
43742860
43742861
43742862
43742863
43742864
43742865
43742866
43742867
43742868
43742869
43742870
43742871
43742872
43742873
43742874
43742875
43742876
43742877
43742878
43742879
43742880
43742881
43742882
43742883
43742884
43742885
43742886
43742887
43742888
43742889
43742890
43742891
43742892
43742893
43742894
43742895
43742896
43742897
43742898
43742899
43742900
43742901
43742902
43742903
43742904
43742905
43742906
43742907
43742908
43742909
43742910
43742911
43742912
43742913
43742914
43742915
43742916
43742917
43742918
43742919
43742920
43742921
43742922
43742923
43742924
43742925
43742926
43742927
43742928
43742929
43742930
43742931
43742932
43742933
43742934
43742935
43742936
43742937
43742938
43742939
43742940
43742941
43742942
43742943
43742944
43742945
43742946
43742947
43742948
43742949
43742950
43742951
43742952
43742953
43742954
43742955
43742956
43742957
43742958
43742959
43742960
43742961
43742962
43742963
43742964
43742965
43742966
43742967
43742968
43742969
43742970
43742971
43742972
43742973
43742974
43742975
43742976
43742977
43742978
43742979
43742980
43742981
43742982
43742983
43742984
43742985
43742986
43742987
43742988
43742989
43742990
43742991
43742992
43742993
43742994
43742995
43742996
43742997
43742998
43742999
43743000
43743001
43743002
43743003
43743004
43743005
43743006
43743007
43743008
43743009
43743010
43743011
43743012
43743013
43743014
43743015
43743016
43743017
43743018
43743019
43743020
43743021
43743022
43743023
43743024
43743025
43743026
43743027
43743028
43743029
43743030
43743031
43743032
43743033
43743034
43743035
43743036
43743037
43743038
43743039
43743040
43743041
43743042
43743043
43743044
43743045
43743046
43743047
43743048
43743049
43743050
43743051
43743052
43743053
43743054
43743055
43743056
43743057
43743058
43743059
43743060
43743061
43743062
43743063
43743064
43743065
43743066
43743067
43743068
43743069
43743070
43743071
43743072
43743073
43743074
43743075
43743076
43743077
43743078
43743079
43743080
43743081
43743082
43743083
43743084
43743085
43743086
43743087
43743088
43743089
43743090
43743091
43743092
43743093
43743094
43743095
43743096
43743097
43743098
43743099
43743100
43743101
43743102
43743103
43743104
43743105
43743106
43743107
43743108
43743109
43743110
43743111
43743112
43743113
43743114
43743115
43743116
43743117
43743118
43743119
43743120
43743121
43743122
43743123
43743124
43743125
43743126
43743127
43743128
43743129
43743130
43743131
43743132
43743133
43743134
43743135
43743136
43743137
43743138
43743139
43743140
43743141
43743142
43743143
43743144
43743145
43743146
43743147
43743148
43743149
43743150
43743151
43743152
43743153
43743154
43743155
43743156
43743157
43743158
43743159
43743160
43743161
43743162
43743163
43743164
43743165
43743166
43743167
43743168
43743169
43743170
43743171
43743172
43743173
43743174
43743175
43743176
43743177
43743178
43743179
43743180
43743181
43743182
43743183
43743184
43743185
43743186
43743187
43743188
43743189
43743190
43743191
43743192
43743193
43743194
43743195
43743196
43743197
43743198
43743199
43743200
43743201
43743202
43743203
43743204
43743205
43743206
43743207
43743208
43743209
43743210
43743211
43743212
43743213
43743214
43743215
43743216
43743217
43743218
43743219
43743220
43743221
43743222
43743223
43743224
43743225
43743226
43743227
43743228
43743229
43743230
43743231
43743232
43743233
43743234
43743235
43743236
43743237
43743238
43743239
43743240
43743241
43743242
43743243
43743244
43743245
43743246
43743247
43743248
43743249
43743250
43743251
43743252
43743253
43743254
43743255
43743256
43743257
43743258
43743259
43743260
43743261
43743262
43743263
43743264
43743265
43743266
43743267
43743268
43743269
43743270
43743271
43743272
43743273
43743274
43743275
43743276
43743277
43743278
43743279
43743280
43743281
43743282
43743283
43743284
43743285
43743286
43743287
43743288
43743289
43743290
43743291
43743292
43743293
43743294
43743295
43743296
43743297
43743298
43743299
43743300
43743301
43743302
43743303
43743304
43743305
43743306
43743307
43743308
43743309
43743310
43743311
43743312
43743313
43743314
43743315
43743316
43743317
43743318
43743319
43743320
43743321
43743322
43743323
43743324
43743325
43743326
43743327
43743328
43743329
43743330
43743331
43743332
43743333
43743334
43743335
43743336
43743337
43743338
43743339
43743340
43743341
43743342
43743343
43743344
43743345
43743346
43743347
43743348
43743349
43743350
43743351
43743352
43743353
43743354
43743355
43743356
43743357
43743358
43743359
43743360
43743361
43743362
43743363
43743364
43743365
43743366
43743367
43743368
43743369
43743370
43743371
43743372
43743373
43743374
43743375
43743376
43743377
43743378
43743379
43743380
43743381
43743382
43743383
43743384
43743385
43743386
43743387
43743388
43743389
43743390
43743391
43743392
43743393
43743394
43743395
43743396
43743397
43743398
43743399
43743400
43743401
43743402
43743403
43743404
43743405
43743406
43743407
43743408
43743409
43743410
43743411
43743412
43743413
43743414
43743415
43743416
43743417
43743418
43743419
43743420
43743421
43743422
43743423
43743424
43743425
43743426
43743427
43743428
43743429
43743430
43743431
43743432
43743433
43743434
43743435
43743436
43743437
43743438
43743439
43743440
43743441
43743442
43743443
43743444
43743445
43743446
43743447
43743448
43743449
43743450
43743451
43743452
43743453
43743454
43743455
43743456
43743457
43743458
43743459
43743460
43743461
43743462
43743463
43743464
43743465
43743466
43743467
43743468
43743469
43743470
43743471
43743472
43743473
43743474
43743475
43743476
43743477
43743478
43743479
43743480
43743481
43743482
43743483
43743484
43743485
43743486
43743487
43743488
43743489
43743490
43743491
43743492
43743493
43743494
43743495
43743496
43743497
43743498
43743499
43743500
43743501
43743502
43743503
43743504
43743505
43743506
43743507
43743508
43743509
43743510
43743511
43743512
43743513
43743514
43743515
43743516
43743517
43743518
43743519
43743520
43743521
43743522
43743523
43743524
43743525
43743526
43743527
43743528
43743529
43743530
43743531
43743532
43743533
43743534
43743535
43743536
43743537
43743538
43743539
43743540
43743541
43743542
43743543
43743544
43743545
43743546
43743547
43743548
43743549
43743550
43743551
43743552
43743553
43743554
43743555
43743556
43743557
43743558
43743559
43743560
43743561
43743562
43743563
43743564
43743565
43743566
43743567
43743568
43743569
43743570
43743571
43743572
43743573
43743574
43743575
43743576
43743577
43743578
43743579
43743580
43743581
43743582
43743583
43743584
43743585
43743586
43743587
43743588
43743589
43743590
43743591
43743592
43743593
43743594
43743595
43743596
43743597
43743598
43743599
43743600
43743601
43743602
43743603
43743604
43743605
43743606
43743607
43743608
43743609
43743610
43743611
43743612
43743613
43743614
43743615
43743616
43743617
43743618
43743619
43743620
43743621
43743622
43743623
43743624
43743625
43743626
43743627
43743628
43743629
43743630
43743631
43743632
43743633
43743634
43743635
43743636
43743637
43743638
43743639
43743640
43743641
43743642
43743643
43743644
43743645
43743646
43743647
43743648
43743649
43743650
43743651
43743652
43743653
43743654
43743655
43743656
43743657
43743658
43743659
43743660
43743661
43743662
43743663
43743664
43743665
43743666
43743667
43743668
43743669
43743670
43743671
43743672
43743673
43743674
43743675
43743676
43743677
43743678
43743679
43743680
43743681
43743682
43743683
43743684
43743685
43743686
43743687
43743688
43743689
43743690
43743691
43743692
43743693
43743694
43743695
43743696
43743697
43743698
43743699
43743700
43743701
43743702
43743703
43743704
43743705
43743706
43743707
43743708
43743709
43743710
43743711
43743712
43743713
43743714
43743715
43743716
43743717
43743718
43743719
43743720
43743721
43743722
43743723
43743724
43743725
43743726
43743727
43743728
43743729
43743730
43743731
43743732
43743733
43743734
43743735
43743736
43743737
43743738
43743739
43743740
43743741
43743742
43743743
43743744
43743745
43743746
43743747
43743748
43743749
43743750
43743751
43743752
43743753
43743754
43743755
43743756
43743757
43743758
43743759
43743760
43743761
43743762
43743763
43743764
43743765
43743766
43743767
43743768
43743769
43743770
43743771
43743772
43743773
43743774
43743775
43743776
43743777
43743778
43743779
43743780
43743781
43743782
43743783
43743784
43743785
43743786
43743787
43743788
43743789
43743790
43743791
43743792
43743793
43743794
43743795
43743796
43743797
43743798
43743799
43743800
43743801
43743802
43743803
43743804
43743805
43743806
43743807
43743808
43743809
43743810
43743811
43743812
43743813
43743814
43743815
43743816
43743817
43743818
43743819
43743820
43743821
43743822
43743823
43743824
43743825
43743826
43743827
43743828
43743829
43743830
43743831
43743832
43743833
43743834
43743835
43743836
43743837
43743838
43743839
43743840
43743841
43743842
43743843
43743844
43743845
43743846
43743847
43743848
43743849
43743850
43743851
43743852
43743853
43743854
43743855
43743856
43743857
43743858
43743859
43743860
43743861
43743862
43743863
43743864
43743865
43743866
43743867
43743868
43743869
43743870
43743871
43743872
43743873
43743874
43743875
43743876
43743877
43743878
43743879
43743880
43743881
43743882
43743883
43743884
43743885
43743886
43743887
43743888
43743889
43743890
43743891
43743892
43743893
43743894
43743895
43743896
43743897
43743898
43743899
43743900
43743901
43743902
43743903
43743904
43743905
43743906
43743907
43743908
43743909
43743910
43743911
43743912
43743913
43743914
43743915
43743916
43743917
43743918
43743919
43743920
43743921
43743922
43743923
43743924
43743925
43743926
43743927
43743928
43743929
43743930
43743931
43743932
43743933
43743934
43743935
43743936
43743937
43743938
43743939
43743940
43743941
43743942
43743943
43743944
43743945
43743946
43743947
43743948
43743949
43743950
43743951
43743952
43743953
43743954
43743955
43743956
43743957
43743958
43743959
43743960
43743961
43743962
43743963
43743964
43743965
43743966
43743967
43743968
43743969
43743970
43743971
43743972
43743973
43743974
43743975
43743976
43743977
43743978
43743979
43743980
43743981
43743982
43743983
43743984
43743985
43743986
43743987
43743988
43743989
43743990
43743991
43743992
43743993
43743994
43743995
43743996
43743997
43743998
43743999
43744000
43744001
43744002
43744003
43744004
43744005
43744006
43744007
43744008
43744009
43744010
43744011
43744012
43744013
43744014
43744015
43744016
43744017
43744018
43744019
43744020
43744021
43744022
43744023
43744024
43744025
43744026
43744027
43744028
43744029
43744030
43744031
43744032
43744033
43744034
43744035
43744036
43744037
43744038
43744039
43744040
43744041
43744042
43744043
43744044
43744045
43744046
43744047
43744048
43744049
43744050
43744051
43744052
43744053
43744054
43744055
43744056
43744057
43744058
43744059
43744060
43744061
43744062
43744063
43744064
43744065
43744066
43744067
43744068
43744069
43744070
43744071
43744072
43744073
43744074
43744075
43744076
43744077
43744078
43744079
43744080
43744081
43744082
43744083
43744084
43744085
43744086
43744087
43744088
43744089
43744090
43744091
43744092
43744093
43744094
43744095
43744096
43744097
43744098
43744099
43744100
43744101
43744102
43744103
43744104
43744105
43744106
43744107
43744108
43744109
43744110
43744111
43744112
43744113
43744114
43744115
43744116
43744117
43744118
43744119
43744120
43744121
43744122
43744123
43744124
43744125
43744126
43744127
43744128
43744129
43744130
43744131
43744132
43744133
43744134
43744135
43744136
43744137
43744138
43744139
43744140
43744141
43744142
43744143
43744144
43744145
43744146
43744147
43744148
43744149
43744150
43744151
43744152
43744153
43744154
43744155
43744156
43744157
43744158
43744159
43744160
43744161
43744162
43744163
43744164
43744165
43744166
43744167
43744168
43744169
43744170
43744171
43744172
43744173
43744174
43744175
43744176
43744177
43744178
43744179
43744180
43744181
43744182
43744183
43744184
43744185
43744186
43744187
43744188
43744189
43744190
43744191
43744192
43744193
43744194
43744195
43744196
43744197
43744198
43744199
43744200
43744201
43744202
43744203
43744204
43744205
43744206
43744207
43744208
43744209
43744210
43744211
43744212
43744213
43744214
43744215
43744216
43744217
43744218
43744219
43744220
43744221
43744222
43744223
43744224
43744225
43744226
43744227
43744228
43744229
43744230
43744231
43744232
43744233
43744234
43744235
43744236
43744237
43744238
43744239
43744240
43744241
43744242
43744243
43744244
43744245
43744246
43744247
43744248
43744249
43744250
43744251
43744252
43744253
43744254
43744255
43744256
43744257
43744258
43744259
43744260
43744261
43744262
43744263
43744264
43744265
43744266
43744267
43744268
43744269
43744270
43744271
43744272
43744273
43744274
43744275
43744276
43744277
43744278
43744279
43744280
43744281
43744282
43744283
43744284
43744285
43744286
43744287
43744288
43744289
43744290
43744291
43744292
43744293
43744294
43744295
43744296
43744297
43744298
43744299
43744300
43744301
43744302
43744303
43744304
43744305
43744306
43744307
43744308
43744309
43744310
43744311
43744312
43744313
43744314
43744315
43744316
43744317
43744318
43744319
43744320
43744321
43744322
43744323
43744324
43744325
43744326
43744327
43744328
43744329
43744330
43744331
43744332
43744333
43744334
43744335
43744336
43744337
43744338
43744339
43744340
43744341
43744342
43744343
43744344
43744345
43744346
43744347
43744348
43744349
43744350
43744351
43744352
43744353
43744354
43744355
43744356
43744357
43744358
43744359
43744360
43744361
43744362
43744363
43744364
43744365
43744366
43744367
43744368
43744369
43744370
43744371
43744372
43744373
43744374
43744375
43744376
43744377
43744378
43744379
43744380
43744381
43744382
43744383
43744384
43744385
43744386
43744387
43744388
43744389
43744390
43744391
43744392
43744393
43744394
43744395
43744396
43744397
43744398
43744399
43744400
43744401
43744402
43744403
43744404
43744405
43744406
43744407
43744408
43744409
43744410
43744411
43744412
43744413
43744414
43744415
43744416
43744417
43744418
43744419
43744420
43744421
43744422
43744423
43744424
43744425
43744426
43744427
43744428
43744429
43744430
43744431
43744432
43744433
43744434
43744435
43744436
43744437
43744438
43744439
43744440
43744441
43744442
43744443
43744444
43744445
43744446
43744447
43744448
43744449
43744450
43744451
43744452
43744453
43744454
43744455
43744456
43744457
43744458
43744459
43744460
43744461
43744462
43744463
43744464
43744465
43744466
43744467
43744468
43744469
43744470
43744471
43744472
43744473
43744474
43744475
43744476
43744477
43744478
43744479
43744480
43744481
43744482
43744483
43744484
43744485
43744486
43744487
43744488
43744489
43744490
43744491
43744492
43744493
43744494
43744495
43744496
43744497
43744498
43744499
43744500
43744501
43744502
43744503
43744504
43744505
43744506
43744507
43744508
43744509
43744510
43744511
43744512
43744513
43744514
43744515
43744516
43744517
43744518
43744519
43744520
43744521
43744522
43744523
43744524
43744525
43744526
43744527
43744528
43744529
43744530
43744531
43744532
43744533
43744534
43744535
43744536
43744537
43744538
43744539
43744540
43744541
43744542
43744543
43744544
43744545
43744546
43744547
43744548
43744549
43744550
43744551
43744552
43744553
43744554
43744555
43744556
43744557
43744558
43744559
43744560
43744561
43744562
43744563
43744564
43744565
43744566
43744567
43744568
43744569
43744570
43744571
43744572
43744573
43744574
43744575
43744576
43744577
43744578
43744579
43744580
43744581
43744582
43744583
43744584
43744585
43744586
43744587
43744588
43744589
43744590
43744591
43744592
43744593
43744594
43744595
43744596
43744597
43744598
43744599
43744600
43744601
43744602
43744603
43744604
43744605
43744606
43744607
43744608
43744609
43744610
43744611
43744612
43744613
43744614
43744615
43744616
43744617
43744618
43744619
43744620
43744621
43744622
43744623
43744624
43744625
43744626
43744627
43744628
43744629
43744630
43744631
43744632
43744633
43744634
43744635
43744636
43744637
43744638
43744639
43744640
43744641
43744642
43744643
43744644
43744645
43744646
43744647
43744648
43744649
43744650
43744651
43744652
43744653
43744654
43744655
43744656
43744657
43744658
43744659
43744660
43744661
43744662
43744663
43744664
43744665
43744666
43744667
43744668
43744669
43744670
43744671
43744672
43744673
43744674
43744675
43744676
43744677
43744678
43744679
43744680
43744681
43744682
43744683
43744684
43744685
43744686
43744687
43744688
43744689
43744690
43744691
43744692
43744693
43744694
43744695
43744696
43744697
43744698
43744699
43744700
43744701
43744702
43744703
43744704
43744705
43744706
43744707
43744708
43744709
43744710
43744711
43744712
43744713
43744714
43744715
43744716
43744717
43744718
43744719
43744720
43744721
43744722
43744723
43744724
43744725
43744726
43744727
43744728
43744729
43744730
43744731
43744732
43744733
43744734
43744735
43744736
43744737
43744738
43744739
43744740
43744741
43744742
43744743
43744744
43744745
43744746
43744747
43744748
43744749
43744750
43744751
43744752
43744753
43744754
43744755
43744756
43744757
43744758
43744759
43744760
43744761
43744762
43744763
43744764
43744765
43744766
43744767
43744768
43744769
43744770
43744771
43744772
43744773
43744774
43744775
43744776
43744777
43744778
43744779
43744780
43744781
43744782
43744783
43744784
43744785
43744786
43744787
43744788
43744789
43744790
43744791
43744792
43744793
43744794
43744795
43744796
43744797
43744798
43744799
43744800
43744801
43744802
43744803
43744804
43744805
43744806
43744807
43744808
43744809
43744810
43744811
43744812
43744813
43744814
43744815
43744816
43744817
43744818
43744819
43744820
43744821
43744822
43744823
43744824
43744825
43744826
43744827
43744828
43744829
43744830
43744831
43744832
43744833
43744834
43744835
43744836
43744837
43744838
43744839
43744840
43744841
43744842
43744843
43744844
43744845
43744846
43744847
43744848
43744849
43744850
43744851
43744852
43744853
43744854
43744855
43744856
43744857
43744858
43744859
43744860
43744861
43744862
43744863
43744864
43744865
43744866
43744867
43744868
43744869
43744870
43744871
43744872
43744873
43744874
43744875
43744876
43744877
43744878
43744879
43744880
43744881
43744882
43744883
43744884
43744885
43744886
43744887
43744888
43744889
43744890
43744891
43744892
43744893
43744894
43744895
43744896
43744897
43744898
43744899
43744900
43744901
43744902
43744903
43744904
43744905
43744906
43744907
43744908
43744909
43744910
43744911
43744912
43744913
43744914
43744915
43744916
43744917
43744918
43744919
43744920
43744921
43744922
43744923
43744924
43744925
43744926
43744927
43744928
43744929
43744930
43744931
43744932
43744933
43744934
43744935
43744936
43744937
43744938
43744939
43744940
43744941
43744942
43744943
43744944
43744945
43744946
43744947
43744948
43744949
43744950
43744951
43744952
43744953
43744954
43744955
43744956
43744957
43744958
43744959
43744960
43744961
43744962
43744963
43744964
43744965
43744966
43744967
43744968
43744969
43744970
43744971
43744972
43744973
43744974
43744975
43744976
43744977
43744978
43744979
43744980
43744981
43744982
43744983
43744984
43744985
43744986
43744987
43744988
43744989
43744990
43744991
43744992
43744993
43744994
43744995
43744996
43744997
43744998
43744999
43745000
43745001
43745002
43745003
43745004
43745005
43745006
43745007
43745008
43745009
43745010
43745011
43745012
43745013
43745014
43745015
43745016
43745017
43745018
43745019
43745020
43745021
43745022
43745023
43745024
43745025
43745026
43745027
43745028
43745029
43745030
43745031
43745032
43745033
43745034
43745035
43745036
43745037
43745038
43745039
43745040
43745041
43745042
43745043
43745044
43745045
43745046
43745047
43745048
43745049
43745050
43745051
43745052
43745053
43745054
43745055
43745056
43745057
43745058
43745059
43745060
43745061
43745062
43745063
43745064
43745065
43745066
43745067
43745068
43745069
43745070
43745071
43745072
43745073
43745074
43745075
43745076
43745077
43745078
43745079
43745080
43745081
43745082
43745083
43745084
43745085
43745086
43745087
43745088
43745089
43745090
43745091
43745092
43745093
43745094
43745095
43745096
43745097
43745098
43745099
43745100
43745101
43745102
43745103
43745104
43745105
43745106
43745107
43745108
43745109
43745110
43745111
43745112
43745113
43745114
43745115
43745116
43745117
43745118
43745119
43745120
43745121
43745122
43745123
43745124
43745125
43745126
43745127
43745128
43745129
43745130
43745131
43745132
43745133
43745134
43745135
43745136
43745137
43745138
43745139
43745140
43745141
43745142
43745143
43745144
43745145
43745146
43745147
43745148
43745149
43745150
43745151
43745152
43745153
43745154
43745155
43745156
43745157
43745158
43745159
43745160
43745161
43745162
43745163
43745164
43745165
43745166
43745167
43745168
43745169
43745170
43745171
43745172
43745173
43745174
43745175
43745176
43745177
43745178
43745179
43745180
43745181
43745182
43745183
43745184
43745185
43745186
43745187
43745188
43745189
43745190
43745191
43745192
43745193
43745194
43745195
43745196
43745197
43745198
43745199
43745200
43745201
43745202
43745203
43745204
43745205
43745206
43745207
43745208
43745209
43745210
43745211
43745212
43745213
43745214
43745215
43745216
43745217
43745218
43745219
43745220
43745221
43745222
43745223
43745224
43745225
43745226
43745227
43745228
43745229
43745230
43745231
43745232
43745233
43745234
43745235
43745236
43745237
43745238
43745239
43745240
43745241
43745242
43745243
43745244
43745245
43745246
43745247
43745248
43745249
43745250
43745251
43745252
43745253
43745254
43745255
43745256
43745257
43745258
43745259
43745260
43745261
43745262
43745263
43745264
43745265
43745266
43745267
43745268
43745269
43745270
43745271
43745272
43745273
43745274
43745275
43745276
43745277
43745278
43745279
43745280
43745281
43745282
43745283
43745284
43745285
43745286
43745287
43745288
43745289
43745290
43745291
43745292
43745293
43745294
43745295
43745296
43745297
43745298
43745299
43745300
43745301
43745302
43745303
43745304
43745305
43745306
43745307
43745308
43745309
43745310
43745311
43745312
43745313
43745314
43745315
43745316
43745317
43745318
43745319
43745320
43745321
43745322
43745323
43745324
43745325
43745326
43745327
43745328
43745329
43745330
43745331
43745332
43745333
43745334
43745335
43745336
43745337
43745338
43745339
43745340
43745341
43745342
43745343
43745344
43745345
43745346
43745347
43745348
43745349
43745350
43745351
43745352
43745353
43745354
43745355
43745356
43745357
43745358
43745359
43745360
43745361
43745362
43745363
43745364
43745365
43745366
43745367
43745368
43745369
43745370
43745371
43745372
43745373
43745374
43745375
43745376
43745377
43745378
43745379
43745380
43745381
43745382
43745383
43745384
43745385
43745386
43745387
43745388
43745389
43745390
43745391
43745392
43745393
43745394
43745395
43745396
43745397
43745398
43745399
43745400
43745401
43745402
43745403
43745404
43745405
43745406
43745407
43745408
43745409
43745410
43745411
43745412
43745413
43745414
43745415
43745416
43745417
43745418
43745419
43745420
43745421
43745422
43745423
43745424
43745425
43745426
43745427
43745428
43745429
43745430
43745431
43745432
43745433
43745434
43745435
43745436
43745437
43745438
43745439
43745440
43745441
43745442
43745443
43745444
43745445
43745446
43745447
43745448
43745449
43745450
43745451
43745452
43745453
43745454
43745455
43745456
43745457
43745458
43745459
43745460
43745461
43745462
43745463
43745464
43745465
43745466
43745467
43745468
43745469
43745470
43745471
43745472
43745473
43745474
43745475
43745476
43745477
43745478
43745479
43745480
43745481
43745482
43745483
43745484
43745485
43745486
43745487
43745488
43745489
43745490
43745491
43745492
43745493
43745494
43745495
43745496
43745497
43745498
43745499
43745500
43745501
43745502
43745503
43745504
43745505
43745506
43745507
43745508
43745509
43745510
43745511
43745512
43745513
43745514
43745515
43745516
43745517
43745518
43745519
43745520
43745521
43745522
43745523
43745524
43745525
43745526
43745527
43745528
43745529
43745530
43745531
43745532
43745533
43745534
43745535
43745536
43745537
43745538
43745539
43745540
43745541
43745542
43745543
43745544
43745545
43745546
43745547
43745548
43745549
43745550
43745551
43745552
43745553
43745554
43745555
43745556
43745557
43745558
43745559
43745560
43745561
43745562
43745563
43745564
43745565
43745566
43745567
43745568
43745569
43745570
43745571
43745572
43745573
43745574
43745575
43745576
43745577
43745578
43745579
43745580
43745581
43745582
43745583
43745584
43745585
43745586
43745587
43745588
43745589
43745590
43745591
43745592
43745593
43745594
43745595
43745596
43745597
43745598
43745599
43745600
43745601
43745602
43745603
43745604
43745605
43745606
43745607
43745608
43745609
43745610
43745611
43745612
43745613
43745614
43745615
43745616
43745617
43745618
43745619
43745620
43745621
43745622
43745623
43745624
43745625
43745626
43745627
43745628
43745629
43745630
43745631
43745632
43745633
43745634
43745635
43745636
43745637
43745638
43745639
43745640
43745641
43745642
43745643
43745644
43745645
43745646
43745647
43745648
43745649
43745650
43745651
43745652
43745653
43745654
43745655
43745656
43745657
43745658
43745659
43745660
43745661
43745662
43745663
43745664
43745665
43745666
43745667
43745668
43745669
43745670
43745671
43745672
43745673
43745674
43745675
43745676
43745677
43745678
43745679
43745680
43745681
43745682
43745683
43745684
43745685
43745686
43745687
43745688
43745689
43745690
43745691
43745692
43745693
43745694
43745695
43745696
43745697
43745698
43745699
43745700
43745701
43745702
43745703
43745704
43745705
43745706
43745707
43745708
43745709
43745710
43745711
43745712
43745713
43745714
43745715
43745716
43745717
43745718
43745719
43745720
43745721
43745722
43745723
43745724
43745725
43745726
43745727
43745728
43745729
43745730
43745731
43745732
43745733
43745734
43745735
43745736
43745737
43745738
43745739
43745740
43745741
43745742
43745743
43745744
43745745
43745746
43745747
43745748
43745749
43745750
43745751
43745752
43745753
43745754
43745755
43745756
43745757
43745758
43745759
43745760
43745761
43745762
43745763
43745764
43745765
43745766
43745767
43745768
43745769
43745770
43745771
43745772
43745773
43745774
43745775
43745776
43745777
43745778
43745779
43745780
43745781
43745782
43745783
43745784
43745785
43745786
43745787
43745788
43745789
43745790
43745791
43745792
43745793
43745794
43745795
43745796
43745797
43745798
43745799
43745800
43745801
43745802
43745803
43745804
43745805
43745806
43745807
43745808
43745809
43745810
43745811
43745812
43745813
43745814
43745815
43745816
43745817
43745818
43745819
43745820
43745821
43745822
43745823
43745824
43745825
43745826
43745827
43745828
43745829
43745830
43745831
43745832
43745833
43745834
43745835
43745836
43745837
43745838
43745839
43745840
43745841
43745842
43745843
43745844
43745845
43745846
43745847
43745848
43745849
43745850
43745851
43745852
43745853
43745854
43745855
43745856
43745857
43745858
43745859
43745860
43745861
43745862
43745863
43745864
43745865
43745866
43745867
43745868
43745869
43745870
43745871
43745872
43745873
43745874
43745875
43745876
43745877
43745878
43745879
43745880
43745881
43745882
43745883
43745884
43745885
43745886
43745887
43745888
43745889
43745890
43745891
43745892
43745893
43745894
43745895
43745896
43745897
43745898
43745899
43745900
43745901
43745902
43745903
43745904
43745905
43745906
43745907
43745908
43745909
43745910
43745911
43745912
43745913
43745914
43745915
43745916
43745917
43745918
43745919
43745920
43745921
43745922
43745923
43745924
43745925
43745926
43745927
43745928
43745929
43745930
43745931
43745932
43745933
43745934
43745935
43745936
43745937
43745938
43745939
43745940
43745941
43745942
43745943
43745944
43745945
43745946
43745947
43745948
43745949
43745950
43745951
43745952
43745953
43745954
43745955
43745956
43745957
43745958
43745959
43745960
43745961
43745962
43745963
43745964
43745965
43745966
43745967
43745968
43745969
43745970
43745971
43745972
43745973
43745974
43745975
43745976
43745977
43745978
43745979
43745980
43745981
43745982
43745983
43745984
43745985
43745986
43745987
43745988
43745989
43745990
43745991
43745992
43745993
43745994
43745995
43745996
43745997
43745998
43745999
43746000
43746001
43746002
43746003
43746004
43746005
43746006
43746007
43746008
43746009
43746010
43746011
43746012
43746013
43746014
43746015
43746016
43746017
43746018
43746019
43746020
43746021
43746022
43746023
43746024
43746025
43746026
43746027
43746028
43746029
43746030
43746031
43746032
43746033
43746034
43746035
43746036
43746037
43746038
43746039
43746040
43746041
43746042
43746043
43746044
43746045
43746046
43746047
43746048
43746049
43746050
43746051
43746052
43746053
43746054
43746055
43746056
43746057
43746058
43746059
43746060
43746061
43746062
43746063
43746064
43746065
43746066
43746067
43746068
43746069
43746070
43746071
43746072
43746073
43746074
43746075
43746076
43746077
43746078
43746079
43746080
43746081
43746082
43746083
43746084
43746085
43746086
43746087
43746088
43746089
43746090
43746091
43746092
43746093
43746094
43746095
43746096
43746097
43746098
43746099
43746100
43746101
43746102
43746103
43746104
43746105
43746106
43746107
43746108
43746109
43746110
43746111
43746112
43746113
43746114
43746115
43746116
43746117
43746118
43746119
43746120
43746121
43746122
43746123
43746124
43746125
43746126
43746127
43746128
43746129
43746130
43746131
43746132
43746133
43746134
43746135
43746136
43746137
43746138
43746139
43746140
43746141
43746142
43746143
43746144
43746145
43746146
43746147
43746148
43746149
43746150
43746151
43746152
43746153
43746154
43746155
43746156
43746157
43746158
43746159
43746160
43746161
43746162
43746163
43746164
43746165
43746166
43746167
43746168
43746169
43746170
43746171
43746172
43746173
43746174
43746175
43746176
43746177
43746178
43746179
43746180
43746181
43746182
43746183
43746184
43746185
43746186
43746187
43746188
43746189
43746190
43746191
43746192
43746193
43746194
43746195
43746196
43746197
43746198
43746199
43746200
43746201
43746202
43746203
43746204
43746205
43746206
43746207
43746208
43746209
43746210
43746211
43746212
43746213
43746214
43746215
43746216
43746217
43746218
43746219
43746220
43746221
43746222
43746223
43746224
43746225
43746226
43746227
43746228
43746229
43746230
43746231
43746232
43746233
43746234
43746235
43746236
43746237
43746238
43746239
43746240
43746241
43746242
43746243
43746244
43746245
43746246
43746247
43746248
43746249
43746250
43746251
43746252
43746253
43746254
43746255
43746256
43746257
43746258
43746259
43746260
43746261
43746262
43746263
43746264
43746265
43746266
43746267
43746268
43746269
43746270
43746271
43746272
43746273
43746274
43746275
43746276
43746277
43746278
43746279
43746280
43746281
43746282
43746283
43746284
43746285
43746286
43746287
43746288
43746289
43746290
43746291
43746292
43746293
43746294
43746295
43746296
43746297
43746298
43746299
43746300
43746301
43746302
43746303
43746304
43746305
43746306
43746307
43746308
43746309
43746310
43746311
43746312
43746313
43746314
43746315
43746316
43746317
43746318
43746319
43746320
43746321
43746322
43746323
43746324
43746325
43746326
43746327
43746328
43746329
43746330
43746331
43746332
43746333
43746334
43746335
43746336
43746337
43746338
43746339
43746340
43746341
43746342
43746343
43746344
43746345
43746346
43746347
43746348
43746349
43746350
43746351
43746352
43746353
43746354
43746355
43746356
43746357
43746358
43746359
43746360
43746361
43746362
43746363
43746364
43746365
43746366
43746367
43746368
43746369
43746370
43746371
43746372
43746373
43746374
43746375
43746376
43746377
43746378
43746379
43746380
43746381
43746382
43746383
43746384
43746385
43746386
43746387
43746388
43746389
43746390
43746391
43746392
43746393
43746394
43746395
43746396
43746397
43746398
43746399
43746400
43746401
43746402
43746403
43746404
43746405
43746406
43746407
43746408
43746409
43746410
43746411
43746412
43746413
43746414
43746415
43746416
43746417
43746418
43746419
43746420
43746421
43746422
43746423
43746424
43746425
43746426
43746427
43746428
43746429
43746430
43746431
43746432
43746433
43746434
43746435
43746436
43746437
43746438
43746439
43746440
43746441
43746442
43746443
43746444
43746445
43746446
43746447
43746448
43746449
43746450
43746451
43746452
43746453
43746454
43746455
43746456
43746457
43746458
43746459
43746460
43746461
43746462
43746463
43746464
43746465
43746466
43746467
43746468
43746469
43746470
43746471
43746472
43746473
43746474
43746475
43746476
43746477
43746478
43746479
43746480
43746481
43746482
43746483
43746484
43746485
43746486
43746487
43746488
43746489
43746490
43746491
43746492
43746493
43746494
43746495
43746496
43746497
43746498
43746499
43746500
43746501
43746502
43746503
43746504
43746505
43746506
43746507
43746508
43746509
43746510
43746511
43746512
43746513
43746514
43746515
43746516
43746517
43746518
43746519
43746520
43746521
43746522
43746523
43746524
43746525
43746526
43746527
43746528
43746529
43746530
43746531
43746532
43746533
43746534
43746535
43746536
43746537
43746538
43746539
43746540
43746541
43746542
43746543
43746544
43746545
43746546
43746547
43746548
43746549
43746550
43746551
43746552
43746553
43746554
43746555
43746556
43746557
43746558
43746559
43746560
43746561
43746562
43746563
43746564
43746565
43746566
43746567
43746568
43746569
43746570
43746571
43746572
43746573
43746574
43746575
43746576
43746577
43746578
43746579
43746580
43746581
43746582
43746583
43746584
43746585
43746586
43746587
43746588
43746589
43746590
43746591
43746592
43746593
43746594
43746595
43746596
43746597
43746598
43746599
43746600
43746601
43746602
43746603
43746604
43746605
43746606
43746607
43746608
43746609
43746610
43746611
43746612
43746613
43746614
43746615
43746616
43746617
43746618
43746619
43746620
43746621
43746622
43746623
43746624
43746625
43746626
43746627
43746628
43746629
43746630
43746631
43746632
43746633
43746634
43746635
43746636
43746637
43746638
43746639
43746640
43746641
43746642
43746643
43746644
43746645
43746646
43746647
43746648
43746649
43746650
43746651
43746652
43746653
43746654
43746655
43746656
43746657
43746658
43746659
43746660
43746661
43746662
43746663
43746664
43746665
43746666
43746667
43746668
43746669
43746670
43746671
43746672
43746673
43746674
43746675
43746676
43746677
43746678
43746679
43746680
43746681
43746682
43746683
43746684
43746685
43746686
43746687
43746688
43746689
43746690
43746691
43746692
43746693
43746694
43746695
43746696
43746697
43746698
43746699
43746700
43746701
43746702
43746703
43746704
43746705
43746706
43746707
43746708
43746709
43746710
43746711
43746712
43746713
43746714
43746715
43746716
43746717
43746718
43746719
43746720
43746721
43746722
43746723
43746724
43746725
43746726
43746727
43746728
43746729
43746730
43746731
43746732
43746733
43746734
43746735
43746736
43746737
43746738
43746739
43746740
43746741
43746742
43746743
43746744
43746745
43746746
43746747
43746748
43746749
43746750
43746751
43746752
43746753
43746754
43746755
43746756
43746757
43746758
43746759
43746760
43746761
43746762
43746763
43746764
43746765
43746766
43746767
43746768
43746769
43746770
43746771
43746772
43746773
43746774
43746775
43746776
43746777
43746778
43746779
43746780
43746781
43746782
43746783
43746784
43746785
43746786
43746787
43746788
43746789
43746790
43746791
43746792
43746793
43746794
43746795
43746796
43746797
43746798
43746799
43746800
43746801
43746802
43746803
43746804
43746805
43746806
43746807
43746808
43746809
43746810
43746811
43746812
43746813
43746814
43746815
43746816
43746817
43746818
43746819
43746820
43746821
43746822
43746823
43746824
43746825
43746826
43746827
43746828
43746829
43746830
43746831
43746832
43746833
43746834
43746835
43746836
43746837
43746838
43746839
43746840
43746841
43746842
43746843
43746844
43746845
43746846
43746847
43746848
43746849
43746850
43746851
43746852
43746853
43746854
43746855
43746856
43746857
43746858
43746859
43746860
43746861
43746862
43746863
43746864
43746865
43746866
43746867
43746868
43746869
43746870
43746871
43746872
43746873
43746874
43746875
43746876
43746877
43746878
43746879
43746880
43746881
43746882
43746883
43746884
43746885
43746886
43746887
43746888
43746889
43746890
43746891
43746892
43746893
43746894
43746895
43746896
43746897
43746898
43746899
43746900
43746901
43746902
43746903
43746904
43746905
43746906
43746907
43746908
43746909
43746910
43746911
43746912
43746913
43746914
43746915
43746916
43746917
43746918
43746919
43746920
43746921
43746922
43746923
43746924
43746925
43746926
43746927
43746928
43746929
43746930
43746931
43746932
43746933
43746934
43746935
43746936
43746937
43746938
43746939
43746940
43746941
43746942
43746943
43746944
43746945
43746946
43746947
43746948
43746949
43746950
43746951
43746952
43746953
43746954
43746955
43746956
43746957
43746958
43746959
43746960
43746961
43746962
43746963
43746964
43746965
43746966
43746967
43746968
43746969
43746970
43746971
43746972
43746973
43746974
43746975
43746976
43746977
43746978
43746979
43746980
43746981
43746982
43746983
43746984
43746985
43746986
43746987
43746988
43746989
43746990
43746991
43746992
43746993
43746994
43746995
43746996
43746997
43746998
43746999
43747000
43747001
43747002
43747003
43747004
43747005
43747006
43747007
43747008
43747009
43747010
43747011
43747012
43747013
43747014
43747015
43747016
43747017
43747018
43747019
43747020
43747021
43747022
43747023
43747024
43747025
43747026
43747027
43747028
43747029
43747030
43747031
43747032
43747033
43747034
43747035
43747036
43747037
43747038
43747039
43747040
43747041
43747042
43747043
43747044
43747045
43747046
43747047
43747048
43747049
43747050
43747051
43747052
43747053
43747054
43747055
43747056
43747057
43747058
43747059
43747060
43747061
43747062
43747063
43747064
43747065
43747066
43747067
43747068
43747069
43747070
43747071
43747072
43747073
43747074
43747075
43747076
43747077
43747078
43747079
43747080
43747081
43747082
43747083
43747084
43747085
43747086
43747087
43747088
43747089
43747090
43747091
43747092
43747093
43747094
43747095
43747096
43747097
43747098
43747099
43747100
43747101
43747102
43747103
43747104
43747105
43747106
43747107
43747108
43747109
43747110
43747111
43747112
43747113
43747114
43747115
43747116
43747117
43747118
43747119
43747120
43747121
43747122
43747123
43747124
43747125
43747126
43747127
43747128
43747129
43747130
43747131
43747132
43747133
43747134
43747135
43747136
43747137
43747138
43747139
43747140
43747141
43747142
43747143
43747144
43747145
43747146
43747147
43747148
43747149
43747150
43747151
43747152
43747153
43747154
43747155
43747156
43747157
43747158
43747159
43747160
43747161
43747162
43747163
43747164
43747165
43747166
43747167
43747168
43747169
43747170
43747171
43747172
43747173
43747174
43747175
43747176
43747177
43747178
43747179
43747180
43747181
43747182
43747183
43747184
43747185
43747186
43747187
43747188
43747189
43747190
43747191
43747192
43747193
43747194
43747195
43747196
43747197
43747198
43747199
43747200
43747201
43747202
43747203
43747204
43747205
43747206
43747207
43747208
43747209
43747210
43747211
43747212
43747213
43747214
43747215
43747216
43747217
43747218
43747219
43747220
43747221
43747222
43747223
43747224
43747225
43747226
43747227
43747228
43747229
43747230
43747231
43747232
43747233
43747234
43747235
43747236
43747237
43747238
43747239
43747240
43747241
43747242
43747243
43747244
43747245
43747246
43747247
43747248
43747249
43747250
43747251
43747252
43747253
43747254
43747255
43747256
43747257
43747258
43747259
43747260
43747261
43747262
43747263
43747264
43747265
43747266
43747267
43747268
43747269
43747270
43747271
43747272
43747273
43747274
43747275
43747276
43747277
43747278
43747279
43747280
43747281
43747282
43747283
43747284
43747285
43747286
43747287
43747288
43747289
43747290
43747291
43747292
43747293
43747294
43747295
43747296
43747297
43747298
43747299
43747300
43747301
43747302
43747303
43747304
43747305
43747306
43747307
43747308
43747309
43747310
43747311
43747312
43747313
43747314
43747315
43747316
43747317
43747318
43747319
43747320
43747321
43747322
43747323
43747324
43747325
43747326
43747327
43747328
43747329
43747330
43747331
43747332
43747333
43747334
43747335
43747336
43747337
43747338
43747339
43747340
43747341
43747342
43747343
43747344
43747345
43747346
43747347
43747348
43747349
43747350
43747351
43747352
43747353
43747354
43747355
43747356
43747357
43747358
43747359
43747360
43747361
43747362
43747363
43747364
43747365
43747366
43747367
43747368
43747369
43747370
43747371
43747372
43747373
43747374
43747375
43747376
43747377
43747378
43747379
43747380
43747381
43747382
43747383
43747384
43747385
43747386
43747387
43747388
43747389
43747390
43747391
43747392
43747393
43747394
43747395
43747396
43747397
43747398
43747399
43747400
43747401
43747402
43747403
43747404
43747405
43747406
43747407
43747408
43747409
43747410
43747411
43747412
43747413
43747414
43747415
43747416
43747417
43747418
43747419
43747420
43747421
43747422
43747423
43747424
43747425
43747426
43747427
43747428
43747429
43747430
43747431
43747432
43747433
43747434
43747435
43747436
43747437
43747438
43747439
43747440
43747441
43747442
43747443
43747444
43747445
43747446
43747447
43747448
43747449
43747450
43747451
43747452
43747453
43747454
43747455
43747456
43747457
43747458
43747459
43747460
43747461
43747462
43747463
43747464
43747465
43747466
43747467
43747468
43747469
43747470
43747471
43747472
43747473
43747474
43747475
43747476
43747477
43747478
43747479
43747480
43747481
43747482
43747483
43747484
43747485
43747486
43747487
43747488
43747489
43747490
43747491
43747492
43747493
43747494
43747495
43747496
43747497
43747498
43747499
43747500
43747501
43747502
43747503
43747504
43747505
43747506
43747507
43747508
43747509
43747510
43747511
43747512
43747513
43747514
43747515
43747516
43747517
43747518
43747519
43747520
43747521
43747522
43747523
43747524
43747525
43747526
43747527
43747528
43747529
43747530
43747531
43747532
43747533
43747534
43747535
43747536
43747537
43747538
43747539
43747540
43747541
43747542
43747543
43747544
43747545
43747546
43747547
43747548
43747549
43747550
43747551
43747552
43747553
43747554
43747555
43747556
43747557
43747558
43747559
43747560
43747561
43747562
43747563
43747564
43747565
43747566
43747567
43747568
43747569
43747570
43747571
43747572
43747573
43747574
43747575
43747576
43747577
43747578
43747579
43747580
43747581
43747582
43747583
43747584
43747585
43747586
43747587
43747588
43747589
43747590
43747591
43747592
43747593
43747594
43747595
43747596
43747597
43747598
43747599
43747600
43747601
43747602
43747603
43747604
43747605
43747606
43747607
43747608
43747609
43747610
43747611
43747612
43747613
43747614
43747615
43747616
43747617
43747618
43747619
43747620
43747621
43747622
43747623
43747624
43747625
43747626
43747627
43747628
43747629
43747630
43747631
43747632
43747633
43747634
43747635
43747636
43747637
43747638
43747639
43747640
43747641
43747642
43747643
43747644
43747645
43747646
43747647
43747648
43747649
43747650
43747651
43747652
43747653
43747654
43747655
43747656
43747657
43747658
43747659
43747660
43747661
43747662
43747663
43747664
43747665
43747666
43747667
43747668
43747669
43747670
43747671
43747672
43747673
43747674
43747675
43747676
43747677
43747678
43747679
43747680
43747681
43747682
43747683
43747684
43747685
43747686
43747687
43747688
43747689
43747690
43747691
43747692
43747693
43747694
43747695
43747696
43747697
43747698
43747699
43747700
43747701
43747702
43747703
43747704
43747705
43747706
43747707
43747708
43747709
43747710
43747711
43747712
43747713
43747714
43747715
43747716
43747717
43747718
43747719
43747720
43747721
43747722
43747723
43747724
43747725
43747726
43747727
43747728
43747729
43747730
43747731
43747732
43747733
43747734
43747735
43747736
43747737
43747738
43747739
43747740
43747741
43747742
43747743
43747744
43747745
43747746
43747747
43747748
43747749
43747750
43747751
43747752
43747753
43747754
43747755
43747756
43747757
43747758
43747759
43747760
43747761
43747762
43747763
43747764
43747765
43747766
43747767
43747768
43747769
43747770
43747771
43747772
43747773
43747774
43747775
43747776
43747777
43747778
43747779
43747780
43747781
43747782
43747783
43747784
43747785
43747786
43747787
43747788
43747789
43747790
43747791
43747792
43747793
43747794
43747795
43747796
43747797
43747798
43747799
43747800
43747801
43747802
43747803
43747804
43747805
43747806
43747807
43747808
43747809
43747810
43747811
43747812
43747813
43747814
43747815
43747816
43747817
43747818
43747819
43747820
43747821
43747822
43747823
43747824
43747825
43747826
43747827
43747828
43747829
43747830
43747831
43747832
43747833
43747834
43747835
43747836
43747837
43747838
43747839
43747840
43747841
43747842
43747843
43747844
43747845
43747846
43747847
43747848
43747849
43747850
43747851
43747852
43747853
43747854
43747855
43747856
43747857
43747858
43747859
43747860
43747861
43747862
43747863
43747864
43747865
43747866
43747867
43747868
43747869
43747870
43747871
43747872
43747873
43747874
43747875
43747876
43747877
43747878
43747879
43747880
43747881
43747882
43747883
43747884
43747885
43747886
43747887
43747888
43747889
43747890
43747891
43747892
43747893
43747894
43747895
43747896
43747897
43747898
43747899
43747900
43747901
43747902
43747903
43747904
43747905
43747906
43747907
43747908
43747909
43747910
43747911
43747912
43747913
43747914
43747915
43747916
43747917
43747918
43747919
43747920
43747921
43747922
43747923
43747924
43747925
43747926
43747927
43747928
43747929
43747930
43747931
43747932
43747933
43747934
43747935
43747936
43747937
43747938
43747939
43747940
43747941
43747942
43747943
43747944
43747945
43747946
43747947
43747948
43747949
43747950
43747951
43747952
43747953
43747954
43747955
43747956
43747957
43747958
43747959
43747960
43747961
43747962
43747963
43747964
43747965
43747966
43747967
43747968
43747969
43747970
43747971
43747972
43747973
43747974
43747975
43747976
43747977
43747978
43747979
43747980
43747981
43747982
43747983
43747984
43747985
43747986
43747987
43747988
43747989
43747990
43747991
43747992
43747993
43747994
43747995
43747996
43747997
43747998
43747999
43748000
43748001
43748002
43748003
43748004
43748005
43748006
43748007
43748008
43748009
43748010
43748011
43748012
43748013
43748014
43748015
43748016
43748017
43748018
43748019
43748020
43748021
43748022
43748023
43748024
43748025
43748026
43748027
43748028
43748029
43748030
43748031
43748032
43748033
43748034
43748035
43748036
43748037
43748038
43748039
43748040
43748041
43748042
43748043
43748044
43748045
43748046
43748047
43748048
43748049
43748050
43748051
43748052
43748053
43748054
43748055
43748056
43748057
43748058
43748059
43748060
43748061
43748062
43748063
43748064
43748065
43748066
43748067
43748068
43748069
43748070
43748071
43748072
43748073
43748074
43748075
43748076
43748077
43748078
43748079
43748080
43748081
43748082
43748083
43748084
43748085
43748086
43748087
43748088
43748089
43748090
43748091
43748092
43748093
43748094
43748095
43748096
43748097
43748098
43748099
43748100
43748101
43748102
43748103
43748104
43748105
43748106
43748107
43748108
43748109
43748110
43748111
43748112
43748113
43748114
43748115
43748116
43748117
43748118
43748119
43748120
43748121
43748122
43748123
43748124
43748125
43748126
43748127
43748128
43748129
43748130
43748131
43748132
43748133
43748134
43748135
43748136
43748137
43748138
43748139
43748140
43748141
43748142
43748143
43748144
43748145
43748146
43748147
43748148
43748149
43748150
43748151
43748152
43748153
43748154
43748155
43748156
43748157
43748158
43748159
43748160
43748161
43748162
43748163
43748164
43748165
43748166
43748167
43748168
43748169
43748170
43748171
43748172
43748173
43748174
43748175
43748176
43748177
43748178
43748179
43748180
43748181
43748182
43748183
43748184
43748185
43748186
43748187
43748188
43748189
43748190
43748191
43748192
43748193
43748194
43748195
43748196
43748197
43748198
43748199
43748200
43748201
43748202
43748203
43748204
43748205
43748206
43748207
43748208
43748209
43748210
43748211
43748212
43748213
43748214
43748215
43748216
43748217
43748218
43748219
43748220
43748221
43748222
43748223
43748224
43748225
43748226
43748227
43748228
43748229
43748230
43748231
43748232
43748233
43748234
43748235
43748236
43748237
43748238
43748239
43748240
43748241
43748242
43748243
43748244
43748245
43748246
43748247
43748248
43748249
43748250
43748251
43748252
43748253
43748254
43748255
43748256
43748257
43748258
43748259
43748260
43748261
43748262
43748263
43748264
43748265
43748266
43748267
43748268
43748269
43748270
43748271
43748272
43748273
43748274
43748275
43748276
43748277
43748278
43748279
43748280
43748281
43748282
43748283
43748284
43748285
43748286
43748287
43748288
43748289
43748290
43748291
43748292
43748293
43748294
43748295
43748296
43748297
43748298
43748299
43748300
43748301
43748302
43748303
43748304
43748305
43748306
43748307
43748308
43748309
43748310
43748311
43748312
43748313
43748314
43748315
43748316
43748317
43748318
43748319
43748320
43748321
43748322
43748323
43748324
43748325
43748326
43748327
43748328
43748329
43748330
43748331
43748332
43748333
43748334
43748335
43748336
43748337
43748338
43748339
43748340
43748341
43748342
43748343
43748344
43748345
43748346
43748347
43748348
43748349
43748350
43748351
43748352
43748353
43748354
43748355
43748356
43748357
43748358
43748359
43748360
43748361
43748362
43748363
43748364
43748365
43748366
43748367
43748368
43748369
43748370
43748371
43748372
43748373
43748374
43748375
43748376
43748377
43748378
43748379
43748380
43748381
43748382
43748383
43748384
43748385
43748386
43748387
43748388
43748389
43748390
43748391
43748392
43748393
43748394
43748395
43748396
43748397
43748398
43748399
43748400
43748401
43748402
43748403
43748404
43748405
43748406
43748407
43748408
43748409
43748410
43748411
43748412
43748413
43748414
43748415
43748416
43748417
43748418
43748419
43748420
43748421
43748422
43748423
43748424
43748425
43748426
43748427
43748428
43748429
43748430
43748431
43748432
43748433
43748434
43748435
43748436
43748437
43748438
43748439
43748440
43748441
43748442
43748443
43748444
43748445
43748446
43748447
43748448
43748449
43748450
43748451
43748452
43748453
43748454
43748455
43748456
43748457
43748458
43748459
43748460
43748461
43748462
43748463
43748464
43748465
43748466
43748467
43748468
43748469
43748470
43748471
43748472
43748473
43748474
43748475
43748476
43748477
43748478
43748479
43748480
43748481
43748482
43748483
43748484
43748485
43748486
43748487
43748488
43748489
43748490
43748491
43748492
43748493
43748494
43748495
43748496
43748497
43748498
43748499
43748500
43748501
43748502
43748503
43748504
43748505
43748506
43748507
43748508
43748509
43748510
43748511
43748512
43748513
43748514
43748515
43748516
43748517
43748518
43748519
43748520
43748521
43748522
43748523
43748524
43748525
43748526
43748527
43748528
43748529
43748530
43748531
43748532
43748533
43748534
43748535
43748536
43748537
43748538
43748539
43748540
43748541
43748542
43748543
43748544
43748545
43748546
43748547
43748548
43748549
43748550
43748551
43748552
43748553
43748554
43748555
43748556
43748557
43748558
43748559
43748560
43748561
43748562
43748563
43748564
43748565
43748566
43748567
43748568
43748569
43748570
43748571
43748572
43748573
43748574
43748575
43748576
43748577
43748578
43748579
43748580
43748581
43748582
43748583
43748584
43748585
43748586
43748587
43748588
43748589
43748590
43748591
43748592
43748593
43748594
43748595
43748596
43748597
43748598
43748599
43748600
43748601
43748602
43748603
43748604
43748605
43748606
43748607
43748608
43748609
43748610
43748611
43748612
43748613
43748614
43748615
43748616
43748617
43748618
43748619
43748620
43748621
43748622
43748623
43748624
43748625
43748626
43748627
43748628
43748629
43748630
43748631
43748632
43748633
43748634
43748635
43748636
43748637
43748638
43748639
43748640
43748641
43748642
43748643
43748644
43748645
43748646
43748647
43748648
43748649
43748650
43748651
43748652
43748653
43748654
43748655
43748656
43748657
43748658
43748659
43748660
43748661
43748662
43748663
43748664
43748665
43748666
43748667
43748668
43748669
43748670
43748671
43748672
43748673
43748674
43748675
43748676
43748677
43748678
43748679
43748680
43748681
43748682
43748683
43748684
43748685
43748686
43748687
43748688
43748689
43748690
43748691
43748692
43748693
43748694
43748695
43748696
43748697
43748698
43748699
43748700
43748701
43748702
43748703
43748704
43748705
43748706
43748707
43748708
43748709
43748710
43748711
43748712
43748713
43748714
43748715
43748716
43748717
43748718
43748719
43748720
43748721
43748722
43748723
43748724
43748725
43748726
43748727
43748728
43748729
43748730
43748731
43748732
43748733
43748734
43748735
43748736
43748737
43748738
43748739
43748740
43748741
43748742
43748743
43748744
43748745
43748746
43748747
43748748
43748749
43748750
43748751
43748752
43748753
43748754
43748755
43748756
43748757
43748758
43748759
43748760
43748761
43748762
43748763
43748764
43748765
43748766
43748767
43748768
43748769
43748770
43748771
43748772
43748773
43748774
43748775
43748776
43748777
43748778
43748779
43748780
43748781
43748782
43748783
43748784
43748785
43748786
43748787
43748788
43748789
43748790
43748791
43748792
43748793
43748794
43748795
43748796
43748797
43748798
43748799
43748800
43748801
43748802
43748803
43748804
43748805
43748806
43748807
43748808
43748809
43748810
43748811
43748812
43748813
43748814
43748815
43748816
43748817
43748818
43748819
43748820
43748821
43748822
43748823
43748824
43748825
43748826
43748827
43748828
43748829
43748830
43748831
43748832
43748833
43748834
43748835
43748836
43748837
43748838
43748839
43748840
43748841
43748842
43748843
43748844
43748845
43748846
43748847
43748848
43748849
43748850
43748851
43748852
43748853
43748854
43748855
43748856
43748857
43748858
43748859
43748860
43748861
43748862
43748863
43748864
43748865
43748866
43748867
43748868
43748869
43748870
43748871
43748872
43748873
43748874
43748875
43748876
43748877
43748878
43748879
43748880
43748881
43748882
43748883
43748884
43748885
43748886
43748887
43748888
43748889
