44208890
44208891
44208892
44208893
44208894
44208895
44208896
44208897
44208898
44208899
44208900
44208901
44208902
44208903
44208904
44208905
44208906
44208907
44208908
44208909
44208910
44208911
44208912
44208913
44208914
44208915
44208916
44208917
44208918
44208919
44208920
44208921
44208922
44208923
44208924
44208925
44208926
44208927
44208928
44208929
44208930
44208931
44208932
44208933
44208934
44208935
44208936
44208937
44208938
44208939
44208940
44208941
44208942
44208943
44208944
44208945
44208946
44208947
44208948
44208949
44208950
44208951
44208952
44208953
44208954
44208955
44208956
44208957
44208958
44208959
44208960
44208961
44208962
44208963
44208964
44208965
44208966
44208967
44208968
44208969
44208970
44208971
44208972
44208973
44208974
44208975
44208976
44208977
44208978
44208979
44208980
44208981
44208982
44208983
44208984
44208985
44208986
44208987
44208988
44208989
44208990
44208991
44208992
44208993
44208994
44208995
44208996
44208997
44208998
44208999
44209000
44209001
44209002
44209003
44209004
44209005
44209006
44209007
44209008
44209009
44209010
44209011
44209012
44209013
44209014
44209015
44209016
44209017
44209018
44209019
44209020
44209021
44209022
44209023
44209024
44209025
44209026
44209027
44209028
44209029
44209030
44209031
44209032
44209033
44209034
44209035
44209036
44209037
44209038
44209039
44209040
44209041
44209042
44209043
44209044
44209045
44209046
44209047
44209048
44209049
44209050
44209051
44209052
44209053
44209054
44209055
44209056
44209057
44209058
44209059
44209060
44209061
44209062
44209063
44209064
44209065
44209066
44209067
44209068
44209069
44209070
44209071
44209072
44209073
44209074
44209075
44209076
44209077
44209078
44209079
44209080
44209081
44209082
44209083
44209084
44209085
44209086
44209087
44209088
44209089
44209090
44209091
44209092
44209093
44209094
44209095
44209096
44209097
44209098
44209099
44209100
44209101
44209102
44209103
44209104
44209105
44209106
44209107
44209108
44209109
44209110
44209111
44209112
44209113
44209114
44209115
44209116
44209117
44209118
44209119
44209120
44209121
44209122
44209123
44209124
44209125
44209126
44209127
44209128
44209129
44209130
44209131
44209132
44209133
44209134
44209135
44209136
44209137
44209138
44209139
44209140
44209141
44209142
44209143
44209144
44209145
44209146
44209147
44209148
44209149
44209150
44209151
44209152
44209153
44209154
44209155
44209156
44209157
44209158
44209159
44209160
44209161
44209162
44209163
44209164
44209165
44209166
44209167
44209168
44209169
44209170
44209171
44209172
44209173
44209174
44209175
44209176
44209177
44209178
44209179
44209180
44209181
44209182
44209183
44209184
44209185
44209186
44209187
44209188
44209189
44209190
44209191
44209192
44209193
44209194
44209195
44209196
44209197
44209198
44209199
44209200
44209201
44209202
44209203
44209204
44209205
44209206
44209207
44209208
44209209
44209210
44209211
44209212
44209213
44209214
44209215
44209216
44209217
44209218
44209219
44209220
44209221
44209222
44209223
44209224
44209225
44209226
44209227
44209228
44209229
44209230
44209231
44209232
44209233
44209234
44209235
44209236
44209237
44209238
44209239
44209240
44209241
44209242
44209243
44209244
44209245
44209246
44209247
44209248
44209249
44209250
44209251
44209252
44209253
44209254
44209255
44209256
44209257
44209258
44209259
44209260
44209261
44209262
44209263
44209264
44209265
44209266
44209267
44209268
44209269
44209270
44209271
44209272
44209273
44209274
44209275
44209276
44209277
44209278
44209279
44209280
44209281
44209282
44209283
44209284
44209285
44209286
44209287
44209288
44209289
44209290
44209291
44209292
44209293
44209294
44209295
44209296
44209297
44209298
44209299
44209300
44209301
44209302
44209303
44209304
44209305
44209306
44209307
44209308
44209309
44209310
44209311
44209312
44209313
44209314
44209315
44209316
44209317
44209318
44209319
44209320
44209321
44209322
44209323
44209324
44209325
44209326
44209327
44209328
44209329
44209330
44209331
44209332
44209333
44209334
44209335
44209336
44209337
44209338
44209339
44209340
44209341
44209342
44209343
44209344
44209345
44209346
44209347
44209348
44209349
44209350
44209351
44209352
44209353
44209354
44209355
44209356
44209357
44209358
44209359
44209360
44209361
44209362
44209363
44209364
44209365
44209366
44209367
44209368
44209369
44209370
44209371
44209372
44209373
44209374
44209375
44209376
44209377
44209378
44209379
44209380
44209381
44209382
44209383
44209384
44209385
44209386
44209387
44209388
44209389
44209390
44209391
44209392
44209393
44209394
44209395
44209396
44209397
44209398
44209399
44209400
44209401
44209402
44209403
44209404
44209405
44209406
44209407
44209408
44209409
44209410
44209411
44209412
44209413
44209414
44209415
44209416
44209417
44209418
44209419
44209420
44209421
44209422
44209423
44209424
44209425
44209426
44209427
44209428
44209429
44209430
44209431
44209432
44209433
44209434
44209435
44209436
44209437
44209438
44209439
44209440
44209441
44209442
44209443
44209444
44209445
44209446
44209447
44209448
44209449
44209450
44209451
44209452
44209453
44209454
44209455
44209456
44209457
44209458
44209459
44209460
44209461
44209462
44209463
44209464
44209465
44209466
44209467
44209468
44209469
44209470
44209471
44209472
44209473
44209474
44209475
44209476
44209477
44209478
44209479
44209480
44209481
44209482
44209483
44209484
44209485
44209486
44209487
44209488
44209489
44209490
44209491
44209492
44209493
44209494
44209495
44209496
44209497
44209498
44209499
44209500
44209501
44209502
44209503
44209504
44209505
44209506
44209507
44209508
44209509
44209510
44209511
44209512
44209513
44209514
44209515
44209516
44209517
44209518
44209519
44209520
44209521
44209522
44209523
44209524
44209525
44209526
44209527
44209528
44209529
44209530
44209531
44209532
44209533
44209534
44209535
44209536
44209537
44209538
44209539
44209540
44209541
44209542
44209543
44209544
44209545
44209546
44209547
44209548
44209549
44209550
44209551
44209552
44209553
44209554
44209555
44209556
44209557
44209558
44209559
44209560
44209561
44209562
44209563
44209564
44209565
44209566
44209567
44209568
44209569
44209570
44209571
44209572
44209573
44209574
44209575
44209576
44209577
44209578
44209579
44209580
44209581
44209582
44209583
44209584
44209585
44209586
44209587
44209588
44209589
44209590
44209591
44209592
44209593
44209594
44209595
44209596
44209597
44209598
44209599
44209600
44209601
44209602
44209603
44209604
44209605
44209606
44209607
44209608
44209609
44209610
44209611
44209612
44209613
44209614
44209615
44209616
44209617
44209618
44209619
44209620
44209621
44209622
44209623
44209624
44209625
44209626
44209627
44209628
44209629
44209630
44209631
44209632
44209633
44209634
44209635
44209636
44209637
44209638
44209639
44209640
44209641
44209642
44209643
44209644
44209645
44209646
44209647
44209648
44209649
44209650
44209651
44209652
44209653
44209654
44209655
44209656
44209657
44209658
44209659
44209660
44209661
44209662
44209663
44209664
44209665
44209666
44209667
44209668
44209669
44209670
44209671
44209672
44209673
44209674
44209675
44209676
44209677
44209678
44209679
44209680
44209681
44209682
44209683
44209684
44209685
44209686
44209687
44209688
44209689
44209690
44209691
44209692
44209693
44209694
44209695
44209696
44209697
44209698
44209699
44209700
44209701
44209702
44209703
44209704
44209705
44209706
44209707
44209708
44209709
44209710
44209711
44209712
44209713
44209714
44209715
44209716
44209717
44209718
44209719
44209720
44209721
44209722
44209723
44209724
44209725
44209726
44209727
44209728
44209729
44209730
44209731
44209732
44209733
44209734
44209735
44209736
44209737
44209738
44209739
44209740
44209741
44209742
44209743
44209744
44209745
44209746
44209747
44209748
44209749
44209750
44209751
44209752
44209753
44209754
44209755
44209756
44209757
44209758
44209759
44209760
44209761
44209762
44209763
44209764
44209765
44209766
44209767
44209768
44209769
44209770
44209771
44209772
44209773
44209774
44209775
44209776
44209777
44209778
44209779
44209780
44209781
44209782
44209783
44209784
44209785
44209786
44209787
44209788
44209789
44209790
44209791
44209792
44209793
44209794
44209795
44209796
44209797
44209798
44209799
44209800
44209801
44209802
44209803
44209804
44209805
44209806
44209807
44209808
44209809
44209810
44209811
44209812
44209813
44209814
44209815
44209816
44209817
44209818
44209819
44209820
44209821
44209822
44209823
44209824
44209825
44209826
44209827
44209828
44209829
44209830
44209831
44209832
44209833
44209834
44209835
44209836
44209837
44209838
44209839
44209840
44209841
44209842
44209843
44209844
44209845
44209846
44209847
44209848
44209849
44209850
44209851
44209852
44209853
44209854
44209855
44209856
44209857
44209858
44209859
44209860
44209861
44209862
44209863
44209864
44209865
44209866
44209867
44209868
44209869
44209870
44209871
44209872
44209873
44209874
44209875
44209876
44209877
44209878
44209879
44209880
44209881
44209882
44209883
44209884
44209885
44209886
44209887
44209888
44209889
44209890
44209891
44209892
44209893
44209894
44209895
44209896
44209897
44209898
44209899
44209900
44209901
44209902
44209903
44209904
44209905
44209906
44209907
44209908
44209909
44209910
44209911
44209912
44209913
44209914
44209915
44209916
44209917
44209918
44209919
44209920
44209921
44209922
44209923
44209924
44209925
44209926
44209927
44209928
44209929
44209930
44209931
44209932
44209933
44209934
44209935
44209936
44209937
44209938
44209939
44209940
44209941
44209942
44209943
44209944
44209945
44209946
44209947
44209948
44209949
44209950
44209951
44209952
44209953
44209954
44209955
44209956
44209957
44209958
44209959
44209960
44209961
44209962
44209963
44209964
44209965
44209966
44209967
44209968
44209969
44209970
44209971
44209972
44209973
44209974
44209975
44209976
44209977
44209978
44209979
44209980
44209981
44209982
44209983
44209984
44209985
44209986
44209987
44209988
44209989
44209990
44209991
44209992
44209993
44209994
44209995
44209996
44209997
44209998
44209999
44210000
44210001
44210002
44210003
44210004
44210005
44210006
44210007
44210008
44210009
44210010
44210011
44210012
44210013
44210014
44210015
44210016
44210017
44210018
44210019
44210020
44210021
44210022
44210023
44210024
44210025
44210026
44210027
44210028
44210029
44210030
44210031
44210032
44210033
44210034
44210035
44210036
44210037
44210038
44210039
44210040
44210041
44210042
44210043
44210044
44210045
44210046
44210047
44210048
44210049
44210050
44210051
44210052
44210053
44210054
44210055
44210056
44210057
44210058
44210059
44210060
44210061
44210062
44210063
44210064
44210065
44210066
44210067
44210068
44210069
44210070
44210071
44210072
44210073
44210074
44210075
44210076
44210077
44210078
44210079
44210080
44210081
44210082
44210083
44210084
44210085
44210086
44210087
44210088
44210089
44210090
44210091
44210092
44210093
44210094
44210095
44210096
44210097
44210098
44210099
44210100
44210101
44210102
44210103
44210104
44210105
44210106
44210107
44210108
44210109
44210110
44210111
44210112
44210113
44210114
44210115
44210116
44210117
44210118
44210119
44210120
44210121
44210122
44210123
44210124
44210125
44210126
44210127
44210128
44210129
44210130
44210131
44210132
44210133
44210134
44210135
44210136
44210137
44210138
44210139
44210140
44210141
44210142
44210143
44210144
44210145
44210146
44210147
44210148
44210149
44210150
44210151
44210152
44210153
44210154
44210155
44210156
44210157
44210158
44210159
44210160
44210161
44210162
44210163
44210164
44210165
44210166
44210167
44210168
44210169
44210170
44210171
44210172
44210173
44210174
44210175
44210176
44210177
44210178
44210179
44210180
44210181
44210182
44210183
44210184
44210185
44210186
44210187
44210188
44210189
44210190
44210191
44210192
44210193
44210194
44210195
44210196
44210197
44210198
44210199
44210200
44210201
44210202
44210203
44210204
44210205
44210206
44210207
44210208
44210209
44210210
44210211
44210212
44210213
44210214
44210215
44210216
44210217
44210218
44210219
44210220
44210221
44210222
44210223
44210224
44210225
44210226
44210227
44210228
44210229
44210230
44210231
44210232
44210233
44210234
44210235
44210236
44210237
44210238
44210239
44210240
44210241
44210242
44210243
44210244
44210245
44210246
44210247
44210248
44210249
44210250
44210251
44210252
44210253
44210254
44210255
44210256
44210257
44210258
44210259
44210260
44210261
44210262
44210263
44210264
44210265
44210266
44210267
44210268
44210269
44210270
44210271
44210272
44210273
44210274
44210275
44210276
44210277
44210278
44210279
44210280
44210281
44210282
44210283
44210284
44210285
44210286
44210287
44210288
44210289
44210290
44210291
44210292
44210293
44210294
44210295
44210296
44210297
44210298
44210299
44210300
44210301
44210302
44210303
44210304
44210305
44210306
44210307
44210308
44210309
44210310
44210311
44210312
44210313
44210314
44210315
44210316
44210317
44210318
44210319
44210320
44210321
44210322
44210323
44210324
44210325
44210326
44210327
44210328
44210329
44210330
44210331
44210332
44210333
44210334
44210335
44210336
44210337
44210338
44210339
44210340
44210341
44210342
44210343
44210344
44210345
44210346
44210347
44210348
44210349
44210350
44210351
44210352
44210353
44210354
44210355
44210356
44210357
44210358
44210359
44210360
44210361
44210362
44210363
44210364
44210365
44210366
44210367
44210368
44210369
44210370
44210371
44210372
44210373
44210374
44210375
44210376
44210377
44210378
44210379
44210380
44210381
44210382
44210383
44210384
44210385
44210386
44210387
44210388
44210389
44210390
44210391
44210392
44210393
44210394
44210395
44210396
44210397
44210398
44210399
44210400
44210401
44210402
44210403
44210404
44210405
44210406
44210407
44210408
44210409
44210410
44210411
44210412
44210413
44210414
44210415
44210416
44210417
44210418
44210419
44210420
44210421
44210422
44210423
44210424
44210425
44210426
44210427
44210428
44210429
44210430
44210431
44210432
44210433
44210434
44210435
44210436
44210437
44210438
44210439
44210440
44210441
44210442
44210443
44210444
44210445
44210446
44210447
44210448
44210449
44210450
44210451
44210452
44210453
44210454
44210455
44210456
44210457
44210458
44210459
44210460
44210461
44210462
44210463
44210464
44210465
44210466
44210467
44210468
44210469
44210470
44210471
44210472
44210473
44210474
44210475
44210476
44210477
44210478
44210479
44210480
44210481
44210482
44210483
44210484
44210485
44210486
44210487
44210488
44210489
44210490
44210491
44210492
44210493
44210494
44210495
44210496
44210497
44210498
44210499
44210500
44210501
44210502
44210503
44210504
44210505
44210506
44210507
44210508
44210509
44210510
44210511
44210512
44210513
44210514
44210515
44210516
44210517
44210518
44210519
44210520
44210521
44210522
44210523
44210524
44210525
44210526
44210527
44210528
44210529
44210530
44210531
44210532
44210533
44210534
44210535
44210536
44210537
44210538
44210539
44210540
44210541
44210542
44210543
44210544
44210545
44210546
44210547
44210548
44210549
44210550
44210551
44210552
44210553
44210554
44210555
44210556
44210557
44210558
44210559
44210560
44210561
44210562
44210563
44210564
44210565
44210566
44210567
44210568
44210569
44210570
44210571
44210572
44210573
44210574
44210575
44210576
44210577
44210578
44210579
44210580
44210581
44210582
44210583
44210584
44210585
44210586
44210587
44210588
44210589
44210590
44210591
44210592
44210593
44210594
44210595
44210596
44210597
44210598
44210599
44210600
44210601
44210602
44210603
44210604
44210605
44210606
44210607
44210608
44210609
44210610
44210611
44210612
44210613
44210614
44210615
44210616
44210617
44210618
44210619
44210620
44210621
44210622
44210623
44210624
44210625
44210626
44210627
44210628
44210629
44210630
44210631
44210632
44210633
44210634
44210635
44210636
44210637
44210638
44210639
44210640
44210641
44210642
44210643
44210644
44210645
44210646
44210647
44210648
44210649
44210650
44210651
44210652
44210653
44210654
44210655
44210656
44210657
44210658
44210659
44210660
44210661
44210662
44210663
44210664
44210665
44210666
44210667
44210668
44210669
44210670
44210671
44210672
44210673
44210674
44210675
44210676
44210677
44210678
44210679
44210680
44210681
44210682
44210683
44210684
44210685
44210686
44210687
44210688
44210689
44210690
44210691
44210692
44210693
44210694
44210695
44210696
44210697
44210698
44210699
44210700
44210701
44210702
44210703
44210704
44210705
44210706
44210707
44210708
44210709
44210710
44210711
44210712
44210713
44210714
44210715
44210716
44210717
44210718
44210719
44210720
44210721
44210722
44210723
44210724
44210725
44210726
44210727
44210728
44210729
44210730
44210731
44210732
44210733
44210734
44210735
44210736
44210737
44210738
44210739
44210740
44210741
44210742
44210743
44210744
44210745
44210746
44210747
44210748
44210749
44210750
44210751
44210752
44210753
44210754
44210755
44210756
44210757
44210758
44210759
44210760
44210761
44210762
44210763
44210764
44210765
44210766
44210767
44210768
44210769
44210770
44210771
44210772
44210773
44210774
44210775
44210776
44210777
44210778
44210779
44210780
44210781
44210782
44210783
44210784
44210785
44210786
44210787
44210788
44210789
44210790
44210791
44210792
44210793
44210794
44210795
44210796
44210797
44210798
44210799
44210800
44210801
44210802
44210803
44210804
44210805
44210806
44210807
44210808
44210809
44210810
44210811
44210812
44210813
44210814
44210815
44210816
44210817
44210818
44210819
44210820
44210821
44210822
44210823
44210824
44210825
44210826
44210827
44210828
44210829
44210830
44210831
44210832
44210833
44210834
44210835
44210836
44210837
44210838
44210839
44210840
44210841
44210842
44210843
44210844
44210845
44210846
44210847
44210848
44210849
44210850
44210851
44210852
44210853
44210854
44210855
44210856
44210857
44210858
44210859
44210860
44210861
44210862
44210863
44210864
44210865
44210866
44210867
44210868
44210869
44210870
44210871
44210872
44210873
44210874
44210875
44210876
44210877
44210878
44210879
44210880
44210881
44210882
44210883
44210884
44210885
44210886
44210887
44210888
44210889
44210890
44210891
44210892
44210893
44210894
44210895
44210896
44210897
44210898
44210899
44210900
44210901
44210902
44210903
44210904
44210905
44210906
44210907
44210908
44210909
44210910
44210911
44210912
44210913
44210914
44210915
44210916
44210917
44210918
44210919
44210920
44210921
44210922
44210923
44210924
44210925
44210926
44210927
44210928
44210929
44210930
44210931
44210932
44210933
44210934
44210935
44210936
44210937
44210938
44210939
44210940
44210941
44210942
44210943
44210944
44210945
44210946
44210947
44210948
44210949
44210950
44210951
44210952
44210953
44210954
44210955
44210956
44210957
44210958
44210959
44210960
44210961
44210962
44210963
44210964
44210965
44210966
44210967
44210968
44210969
44210970
44210971
44210972
44210973
44210974
44210975
44210976
44210977
44210978
44210979
44210980
44210981
44210982
44210983
44210984
44210985
44210986
44210987
44210988
44210989
44210990
44210991
44210992
44210993
44210994
44210995
44210996
44210997
44210998
44210999
44211000
44211001
44211002
44211003
44211004
44211005
44211006
44211007
44211008
44211009
44211010
44211011
44211012
44211013
44211014
44211015
44211016
44211017
44211018
44211019
44211020
44211021
44211022
44211023
44211024
44211025
44211026
44211027
44211028
44211029
44211030
44211031
44211032
44211033
44211034
44211035
44211036
44211037
44211038
44211039
44211040
44211041
44211042
44211043
44211044
44211045
44211046
44211047
44211048
44211049
44211050
44211051
44211052
44211053
44211054
44211055
44211056
44211057
44211058
44211059
44211060
44211061
44211062
44211063
44211064
44211065
44211066
44211067
44211068
44211069
44211070
44211071
44211072
44211073
44211074
44211075
44211076
44211077
44211078
44211079
44211080
44211081
44211082
44211083
44211084
44211085
44211086
44211087
44211088
44211089
44211090
44211091
44211092
44211093
44211094
44211095
44211096
44211097
44211098
44211099
44211100
44211101
44211102
44211103
44211104
44211105
44211106
44211107
44211108
44211109
44211110
44211111
44211112
44211113
44211114
44211115
44211116
44211117
44211118
44211119
44211120
44211121
44211122
44211123
44211124
44211125
44211126
44211127
44211128
44211129
44211130
44211131
44211132
44211133
44211134
44211135
44211136
44211137
44211138
44211139
44211140
44211141
44211142
44211143
44211144
44211145
44211146
44211147
44211148
44211149
44211150
44211151
44211152
44211153
44211154
44211155
44211156
44211157
44211158
44211159
44211160
44211161
44211162
44211163
44211164
44211165
44211166
44211167
44211168
44211169
44211170
44211171
44211172
44211173
44211174
44211175
44211176
44211177
44211178
44211179
44211180
44211181
44211182
44211183
44211184
44211185
44211186
44211187
44211188
44211189
44211190
44211191
44211192
44211193
44211194
44211195
44211196
44211197
44211198
44211199
44211200
44211201
44211202
44211203
44211204
44211205
44211206
44211207
44211208
44211209
44211210
44211211
44211212
44211213
44211214
44211215
44211216
44211217
44211218
44211219
44211220
44211221
44211222
44211223
44211224
44211225
44211226
44211227
44211228
44211229
44211230
44211231
44211232
44211233
44211234
44211235
44211236
44211237
44211238
44211239
44211240
44211241
44211242
44211243
44211244
44211245
44211246
44211247
44211248
44211249
44211250
44211251
44211252
44211253
44211254
44211255
44211256
44211257
44211258
44211259
44211260
44211261
44211262
44211263
44211264
44211265
44211266
44211267
44211268
44211269
44211270
44211271
44211272
44211273
44211274
44211275
44211276
44211277
44211278
44211279
44211280
44211281
44211282
44211283
44211284
44211285
44211286
44211287
44211288
44211289
44211290
44211291
44211292
44211293
44211294
44211295
44211296
44211297
44211298
44211299
44211300
44211301
44211302
44211303
44211304
44211305
44211306
44211307
44211308
44211309
44211310
44211311
44211312
44211313
44211314
44211315
44211316
44211317
44211318
44211319
44211320
44211321
44211322
44211323
44211324
44211325
44211326
44211327
44211328
44211329
44211330
44211331
44211332
44211333
44211334
44211335
44211336
44211337
44211338
44211339
44211340
44211341
44211342
44211343
44211344
44211345
44211346
44211347
44211348
44211349
44211350
44211351
44211352
44211353
44211354
44211355
44211356
44211357
44211358
44211359
44211360
44211361
44211362
44211363
44211364
44211365
44211366
44211367
44211368
44211369
44211370
44211371
44211372
44211373
44211374
44211375
44211376
44211377
44211378
44211379
44211380
44211381
44211382
44211383
44211384
44211385
44211386
44211387
44211388
44211389
44211390
44211391
44211392
44211393
44211394
44211395
44211396
44211397
44211398
44211399
44211400
44211401
44211402
44211403
44211404
44211405
44211406
44211407
44211408
44211409
44211410
44211411
44211412
44211413
44211414
44211415
44211416
44211417
44211418
44211419
44211420
44211421
44211422
44211423
44211424
44211425
44211426
44211427
44211428
44211429
44211430
44211431
44211432
44211433
44211434
44211435
44211436
44211437
44211438
44211439
44211440
44211441
44211442
44211443
44211444
44211445
44211446
44211447
44211448
44211449
44211450
44211451
44211452
44211453
44211454
44211455
44211456
44211457
44211458
44211459
44211460
44211461
44211462
44211463
44211464
44211465
44211466
44211467
44211468
44211469
44211470
44211471
44211472
44211473
44211474
44211475
44211476
44211477
44211478
44211479
44211480
44211481
44211482
44211483
44211484
44211485
44211486
44211487
44211488
44211489
44211490
44211491
44211492
44211493
44211494
44211495
44211496
44211497
44211498
44211499
44211500
44211501
44211502
44211503
44211504
44211505
44211506
44211507
44211508
44211509
44211510
44211511
44211512
44211513
44211514
44211515
44211516
44211517
44211518
44211519
44211520
44211521
44211522
44211523
44211524
44211525
44211526
44211527
44211528
44211529
44211530
44211531
44211532
44211533
44211534
44211535
44211536
44211537
44211538
44211539
44211540
44211541
44211542
44211543
44211544
44211545
44211546
44211547
44211548
44211549
44211550
44211551
44211552
44211553
44211554
44211555
44211556
44211557
44211558
44211559
44211560
44211561
44211562
44211563
44211564
44211565
44211566
44211567
44211568
44211569
44211570
44211571
44211572
44211573
44211574
44211575
44211576
44211577
44211578
44211579
44211580
44211581
44211582
44211583
44211584
44211585
44211586
44211587
44211588
44211589
44211590
44211591
44211592
44211593
44211594
44211595
44211596
44211597
44211598
44211599
44211600
44211601
44211602
44211603
44211604
44211605
44211606
44211607
44211608
44211609
44211610
44211611
44211612
44211613
44211614
44211615
44211616
44211617
44211618
44211619
44211620
44211621
44211622
44211623
44211624
44211625
44211626
44211627
44211628
44211629
44211630
44211631
44211632
44211633
44211634
44211635
44211636
44211637
44211638
44211639
44211640
44211641
44211642
44211643
44211644
44211645
44211646
44211647
44211648
44211649
44211650
44211651
44211652
44211653
44211654
44211655
44211656
44211657
44211658
44211659
44211660
44211661
44211662
44211663
44211664
44211665
44211666
44211667
44211668
44211669
44211670
44211671
44211672
44211673
44211674
44211675
44211676
44211677
44211678
44211679
44211680
44211681
44211682
44211683
44211684
44211685
44211686
44211687
44211688
44211689
44211690
44211691
44211692
44211693
44211694
44211695
44211696
44211697
44211698
44211699
44211700
44211701
44211702
44211703
44211704
44211705
44211706
44211707
44211708
44211709
44211710
44211711
44211712
44211713
44211714
44211715
44211716
44211717
44211718
44211719
44211720
44211721
44211722
44211723
44211724
44211725
44211726
44211727
44211728
44211729
44211730
44211731
44211732
44211733
44211734
44211735
44211736
44211737
44211738
44211739
44211740
44211741
44211742
44211743
44211744
44211745
44211746
44211747
44211748
44211749
44211750
44211751
44211752
44211753
44211754
44211755
44211756
44211757
44211758
44211759
44211760
44211761
44211762
44211763
44211764
44211765
44211766
44211767
44211768
44211769
44211770
44211771
44211772
44211773
44211774
44211775
44211776
44211777
44211778
44211779
44211780
44211781
44211782
44211783
44211784
44211785
44211786
44211787
44211788
44211789
44211790
44211791
44211792
44211793
44211794
44211795
44211796
44211797
44211798
44211799
44211800
44211801
44211802
44211803
44211804
44211805
44211806
44211807
44211808
44211809
44211810
44211811
44211812
44211813
44211814
44211815
44211816
44211817
44211818
44211819
44211820
44211821
44211822
44211823
44211824
44211825
44211826
44211827
44211828
44211829
44211830
44211831
44211832
44211833
44211834
44211835
44211836
44211837
44211838
44211839
44211840
44211841
44211842
44211843
44211844
44211845
44211846
44211847
44211848
44211849
44211850
44211851
44211852
44211853
44211854
44211855
44211856
44211857
44211858
44211859
44211860
44211861
44211862
44211863
44211864
44211865
44211866
44211867
44211868
44211869
44211870
44211871
44211872
44211873
44211874
44211875
44211876
44211877
44211878
44211879
44211880
44211881
44211882
44211883
44211884
44211885
44211886
44211887
44211888
44211889
44211890
44211891
44211892
44211893
44211894
44211895
44211896
44211897
44211898
44211899
44211900
44211901
44211902
44211903
44211904
44211905
44211906
44211907
44211908
44211909
44211910
44211911
44211912
44211913
44211914
44211915
44211916
44211917
44211918
44211919
44211920
44211921
44211922
44211923
44211924
44211925
44211926
44211927
44211928
44211929
44211930
44211931
44211932
44211933
44211934
44211935
44211936
44211937
44211938
44211939
44211940
44211941
44211942
44211943
44211944
44211945
44211946
44211947
44211948
44211949
44211950
44211951
44211952
44211953
44211954
44211955
44211956
44211957
44211958
44211959
44211960
44211961
44211962
44211963
44211964
44211965
44211966
44211967
44211968
44211969
44211970
44211971
44211972
44211973
44211974
44211975
44211976
44211977
44211978
44211979
44211980
44211981
44211982
44211983
44211984
44211985
44211986
44211987
44211988
44211989
44211990
44211991
44211992
44211993
44211994
44211995
44211996
44211997
44211998
44211999
44212000
44212001
44212002
44212003
44212004
44212005
44212006
44212007
44212008
44212009
44212010
44212011
44212012
44212013
44212014
44212015
44212016
44212017
44212018
44212019
44212020
44212021
44212022
44212023
44212024
44212025
44212026
44212027
44212028
44212029
44212030
44212031
44212032
44212033
44212034
44212035
44212036
44212037
44212038
44212039
44212040
44212041
44212042
44212043
44212044
44212045
44212046
44212047
44212048
44212049
44212050
44212051
44212052
44212053
44212054
44212055
44212056
44212057
44212058
44212059
44212060
44212061
44212062
44212063
44212064
44212065
44212066
44212067
44212068
44212069
44212070
44212071
44212072
44212073
44212074
44212075
44212076
44212077
44212078
44212079
44212080
44212081
44212082
44212083
44212084
44212085
44212086
44212087
44212088
44212089
44212090
44212091
44212092
44212093
44212094
44212095
44212096
44212097
44212098
44212099
44212100
44212101
44212102
44212103
44212104
44212105
44212106
44212107
44212108
44212109
44212110
44212111
44212112
44212113
44212114
44212115
44212116
44212117
44212118
44212119
44212120
44212121
44212122
44212123
44212124
44212125
44212126
44212127
44212128
44212129
44212130
44212131
44212132
44212133
44212134
44212135
44212136
44212137
44212138
44212139
44212140
44212141
44212142
44212143
44212144
44212145
44212146
44212147
44212148
44212149
44212150
44212151
44212152
44212153
44212154
44212155
44212156
44212157
44212158
44212159
44212160
44212161
44212162
44212163
44212164
44212165
44212166
44212167
44212168
44212169
44212170
44212171
44212172
44212173
44212174
44212175
44212176
44212177
44212178
44212179
44212180
44212181
44212182
44212183
44212184
44212185
44212186
44212187
44212188
44212189
44212190
44212191
44212192
44212193
44212194
44212195
44212196
44212197
44212198
44212199
44212200
44212201
44212202
44212203
44212204
44212205
44212206
44212207
44212208
44212209
44212210
44212211
44212212
44212213
44212214
44212215
44212216
44212217
44212218
44212219
44212220
44212221
44212222
44212223
44212224
44212225
44212226
44212227
44212228
44212229
44212230
44212231
44212232
44212233
44212234
44212235
44212236
44212237
44212238
44212239
44212240
44212241
44212242
44212243
44212244
44212245
44212246
44212247
44212248
44212249
44212250
44212251
44212252
44212253
44212254
44212255
44212256
44212257
44212258
44212259
44212260
44212261
44212262
44212263
44212264
44212265
44212266
44212267
44212268
44212269
44212270
44212271
44212272
44212273
44212274
44212275
44212276
44212277
44212278
44212279
44212280
44212281
44212282
44212283
44212284
44212285
44212286
44212287
44212288
44212289
44212290
44212291
44212292
44212293
44212294
44212295
44212296
44212297
44212298
44212299
44212300
44212301
44212302
44212303
44212304
44212305
44212306
44212307
44212308
44212309
44212310
44212311
44212312
44212313
44212314
44212315
44212316
44212317
44212318
44212319
44212320
44212321
44212322
44212323
44212324
44212325
44212326
44212327
44212328
44212329
44212330
44212331
44212332
44212333
44212334
44212335
44212336
44212337
44212338
44212339
44212340
44212341
44212342
44212343
44212344
44212345
44212346
44212347
44212348
44212349
44212350
44212351
44212352
44212353
44212354
44212355
44212356
44212357
44212358
44212359
44212360
44212361
44212362
44212363
44212364
44212365
44212366
44212367
44212368
44212369
44212370
44212371
44212372
44212373
44212374
44212375
44212376
44212377
44212378
44212379
44212380
44212381
44212382
44212383
44212384
44212385
44212386
44212387
44212388
44212389
44212390
44212391
44212392
44212393
44212394
44212395
44212396
44212397
44212398
44212399
44212400
44212401
44212402
44212403
44212404
44212405
44212406
44212407
44212408
44212409
44212410
44212411
44212412
44212413
44212414
44212415
44212416
44212417
44212418
44212419
44212420
44212421
44212422
44212423
44212424
44212425
44212426
44212427
44212428
44212429
44212430
44212431
44212432
44212433
44212434
44212435
44212436
44212437
44212438
44212439
44212440
44212441
44212442
44212443
44212444
44212445
44212446
44212447
44212448
44212449
44212450
44212451
44212452
44212453
44212454
44212455
44212456
44212457
44212458
44212459
44212460
44212461
44212462
44212463
44212464
44212465
44212466
44212467
44212468
44212469
44212470
44212471
44212472
44212473
44212474
44212475
44212476
44212477
44212478
44212479
44212480
44212481
44212482
44212483
44212484
44212485
44212486
44212487
44212488
44212489
44212490
44212491
44212492
44212493
44212494
44212495
44212496
44212497
44212498
44212499
44212500
44212501
44212502
44212503
44212504
44212505
44212506
44212507
44212508
44212509
44212510
44212511
44212512
44212513
44212514
44212515
44212516
44212517
44212518
44212519
44212520
44212521
44212522
44212523
44212524
44212525
44212526
44212527
44212528
44212529
44212530
44212531
44212532
44212533
44212534
44212535
44212536
44212537
44212538
44212539
44212540
44212541
44212542
44212543
44212544
44212545
44212546
44212547
44212548
44212549
44212550
44212551
44212552
44212553
44212554
44212555
44212556
44212557
44212558
44212559
44212560
44212561
44212562
44212563
44212564
44212565
44212566
44212567
44212568
44212569
44212570
44212571
44212572
44212573
44212574
44212575
44212576
44212577
44212578
44212579
44212580
44212581
44212582
44212583
44212584
44212585
44212586
44212587
44212588
44212589
44212590
44212591
44212592
44212593
44212594
44212595
44212596
44212597
44212598
44212599
44212600
44212601
44212602
44212603
44212604
44212605
44212606
44212607
44212608
44212609
44212610
44212611
44212612
44212613
44212614
44212615
44212616
44212617
44212618
44212619
44212620
44212621
44212622
44212623
44212624
44212625
44212626
44212627
44212628
44212629
44212630
44212631
44212632
44212633
44212634
44212635
44212636
44212637
44212638
44212639
44212640
44212641
44212642
44212643
44212644
44212645
44212646
44212647
44212648
44212649
44212650
44212651
44212652
44212653
44212654
44212655
44212656
44212657
44212658
44212659
44212660
44212661
44212662
44212663
44212664
44212665
44212666
44212667
44212668
44212669
44212670
44212671
44212672
44212673
44212674
44212675
44212676
44212677
44212678
44212679
44212680
44212681
44212682
44212683
44212684
44212685
44212686
44212687
44212688
44212689
44212690
44212691
44212692
44212693
44212694
44212695
44212696
44212697
44212698
44212699
44212700
44212701
44212702
44212703
44212704
44212705
44212706
44212707
44212708
44212709
44212710
44212711
44212712
44212713
44212714
44212715
44212716
44212717
44212718
44212719
44212720
44212721
44212722
44212723
44212724
44212725
44212726
44212727
44212728
44212729
44212730
44212731
44212732
44212733
44212734
44212735
44212736
44212737
44212738
44212739
44212740
44212741
44212742
44212743
44212744
44212745
44212746
44212747
44212748
44212749
44212750
44212751
44212752
44212753
44212754
44212755
44212756
44212757
44212758
44212759
44212760
44212761
44212762
44212763
44212764
44212765
44212766
44212767
44212768
44212769
44212770
44212771
44212772
44212773
44212774
44212775
44212776
44212777
44212778
44212779
44212780
44212781
44212782
44212783
44212784
44212785
44212786
44212787
44212788
44212789
44212790
44212791
44212792
44212793
44212794
44212795
44212796
44212797
44212798
44212799
44212800
44212801
44212802
44212803
44212804
44212805
44212806
44212807
44212808
44212809
44212810
44212811
44212812
44212813
44212814
44212815
44212816
44212817
44212818
44212819
44212820
44212821
44212822
44212823
44212824
44212825
44212826
44212827
44212828
44212829
44212830
44212831
44212832
44212833
44212834
44212835
44212836
44212837
44212838
44212839
44212840
44212841
44212842
44212843
44212844
44212845
44212846
44212847
44212848
44212849
44212850
44212851
44212852
44212853
44212854
44212855
44212856
44212857
44212858
44212859
44212860
44212861
44212862
44212863
44212864
44212865
44212866
44212867
44212868
44212869
44212870
44212871
44212872
44212873
44212874
44212875
44212876
44212877
44212878
44212879
44212880
44212881
44212882
44212883
44212884
44212885
44212886
44212887
44212888
44212889
44212890
44212891
44212892
44212893
44212894
44212895
44212896
44212897
44212898
44212899
44212900
44212901
44212902
44212903
44212904
44212905
44212906
44212907
44212908
44212909
44212910
44212911
44212912
44212913
44212914
44212915
44212916
44212917
44212918
44212919
44212920
44212921
44212922
44212923
44212924
44212925
44212926
44212927
44212928
44212929
44212930
44212931
44212932
44212933
44212934
44212935
44212936
44212937
44212938
44212939
44212940
44212941
44212942
44212943
44212944
44212945
44212946
44212947
44212948
44212949
44212950
44212951
44212952
44212953
44212954
44212955
44212956
44212957
44212958
44212959
44212960
44212961
44212962
44212963
44212964
44212965
44212966
44212967
44212968
44212969
44212970
44212971
44212972
44212973
44212974
44212975
44212976
44212977
44212978
44212979
44212980
44212981
44212982
44212983
44212984
44212985
44212986
44212987
44212988
44212989
44212990
44212991
44212992
44212993
44212994
44212995
44212996
44212997
44212998
44212999
44213000
44213001
44213002
44213003
44213004
44213005
44213006
44213007
44213008
44213009
44213010
44213011
44213012
44213013
44213014
44213015
44213016
44213017
44213018
44213019
44213020
44213021
44213022
44213023
44213024
44213025
44213026
44213027
44213028
44213029
44213030
44213031
44213032
44213033
44213034
44213035
44213036
44213037
44213038
44213039
44213040
44213041
44213042
44213043
44213044
44213045
44213046
44213047
44213048
44213049
44213050
44213051
44213052
44213053
44213054
44213055
44213056
44213057
44213058
44213059
44213060
44213061
44213062
44213063
44213064
44213065
44213066
44213067
44213068
44213069
44213070
44213071
44213072
44213073
44213074
44213075
44213076
44213077
44213078
44213079
44213080
44213081
44213082
44213083
44213084
44213085
44213086
44213087
44213088
44213089
44213090
44213091
44213092
44213093
44213094
44213095
44213096
44213097
44213098
44213099
44213100
44213101
44213102
44213103
44213104
44213105
44213106
44213107
44213108
44213109
44213110
44213111
44213112
44213113
44213114
44213115
44213116
44213117
44213118
44213119
44213120
44213121
44213122
44213123
44213124
44213125
44213126
44213127
44213128
44213129
44213130
44213131
44213132
44213133
44213134
44213135
44213136
44213137
44213138
44213139
44213140
44213141
44213142
44213143
44213144
44213145
44213146
44213147
44213148
44213149
44213150
44213151
44213152
44213153
44213154
44213155
44213156
44213157
44213158
44213159
44213160
44213161
44213162
44213163
44213164
44213165
44213166
44213167
44213168
44213169
44213170
44213171
44213172
44213173
44213174
44213175
44213176
44213177
44213178
44213179
44213180
44213181
44213182
44213183
44213184
44213185
44213186
44213187
44213188
44213189
44213190
44213191
44213192
44213193
44213194
44213195
44213196
44213197
44213198
44213199
44213200
44213201
44213202
44213203
44213204
44213205
44213206
44213207
44213208
44213209
44213210
44213211
44213212
44213213
44213214
44213215
44213216
44213217
44213218
44213219
44213220
44213221
44213222
44213223
44213224
44213225
44213226
44213227
44213228
44213229
44213230
44213231
44213232
44213233
44213234
44213235
44213236
44213237
44213238
44213239
44213240
44213241
44213242
44213243
44213244
44213245
44213246
44213247
44213248
44213249
44213250
44213251
44213252
44213253
44213254
44213255
44213256
44213257
44213258
44213259
44213260
44213261
44213262
44213263
44213264
44213265
44213266
44213267
44213268
44213269
44213270
44213271
44213272
44213273
44213274
44213275
44213276
44213277
44213278
44213279
44213280
44213281
44213282
44213283
44213284
44213285
44213286
44213287
44213288
44213289
44213290
44213291
44213292
44213293
44213294
44213295
44213296
44213297
44213298
44213299
44213300
44213301
44213302
44213303
44213304
44213305
44213306
44213307
44213308
44213309
44213310
44213311
44213312
44213313
44213314
44213315
44213316
44213317
44213318
44213319
44213320
44213321
44213322
44213323
44213324
44213325
44213326
44213327
44213328
44213329
44213330
44213331
44213332
44213333
44213334
44213335
44213336
44213337
44213338
44213339
44213340
44213341
44213342
44213343
44213344
44213345
44213346
44213347
44213348
44213349
44213350
44213351
44213352
44213353
44213354
44213355
44213356
44213357
44213358
44213359
44213360
44213361
44213362
44213363
44213364
44213365
44213366
44213367
44213368
44213369
44213370
44213371
44213372
44213373
44213374
44213375
44213376
44213377
44213378
44213379
44213380
44213381
44213382
44213383
44213384
44213385
44213386
44213387
44213388
44213389
44213390
44213391
44213392
44213393
44213394
44213395
44213396
44213397
44213398
44213399
44213400
44213401
44213402
44213403
44213404
44213405
44213406
44213407
44213408
44213409
44213410
44213411
44213412
44213413
44213414
44213415
44213416
44213417
44213418
44213419
44213420
44213421
44213422
44213423
44213424
44213425
44213426
44213427
44213428
44213429
44213430
44213431
44213432
44213433
44213434
44213435
44213436
44213437
44213438
44213439
44213440
44213441
44213442
44213443
44213444
44213445
44213446
44213447
44213448
44213449
44213450
44213451
44213452
44213453
44213454
44213455
44213456
44213457
44213458
44213459
44213460
44213461
44213462
44213463
44213464
44213465
44213466
44213467
44213468
44213469
44213470
44213471
44213472
44213473
44213474
44213475
44213476
44213477
44213478
44213479
44213480
44213481
44213482
44213483
44213484
44213485
44213486
44213487
44213488
44213489
44213490
44213491
44213492
44213493
44213494
44213495
44213496
44213497
44213498
44213499
44213500
44213501
44213502
44213503
44213504
44213505
44213506
44213507
44213508
44213509
44213510
44213511
44213512
44213513
44213514
44213515
44213516
44213517
44213518
44213519
44213520
44213521
44213522
44213523
44213524
44213525
44213526
44213527
44213528
44213529
44213530
44213531
44213532
44213533
44213534
44213535
44213536
44213537
44213538
44213539
44213540
44213541
44213542
44213543
44213544
44213545
44213546
44213547
44213548
44213549
44213550
44213551
44213552
44213553
44213554
44213555
44213556
44213557
44213558
44213559
44213560
44213561
44213562
44213563
44213564
44213565
44213566
44213567
44213568
44213569
44213570
44213571
44213572
44213573
44213574
44213575
44213576
44213577
44213578
44213579
44213580
44213581
44213582
44213583
44213584
44213585
44213586
44213587
44213588
44213589
44213590
44213591
44213592
44213593
44213594
44213595
44213596
44213597
44213598
44213599
44213600
44213601
44213602
44213603
44213604
44213605
44213606
44213607
44213608
44213609
44213610
44213611
44213612
44213613
44213614
44213615
44213616
44213617
44213618
44213619
44213620
44213621
44213622
44213623
44213624
44213625
44213626
44213627
44213628
44213629
44213630
44213631
44213632
44213633
44213634
44213635
44213636
44213637
44213638
44213639
44213640
44213641
44213642
44213643
44213644
44213645
44213646
44213647
44213648
44213649
44213650
44213651
44213652
44213653
44213654
44213655
44213656
44213657
44213658
44213659
44213660
44213661
44213662
44213663
44213664
44213665
44213666
44213667
44213668
44213669
44213670
44213671
44213672
44213673
44213674
44213675
44213676
44213677
44213678
44213679
44213680
44213681
44213682
44213683
44213684
44213685
44213686
44213687
44213688
44213689
44213690
44213691
44213692
44213693
44213694
44213695
44213696
44213697
44213698
44213699
44213700
44213701
44213702
44213703
44213704
44213705
44213706
44213707
44213708
44213709
44213710
44213711
44213712
44213713
44213714
44213715
44213716
44213717
44213718
44213719
44213720
44213721
44213722
44213723
44213724
44213725
44213726
44213727
44213728
44213729
44213730
44213731
44213732
44213733
44213734
44213735
44213736
44213737
44213738
44213739
44213740
44213741
44213742
44213743
44213744
44213745
44213746
44213747
44213748
44213749
44213750
44213751
44213752
44213753
44213754
44213755
44213756
44213757
44213758
44213759
44213760
44213761
44213762
44213763
44213764
44213765
44213766
44213767
44213768
44213769
44213770
44213771
44213772
44213773
44213774
44213775
44213776
44213777
44213778
44213779
44213780
44213781
44213782
44213783
44213784
44213785
44213786
44213787
44213788
44213789
44213790
44213791
44213792
44213793
44213794
44213795
44213796
44213797
44213798
44213799
44213800
44213801
44213802
44213803
44213804
44213805
44213806
44213807
44213808
44213809
44213810
44213811
44213812
44213813
44213814
44213815
44213816
44213817
44213818
44213819
44213820
44213821
44213822
44213823
44213824
44213825
44213826
44213827
44213828
44213829
44213830
44213831
44213832
44213833
44213834
44213835
44213836
44213837
44213838
44213839
44213840
44213841
44213842
44213843
44213844
44213845
44213846
44213847
44213848
44213849
44213850
44213851
44213852
44213853
44213854
44213855
44213856
44213857
44213858
44213859
44213860
44213861
44213862
44213863
44213864
44213865
44213866
44213867
44213868
44213869
44213870
44213871
44213872
44213873
44213874
44213875
44213876
44213877
44213878
44213879
44213880
44213881
44213882
44213883
44213884
44213885
44213886
44213887
44213888
44213889
44213890
44213891
44213892
44213893
44213894
44213895
44213896
44213897
44213898
44213899
44213900
44213901
44213902
44213903
44213904
44213905
44213906
44213907
44213908
44213909
44213910
44213911
44213912
44213913
44213914
44213915
44213916
44213917
44213918
44213919
44213920
44213921
44213922
44213923
44213924
44213925
44213926
44213927
44213928
44213929
44213930
44213931
44213932
44213933
44213934
44213935
44213936
44213937
44213938
44213939
44213940
44213941
44213942
44213943
44213944
44213945
44213946
44213947
44213948
44213949
44213950
44213951
44213952
44213953
44213954
44213955
44213956
44213957
44213958
44213959
44213960
44213961
44213962
44213963
44213964
44213965
44213966
44213967
44213968
44213969
44213970
44213971
44213972
44213973
44213974
44213975
44213976
44213977
44213978
44213979
44213980
44213981
44213982
44213983
44213984
44213985
44213986
44213987
44213988
44213989
44213990
44213991
44213992
44213993
44213994
44213995
44213996
44213997
44213998
44213999
44214000
44214001
44214002
44214003
44214004
44214005
44214006
44214007
44214008
44214009
44214010
44214011
44214012
44214013
44214014
44214015
44214016
44214017
44214018
44214019
44214020
44214021
44214022
44214023
44214024
44214025
44214026
44214027
44214028
44214029
44214030
44214031
44214032
44214033
44214034
44214035
44214036
44214037
44214038
44214039
44214040
44214041
44214042
44214043
44214044
44214045
44214046
44214047
44214048
44214049
44214050
44214051
44214052
44214053
44214054
44214055
44214056
44214057
44214058
44214059
44214060
44214061
44214062
44214063
44214064
44214065
44214066
44214067
44214068
44214069
44214070
44214071
44214072
44214073
44214074
44214075
44214076
44214077
44214078
44214079
44214080
44214081
44214082
44214083
44214084
44214085
44214086
44214087
44214088
44214089
44214090
44214091
44214092
44214093
44214094
44214095
44214096
44214097
44214098
44214099
44214100
44214101
44214102
44214103
44214104
44214105
44214106
44214107
44214108
44214109
44214110
44214111
44214112
44214113
44214114
44214115
44214116
44214117
44214118
44214119
44214120
44214121
44214122
44214123
44214124
44214125
44214126
44214127
44214128
44214129
44214130
44214131
44214132
44214133
44214134
44214135
44214136
44214137
44214138
44214139
44214140
44214141
44214142
44214143
44214144
44214145
44214146
44214147
44214148
44214149
44214150
44214151
44214152
44214153
44214154
44214155
44214156
44214157
44214158
44214159
44214160
44214161
44214162
44214163
44214164
44214165
44214166
44214167
44214168
44214169
44214170
44214171
44214172
44214173
44214174
44214175
44214176
44214177
44214178
44214179
44214180
44214181
44214182
44214183
44214184
44214185
44214186
44214187
44214188
44214189
44214190
44214191
44214192
44214193
44214194
44214195
44214196
44214197
44214198
44214199
44214200
44214201
44214202
44214203
44214204
44214205
44214206
44214207
44214208
44214209
44214210
44214211
44214212
44214213
44214214
44214215
44214216
44214217
44214218
44214219
44214220
44214221
44214222
44214223
44214224
44214225
44214226
44214227
44214228
44214229
44214230
44214231
44214232
44214233
44214234
44214235
44214236
44214237
44214238
44214239
44214240
44214241
44214242
44214243
44214244
44214245
44214246
44214247
44214248
44214249
44214250
44214251
44214252
44214253
44214254
44214255
44214256
44214257
44214258
44214259
44214260
44214261
44214262
44214263
44214264
44214265
44214266
44214267
44214268
44214269
44214270
44214271
44214272
44214273
44214274
44214275
44214276
44214277
44214278
44214279
44214280
44214281
44214282
44214283
44214284
44214285
44214286
44214287
44214288
44214289
44214290
44214291
44214292
44214293
44214294
44214295
44214296
44214297
44214298
44214299
44214300
44214301
44214302
44214303
44214304
44214305
44214306
44214307
44214308
44214309
44214310
44214311
44214312
44214313
44214314
44214315
44214316
44214317
44214318
44214319
44214320
44214321
44214322
44214323
44214324
44214325
44214326
44214327
44214328
44214329
44214330
44214331
44214332
44214333
44214334
44214335
44214336
44214337
44214338
44214339
44214340
44214341
44214342
44214343
44214344
44214345
44214346
44214347
44214348
44214349
44214350
44214351
44214352
44214353
44214354
44214355
44214356
44214357
44214358
44214359
44214360
44214361
44214362
44214363
44214364
44214365
44214366
44214367
44214368
44214369
44214370
44214371
44214372
44214373
44214374
44214375
44214376
44214377
44214378
44214379
44214380
44214381
44214382
44214383
44214384
44214385
44214386
44214387
44214388
44214389
44214390
44214391
44214392
44214393
44214394
44214395
44214396
44214397
44214398
44214399
44214400
44214401
44214402
44214403
44214404
44214405
44214406
44214407
44214408
44214409
44214410
44214411
44214412
44214413
44214414
44214415
44214416
44214417
44214418
44214419
44214420
44214421
44214422
44214423
44214424
44214425
44214426
44214427
44214428
44214429
44214430
44214431
44214432
44214433
44214434
44214435
44214436
44214437
44214438
44214439
44214440
44214441
44214442
44214443
44214444
44214445
44214446
44214447
44214448
44214449
44214450
44214451
44214452
44214453
44214454
44214455
44214456
44214457
44214458
44214459
44214460
44214461
44214462
44214463
44214464
44214465
44214466
44214467
44214468
44214469
44214470
44214471
44214472
44214473
44214474
44214475
44214476
44214477
44214478
44214479
44214480
44214481
44214482
44214483
44214484
44214485
44214486
44214487
44214488
44214489
44214490
44214491
44214492
44214493
44214494
44214495
44214496
44214497
44214498
44214499
44214500
44214501
44214502
44214503
44214504
44214505
44214506
44214507
44214508
44214509
44214510
44214511
44214512
44214513
44214514
44214515
44214516
44214517
44214518
44214519
44214520
44214521
44214522
44214523
44214524
44214525
44214526
44214527
44214528
44214529
44214530
44214531
44214532
44214533
44214534
44214535
44214536
44214537
44214538
44214539
44214540
44214541
44214542
44214543
44214544
44214545
44214546
44214547
44214548
44214549
44214550
44214551
44214552
44214553
44214554
44214555
44214556
44214557
44214558
44214559
44214560
44214561
44214562
44214563
44214564
44214565
44214566
44214567
44214568
44214569
44214570
44214571
44214572
44214573
44214574
44214575
44214576
44214577
44214578
44214579
44214580
44214581
44214582
44214583
44214584
44214585
44214586
44214587
44214588
44214589
44214590
44214591
44214592
44214593
44214594
44214595
44214596
44214597
44214598
44214599
44214600
44214601
44214602
44214603
44214604
44214605
44214606
44214607
44214608
44214609
44214610
44214611
44214612
44214613
44214614
44214615
44214616
44214617
44214618
44214619
44214620
44214621
44214622
44214623
44214624
44214625
44214626
44214627
44214628
44214629
44214630
44214631
44214632
44214633
44214634
44214635
44214636
44214637
44214638
44214639
44214640
44214641
44214642
44214643
44214644
44214645
44214646
44214647
44214648
44214649
44214650
44214651
44214652
44214653
44214654
44214655
44214656
44214657
44214658
44214659
44214660
44214661
44214662
44214663
44214664
44214665
44214666
44214667
44214668
44214669
44214670
44214671
44214672
44214673
44214674
44214675
44214676
44214677
44214678
44214679
44214680
44214681
44214682
44214683
44214684
44214685
44214686
44214687
44214688
44214689
44214690
44214691
44214692
44214693
44214694
44214695
44214696
44214697
44214698
44214699
44214700
44214701
44214702
44214703
44214704
44214705
44214706
44214707
44214708
44214709
44214710
44214711
44214712
44214713
44214714
44214715
44214716
44214717
44214718
44214719
44214720
44214721
44214722
44214723
44214724
44214725
44214726
44214727
44214728
44214729
44214730
44214731
44214732
44214733
44214734
44214735
44214736
44214737
44214738
44214739
44214740
44214741
44214742
44214743
44214744
44214745
44214746
44214747
44214748
44214749
44214750
44214751
44214752
44214753
44214754
44214755
44214756
44214757
44214758
44214759
44214760
44214761
44214762
44214763
44214764
44214765
44214766
44214767
44214768
44214769
44214770
44214771
44214772
44214773
44214774
44214775
44214776
44214777
44214778
44214779
44214780
44214781
44214782
44214783
44214784
44214785
44214786
44214787
44214788
44214789
44214790
44214791
44214792
44214793
44214794
44214795
44214796
44214797
44214798
44214799
44214800
44214801
44214802
44214803
44214804
44214805
44214806
44214807
44214808
44214809
44214810
44214811
44214812
44214813
44214814
44214815
44214816
44214817
44214818
44214819
44214820
44214821
44214822
44214823
44214824
44214825
44214826
44214827
44214828
44214829
44214830
44214831
44214832
44214833
44214834
44214835
44214836
44214837
44214838
44214839
44214840
44214841
44214842
44214843
44214844
44214845
44214846
44214847
44214848
44214849
44214850
44214851
44214852
44214853
44214854
44214855
44214856
44214857
44214858
44214859
44214860
44214861
44214862
44214863
44214864
44214865
44214866
44214867
44214868
44214869
44214870
44214871
44214872
44214873
44214874
44214875
44214876
44214877
44214878
44214879
44214880
44214881
44214882
44214883
44214884
44214885
44214886
44214887
44214888
44214889
44214890
44214891
44214892
44214893
44214894
44214895
44214896
44214897
44214898
44214899
44214900
44214901
44214902
44214903
44214904
44214905
44214906
44214907
44214908
44214909
44214910
44214911
44214912
44214913
44214914
44214915
44214916
44214917
44214918
44214919
44214920
44214921
44214922
44214923
44214924
44214925
44214926
44214927
44214928
44214929
44214930
44214931
44214932
44214933
44214934
44214935
44214936
44214937
44214938
44214939
44214940
44214941
44214942
44214943
44214944
44214945
44214946
44214947
44214948
44214949
44214950
44214951
44214952
44214953
44214954
44214955
44214956
44214957
44214958
44214959
44214960
44214961
44214962
44214963
44214964
44214965
44214966
44214967
44214968
44214969
44214970
44214971
44214972
44214973
44214974
44214975
44214976
44214977
44214978
44214979
44214980
44214981
44214982
44214983
44214984
44214985
44214986
44214987
44214988
44214989
44214990
44214991
44214992
44214993
44214994
44214995
44214996
44214997
44214998
44214999
44215000
44215001
44215002
44215003
44215004
44215005
44215006
44215007
44215008
44215009
44215010
44215011
44215012
44215013
44215014
44215015
44215016
44215017
44215018
44215019
44215020
44215021
44215022
44215023
44215024
44215025
44215026
44215027
44215028
44215029
44215030
44215031
44215032
44215033
44215034
44215035
44215036
44215037
44215038
44215039
44215040
44215041
44215042
44215043
44215044
44215045
44215046
44215047
44215048
44215049
44215050
44215051
44215052
44215053
44215054
44215055
44215056
44215057
44215058
44215059
44215060
44215061
44215062
44215063
44215064
44215065
44215066
44215067
44215068
44215069
44215070
44215071
44215072
44215073
44215074
44215075
44215076
44215077
44215078
44215079
44215080
44215081
44215082
44215083
44215084
44215085
44215086
44215087
44215088
44215089
44215090
44215091
44215092
44215093
44215094
44215095
44215096
44215097
44215098
44215099
44215100
44215101
44215102
44215103
44215104
44215105
44215106
44215107
44215108
44215109
44215110
44215111
44215112
44215113
44215114
44215115
44215116
44215117
44215118
44215119
44215120
44215121
44215122
44215123
44215124
44215125
44215126
44215127
44215128
44215129
44215130
44215131
44215132
44215133
44215134
44215135
44215136
44215137
44215138
44215139
44215140
44215141
44215142
44215143
44215144
44215145
44215146
44215147
44215148
44215149
44215150
44215151
44215152
44215153
44215154
44215155
44215156
44215157
44215158
44215159
44215160
44215161
44215162
44215163
44215164
44215165
44215166
44215167
44215168
44215169
44215170
44215171
44215172
44215173
44215174
44215175
44215176
44215177
44215178
44215179
44215180
44215181
44215182
44215183
44215184
44215185
44215186
44215187
44215188
44215189
44215190
44215191
44215192
44215193
44215194
44215195
44215196
44215197
44215198
44215199
44215200
44215201
44215202
44215203
44215204
44215205
44215206
44215207
44215208
44215209
44215210
44215211
44215212
44215213
44215214
44215215
44215216
44215217
44215218
44215219
44215220
44215221
44215222
44215223
44215224
44215225
44215226
44215227
44215228
44215229
44215230
44215231
44215232
44215233
44215234
44215235
44215236
44215237
44215238
44215239
44215240
44215241
44215242
44215243
44215244
44215245
44215246
44215247
44215248
44215249
44215250
44215251
44215252
44215253
44215254
44215255
44215256
44215257
44215258
44215259
44215260
44215261
44215262
44215263
44215264
44215265
44215266
44215267
44215268
44215269
44215270
44215271
44215272
44215273
44215274
44215275
44215276
44215277
44215278
44215279
44215280
44215281
44215282
44215283
44215284
44215285
44215286
44215287
44215288
44215289
44215290
44215291
44215292
44215293
44215294
44215295
44215296
44215297
44215298
44215299
44215300
44215301
44215302
44215303
44215304
44215305
44215306
44215307
44215308
44215309
44215310
44215311
44215312
44215313
44215314
44215315
44215316
44215317
44215318
44215319
44215320
44215321
44215322
44215323
44215324
44215325
44215326
44215327
44215328
44215329
44215330
44215331
44215332
44215333
44215334
44215335
44215336
44215337
44215338
44215339
44215340
44215341
44215342
44215343
44215344
44215345
44215346
44215347
44215348
44215349
44215350
44215351
44215352
44215353
44215354
44215355
44215356
44215357
44215358
44215359
44215360
44215361
44215362
44215363
44215364
44215365
44215366
44215367
44215368
44215369
44215370
44215371
44215372
44215373
44215374
44215375
44215376
44215377
44215378
44215379
44215380
44215381
44215382
44215383
44215384
44215385
44215386
44215387
44215388
44215389
44215390
44215391
44215392
44215393
44215394
44215395
44215396
44215397
44215398
44215399
44215400
44215401
44215402
44215403
44215404
44215405
44215406
44215407
44215408
44215409
44215410
44215411
44215412
44215413
44215414
44215415
44215416
44215417
44215418
44215419
44215420
44215421
44215422
44215423
44215424
44215425
44215426
44215427
44215428
44215429
44215430
44215431
44215432
44215433
44215434
44215435
44215436
44215437
44215438
44215439
44215440
44215441
44215442
44215443
44215444
44215445
44215446
44215447
44215448
44215449
44215450
44215451
44215452
44215453
44215454
44215455
44215456
44215457
44215458
44215459
44215460
44215461
44215462
44215463
44215464
44215465
44215466
44215467
44215468
44215469
44215470
44215471
44215472
44215473
44215474
44215475
44215476
44215477
44215478
44215479
44215480
44215481
44215482
44215483
44215484
44215485
44215486
44215487
44215488
44215489
44215490
44215491
44215492
44215493
44215494
44215495
44215496
44215497
44215498
44215499
44215500
44215501
44215502
44215503
44215504
44215505
44215506
44215507
44215508
44215509
44215510
44215511
44215512
44215513
44215514
44215515
44215516
44215517
44215518
44215519
44215520
44215521
44215522
44215523
44215524
44215525
44215526
44215527
44215528
44215529
44215530
44215531
44215532
44215533
44215534
44215535
44215536
44215537
44215538
44215539
44215540
44215541
44215542
44215543
44215544
44215545
44215546
44215547
44215548
44215549
44215550
44215551
44215552
44215553
44215554
44215555
44215556
44215557
44215558
44215559
44215560
44215561
44215562
44215563
44215564
44215565
44215566
44215567
44215568
44215569
44215570
44215571
44215572
44215573
44215574
44215575
44215576
44215577
44215578
44215579
44215580
44215581
44215582
44215583
44215584
44215585
44215586
44215587
44215588
44215589
44215590
44215591
44215592
44215593
44215594
44215595
44215596
44215597
44215598
44215599
44215600
44215601
44215602
44215603
44215604
44215605
44215606
44215607
44215608
44215609
44215610
44215611
44215612
44215613
44215614
44215615
44215616
44215617
44215618
44215619
44215620
44215621
44215622
44215623
44215624
44215625
44215626
44215627
44215628
44215629
44215630
44215631
44215632
44215633
44215634
44215635
44215636
44215637
44215638
44215639
44215640
44215641
44215642
44215643
44215644
44215645
44215646
44215647
44215648
44215649
44215650
44215651
44215652
44215653
44215654
44215655
44215656
44215657
44215658
44215659
44215660
44215661
44215662
44215663
44215664
44215665
44215666
44215667
44215668
44215669
44215670
44215671
44215672
44215673
44215674
44215675
44215676
44215677
44215678
44215679
44215680
44215681
44215682
44215683
44215684
44215685
44215686
44215687
44215688
44215689
44215690
44215691
44215692
44215693
44215694
44215695
44215696
44215697
44215698
44215699
44215700
44215701
44215702
44215703
44215704
44215705
44215706
44215707
44215708
44215709
44215710
44215711
44215712
44215713
44215714
44215715
44215716
44215717
44215718
44215719
44215720
44215721
44215722
44215723
44215724
44215725
44215726
44215727
44215728
44215729
44215730
44215731
44215732
44215733
44215734
44215735
44215736
44215737
44215738
44215739
44215740
44215741
44215742
44215743
44215744
44215745
44215746
44215747
44215748
44215749
44215750
44215751
44215752
44215753
44215754
44215755
44215756
44215757
44215758
44215759
44215760
44215761
44215762
44215763
44215764
44215765
44215766
44215767
44215768
44215769
44215770
44215771
44215772
44215773
44215774
44215775
44215776
44215777
44215778
44215779
44215780
44215781
44215782
44215783
44215784
44215785
44215786
44215787
44215788
44215789
44215790
44215791
44215792
44215793
44215794
44215795
44215796
44215797
44215798
44215799
44215800
44215801
44215802
44215803
44215804
44215805
44215806
44215807
44215808
44215809
44215810
44215811
44215812
44215813
44215814
44215815
44215816
44215817
44215818
44215819
44215820
44215821
44215822
44215823
44215824
44215825
44215826
44215827
44215828
44215829
44215830
44215831
44215832
44215833
44215834
44215835
44215836
44215837
44215838
44215839
44215840
44215841
44215842
44215843
44215844
44215845
44215846
44215847
44215848
44215849
44215850
44215851
44215852
44215853
44215854
44215855
44215856
44215857
44215858
44215859
44215860
44215861
44215862
44215863
44215864
44215865
44215866
44215867
44215868
44215869
44215870
44215871
44215872
44215873
44215874
44215875
44215876
44215877
44215878
44215879
44215880
44215881
44215882
44215883
44215884
44215885
44215886
44215887
44215888
44215889
44215890
44215891
44215892
44215893
44215894
44215895
44215896
44215897
44215898
44215899
44215900
44215901
44215902
44215903
44215904
44215905
44215906
44215907
44215908
44215909
44215910
44215911
44215912
44215913
44215914
44215915
44215916
44215917
44215918
44215919
44215920
44215921
44215922
44215923
44215924
44215925
44215926
44215927
44215928
44215929
44215930
44215931
44215932
44215933
44215934
44215935
44215936
44215937
44215938
44215939
44215940
44215941
44215942
44215943
44215944
44215945
44215946
44215947
44215948
44215949
44215950
44215951
44215952
44215953
44215954
44215955
44215956
44215957
44215958
44215959
44215960
44215961
44215962
44215963
44215964
44215965
44215966
44215967
44215968
44215969
44215970
44215971
44215972
44215973
44215974
44215975
44215976
44215977
44215978
44215979
44215980
44215981
44215982
44215983
44215984
44215985
44215986
44215987
44215988
44215989
44215990
44215991
44215992
44215993
44215994
44215995
44215996
44215997
44215998
44215999
44216000
44216001
44216002
44216003
44216004
44216005
44216006
44216007
44216008
44216009
44216010
44216011
44216012
44216013
44216014
44216015
44216016
44216017
44216018
44216019
44216020
44216021
44216022
44216023
44216024
44216025
44216026
44216027
44216028
44216029
44216030
44216031
44216032
44216033
44216034
44216035
44216036
44216037
44216038
44216039
44216040
44216041
44216042
44216043
44216044
44216045
44216046
44216047
44216048
44216049
44216050
44216051
44216052
44216053
44216054
44216055
44216056
44216057
44216058
44216059
44216060
44216061
44216062
44216063
44216064
44216065
44216066
44216067
44216068
44216069
44216070
44216071
44216072
44216073
44216074
44216075
44216076
44216077
44216078
44216079
44216080
44216081
44216082
44216083
44216084
44216085
44216086
44216087
44216088
44216089
44216090
44216091
44216092
44216093
44216094
44216095
44216096
44216097
44216098
44216099
44216100
44216101
44216102
44216103
44216104
44216105
44216106
44216107
44216108
44216109
44216110
44216111
44216112
44216113
44216114
44216115
44216116
44216117
44216118
44216119
44216120
44216121
44216122
44216123
44216124
44216125
44216126
44216127
44216128
44216129
44216130
44216131
44216132
44216133
44216134
44216135
44216136
44216137
44216138
44216139
44216140
44216141
44216142
44216143
44216144
44216145
44216146
44216147
44216148
44216149
44216150
44216151
44216152
44216153
44216154
44216155
44216156
44216157
44216158
44216159
44216160
44216161
44216162
44216163
44216164
44216165
44216166
44216167
44216168
44216169
44216170
44216171
44216172
44216173
44216174
44216175
44216176
44216177
44216178
44216179
44216180
44216181
44216182
44216183
44216184
44216185
44216186
44216187
44216188
44216189
44216190
44216191
44216192
44216193
44216194
44216195
44216196
44216197
44216198
44216199
44216200
44216201
44216202
44216203
44216204
44216205
44216206
44216207
44216208
44216209
44216210
44216211
44216212
44216213
44216214
44216215
44216216
44216217
44216218
44216219
44216220
44216221
44216222
44216223
44216224
44216225
44216226
44216227
44216228
44216229
44216230
44216231
44216232
44216233
44216234
44216235
44216236
44216237
44216238
44216239
44216240
44216241
44216242
44216243
44216244
44216245
44216246
44216247
44216248
44216249
44216250
44216251
44216252
44216253
44216254
44216255
44216256
44216257
44216258
44216259
44216260
44216261
44216262
44216263
44216264
44216265
44216266
44216267
44216268
44216269
44216270
44216271
44216272
44216273
44216274
44216275
44216276
44216277
44216278
44216279
44216280
44216281
44216282
44216283
44216284
44216285
44216286
44216287
44216288
44216289
44216290
44216291
44216292
44216293
44216294
44216295
44216296
44216297
44216298
44216299
44216300
44216301
44216302
44216303
44216304
44216305
44216306
44216307
44216308
44216309
44216310
44216311
44216312
44216313
44216314
44216315
44216316
44216317
44216318
44216319
44216320
44216321
44216322
44216323
44216324
44216325
44216326
44216327
44216328
44216329
44216330
44216331
44216332
44216333
44216334
44216335
44216336
44216337
44216338
44216339
44216340
44216341
44216342
44216343
44216344
44216345
44216346
44216347
44216348
44216349
44216350
44216351
44216352
44216353
44216354
44216355
44216356
44216357
44216358
44216359
44216360
44216361
44216362
44216363
44216364
44216365
44216366
44216367
44216368
44216369
44216370
44216371
44216372
44216373
44216374
44216375
44216376
44216377
44216378
44216379
44216380
44216381
44216382
44216383
44216384
44216385
44216386
44216387
44216388
44216389
44216390
44216391
44216392
44216393
44216394
44216395
44216396
44216397
44216398
44216399
44216400
44216401
44216402
44216403
44216404
44216405
44216406
44216407
44216408
44216409
44216410
44216411
44216412
44216413
44216414
44216415
44216416
44216417
44216418
44216419
44216420
44216421
44216422
44216423
44216424
44216425
44216426
44216427
44216428
44216429
44216430
44216431
44216432
44216433
44216434
44216435
44216436
44216437
44216438
44216439
44216440
44216441
44216442
44216443
44216444
44216445
44216446
44216447
44216448
44216449
44216450
44216451
44216452
44216453
44216454
44216455
44216456
44216457
44216458
44216459
44216460
44216461
44216462
44216463
44216464
44216465
44216466
44216467
44216468
44216469
44216470
44216471
44216472
44216473
44216474
44216475
44216476
44216477
44216478
44216479
44216480
44216481
44216482
44216483
44216484
44216485
44216486
44216487
44216488
44216489
44216490
44216491
44216492
44216493
44216494
44216495
44216496
44216497
44216498
44216499
44216500
44216501
44216502
44216503
44216504
44216505
44216506
44216507
44216508
44216509
44216510
44216511
44216512
44216513
44216514
44216515
44216516
44216517
44216518
44216519
44216520
44216521
44216522
44216523
44216524
44216525
44216526
44216527
44216528
44216529
44216530
44216531
44216532
44216533
44216534
44216535
44216536
44216537
44216538
44216539
44216540
44216541
44216542
44216543
44216544
44216545
44216546
44216547
44216548
44216549
44216550
44216551
44216552
44216553
44216554
44216555
44216556
44216557
44216558
44216559
44216560
44216561
44216562
44216563
44216564
44216565
44216566
44216567
44216568
44216569
44216570
44216571
44216572
44216573
44216574
44216575
44216576
44216577
44216578
44216579
44216580
44216581
44216582
44216583
44216584
44216585
44216586
44216587
44216588
44216589
44216590
44216591
44216592
44216593
44216594
44216595
44216596
44216597
44216598
44216599
44216600
44216601
44216602
44216603
44216604
44216605
44216606
44216607
44216608
44216609
44216610
44216611
44216612
44216613
44216614
44216615
44216616
44216617
44216618
44216619
44216620
44216621
44216622
44216623
44216624
44216625
44216626
44216627
44216628
44216629
44216630
44216631
44216632
44216633
44216634
44216635
44216636
44216637
44216638
44216639
44216640
44216641
44216642
44216643
44216644
44216645
44216646
44216647
44216648
44216649
44216650
44216651
44216652
44216653
44216654
44216655
44216656
44216657
44216658
44216659
44216660
44216661
44216662
44216663
44216664
44216665
44216666
44216667
44216668
44216669
44216670
44216671
44216672
44216673
44216674
44216675
44216676
44216677
44216678
44216679
44216680
44216681
44216682
44216683
44216684
44216685
44216686
44216687
44216688
44216689
44216690
44216691
44216692
44216693
44216694
44216695
44216696
44216697
44216698
44216699
44216700
44216701
44216702
44216703
44216704
44216705
44216706
44216707
44216708
44216709
44216710
44216711
44216712
44216713
44216714
44216715
44216716
44216717
44216718
44216719
44216720
44216721
44216722
44216723
44216724
44216725
44216726
44216727
44216728
44216729
44216730
44216731
44216732
44216733
44216734
44216735
44216736
44216737
44216738
44216739
44216740
44216741
44216742
44216743
44216744
44216745
44216746
44216747
44216748
44216749
44216750
44216751
44216752
44216753
44216754
44216755
44216756
44216757
44216758
44216759
44216760
44216761
44216762
44216763
44216764
44216765
44216766
44216767
44216768
44216769
44216770
44216771
44216772
44216773
44216774
44216775
44216776
44216777
44216778
44216779
44216780
44216781
44216782
44216783
44216784
44216785
44216786
44216787
44216788
44216789
44216790
44216791
44216792
44216793
44216794
44216795
44216796
44216797
44216798
44216799
44216800
44216801
44216802
44216803
44216804
44216805
44216806
44216807
44216808
44216809
44216810
44216811
44216812
44216813
44216814
44216815
44216816
44216817
44216818
44216819
44216820
44216821
44216822
44216823
44216824
44216825
44216826
44216827
44216828
44216829
44216830
44216831
44216832
44216833
44216834
44216835
44216836
44216837
44216838
44216839
44216840
44216841
44216842
44216843
44216844
44216845
44216846
44216847
44216848
44216849
44216850
44216851
44216852
44216853
44216854
44216855
44216856
44216857
44216858
44216859
44216860
44216861
44216862
44216863
44216864
44216865
44216866
44216867
44216868
44216869
44216870
44216871
44216872
44216873
44216874
44216875
44216876
44216877
44216878
44216879
44216880
44216881
44216882
44216883
44216884
44216885
44216886
44216887
44216888
44216889
44216890
44216891
44216892
44216893
44216894
44216895
44216896
44216897
44216898
44216899
44216900
44216901
44216902
44216903
44216904
44216905
44216906
44216907
44216908
44216909
44216910
44216911
44216912
44216913
44216914
44216915
44216916
44216917
44216918
44216919
44216920
44216921
44216922
44216923
44216924
44216925
44216926
44216927
44216928
44216929
44216930
44216931
44216932
44216933
44216934
44216935
44216936
44216937
44216938
44216939
44216940
44216941
44216942
44216943
44216944
44216945
44216946
44216947
44216948
44216949
44216950
44216951
44216952
44216953
44216954
44216955
44216956
44216957
44216958
44216959
44216960
44216961
44216962
44216963
44216964
44216965
44216966
44216967
44216968
44216969
44216970
44216971
44216972
44216973
44216974
44216975
44216976
44216977
44216978
44216979
44216980
44216981
44216982
44216983
44216984
44216985
44216986
44216987
44216988
44216989
44216990
44216991
44216992
44216993
44216994
44216995
44216996
44216997
44216998
44216999
44217000
44217001
44217002
44217003
44217004
44217005
44217006
44217007
44217008
44217009
44217010
44217011
44217012
44217013
44217014
44217015
44217016
44217017
44217018
44217019
44217020
44217021
44217022
44217023
44217024
44217025
44217026
44217027
44217028
44217029
44217030
44217031
44217032
44217033
44217034
44217035
44217036
44217037
44217038
44217039
44217040
44217041
44217042
44217043
44217044
44217045
44217046
44217047
44217048
44217049
44217050
44217051
44217052
44217053
44217054
44217055
44217056
44217057
44217058
44217059
44217060
44217061
44217062
44217063
44217064
44217065
44217066
44217067
44217068
44217069
44217070
44217071
44217072
44217073
44217074
44217075
44217076
44217077
44217078
44217079
44217080
44217081
44217082
44217083
44217084
44217085
44217086
44217087
44217088
44217089
44217090
44217091
44217092
44217093
44217094
44217095
44217096
44217097
44217098
44217099
44217100
44217101
44217102
44217103
44217104
44217105
44217106
44217107
44217108
44217109
44217110
44217111
44217112
44217113
44217114
44217115
44217116
44217117
44217118
44217119
44217120
44217121
44217122
44217123
44217124
44217125
44217126
44217127
44217128
44217129
44217130
44217131
44217132
44217133
44217134
44217135
44217136
44217137
44217138
44217139
44217140
44217141
44217142
44217143
44217144
44217145
44217146
44217147
44217148
44217149
44217150
44217151
44217152
44217153
44217154
44217155
44217156
44217157
44217158
44217159
44217160
44217161
44217162
44217163
44217164
44217165
44217166
44217167
44217168
44217169
44217170
44217171
44217172
44217173
44217174
44217175
44217176
44217177
44217178
44217179
44217180
44217181
44217182
44217183
44217184
44217185
44217186
44217187
44217188
44217189
44217190
44217191
44217192
44217193
44217194
44217195
44217196
44217197
44217198
44217199
44217200
44217201
44217202
44217203
44217204
44217205
44217206
44217207
44217208
44217209
44217210
44217211
44217212
44217213
44217214
44217215
44217216
44217217
44217218
44217219
44217220
44217221
44217222
44217223
44217224
44217225
44217226
44217227
44217228
44217229
44217230
44217231
44217232
44217233
44217234
44217235
44217236
44217237
44217238
44217239
44217240
44217241
44217242
44217243
44217244
44217245
44217246
44217247
44217248
44217249
44217250
44217251
44217252
44217253
44217254
44217255
44217256
44217257
44217258
44217259
44217260
44217261
44217262
44217263
44217264
44217265
44217266
44217267
44217268
44217269
44217270
44217271
44217272
44217273
44217274
44217275
44217276
44217277
44217278
44217279
44217280
44217281
44217282
44217283
44217284
44217285
44217286
44217287
44217288
44217289
44217290
44217291
44217292
44217293
44217294
44217295
44217296
44217297
44217298
44217299
44217300
44217301
44217302
44217303
44217304
44217305
44217306
44217307
44217308
44217309
44217310
44217311
44217312
44217313
44217314
44217315
44217316
44217317
44217318
44217319
44217320
44217321
44217322
44217323
44217324
44217325
44217326
44217327
44217328
44217329
44217330
44217331
44217332
44217333
44217334
44217335
44217336
44217337
44217338
44217339
44217340
44217341
44217342
44217343
44217344
44217345
44217346
44217347
44217348
44217349
44217350
44217351
44217352
44217353
44217354
44217355
44217356
44217357
44217358
44217359
44217360
44217361
44217362
44217363
44217364
44217365
44217366
44217367
44217368
44217369
44217370
44217371
44217372
44217373
44217374
44217375
44217376
44217377
44217378
44217379
44217380
44217381
44217382
44217383
44217384
44217385
44217386
44217387
44217388
44217389
44217390
44217391
44217392
44217393
44217394
44217395
44217396
44217397
44217398
44217399
44217400
44217401
44217402
44217403
44217404
44217405
44217406
44217407
44217408
44217409
44217410
44217411
44217412
44217413
44217414
44217415
44217416
44217417
44217418
44217419
44217420
44217421
44217422
44217423
44217424
44217425
44217426
44217427
44217428
44217429
44217430
44217431
44217432
44217433
44217434
44217435
44217436
44217437
44217438
44217439
44217440
44217441
44217442
44217443
44217444
44217445
44217446
44217447
44217448
44217449
44217450
44217451
44217452
44217453
44217454
44217455
44217456
44217457
44217458
44217459
44217460
44217461
44217462
44217463
44217464
44217465
44217466
44217467
44217468
44217469
44217470
44217471
44217472
44217473
44217474
44217475
44217476
44217477
44217478
44217479
44217480
44217481
44217482
44217483
44217484
44217485
44217486
44217487
44217488
44217489
44217490
44217491
44217492
44217493
44217494
44217495
44217496
44217497
44217498
44217499
44217500
44217501
44217502
44217503
44217504
44217505
44217506
44217507
44217508
44217509
44217510
44217511
44217512
44217513
44217514
44217515
44217516
44217517
44217518
44217519
44217520
44217521
44217522
44217523
44217524
44217525
44217526
44217527
44217528
44217529
44217530
44217531
44217532
44217533
44217534
44217535
44217536
44217537
44217538
44217539
44217540
44217541
44217542
44217543
44217544
44217545
44217546
44217547
44217548
44217549
44217550
44217551
44217552
44217553
44217554
44217555
44217556
44217557
44217558
44217559
44217560
44217561
44217562
44217563
44217564
44217565
44217566
44217567
44217568
44217569
44217570
44217571
44217572
44217573
44217574
44217575
44217576
44217577
44217578
44217579
44217580
44217581
44217582
44217583
44217584
44217585
44217586
44217587
44217588
44217589
44217590
44217591
44217592
44217593
44217594
44217595
44217596
44217597
44217598
44217599
44217600
44217601
44217602
44217603
44217604
44217605
44217606
44217607
44217608
44217609
44217610
44217611
44217612
44217613
44217614
44217615
44217616
44217617
44217618
44217619
44217620
44217621
44217622
44217623
44217624
44217625
44217626
44217627
44217628
44217629
44217630
44217631
44217632
44217633
44217634
44217635
44217636
44217637
44217638
44217639
44217640
44217641
44217642
44217643
44217644
44217645
44217646
44217647
44217648
44217649
44217650
44217651
44217652
44217653
44217654
44217655
44217656
44217657
44217658
44217659
44217660
44217661
44217662
44217663
44217664
44217665
44217666
44217667
44217668
44217669
44217670
44217671
44217672
44217673
44217674
44217675
44217676
44217677
44217678
44217679
44217680
44217681
44217682
44217683
44217684
44217685
44217686
44217687
44217688
44217689
44217690
44217691
44217692
44217693
44217694
44217695
44217696
44217697
44217698
44217699
44217700
44217701
44217702
44217703
44217704
44217705
44217706
44217707
44217708
44217709
44217710
44217711
44217712
44217713
44217714
44217715
44217716
44217717
44217718
44217719
44217720
44217721
44217722
44217723
44217724
44217725
44217726
44217727
44217728
44217729
44217730
44217731
44217732
44217733
44217734
44217735
44217736
44217737
44217738
44217739
44217740
44217741
44217742
44217743
44217744
44217745
44217746
44217747
44217748
44217749
44217750
44217751
44217752
44217753
44217754
44217755
44217756
44217757
44217758
44217759
44217760
44217761
44217762
44217763
44217764
44217765
44217766
44217767
44217768
44217769
44217770
44217771
44217772
44217773
44217774
44217775
44217776
44217777
44217778
44217779
44217780
44217781
44217782
44217783
44217784
44217785
44217786
44217787
44217788
44217789
44217790
44217791
44217792
44217793
44217794
44217795
44217796
44217797
44217798
44217799
44217800
44217801
44217802
44217803
44217804
44217805
44217806
44217807
44217808
44217809
44217810
44217811
44217812
44217813
44217814
44217815
44217816
44217817
44217818
44217819
44217820
44217821
44217822
44217823
44217824
44217825
44217826
44217827
44217828
44217829
44217830
44217831
44217832
44217833
44217834
44217835
44217836
44217837
44217838
44217839
44217840
44217841
44217842
44217843
44217844
44217845
44217846
44217847
44217848
44217849
44217850
44217851
44217852
44217853
44217854
44217855
44217856
44217857
44217858
44217859
44217860
44217861
44217862
44217863
44217864
44217865
44217866
44217867
44217868
44217869
44217870
44217871
44217872
44217873
44217874
44217875
44217876
44217877
44217878
44217879
44217880
44217881
44217882
44217883
44217884
44217885
44217886
44217887
44217888
44217889
44217890
44217891
44217892
44217893
44217894
44217895
44217896
44217897
44217898
44217899
44217900
44217901
44217902
44217903
44217904
44217905
44217906
44217907
44217908
44217909
44217910
44217911
44217912
44217913
44217914
44217915
44217916
44217917
44217918
44217919
44217920
44217921
44217922
44217923
44217924
44217925
44217926
44217927
44217928
44217929
44217930
44217931
44217932
44217933
44217934
44217935
44217936
44217937
44217938
44217939
44217940
44217941
44217942
44217943
44217944
44217945
44217946
44217947
44217948
44217949
44217950
44217951
44217952
44217953
44217954
44217955
44217956
44217957
44217958
44217959
44217960
44217961
44217962
44217963
44217964
44217965
44217966
44217967
44217968
44217969
44217970
44217971
44217972
44217973
44217974
44217975
44217976
44217977
44217978
44217979
44217980
44217981
44217982
44217983
44217984
44217985
44217986
44217987
44217988
44217989
44217990
44217991
44217992
44217993
44217994
44217995
44217996
44217997
44217998
44217999
44218000
44218001
44218002
44218003
44218004
44218005
44218006
44218007
44218008
44218009
44218010
44218011
44218012
44218013
44218014
44218015
44218016
44218017
44218018
44218019
44218020
44218021
44218022
44218023
44218024
44218025
44218026
44218027
44218028
44218029
44218030
44218031
44218032
44218033
44218034
44218035
44218036
44218037
44218038
44218039
44218040
44218041
44218042
44218043
44218044
44218045
44218046
44218047
44218048
44218049
44218050
44218051
44218052
44218053
44218054
44218055
44218056
44218057
44218058
44218059
44218060
44218061
44218062
44218063
44218064
44218065
44218066
44218067
44218068
44218069
44218070
44218071
44218072
44218073
44218074
44218075
44218076
44218077
44218078
44218079
44218080
44218081
44218082
44218083
44218084
44218085
44218086
44218087
44218088
44218089
44218090
44218091
44218092
44218093
44218094
44218095
44218096
44218097
44218098
44218099
44218100
44218101
44218102
44218103
44218104
44218105
44218106
44218107
44218108
44218109
44218110
44218111
44218112
44218113
44218114
44218115
44218116
44218117
44218118
44218119
44218120
44218121
44218122
44218123
44218124
44218125
44218126
44218127
44218128
44218129
44218130
44218131
44218132
44218133
44218134
44218135
44218136
44218137
44218138
44218139
44218140
44218141
44218142
44218143
44218144
44218145
44218146
44218147
44218148
44218149
44218150
44218151
44218152
44218153
44218154
44218155
44218156
44218157
44218158
44218159
44218160
44218161
44218162
44218163
44218164
44218165
44218166
44218167
44218168
44218169
44218170
44218171
44218172
44218173
44218174
44218175
44218176
44218177
44218178
44218179
44218180
44218181
44218182
44218183
44218184
44218185
44218186
44218187
44218188
44218189
44218190
44218191
44218192
44218193
44218194
44218195
44218196
44218197
44218198
44218199
44218200
44218201
44218202
44218203
44218204
44218205
44218206
44218207
44218208
44218209
44218210
44218211
44218212
44218213
44218214
44218215
44218216
44218217
44218218
44218219
44218220
44218221
44218222
44218223
44218224
44218225
44218226
44218227
44218228
44218229
44218230
44218231
44218232
44218233
44218234
44218235
44218236
44218237
44218238
44218239
44218240
44218241
44218242
44218243
44218244
44218245
44218246
44218247
44218248
44218249
44218250
44218251
44218252
44218253
44218254
44218255
44218256
44218257
44218258
44218259
44218260
44218261
44218262
44218263
44218264
44218265
44218266
44218267
44218268
44218269
44218270
44218271
44218272
44218273
44218274
44218275
44218276
44218277
44218278
44218279
44218280
44218281
44218282
44218283
44218284
44218285
44218286
44218287
44218288
44218289
44218290
44218291
44218292
44218293
44218294
44218295
44218296
44218297
44218298
44218299
44218300
44218301
44218302
44218303
44218304
44218305
44218306
44218307
44218308
44218309
44218310
44218311
44218312
44218313
44218314
44218315
44218316
44218317
44218318
44218319
44218320
44218321
44218322
44218323
44218324
44218325
44218326
44218327
44218328
44218329
44218330
44218331
44218332
44218333
44218334
44218335
44218336
44218337
44218338
44218339
44218340
44218341
44218342
44218343
44218344
44218345
44218346
44218347
44218348
44218349
44218350
44218351
44218352
44218353
44218354
44218355
44218356
44218357
44218358
44218359
44218360
44218361
44218362
44218363
44218364
44218365
44218366
44218367
44218368
44218369
44218370
44218371
44218372
44218373
44218374
44218375
44218376
44218377
44218378
44218379
44218380
44218381
44218382
44218383
44218384
44218385
44218386
44218387
44218388
44218389
44218390
44218391
44218392
44218393
44218394
44218395
44218396
44218397
44218398
44218399
44218400
44218401
44218402
44218403
44218404
44218405
44218406
44218407
44218408
44218409
44218410
44218411
44218412
44218413
44218414
44218415
44218416
44218417
44218418
44218419
44218420
44218421
44218422
44218423
44218424
44218425
44218426
44218427
44218428
44218429
44218430
44218431
44218432
44218433
44218434
44218435
44218436
44218437
44218438
44218439
44218440
44218441
44218442
44218443
44218444
44218445
44218446
44218447
44218448
44218449
44218450
44218451
44218452
44218453
44218454
44218455
44218456
44218457
44218458
44218459
44218460
44218461
44218462
44218463
44218464
44218465
44218466
44218467
44218468
44218469
44218470
44218471
44218472
44218473
44218474
44218475
44218476
44218477
44218478
44218479
44218480
44218481
44218482
44218483
44218484
44218485
44218486
44218487
44218488
44218489
44218490
44218491
44218492
44218493
44218494
44218495
44218496
44218497
44218498
44218499
44218500
44218501
44218502
44218503
44218504
44218505
44218506
44218507
44218508
44218509
44218510
44218511
44218512
44218513
44218514
44218515
44218516
44218517
44218518
44218519
44218520
44218521
44218522
44218523
44218524
44218525
44218526
44218527
44218528
44218529
44218530
44218531
44218532
44218533
44218534
44218535
44218536
44218537
44218538
44218539
44218540
44218541
44218542
44218543
44218544
44218545
44218546
44218547
44218548
44218549
44218550
44218551
44218552
44218553
44218554
44218555
44218556
44218557
44218558
44218559
44218560
44218561
44218562
44218563
44218564
44218565
44218566
44218567
44218568
44218569
44218570
44218571
44218572
44218573
44218574
44218575
44218576
44218577
44218578
44218579
44218580
44218581
44218582
44218583
44218584
44218585
44218586
44218587
44218588
44218589
44218590
44218591
44218592
44218593
44218594
44218595
44218596
44218597
44218598
44218599
44218600
44218601
44218602
44218603
44218604
44218605
44218606
44218607
44218608
44218609
44218610
44218611
44218612
44218613
44218614
44218615
44218616
44218617
44218618
44218619
44218620
44218621
44218622
44218623
44218624
44218625
44218626
44218627
44218628
44218629
44218630
44218631
44218632
44218633
44218634
44218635
44218636
44218637
44218638
44218639
44218640
44218641
44218642
44218643
44218644
44218645
44218646
44218647
44218648
44218649
44218650
44218651
44218652
44218653
44218654
44218655
44218656
44218657
44218658
44218659
44218660
44218661
44218662
44218663
44218664
44218665
44218666
44218667
44218668
44218669
44218670
44218671
44218672
44218673
44218674
44218675
44218676
44218677
44218678
44218679
44218680
44218681
44218682
44218683
44218684
44218685
44218686
44218687
44218688
44218689
44218690
44218691
44218692
44218693
44218694
44218695
44218696
44218697
44218698
44218699
44218700
44218701
44218702
44218703
44218704
44218705
44218706
44218707
44218708
44218709
44218710
44218711
44218712
44218713
44218714
44218715
44218716
44218717
44218718
44218719
44218720
44218721
44218722
44218723
44218724
44218725
44218726
44218727
44218728
44218729
44218730
44218731
44218732
44218733
44218734
44218735
44218736
44218737
44218738
44218739
44218740
44218741
44218742
44218743
44218744
44218745
44218746
44218747
44218748
44218749
44218750
44218751
44218752
44218753
44218754
44218755
44218756
44218757
44218758
44218759
44218760
44218761
44218762
44218763
44218764
44218765
44218766
44218767
44218768
44218769
44218770
44218771
44218772
44218773
44218774
44218775
44218776
44218777
44218778
44218779
44218780
44218781
44218782
44218783
44218784
44218785
44218786
44218787
44218788
44218789
44218790
44218791
44218792
44218793
44218794
44218795
44218796
44218797
44218798
44218799
44218800
44218801
44218802
44218803
44218804
44218805
44218806
44218807
44218808
44218809
44218810
44218811
44218812
44218813
44218814
44218815
44218816
44218817
44218818
44218819
44218820
44218821
44218822
44218823
44218824
44218825
44218826
44218827
44218828
44218829
44218830
44218831
44218832
44218833
44218834
44218835
44218836
44218837
44218838
44218839
44218840
44218841
44218842
44218843
44218844
44218845
44218846
44218847
44218848
44218849
44218850
44218851
44218852
44218853
44218854
44218855
44218856
44218857
44218858
44218859
44218860
44218861
44218862
44218863
44218864
44218865
44218866
44218867
44218868
44218869
44218870
44218871
44218872
44218873
44218874
44218875
44218876
44218877
44218878
44218879
44218880
44218881
44218882
44218883
44218884
44218885
44218886
44218887
44218888
44218889
