44618890
44618891
44618892
44618893
44618894
44618895
44618896
44618897
44618898
44618899
44618900
44618901
44618902
44618903
44618904
44618905
44618906
44618907
44618908
44618909
44618910
44618911
44618912
44618913
44618914
44618915
44618916
44618917
44618918
44618919
44618920
44618921
44618922
44618923
44618924
44618925
44618926
44618927
44618928
44618929
44618930
44618931
44618932
44618933
44618934
44618935
44618936
44618937
44618938
44618939
44618940
44618941
44618942
44618943
44618944
44618945
44618946
44618947
44618948
44618949
44618950
44618951
44618952
44618953
44618954
44618955
44618956
44618957
44618958
44618959
44618960
44618961
44618962
44618963
44618964
44618965
44618966
44618967
44618968
44618969
44618970
44618971
44618972
44618973
44618974
44618975
44618976
44618977
44618978
44618979
44618980
44618981
44618982
44618983
44618984
44618985
44618986
44618987
44618988
44618989
44618990
44618991
44618992
44618993
44618994
44618995
44618996
44618997
44618998
44618999
44619000
44619001
44619002
44619003
44619004
44619005
44619006
44619007
44619008
44619009
44619010
44619011
44619012
44619013
44619014
44619015
44619016
44619017
44619018
44619019
44619020
44619021
44619022
44619023
44619024
44619025
44619026
44619027
44619028
44619029
44619030
44619031
44619032
44619033
44619034
44619035
44619036
44619037
44619038
44619039
44619040
44619041
44619042
44619043
44619044
44619045
44619046
44619047
44619048
44619049
44619050
44619051
44619052
44619053
44619054
44619055
44619056
44619057
44619058
44619059
44619060
44619061
44619062
44619063
44619064
44619065
44619066
44619067
44619068
44619069
44619070
44619071
44619072
44619073
44619074
44619075
44619076
44619077
44619078
44619079
44619080
44619081
44619082
44619083
44619084
44619085
44619086
44619087
44619088
44619089
44619090
44619091
44619092
44619093
44619094
44619095
44619096
44619097
44619098
44619099
44619100
44619101
44619102
44619103
44619104
44619105
44619106
44619107
44619108
44619109
44619110
44619111
44619112
44619113
44619114
44619115
44619116
44619117
44619118
44619119
44619120
44619121
44619122
44619123
44619124
44619125
44619126
44619127
44619128
44619129
44619130
44619131
44619132
44619133
44619134
44619135
44619136
44619137
44619138
44619139
44619140
44619141
44619142
44619143
44619144
44619145
44619146
44619147
44619148
44619149
44619150
44619151
44619152
44619153
44619154
44619155
44619156
44619157
44619158
44619159
44619160
44619161
44619162
44619163
44619164
44619165
44619166
44619167
44619168
44619169
44619170
44619171
44619172
44619173
44619174
44619175
44619176
44619177
44619178
44619179
44619180
44619181
44619182
44619183
44619184
44619185
44619186
44619187
44619188
44619189
44619190
44619191
44619192
44619193
44619194
44619195
44619196
44619197
44619198
44619199
44619200
44619201
44619202
44619203
44619204
44619205
44619206
44619207
44619208
44619209
44619210
44619211
44619212
44619213
44619214
44619215
44619216
44619217
44619218
44619219
44619220
44619221
44619222
44619223
44619224
44619225
44619226
44619227
44619228
44619229
44619230
44619231
44619232
44619233
44619234
44619235
44619236
44619237
44619238
44619239
44619240
44619241
44619242
44619243
44619244
44619245
44619246
44619247
44619248
44619249
44619250
44619251
44619252
44619253
44619254
44619255
44619256
44619257
44619258
44619259
44619260
44619261
44619262
44619263
44619264
44619265
44619266
44619267
44619268
44619269
44619270
44619271
44619272
44619273
44619274
44619275
44619276
44619277
44619278
44619279
44619280
44619281
44619282
44619283
44619284
44619285
44619286
44619287
44619288
44619289
44619290
44619291
44619292
44619293
44619294
44619295
44619296
44619297
44619298
44619299
44619300
44619301
44619302
44619303
44619304
44619305
44619306
44619307
44619308
44619309
44619310
44619311
44619312
44619313
44619314
44619315
44619316
44619317
44619318
44619319
44619320
44619321
44619322
44619323
44619324
44619325
44619326
44619327
44619328
44619329
44619330
44619331
44619332
44619333
44619334
44619335
44619336
44619337
44619338
44619339
44619340
44619341
44619342
44619343
44619344
44619345
44619346
44619347
44619348
44619349
44619350
44619351
44619352
44619353
44619354
44619355
44619356
44619357
44619358
44619359
44619360
44619361
44619362
44619363
44619364
44619365
44619366
44619367
44619368
44619369
44619370
44619371
44619372
44619373
44619374
44619375
44619376
44619377
44619378
44619379
44619380
44619381
44619382
44619383
44619384
44619385
44619386
44619387
44619388
44619389
44619390
44619391
44619392
44619393
44619394
44619395
44619396
44619397
44619398
44619399
44619400
44619401
44619402
44619403
44619404
44619405
44619406
44619407
44619408
44619409
44619410
44619411
44619412
44619413
44619414
44619415
44619416
44619417
44619418
44619419
44619420
44619421
44619422
44619423
44619424
44619425
44619426
44619427
44619428
44619429
44619430
44619431
44619432
44619433
44619434
44619435
44619436
44619437
44619438
44619439
44619440
44619441
44619442
44619443
44619444
44619445
44619446
44619447
44619448
44619449
44619450
44619451
44619452
44619453
44619454
44619455
44619456
44619457
44619458
44619459
44619460
44619461
44619462
44619463
44619464
44619465
44619466
44619467
44619468
44619469
44619470
44619471
44619472
44619473
44619474
44619475
44619476
44619477
44619478
44619479
44619480
44619481
44619482
44619483
44619484
44619485
44619486
44619487
44619488
44619489
44619490
44619491
44619492
44619493
44619494
44619495
44619496
44619497
44619498
44619499
44619500
44619501
44619502
44619503
44619504
44619505
44619506
44619507
44619508
44619509
44619510
44619511
44619512
44619513
44619514
44619515
44619516
44619517
44619518
44619519
44619520
44619521
44619522
44619523
44619524
44619525
44619526
44619527
44619528
44619529
44619530
44619531
44619532
44619533
44619534
44619535
44619536
44619537
44619538
44619539
44619540
44619541
44619542
44619543
44619544
44619545
44619546
44619547
44619548
44619549
44619550
44619551
44619552
44619553
44619554
44619555
44619556
44619557
44619558
44619559
44619560
44619561
44619562
44619563
44619564
44619565
44619566
44619567
44619568
44619569
44619570
44619571
44619572
44619573
44619574
44619575
44619576
44619577
44619578
44619579
44619580
44619581
44619582
44619583
44619584
44619585
44619586
44619587
44619588
44619589
44619590
44619591
44619592
44619593
44619594
44619595
44619596
44619597
44619598
44619599
44619600
44619601
44619602
44619603
44619604
44619605
44619606
44619607
44619608
44619609
44619610
44619611
44619612
44619613
44619614
44619615
44619616
44619617
44619618
44619619
44619620
44619621
44619622
44619623
44619624
44619625
44619626
44619627
44619628
44619629
44619630
44619631
44619632
44619633
44619634
44619635
44619636
44619637
44619638
44619639
44619640
44619641
44619642
44619643
44619644
44619645
44619646
44619647
44619648
44619649
44619650
44619651
44619652
44619653
44619654
44619655
44619656
44619657
44619658
44619659
44619660
44619661
44619662
44619663
44619664
44619665
44619666
44619667
44619668
44619669
44619670
44619671
44619672
44619673
44619674
44619675
44619676
44619677
44619678
44619679
44619680
44619681
44619682
44619683
44619684
44619685
44619686
44619687
44619688
44619689
44619690
44619691
44619692
44619693
44619694
44619695
44619696
44619697
44619698
44619699
44619700
44619701
44619702
44619703
44619704
44619705
44619706
44619707
44619708
44619709
44619710
44619711
44619712
44619713
44619714
44619715
44619716
44619717
44619718
44619719
44619720
44619721
44619722
44619723
44619724
44619725
44619726
44619727
44619728
44619729
44619730
44619731
44619732
44619733
44619734
44619735
44619736
44619737
44619738
44619739
44619740
44619741
44619742
44619743
44619744
44619745
44619746
44619747
44619748
44619749
44619750
44619751
44619752
44619753
44619754
44619755
44619756
44619757
44619758
44619759
44619760
44619761
44619762
44619763
44619764
44619765
44619766
44619767
44619768
44619769
44619770
44619771
44619772
44619773
44619774
44619775
44619776
44619777
44619778
44619779
44619780
44619781
44619782
44619783
44619784
44619785
44619786
44619787
44619788
44619789
44619790
44619791
44619792
44619793
44619794
44619795
44619796
44619797
44619798
44619799
44619800
44619801
44619802
44619803
44619804
44619805
44619806
44619807
44619808
44619809
44619810
44619811
44619812
44619813
44619814
44619815
44619816
44619817
44619818
44619819
44619820
44619821
44619822
44619823
44619824
44619825
44619826
44619827
44619828
44619829
44619830
44619831
44619832
44619833
44619834
44619835
44619836
44619837
44619838
44619839
44619840
44619841
44619842
44619843
44619844
44619845
44619846
44619847
44619848
44619849
44619850
44619851
44619852
44619853
44619854
44619855
44619856
44619857
44619858
44619859
44619860
44619861
44619862
44619863
44619864
44619865
44619866
44619867
44619868
44619869
44619870
44619871
44619872
44619873
44619874
44619875
44619876
44619877
44619878
44619879
44619880
44619881
44619882
44619883
44619884
44619885
44619886
44619887
44619888
44619889
44619890
44619891
44619892
44619893
44619894
44619895
44619896
44619897
44619898
44619899
44619900
44619901
44619902
44619903
44619904
44619905
44619906
44619907
44619908
44619909
44619910
44619911
44619912
44619913
44619914
44619915
44619916
44619917
44619918
44619919
44619920
44619921
44619922
44619923
44619924
44619925
44619926
44619927
44619928
44619929
44619930
44619931
44619932
44619933
44619934
44619935
44619936
44619937
44619938
44619939
44619940
44619941
44619942
44619943
44619944
44619945
44619946
44619947
44619948
44619949
44619950
44619951
44619952
44619953
44619954
44619955
44619956
44619957
44619958
44619959
44619960
44619961
44619962
44619963
44619964
44619965
44619966
44619967
44619968
44619969
44619970
44619971
44619972
44619973
44619974
44619975
44619976
44619977
44619978
44619979
44619980
44619981
44619982
44619983
44619984
44619985
44619986
44619987
44619988
44619989
44619990
44619991
44619992
44619993
44619994
44619995
44619996
44619997
44619998
44619999
44620000
44620001
44620002
44620003
44620004
44620005
44620006
44620007
44620008
44620009
44620010
44620011
44620012
44620013
44620014
44620015
44620016
44620017
44620018
44620019
44620020
44620021
44620022
44620023
44620024
44620025
44620026
44620027
44620028
44620029
44620030
44620031
44620032
44620033
44620034
44620035
44620036
44620037
44620038
44620039
44620040
44620041
44620042
44620043
44620044
44620045
44620046
44620047
44620048
44620049
44620050
44620051
44620052
44620053
44620054
44620055
44620056
44620057
44620058
44620059
44620060
44620061
44620062
44620063
44620064
44620065
44620066
44620067
44620068
44620069
44620070
44620071
44620072
44620073
44620074
44620075
44620076
44620077
44620078
44620079
44620080
44620081
44620082
44620083
44620084
44620085
44620086
44620087
44620088
44620089
44620090
44620091
44620092
44620093
44620094
44620095
44620096
44620097
44620098
44620099
44620100
44620101
44620102
44620103
44620104
44620105
44620106
44620107
44620108
44620109
44620110
44620111
44620112
44620113
44620114
44620115
44620116
44620117
44620118
44620119
44620120
44620121
44620122
44620123
44620124
44620125
44620126
44620127
44620128
44620129
44620130
44620131
44620132
44620133
44620134
44620135
44620136
44620137
44620138
44620139
44620140
44620141
44620142
44620143
44620144
44620145
44620146
44620147
44620148
44620149
44620150
44620151
44620152
44620153
44620154
44620155
44620156
44620157
44620158
44620159
44620160
44620161
44620162
44620163
44620164
44620165
44620166
44620167
44620168
44620169
44620170
44620171
44620172
44620173
44620174
44620175
44620176
44620177
44620178
44620179
44620180
44620181
44620182
44620183
44620184
44620185
44620186
44620187
44620188
44620189
44620190
44620191
44620192
44620193
44620194
44620195
44620196
44620197
44620198
44620199
44620200
44620201
44620202
44620203
44620204
44620205
44620206
44620207
44620208
44620209
44620210
44620211
44620212
44620213
44620214
44620215
44620216
44620217
44620218
44620219
44620220
44620221
44620222
44620223
44620224
44620225
44620226
44620227
44620228
44620229
44620230
44620231
44620232
44620233
44620234
44620235
44620236
44620237
44620238
44620239
44620240
44620241
44620242
44620243
44620244
44620245
44620246
44620247
44620248
44620249
44620250
44620251
44620252
44620253
44620254
44620255
44620256
44620257
44620258
44620259
44620260
44620261
44620262
44620263
44620264
44620265
44620266
44620267
44620268
44620269
44620270
44620271
44620272
44620273
44620274
44620275
44620276
44620277
44620278
44620279
44620280
44620281
44620282
44620283
44620284
44620285
44620286
44620287
44620288
44620289
44620290
44620291
44620292
44620293
44620294
44620295
44620296
44620297
44620298
44620299
44620300
44620301
44620302
44620303
44620304
44620305
44620306
44620307
44620308
44620309
44620310
44620311
44620312
44620313
44620314
44620315
44620316
44620317
44620318
44620319
44620320
44620321
44620322
44620323
44620324
44620325
44620326
44620327
44620328
44620329
44620330
44620331
44620332
44620333
44620334
44620335
44620336
44620337
44620338
44620339
44620340
44620341
44620342
44620343
44620344
44620345
44620346
44620347
44620348
44620349
44620350
44620351
44620352
44620353
44620354
44620355
44620356
44620357
44620358
44620359
44620360
44620361
44620362
44620363
44620364
44620365
44620366
44620367
44620368
44620369
44620370
44620371
44620372
44620373
44620374
44620375
44620376
44620377
44620378
44620379
44620380
44620381
44620382
44620383
44620384
44620385
44620386
44620387
44620388
44620389
44620390
44620391
44620392
44620393
44620394
44620395
44620396
44620397
44620398
44620399
44620400
44620401
44620402
44620403
44620404
44620405
44620406
44620407
44620408
44620409
44620410
44620411
44620412
44620413
44620414
44620415
44620416
44620417
44620418
44620419
44620420
44620421
44620422
44620423
44620424
44620425
44620426
44620427
44620428
44620429
44620430
44620431
44620432
44620433
44620434
44620435
44620436
44620437
44620438
44620439
44620440
44620441
44620442
44620443
44620444
44620445
44620446
44620447
44620448
44620449
44620450
44620451
44620452
44620453
44620454
44620455
44620456
44620457
44620458
44620459
44620460
44620461
44620462
44620463
44620464
44620465
44620466
44620467
44620468
44620469
44620470
44620471
44620472
44620473
44620474
44620475
44620476
44620477
44620478
44620479
44620480
44620481
44620482
44620483
44620484
44620485
44620486
44620487
44620488
44620489
44620490
44620491
44620492
44620493
44620494
44620495
44620496
44620497
44620498
44620499
44620500
44620501
44620502
44620503
44620504
44620505
44620506
44620507
44620508
44620509
44620510
44620511
44620512
44620513
44620514
44620515
44620516
44620517
44620518
44620519
44620520
44620521
44620522
44620523
44620524
44620525
44620526
44620527
44620528
44620529
44620530
44620531
44620532
44620533
44620534
44620535
44620536
44620537
44620538
44620539
44620540
44620541
44620542
44620543
44620544
44620545
44620546
44620547
44620548
44620549
44620550
44620551
44620552
44620553
44620554
44620555
44620556
44620557
44620558
44620559
44620560
44620561
44620562
44620563
44620564
44620565
44620566
44620567
44620568
44620569
44620570
44620571
44620572
44620573
44620574
44620575
44620576
44620577
44620578
44620579
44620580
44620581
44620582
44620583
44620584
44620585
44620586
44620587
44620588
44620589
44620590
44620591
44620592
44620593
44620594
44620595
44620596
44620597
44620598
44620599
44620600
44620601
44620602
44620603
44620604
44620605
44620606
44620607
44620608
44620609
44620610
44620611
44620612
44620613
44620614
44620615
44620616
44620617
44620618
44620619
44620620
44620621
44620622
44620623
44620624
44620625
44620626
44620627
44620628
44620629
44620630
44620631
44620632
44620633
44620634
44620635
44620636
44620637
44620638
44620639
44620640
44620641
44620642
44620643
44620644
44620645
44620646
44620647
44620648
44620649
44620650
44620651
44620652
44620653
44620654
44620655
44620656
44620657
44620658
44620659
44620660
44620661
44620662
44620663
44620664
44620665
44620666
44620667
44620668
44620669
44620670
44620671
44620672
44620673
44620674
44620675
44620676
44620677
44620678
44620679
44620680
44620681
44620682
44620683
44620684
44620685
44620686
44620687
44620688
44620689
44620690
44620691
44620692
44620693
44620694
44620695
44620696
44620697
44620698
44620699
44620700
44620701
44620702
44620703
44620704
44620705
44620706
44620707
44620708
44620709
44620710
44620711
44620712
44620713
44620714
44620715
44620716
44620717
44620718
44620719
44620720
44620721
44620722
44620723
44620724
44620725
44620726
44620727
44620728
44620729
44620730
44620731
44620732
44620733
44620734
44620735
44620736
44620737
44620738
44620739
44620740
44620741
44620742
44620743
44620744
44620745
44620746
44620747
44620748
44620749
44620750
44620751
44620752
44620753
44620754
44620755
44620756
44620757
44620758
44620759
44620760
44620761
44620762
44620763
44620764
44620765
44620766
44620767
44620768
44620769
44620770
44620771
44620772
44620773
44620774
44620775
44620776
44620777
44620778
44620779
44620780
44620781
44620782
44620783
44620784
44620785
44620786
44620787
44620788
44620789
44620790
44620791
44620792
44620793
44620794
44620795
44620796
44620797
44620798
44620799
44620800
44620801
44620802
44620803
44620804
44620805
44620806
44620807
44620808
44620809
44620810
44620811
44620812
44620813
44620814
44620815
44620816
44620817
44620818
44620819
44620820
44620821
44620822
44620823
44620824
44620825
44620826
44620827
44620828
44620829
44620830
44620831
44620832
44620833
44620834
44620835
44620836
44620837
44620838
44620839
44620840
44620841
44620842
44620843
44620844
44620845
44620846
44620847
44620848
44620849
44620850
44620851
44620852
44620853
44620854
44620855
44620856
44620857
44620858
44620859
44620860
44620861
44620862
44620863
44620864
44620865
44620866
44620867
44620868
44620869
44620870
44620871
44620872
44620873
44620874
44620875
44620876
44620877
44620878
44620879
44620880
44620881
44620882
44620883
44620884
44620885
44620886
44620887
44620888
44620889
44620890
44620891
44620892
44620893
44620894
44620895
44620896
44620897
44620898
44620899
44620900
44620901
44620902
44620903
44620904
44620905
44620906
44620907
44620908
44620909
44620910
44620911
44620912
44620913
44620914
44620915
44620916
44620917
44620918
44620919
44620920
44620921
44620922
44620923
44620924
44620925
44620926
44620927
44620928
44620929
44620930
44620931
44620932
44620933
44620934
44620935
44620936
44620937
44620938
44620939
44620940
44620941
44620942
44620943
44620944
44620945
44620946
44620947
44620948
44620949
44620950
44620951
44620952
44620953
44620954
44620955
44620956
44620957
44620958
44620959
44620960
44620961
44620962
44620963
44620964
44620965
44620966
44620967
44620968
44620969
44620970
44620971
44620972
44620973
44620974
44620975
44620976
44620977
44620978
44620979
44620980
44620981
44620982
44620983
44620984
44620985
44620986
44620987
44620988
44620989
44620990
44620991
44620992
44620993
44620994
44620995
44620996
44620997
44620998
44620999
44621000
44621001
44621002
44621003
44621004
44621005
44621006
44621007
44621008
44621009
44621010
44621011
44621012
44621013
44621014
44621015
44621016
44621017
44621018
44621019
44621020
44621021
44621022
44621023
44621024
44621025
44621026
44621027
44621028
44621029
44621030
44621031
44621032
44621033
44621034
44621035
44621036
44621037
44621038
44621039
44621040
44621041
44621042
44621043
44621044
44621045
44621046
44621047
44621048
44621049
44621050
44621051
44621052
44621053
44621054
44621055
44621056
44621057
44621058
44621059
44621060
44621061
44621062
44621063
44621064
44621065
44621066
44621067
44621068
44621069
44621070
44621071
44621072
44621073
44621074
44621075
44621076
44621077
44621078
44621079
44621080
44621081
44621082
44621083
44621084
44621085
44621086
44621087
44621088
44621089
44621090
44621091
44621092
44621093
44621094
44621095
44621096
44621097
44621098
44621099
44621100
44621101
44621102
44621103
44621104
44621105
44621106
44621107
44621108
44621109
44621110
44621111
44621112
44621113
44621114
44621115
44621116
44621117
44621118
44621119
44621120
44621121
44621122
44621123
44621124
44621125
44621126
44621127
44621128
44621129
44621130
44621131
44621132
44621133
44621134
44621135
44621136
44621137
44621138
44621139
44621140
44621141
44621142
44621143
44621144
44621145
44621146
44621147
44621148
44621149
44621150
44621151
44621152
44621153
44621154
44621155
44621156
44621157
44621158
44621159
44621160
44621161
44621162
44621163
44621164
44621165
44621166
44621167
44621168
44621169
44621170
44621171
44621172
44621173
44621174
44621175
44621176
44621177
44621178
44621179
44621180
44621181
44621182
44621183
44621184
44621185
44621186
44621187
44621188
44621189
44621190
44621191
44621192
44621193
44621194
44621195
44621196
44621197
44621198
44621199
44621200
44621201
44621202
44621203
44621204
44621205
44621206
44621207
44621208
44621209
44621210
44621211
44621212
44621213
44621214
44621215
44621216
44621217
44621218
44621219
44621220
44621221
44621222
44621223
44621224
44621225
44621226
44621227
44621228
44621229
44621230
44621231
44621232
44621233
44621234
44621235
44621236
44621237
44621238
44621239
44621240
44621241
44621242
44621243
44621244
44621245
44621246
44621247
44621248
44621249
44621250
44621251
44621252
44621253
44621254
44621255
44621256
44621257
44621258
44621259
44621260
44621261
44621262
44621263
44621264
44621265
44621266
44621267
44621268
44621269
44621270
44621271
44621272
44621273
44621274
44621275
44621276
44621277
44621278
44621279
44621280
44621281
44621282
44621283
44621284
44621285
44621286
44621287
44621288
44621289
44621290
44621291
44621292
44621293
44621294
44621295
44621296
44621297
44621298
44621299
44621300
44621301
44621302
44621303
44621304
44621305
44621306
44621307
44621308
44621309
44621310
44621311
44621312
44621313
44621314
44621315
44621316
44621317
44621318
44621319
44621320
44621321
44621322
44621323
44621324
44621325
44621326
44621327
44621328
44621329
44621330
44621331
44621332
44621333
44621334
44621335
44621336
44621337
44621338
44621339
44621340
44621341
44621342
44621343
44621344
44621345
44621346
44621347
44621348
44621349
44621350
44621351
44621352
44621353
44621354
44621355
44621356
44621357
44621358
44621359
44621360
44621361
44621362
44621363
44621364
44621365
44621366
44621367
44621368
44621369
44621370
44621371
44621372
44621373
44621374
44621375
44621376
44621377
44621378
44621379
44621380
44621381
44621382
44621383
44621384
44621385
44621386
44621387
44621388
44621389
44621390
44621391
44621392
44621393
44621394
44621395
44621396
44621397
44621398
44621399
44621400
44621401
44621402
44621403
44621404
44621405
44621406
44621407
44621408
44621409
44621410
44621411
44621412
44621413
44621414
44621415
44621416
44621417
44621418
44621419
44621420
44621421
44621422
44621423
44621424
44621425
44621426
44621427
44621428
44621429
44621430
44621431
44621432
44621433
44621434
44621435
44621436
44621437
44621438
44621439
44621440
44621441
44621442
44621443
44621444
44621445
44621446
44621447
44621448
44621449
44621450
44621451
44621452
44621453
44621454
44621455
44621456
44621457
44621458
44621459
44621460
44621461
44621462
44621463
44621464
44621465
44621466
44621467
44621468
44621469
44621470
44621471
44621472
44621473
44621474
44621475
44621476
44621477
44621478
44621479
44621480
44621481
44621482
44621483
44621484
44621485
44621486
44621487
44621488
44621489
44621490
44621491
44621492
44621493
44621494
44621495
44621496
44621497
44621498
44621499
44621500
44621501
44621502
44621503
44621504
44621505
44621506
44621507
44621508
44621509
44621510
44621511
44621512
44621513
44621514
44621515
44621516
44621517
44621518
44621519
44621520
44621521
44621522
44621523
44621524
44621525
44621526
44621527
44621528
44621529
44621530
44621531
44621532
44621533
44621534
44621535
44621536
44621537
44621538
44621539
44621540
44621541
44621542
44621543
44621544
44621545
44621546
44621547
44621548
44621549
44621550
44621551
44621552
44621553
44621554
44621555
44621556
44621557
44621558
44621559
44621560
44621561
44621562
44621563
44621564
44621565
44621566
44621567
44621568
44621569
44621570
44621571
44621572
44621573
44621574
44621575
44621576
44621577
44621578
44621579
44621580
44621581
44621582
44621583
44621584
44621585
44621586
44621587
44621588
44621589
44621590
44621591
44621592
44621593
44621594
44621595
44621596
44621597
44621598
44621599
44621600
44621601
44621602
44621603
44621604
44621605
44621606
44621607
44621608
44621609
44621610
44621611
44621612
44621613
44621614
44621615
44621616
44621617
44621618
44621619
44621620
44621621
44621622
44621623
44621624
44621625
44621626
44621627
44621628
44621629
44621630
44621631
44621632
44621633
44621634
44621635
44621636
44621637
44621638
44621639
44621640
44621641
44621642
44621643
44621644
44621645
44621646
44621647
44621648
44621649
44621650
44621651
44621652
44621653
44621654
44621655
44621656
44621657
44621658
44621659
44621660
44621661
44621662
44621663
44621664
44621665
44621666
44621667
44621668
44621669
44621670
44621671
44621672
44621673
44621674
44621675
44621676
44621677
44621678
44621679
44621680
44621681
44621682
44621683
44621684
44621685
44621686
44621687
44621688
44621689
44621690
44621691
44621692
44621693
44621694
44621695
44621696
44621697
44621698
44621699
44621700
44621701
44621702
44621703
44621704
44621705
44621706
44621707
44621708
44621709
44621710
44621711
44621712
44621713
44621714
44621715
44621716
44621717
44621718
44621719
44621720
44621721
44621722
44621723
44621724
44621725
44621726
44621727
44621728
44621729
44621730
44621731
44621732
44621733
44621734
44621735
44621736
44621737
44621738
44621739
44621740
44621741
44621742
44621743
44621744
44621745
44621746
44621747
44621748
44621749
44621750
44621751
44621752
44621753
44621754
44621755
44621756
44621757
44621758
44621759
44621760
44621761
44621762
44621763
44621764
44621765
44621766
44621767
44621768
44621769
44621770
44621771
44621772
44621773
44621774
44621775
44621776
44621777
44621778
44621779
44621780
44621781
44621782
44621783
44621784
44621785
44621786
44621787
44621788
44621789
44621790
44621791
44621792
44621793
44621794
44621795
44621796
44621797
44621798
44621799
44621800
44621801
44621802
44621803
44621804
44621805
44621806
44621807
44621808
44621809
44621810
44621811
44621812
44621813
44621814
44621815
44621816
44621817
44621818
44621819
44621820
44621821
44621822
44621823
44621824
44621825
44621826
44621827
44621828
44621829
44621830
44621831
44621832
44621833
44621834
44621835
44621836
44621837
44621838
44621839
44621840
44621841
44621842
44621843
44621844
44621845
44621846
44621847
44621848
44621849
44621850
44621851
44621852
44621853
44621854
44621855
44621856
44621857
44621858
44621859
44621860
44621861
44621862
44621863
44621864
44621865
44621866
44621867
44621868
44621869
44621870
44621871
44621872
44621873
44621874
44621875
44621876
44621877
44621878
44621879
44621880
44621881
44621882
44621883
44621884
44621885
44621886
44621887
44621888
44621889
44621890
44621891
44621892
44621893
44621894
44621895
44621896
44621897
44621898
44621899
44621900
44621901
44621902
44621903
44621904
44621905
44621906
44621907
44621908
44621909
44621910
44621911
44621912
44621913
44621914
44621915
44621916
44621917
44621918
44621919
44621920
44621921
44621922
44621923
44621924
44621925
44621926
44621927
44621928
44621929
44621930
44621931
44621932
44621933
44621934
44621935
44621936
44621937
44621938
44621939
44621940
44621941
44621942
44621943
44621944
44621945
44621946
44621947
44621948
44621949
44621950
44621951
44621952
44621953
44621954
44621955
44621956
44621957
44621958
44621959
44621960
44621961
44621962
44621963
44621964
44621965
44621966
44621967
44621968
44621969
44621970
44621971
44621972
44621973
44621974
44621975
44621976
44621977
44621978
44621979
44621980
44621981
44621982
44621983
44621984
44621985
44621986
44621987
44621988
44621989
44621990
44621991
44621992
44621993
44621994
44621995
44621996
44621997
44621998
44621999
44622000
44622001
44622002
44622003
44622004
44622005
44622006
44622007
44622008
44622009
44622010
44622011
44622012
44622013
44622014
44622015
44622016
44622017
44622018
44622019
44622020
44622021
44622022
44622023
44622024
44622025
44622026
44622027
44622028
44622029
44622030
44622031
44622032
44622033
44622034
44622035
44622036
44622037
44622038
44622039
44622040
44622041
44622042
44622043
44622044
44622045
44622046
44622047
44622048
44622049
44622050
44622051
44622052
44622053
44622054
44622055
44622056
44622057
44622058
44622059
44622060
44622061
44622062
44622063
44622064
44622065
44622066
44622067
44622068
44622069
44622070
44622071
44622072
44622073
44622074
44622075
44622076
44622077
44622078
44622079
44622080
44622081
44622082
44622083
44622084
44622085
44622086
44622087
44622088
44622089
44622090
44622091
44622092
44622093
44622094
44622095
44622096
44622097
44622098
44622099
44622100
44622101
44622102
44622103
44622104
44622105
44622106
44622107
44622108
44622109
44622110
44622111
44622112
44622113
44622114
44622115
44622116
44622117
44622118
44622119
44622120
44622121
44622122
44622123
44622124
44622125
44622126
44622127
44622128
44622129
44622130
44622131
44622132
44622133
44622134
44622135
44622136
44622137
44622138
44622139
44622140
44622141
44622142
44622143
44622144
44622145
44622146
44622147
44622148
44622149
44622150
44622151
44622152
44622153
44622154
44622155
44622156
44622157
44622158
44622159
44622160
44622161
44622162
44622163
44622164
44622165
44622166
44622167
44622168
44622169
44622170
44622171
44622172
44622173
44622174
44622175
44622176
44622177
44622178
44622179
44622180
44622181
44622182
44622183
44622184
44622185
44622186
44622187
44622188
44622189
44622190
44622191
44622192
44622193
44622194
44622195
44622196
44622197
44622198
44622199
44622200
44622201
44622202
44622203
44622204
44622205
44622206
44622207
44622208
44622209
44622210
44622211
44622212
44622213
44622214
44622215
44622216
44622217
44622218
44622219
44622220
44622221
44622222
44622223
44622224
44622225
44622226
44622227
44622228
44622229
44622230
44622231
44622232
44622233
44622234
44622235
44622236
44622237
44622238
44622239
44622240
44622241
44622242
44622243
44622244
44622245
44622246
44622247
44622248
44622249
44622250
44622251
44622252
44622253
44622254
44622255
44622256
44622257
44622258
44622259
44622260
44622261
44622262
44622263
44622264
44622265
44622266
44622267
44622268
44622269
44622270
44622271
44622272
44622273
44622274
44622275
44622276
44622277
44622278
44622279
44622280
44622281
44622282
44622283
44622284
44622285
44622286
44622287
44622288
44622289
44622290
44622291
44622292
44622293
44622294
44622295
44622296
44622297
44622298
44622299
44622300
44622301
44622302
44622303
44622304
44622305
44622306
44622307
44622308
44622309
44622310
44622311
44622312
44622313
44622314
44622315
44622316
44622317
44622318
44622319
44622320
44622321
44622322
44622323
44622324
44622325
44622326
44622327
44622328
44622329
44622330
44622331
44622332
44622333
44622334
44622335
44622336
44622337
44622338
44622339
44622340
44622341
44622342
44622343
44622344
44622345
44622346
44622347
44622348
44622349
44622350
44622351
44622352
44622353
44622354
44622355
44622356
44622357
44622358
44622359
44622360
44622361
44622362
44622363
44622364
44622365
44622366
44622367
44622368
44622369
44622370
44622371
44622372
44622373
44622374
44622375
44622376
44622377
44622378
44622379
44622380
44622381
44622382
44622383
44622384
44622385
44622386
44622387
44622388
44622389
44622390
44622391
44622392
44622393
44622394
44622395
44622396
44622397
44622398
44622399
44622400
44622401
44622402
44622403
44622404
44622405
44622406
44622407
44622408
44622409
44622410
44622411
44622412
44622413
44622414
44622415
44622416
44622417
44622418
44622419
44622420
44622421
44622422
44622423
44622424
44622425
44622426
44622427
44622428
44622429
44622430
44622431
44622432
44622433
44622434
44622435
44622436
44622437
44622438
44622439
44622440
44622441
44622442
44622443
44622444
44622445
44622446
44622447
44622448
44622449
44622450
44622451
44622452
44622453
44622454
44622455
44622456
44622457
44622458
44622459
44622460
44622461
44622462
44622463
44622464
44622465
44622466
44622467
44622468
44622469
44622470
44622471
44622472
44622473
44622474
44622475
44622476
44622477
44622478
44622479
44622480
44622481
44622482
44622483
44622484
44622485
44622486
44622487
44622488
44622489
44622490
44622491
44622492
44622493
44622494
44622495
44622496
44622497
44622498
44622499
44622500
44622501
44622502
44622503
44622504
44622505
44622506
44622507
44622508
44622509
44622510
44622511
44622512
44622513
44622514
44622515
44622516
44622517
44622518
44622519
44622520
44622521
44622522
44622523
44622524
44622525
44622526
44622527
44622528
44622529
44622530
44622531
44622532
44622533
44622534
44622535
44622536
44622537
44622538
44622539
44622540
44622541
44622542
44622543
44622544
44622545
44622546
44622547
44622548
44622549
44622550
44622551
44622552
44622553
44622554
44622555
44622556
44622557
44622558
44622559
44622560
44622561
44622562
44622563
44622564
44622565
44622566
44622567
44622568
44622569
44622570
44622571
44622572
44622573
44622574
44622575
44622576
44622577
44622578
44622579
44622580
44622581
44622582
44622583
44622584
44622585
44622586
44622587
44622588
44622589
44622590
44622591
44622592
44622593
44622594
44622595
44622596
44622597
44622598
44622599
44622600
44622601
44622602
44622603
44622604
44622605
44622606
44622607
44622608
44622609
44622610
44622611
44622612
44622613
44622614
44622615
44622616
44622617
44622618
44622619
44622620
44622621
44622622
44622623
44622624
44622625
44622626
44622627
44622628
44622629
44622630
44622631
44622632
44622633
44622634
44622635
44622636
44622637
44622638
44622639
44622640
44622641
44622642
44622643
44622644
44622645
44622646
44622647
44622648
44622649
44622650
44622651
44622652
44622653
44622654
44622655
44622656
44622657
44622658
44622659
44622660
44622661
44622662
44622663
44622664
44622665
44622666
44622667
44622668
44622669
44622670
44622671
44622672
44622673
44622674
44622675
44622676
44622677
44622678
44622679
44622680
44622681
44622682
44622683
44622684
44622685
44622686
44622687
44622688
44622689
44622690
44622691
44622692
44622693
44622694
44622695
44622696
44622697
44622698
44622699
44622700
44622701
44622702
44622703
44622704
44622705
44622706
44622707
44622708
44622709
44622710
44622711
44622712
44622713
44622714
44622715
44622716
44622717
44622718
44622719
44622720
44622721
44622722
44622723
44622724
44622725
44622726
44622727
44622728
44622729
44622730
44622731
44622732
44622733
44622734
44622735
44622736
44622737
44622738
44622739
44622740
44622741
44622742
44622743
44622744
44622745
44622746
44622747
44622748
44622749
44622750
44622751
44622752
44622753
44622754
44622755
44622756
44622757
44622758
44622759
44622760
44622761
44622762
44622763
44622764
44622765
44622766
44622767
44622768
44622769
44622770
44622771
44622772
44622773
44622774
44622775
44622776
44622777
44622778
44622779
44622780
44622781
44622782
44622783
44622784
44622785
44622786
44622787
44622788
44622789
44622790
44622791
44622792
44622793
44622794
44622795
44622796
44622797
44622798
44622799
44622800
44622801
44622802
44622803
44622804
44622805
44622806
44622807
44622808
44622809
44622810
44622811
44622812
44622813
44622814
44622815
44622816
44622817
44622818
44622819
44622820
44622821
44622822
44622823
44622824
44622825
44622826
44622827
44622828
44622829
44622830
44622831
44622832
44622833
44622834
44622835
44622836
44622837
44622838
44622839
44622840
44622841
44622842
44622843
44622844
44622845
44622846
44622847
44622848
44622849
44622850
44622851
44622852
44622853
44622854
44622855
44622856
44622857
44622858
44622859
44622860
44622861
44622862
44622863
44622864
44622865
44622866
44622867
44622868
44622869
44622870
44622871
44622872
44622873
44622874
44622875
44622876
44622877
44622878
44622879
44622880
44622881
44622882
44622883
44622884
44622885
44622886
44622887
44622888
44622889
44622890
44622891
44622892
44622893
44622894
44622895
44622896
44622897
44622898
44622899
44622900
44622901
44622902
44622903
44622904
44622905
44622906
44622907
44622908
44622909
44622910
44622911
44622912
44622913
44622914
44622915
44622916
44622917
44622918
44622919
44622920
44622921
44622922
44622923
44622924
44622925
44622926
44622927
44622928
44622929
44622930
44622931
44622932
44622933
44622934
44622935
44622936
44622937
44622938
44622939
44622940
44622941
44622942
44622943
44622944
44622945
44622946
44622947
44622948
44622949
44622950
44622951
44622952
44622953
44622954
44622955
44622956
44622957
44622958
44622959
44622960
44622961
44622962
44622963
44622964
44622965
44622966
44622967
44622968
44622969
44622970
44622971
44622972
44622973
44622974
44622975
44622976
44622977
44622978
44622979
44622980
44622981
44622982
44622983
44622984
44622985
44622986
44622987
44622988
44622989
44622990
44622991
44622992
44622993
44622994
44622995
44622996
44622997
44622998
44622999
44623000
44623001
44623002
44623003
44623004
44623005
44623006
44623007
44623008
44623009
44623010
44623011
44623012
44623013
44623014
44623015
44623016
44623017
44623018
44623019
44623020
44623021
44623022
44623023
44623024
44623025
44623026
44623027
44623028
44623029
44623030
44623031
44623032
44623033
44623034
44623035
44623036
44623037
44623038
44623039
44623040
44623041
44623042
44623043
44623044
44623045
44623046
44623047
44623048
44623049
44623050
44623051
44623052
44623053
44623054
44623055
44623056
44623057
44623058
44623059
44623060
44623061
44623062
44623063
44623064
44623065
44623066
44623067
44623068
44623069
44623070
44623071
44623072
44623073
44623074
44623075
44623076
44623077
44623078
44623079
44623080
44623081
44623082
44623083
44623084
44623085
44623086
44623087
44623088
44623089
44623090
44623091
44623092
44623093
44623094
44623095
44623096
44623097
44623098
44623099
44623100
44623101
44623102
44623103
44623104
44623105
44623106
44623107
44623108
44623109
44623110
44623111
44623112
44623113
44623114
44623115
44623116
44623117
44623118
44623119
44623120
44623121
44623122
44623123
44623124
44623125
44623126
44623127
44623128
44623129
44623130
44623131
44623132
44623133
44623134
44623135
44623136
44623137
44623138
44623139
44623140
44623141
44623142
44623143
44623144
44623145
44623146
44623147
44623148
44623149
44623150
44623151
44623152
44623153
44623154
44623155
44623156
44623157
44623158
44623159
44623160
44623161
44623162
44623163
44623164
44623165
44623166
44623167
44623168
44623169
44623170
44623171
44623172
44623173
44623174
44623175
44623176
44623177
44623178
44623179
44623180
44623181
44623182
44623183
44623184
44623185
44623186
44623187
44623188
44623189
44623190
44623191
44623192
44623193
44623194
44623195
44623196
44623197
44623198
44623199
44623200
44623201
44623202
44623203
44623204
44623205
44623206
44623207
44623208
44623209
44623210
44623211
44623212
44623213
44623214
44623215
44623216
44623217
44623218
44623219
44623220
44623221
44623222
44623223
44623224
44623225
44623226
44623227
44623228
44623229
44623230
44623231
44623232
44623233
44623234
44623235
44623236
44623237
44623238
44623239
44623240
44623241
44623242
44623243
44623244
44623245
44623246
44623247
44623248
44623249
44623250
44623251
44623252
44623253
44623254
44623255
44623256
44623257
44623258
44623259
44623260
44623261
44623262
44623263
44623264
44623265
44623266
44623267
44623268
44623269
44623270
44623271
44623272
44623273
44623274
44623275
44623276
44623277
44623278
44623279
44623280
44623281
44623282
44623283
44623284
44623285
44623286
44623287
44623288
44623289
44623290
44623291
44623292
44623293
44623294
44623295
44623296
44623297
44623298
44623299
44623300
44623301
44623302
44623303
44623304
44623305
44623306
44623307
44623308
44623309
44623310
44623311
44623312
44623313
44623314
44623315
44623316
44623317
44623318
44623319
44623320
44623321
44623322
44623323
44623324
44623325
44623326
44623327
44623328
44623329
44623330
44623331
44623332
44623333
44623334
44623335
44623336
44623337
44623338
44623339
44623340
44623341
44623342
44623343
44623344
44623345
44623346
44623347
44623348
44623349
44623350
44623351
44623352
44623353
44623354
44623355
44623356
44623357
44623358
44623359
44623360
44623361
44623362
44623363
44623364
44623365
44623366
44623367
44623368
44623369
44623370
44623371
44623372
44623373
44623374
44623375
44623376
44623377
44623378
44623379
44623380
44623381
44623382
44623383
44623384
44623385
44623386
44623387
44623388
44623389
44623390
44623391
44623392
44623393
44623394
44623395
44623396
44623397
44623398
44623399
44623400
44623401
44623402
44623403
44623404
44623405
44623406
44623407
44623408
44623409
44623410
44623411
44623412
44623413
44623414
44623415
44623416
44623417
44623418
44623419
44623420
44623421
44623422
44623423
44623424
44623425
44623426
44623427
44623428
44623429
44623430
44623431
44623432
44623433
44623434
44623435
44623436
44623437
44623438
44623439
44623440
44623441
44623442
44623443
44623444
44623445
44623446
44623447
44623448
44623449
44623450
44623451
44623452
44623453
44623454
44623455
44623456
44623457
44623458
44623459
44623460
44623461
44623462
44623463
44623464
44623465
44623466
44623467
44623468
44623469
44623470
44623471
44623472
44623473
44623474
44623475
44623476
44623477
44623478
44623479
44623480
44623481
44623482
44623483
44623484
44623485
44623486
44623487
44623488
44623489
44623490
44623491
44623492
44623493
44623494
44623495
44623496
44623497
44623498
44623499
44623500
44623501
44623502
44623503
44623504
44623505
44623506
44623507
44623508
44623509
44623510
44623511
44623512
44623513
44623514
44623515
44623516
44623517
44623518
44623519
44623520
44623521
44623522
44623523
44623524
44623525
44623526
44623527
44623528
44623529
44623530
44623531
44623532
44623533
44623534
44623535
44623536
44623537
44623538
44623539
44623540
44623541
44623542
44623543
44623544
44623545
44623546
44623547
44623548
44623549
44623550
44623551
44623552
44623553
44623554
44623555
44623556
44623557
44623558
44623559
44623560
44623561
44623562
44623563
44623564
44623565
44623566
44623567
44623568
44623569
44623570
44623571
44623572
44623573
44623574
44623575
44623576
44623577
44623578
44623579
44623580
44623581
44623582
44623583
44623584
44623585
44623586
44623587
44623588
44623589
44623590
44623591
44623592
44623593
44623594
44623595
44623596
44623597
44623598
44623599
44623600
44623601
44623602
44623603
44623604
44623605
44623606
44623607
44623608
44623609
44623610
44623611
44623612
44623613
44623614
44623615
44623616
44623617
44623618
44623619
44623620
44623621
44623622
44623623
44623624
44623625
44623626
44623627
44623628
44623629
44623630
44623631
44623632
44623633
44623634
44623635
44623636
44623637
44623638
44623639
44623640
44623641
44623642
44623643
44623644
44623645
44623646
44623647
44623648
44623649
44623650
44623651
44623652
44623653
44623654
44623655
44623656
44623657
44623658
44623659
44623660
44623661
44623662
44623663
44623664
44623665
44623666
44623667
44623668
44623669
44623670
44623671
44623672
44623673
44623674
44623675
44623676
44623677
44623678
44623679
44623680
44623681
44623682
44623683
44623684
44623685
44623686
44623687
44623688
44623689
44623690
44623691
44623692
44623693
44623694
44623695
44623696
44623697
44623698
44623699
44623700
44623701
44623702
44623703
44623704
44623705
44623706
44623707
44623708
44623709
44623710
44623711
44623712
44623713
44623714
44623715
44623716
44623717
44623718
44623719
44623720
44623721
44623722
44623723
44623724
44623725
44623726
44623727
44623728
44623729
44623730
44623731
44623732
44623733
44623734
44623735
44623736
44623737
44623738
44623739
44623740
44623741
44623742
44623743
44623744
44623745
44623746
44623747
44623748
44623749
44623750
44623751
44623752
44623753
44623754
44623755
44623756
44623757
44623758
44623759
44623760
44623761
44623762
44623763
44623764
44623765
44623766
44623767
44623768
44623769
44623770
44623771
44623772
44623773
44623774
44623775
44623776
44623777
44623778
44623779
44623780
44623781
44623782
44623783
44623784
44623785
44623786
44623787
44623788
44623789
44623790
44623791
44623792
44623793
44623794
44623795
44623796
44623797
44623798
44623799
44623800
44623801
44623802
44623803
44623804
44623805
44623806
44623807
44623808
44623809
44623810
44623811
44623812
44623813
44623814
44623815
44623816
44623817
44623818
44623819
44623820
44623821
44623822
44623823
44623824
44623825
44623826
44623827
44623828
44623829
44623830
44623831
44623832
44623833
44623834
44623835
44623836
44623837
44623838
44623839
44623840
44623841
44623842
44623843
44623844
44623845
44623846
44623847
44623848
44623849
44623850
44623851
44623852
44623853
44623854
44623855
44623856
44623857
44623858
44623859
44623860
44623861
44623862
44623863
44623864
44623865
44623866
44623867
44623868
44623869
44623870
44623871
44623872
44623873
44623874
44623875
44623876
44623877
44623878
44623879
44623880
44623881
44623882
44623883
44623884
44623885
44623886
44623887
44623888
44623889
44623890
44623891
44623892
44623893
44623894
44623895
44623896
44623897
44623898
44623899
44623900
44623901
44623902
44623903
44623904
44623905
44623906
44623907
44623908
44623909
44623910
44623911
44623912
44623913
44623914
44623915
44623916
44623917
44623918
44623919
44623920
44623921
44623922
44623923
44623924
44623925
44623926
44623927
44623928
44623929
44623930
44623931
44623932
44623933
44623934
44623935
44623936
44623937
44623938
44623939
44623940
44623941
44623942
44623943
44623944
44623945
44623946
44623947
44623948
44623949
44623950
44623951
44623952
44623953
44623954
44623955
44623956
44623957
44623958
44623959
44623960
44623961
44623962
44623963
44623964
44623965
44623966
44623967
44623968
44623969
44623970
44623971
44623972
44623973
44623974
44623975
44623976
44623977
44623978
44623979
44623980
44623981
44623982
44623983
44623984
44623985
44623986
44623987
44623988
44623989
44623990
44623991
44623992
44623993
44623994
44623995
44623996
44623997
44623998
44623999
44624000
44624001
44624002
44624003
44624004
44624005
44624006
44624007
44624008
44624009
44624010
44624011
44624012
44624013
44624014
44624015
44624016
44624017
44624018
44624019
44624020
44624021
44624022
44624023
44624024
44624025
44624026
44624027
44624028
44624029
44624030
44624031
44624032
44624033
44624034
44624035
44624036
44624037
44624038
44624039
44624040
44624041
44624042
44624043
44624044
44624045
44624046
44624047
44624048
44624049
44624050
44624051
44624052
44624053
44624054
44624055
44624056
44624057
44624058
44624059
44624060
44624061
44624062
44624063
44624064
44624065
44624066
44624067
44624068
44624069
44624070
44624071
44624072
44624073
44624074
44624075
44624076
44624077
44624078
44624079
44624080
44624081
44624082
44624083
44624084
44624085
44624086
44624087
44624088
44624089
44624090
44624091
44624092
44624093
44624094
44624095
44624096
44624097
44624098
44624099
44624100
44624101
44624102
44624103
44624104
44624105
44624106
44624107
44624108
44624109
44624110
44624111
44624112
44624113
44624114
44624115
44624116
44624117
44624118
44624119
44624120
44624121
44624122
44624123
44624124
44624125
44624126
44624127
44624128
44624129
44624130
44624131
44624132
44624133
44624134
44624135
44624136
44624137
44624138
44624139
44624140
44624141
44624142
44624143
44624144
44624145
44624146
44624147
44624148
44624149
44624150
44624151
44624152
44624153
44624154
44624155
44624156
44624157
44624158
44624159
44624160
44624161
44624162
44624163
44624164
44624165
44624166
44624167
44624168
44624169
44624170
44624171
44624172
44624173
44624174
44624175
44624176
44624177
44624178
44624179
44624180
44624181
44624182
44624183
44624184
44624185
44624186
44624187
44624188
44624189
44624190
44624191
44624192
44624193
44624194
44624195
44624196
44624197
44624198
44624199
44624200
44624201
44624202
44624203
44624204
44624205
44624206
44624207
44624208
44624209
44624210
44624211
44624212
44624213
44624214
44624215
44624216
44624217
44624218
44624219
44624220
44624221
44624222
44624223
44624224
44624225
44624226
44624227
44624228
44624229
44624230
44624231
44624232
44624233
44624234
44624235
44624236
44624237
44624238
44624239
44624240
44624241
44624242
44624243
44624244
44624245
44624246
44624247
44624248
44624249
44624250
44624251
44624252
44624253
44624254
44624255
44624256
44624257
44624258
44624259
44624260
44624261
44624262
44624263
44624264
44624265
44624266
44624267
44624268
44624269
44624270
44624271
44624272
44624273
44624274
44624275
44624276
44624277
44624278
44624279
44624280
44624281
44624282
44624283
44624284
44624285
44624286
44624287
44624288
44624289
44624290
44624291
44624292
44624293
44624294
44624295
44624296
44624297
44624298
44624299
44624300
44624301
44624302
44624303
44624304
44624305
44624306
44624307
44624308
44624309
44624310
44624311
44624312
44624313
44624314
44624315
44624316
44624317
44624318
44624319
44624320
44624321
44624322
44624323
44624324
44624325
44624326
44624327
44624328
44624329
44624330
44624331
44624332
44624333
44624334
44624335
44624336
44624337
44624338
44624339
44624340
44624341
44624342
44624343
44624344
44624345
44624346
44624347
44624348
44624349
44624350
44624351
44624352
44624353
44624354
44624355
44624356
44624357
44624358
44624359
44624360
44624361
44624362
44624363
44624364
44624365
44624366
44624367
44624368
44624369
44624370
44624371
44624372
44624373
44624374
44624375
44624376
44624377
44624378
44624379
44624380
44624381
44624382
44624383
44624384
44624385
44624386
44624387
44624388
44624389
44624390
44624391
44624392
44624393
44624394
44624395
44624396
44624397
44624398
44624399
44624400
44624401
44624402
44624403
44624404
44624405
44624406
44624407
44624408
44624409
44624410
44624411
44624412
44624413
44624414
44624415
44624416
44624417
44624418
44624419
44624420
44624421
44624422
44624423
44624424
44624425
44624426
44624427
44624428
44624429
44624430
44624431
44624432
44624433
44624434
44624435
44624436
44624437
44624438
44624439
44624440
44624441
44624442
44624443
44624444
44624445
44624446
44624447
44624448
44624449
44624450
44624451
44624452
44624453
44624454
44624455
44624456
44624457
44624458
44624459
44624460
44624461
44624462
44624463
44624464
44624465
44624466
44624467
44624468
44624469
44624470
44624471
44624472
44624473
44624474
44624475
44624476
44624477
44624478
44624479
44624480
44624481
44624482
44624483
44624484
44624485
44624486
44624487
44624488
44624489
44624490
44624491
44624492
44624493
44624494
44624495
44624496
44624497
44624498
44624499
44624500
44624501
44624502
44624503
44624504
44624505
44624506
44624507
44624508
44624509
44624510
44624511
44624512
44624513
44624514
44624515
44624516
44624517
44624518
44624519
44624520
44624521
44624522
44624523
44624524
44624525
44624526
44624527
44624528
44624529
44624530
44624531
44624532
44624533
44624534
44624535
44624536
44624537
44624538
44624539
44624540
44624541
44624542
44624543
44624544
44624545
44624546
44624547
44624548
44624549
44624550
44624551
44624552
44624553
44624554
44624555
44624556
44624557
44624558
44624559
44624560
44624561
44624562
44624563
44624564
44624565
44624566
44624567
44624568
44624569
44624570
44624571
44624572
44624573
44624574
44624575
44624576
44624577
44624578
44624579
44624580
44624581
44624582
44624583
44624584
44624585
44624586
44624587
44624588
44624589
44624590
44624591
44624592
44624593
44624594
44624595
44624596
44624597
44624598
44624599
44624600
44624601
44624602
44624603
44624604
44624605
44624606
44624607
44624608
44624609
44624610
44624611
44624612
44624613
44624614
44624615
44624616
44624617
44624618
44624619
44624620
44624621
44624622
44624623
44624624
44624625
44624626
44624627
44624628
44624629
44624630
44624631
44624632
44624633
44624634
44624635
44624636
44624637
44624638
44624639
44624640
44624641
44624642
44624643
44624644
44624645
44624646
44624647
44624648
44624649
44624650
44624651
44624652
44624653
44624654
44624655
44624656
44624657
44624658
44624659
44624660
44624661
44624662
44624663
44624664
44624665
44624666
44624667
44624668
44624669
44624670
44624671
44624672
44624673
44624674
44624675
44624676
44624677
44624678
44624679
44624680
44624681
44624682
44624683
44624684
44624685
44624686
44624687
44624688
44624689
44624690
44624691
44624692
44624693
44624694
44624695
44624696
44624697
44624698
44624699
44624700
44624701
44624702
44624703
44624704
44624705
44624706
44624707
44624708
44624709
44624710
44624711
44624712
44624713
44624714
44624715
44624716
44624717
44624718
44624719
44624720
44624721
44624722
44624723
44624724
44624725
44624726
44624727
44624728
44624729
44624730
44624731
44624732
44624733
44624734
44624735
44624736
44624737
44624738
44624739
44624740
44624741
44624742
44624743
44624744
44624745
44624746
44624747
44624748
44624749
44624750
44624751
44624752
44624753
44624754
44624755
44624756
44624757
44624758
44624759
44624760
44624761
44624762
44624763
44624764
44624765
44624766
44624767
44624768
44624769
44624770
44624771
44624772
44624773
44624774
44624775
44624776
44624777
44624778
44624779
44624780
44624781
44624782
44624783
44624784
44624785
44624786
44624787
44624788
44624789
44624790
44624791
44624792
44624793
44624794
44624795
44624796
44624797
44624798
44624799
44624800
44624801
44624802
44624803
44624804
44624805
44624806
44624807
44624808
44624809
44624810
44624811
44624812
44624813
44624814
44624815
44624816
44624817
44624818
44624819
44624820
44624821
44624822
44624823
44624824
44624825
44624826
44624827
44624828
44624829
44624830
44624831
44624832
44624833
44624834
44624835
44624836
44624837
44624838
44624839
44624840
44624841
44624842
44624843
44624844
44624845
44624846
44624847
44624848
44624849
44624850
44624851
44624852
44624853
44624854
44624855
44624856
44624857
44624858
44624859
44624860
44624861
44624862
44624863
44624864
44624865
44624866
44624867
44624868
44624869
44624870
44624871
44624872
44624873
44624874
44624875
44624876
44624877
44624878
44624879
44624880
44624881
44624882
44624883
44624884
44624885
44624886
44624887
44624888
44624889
44624890
44624891
44624892
44624893
44624894
44624895
44624896
44624897
44624898
44624899
44624900
44624901
44624902
44624903
44624904
44624905
44624906
44624907
44624908
44624909
44624910
44624911
44624912
44624913
44624914
44624915
44624916
44624917
44624918
44624919
44624920
44624921
44624922
44624923
44624924
44624925
44624926
44624927
44624928
44624929
44624930
44624931
44624932
44624933
44624934
44624935
44624936
44624937
44624938
44624939
44624940
44624941
44624942
44624943
44624944
44624945
44624946
44624947
44624948
44624949
44624950
44624951
44624952
44624953
44624954
44624955
44624956
44624957
44624958
44624959
44624960
44624961
44624962
44624963
44624964
44624965
44624966
44624967
44624968
44624969
44624970
44624971
44624972
44624973
44624974
44624975
44624976
44624977
44624978
44624979
44624980
44624981
44624982
44624983
44624984
44624985
44624986
44624987
44624988
44624989
44624990
44624991
44624992
44624993
44624994
44624995
44624996
44624997
44624998
44624999
44625000
44625001
44625002
44625003
44625004
44625005
44625006
44625007
44625008
44625009
44625010
44625011
44625012
44625013
44625014
44625015
44625016
44625017
44625018
44625019
44625020
44625021
44625022
44625023
44625024
44625025
44625026
44625027
44625028
44625029
44625030
44625031
44625032
44625033
44625034
44625035
44625036
44625037
44625038
44625039
44625040
44625041
44625042
44625043
44625044
44625045
44625046
44625047
44625048
44625049
44625050
44625051
44625052
44625053
44625054
44625055
44625056
44625057
44625058
44625059
44625060
44625061
44625062
44625063
44625064
44625065
44625066
44625067
44625068
44625069
44625070
44625071
44625072
44625073
44625074
44625075
44625076
44625077
44625078
44625079
44625080
44625081
44625082
44625083
44625084
44625085
44625086
44625087
44625088
44625089
44625090
44625091
44625092
44625093
44625094
44625095
44625096
44625097
44625098
44625099
44625100
44625101
44625102
44625103
44625104
44625105
44625106
44625107
44625108
44625109
44625110
44625111
44625112
44625113
44625114
44625115
44625116
44625117
44625118
44625119
44625120
44625121
44625122
44625123
44625124
44625125
44625126
44625127
44625128
44625129
44625130
44625131
44625132
44625133
44625134
44625135
44625136
44625137
44625138
44625139
44625140
44625141
44625142
44625143
44625144
44625145
44625146
44625147
44625148
44625149
44625150
44625151
44625152
44625153
44625154
44625155
44625156
44625157
44625158
44625159
44625160
44625161
44625162
44625163
44625164
44625165
44625166
44625167
44625168
44625169
44625170
44625171
44625172
44625173
44625174
44625175
44625176
44625177
44625178
44625179
44625180
44625181
44625182
44625183
44625184
44625185
44625186
44625187
44625188
44625189
44625190
44625191
44625192
44625193
44625194
44625195
44625196
44625197
44625198
44625199
44625200
44625201
44625202
44625203
44625204
44625205
44625206
44625207
44625208
44625209
44625210
44625211
44625212
44625213
44625214
44625215
44625216
44625217
44625218
44625219
44625220
44625221
44625222
44625223
44625224
44625225
44625226
44625227
44625228
44625229
44625230
44625231
44625232
44625233
44625234
44625235
44625236
44625237
44625238
44625239
44625240
44625241
44625242
44625243
44625244
44625245
44625246
44625247
44625248
44625249
44625250
44625251
44625252
44625253
44625254
44625255
44625256
44625257
44625258
44625259
44625260
44625261
44625262
44625263
44625264
44625265
44625266
44625267
44625268
44625269
44625270
44625271
44625272
44625273
44625274
44625275
44625276
44625277
44625278
44625279
44625280
44625281
44625282
44625283
44625284
44625285
44625286
44625287
44625288
44625289
44625290
44625291
44625292
44625293
44625294
44625295
44625296
44625297
44625298
44625299
44625300
44625301
44625302
44625303
44625304
44625305
44625306
44625307
44625308
44625309
44625310
44625311
44625312
44625313
44625314
44625315
44625316
44625317
44625318
44625319
44625320
44625321
44625322
44625323
44625324
44625325
44625326
44625327
44625328
44625329
44625330
44625331
44625332
44625333
44625334
44625335
44625336
44625337
44625338
44625339
44625340
44625341
44625342
44625343
44625344
44625345
44625346
44625347
44625348
44625349
44625350
44625351
44625352
44625353
44625354
44625355
44625356
44625357
44625358
44625359
44625360
44625361
44625362
44625363
44625364
44625365
44625366
44625367
44625368
44625369
44625370
44625371
44625372
44625373
44625374
44625375
44625376
44625377
44625378
44625379
44625380
44625381
44625382
44625383
44625384
44625385
44625386
44625387
44625388
44625389
44625390
44625391
44625392
44625393
44625394
44625395
44625396
44625397
44625398
44625399
44625400
44625401
44625402
44625403
44625404
44625405
44625406
44625407
44625408
44625409
44625410
44625411
44625412
44625413
44625414
44625415
44625416
44625417
44625418
44625419
44625420
44625421
44625422
44625423
44625424
44625425
44625426
44625427
44625428
44625429
44625430
44625431
44625432
44625433
44625434
44625435
44625436
44625437
44625438
44625439
44625440
44625441
44625442
44625443
44625444
44625445
44625446
44625447
44625448
44625449
44625450
44625451
44625452
44625453
44625454
44625455
44625456
44625457
44625458
44625459
44625460
44625461
44625462
44625463
44625464
44625465
44625466
44625467
44625468
44625469
44625470
44625471
44625472
44625473
44625474
44625475
44625476
44625477
44625478
44625479
44625480
44625481
44625482
44625483
44625484
44625485
44625486
44625487
44625488
44625489
44625490
44625491
44625492
44625493
44625494
44625495
44625496
44625497
44625498
44625499
44625500
44625501
44625502
44625503
44625504
44625505
44625506
44625507
44625508
44625509
44625510
44625511
44625512
44625513
44625514
44625515
44625516
44625517
44625518
44625519
44625520
44625521
44625522
44625523
44625524
44625525
44625526
44625527
44625528
44625529
44625530
44625531
44625532
44625533
44625534
44625535
44625536
44625537
44625538
44625539
44625540
44625541
44625542
44625543
44625544
44625545
44625546
44625547
44625548
44625549
44625550
44625551
44625552
44625553
44625554
44625555
44625556
44625557
44625558
44625559
44625560
44625561
44625562
44625563
44625564
44625565
44625566
44625567
44625568
44625569
44625570
44625571
44625572
44625573
44625574
44625575
44625576
44625577
44625578
44625579
44625580
44625581
44625582
44625583
44625584
44625585
44625586
44625587
44625588
44625589
44625590
44625591
44625592
44625593
44625594
44625595
44625596
44625597
44625598
44625599
44625600
44625601
44625602
44625603
44625604
44625605
44625606
44625607
44625608
44625609
44625610
44625611
44625612
44625613
44625614
44625615
44625616
44625617
44625618
44625619
44625620
44625621
44625622
44625623
44625624
44625625
44625626
44625627
44625628
44625629
44625630
44625631
44625632
44625633
44625634
44625635
44625636
44625637
44625638
44625639
44625640
44625641
44625642
44625643
44625644
44625645
44625646
44625647
44625648
44625649
44625650
44625651
44625652
44625653
44625654
44625655
44625656
44625657
44625658
44625659
44625660
44625661
44625662
44625663
44625664
44625665
44625666
44625667
44625668
44625669
44625670
44625671
44625672
44625673
44625674
44625675
44625676
44625677
44625678
44625679
44625680
44625681
44625682
44625683
44625684
44625685
44625686
44625687
44625688
44625689
44625690
44625691
44625692
44625693
44625694
44625695
44625696
44625697
44625698
44625699
44625700
44625701
44625702
44625703
44625704
44625705
44625706
44625707
44625708
44625709
44625710
44625711
44625712
44625713
44625714
44625715
44625716
44625717
44625718
44625719
44625720
44625721
44625722
44625723
44625724
44625725
44625726
44625727
44625728
44625729
44625730
44625731
44625732
44625733
44625734
44625735
44625736
44625737
44625738
44625739
44625740
44625741
44625742
44625743
44625744
44625745
44625746
44625747
44625748
44625749
44625750
44625751
44625752
44625753
44625754
44625755
44625756
44625757
44625758
44625759
44625760
44625761
44625762
44625763
44625764
44625765
44625766
44625767
44625768
44625769
44625770
44625771
44625772
44625773
44625774
44625775
44625776
44625777
44625778
44625779
44625780
44625781
44625782
44625783
44625784
44625785
44625786
44625787
44625788
44625789
44625790
44625791
44625792
44625793
44625794
44625795
44625796
44625797
44625798
44625799
44625800
44625801
44625802
44625803
44625804
44625805
44625806
44625807
44625808
44625809
44625810
44625811
44625812
44625813
44625814
44625815
44625816
44625817
44625818
44625819
44625820
44625821
44625822
44625823
44625824
44625825
44625826
44625827
44625828
44625829
44625830
44625831
44625832
44625833
44625834
44625835
44625836
44625837
44625838
44625839
44625840
44625841
44625842
44625843
44625844
44625845
44625846
44625847
44625848
44625849
44625850
44625851
44625852
44625853
44625854
44625855
44625856
44625857
44625858
44625859
44625860
44625861
44625862
44625863
44625864
44625865
44625866
44625867
44625868
44625869
44625870
44625871
44625872
44625873
44625874
44625875
44625876
44625877
44625878
44625879
44625880
44625881
44625882
44625883
44625884
44625885
44625886
44625887
44625888
44625889
44625890
44625891
44625892
44625893
44625894
44625895
44625896
44625897
44625898
44625899
44625900
44625901
44625902
44625903
44625904
44625905
44625906
44625907
44625908
44625909
44625910
44625911
44625912
44625913
44625914
44625915
44625916
44625917
44625918
44625919
44625920
44625921
44625922
44625923
44625924
44625925
44625926
44625927
44625928
44625929
44625930
44625931
44625932
44625933
44625934
44625935
44625936
44625937
44625938
44625939
44625940
44625941
44625942
44625943
44625944
44625945
44625946
44625947
44625948
44625949
44625950
44625951
44625952
44625953
44625954
44625955
44625956
44625957
44625958
44625959
44625960
44625961
44625962
44625963
44625964
44625965
44625966
44625967
44625968
44625969
44625970
44625971
44625972
44625973
44625974
44625975
44625976
44625977
44625978
44625979
44625980
44625981
44625982
44625983
44625984
44625985
44625986
44625987
44625988
44625989
44625990
44625991
44625992
44625993
44625994
44625995
44625996
44625997
44625998
44625999
44626000
44626001
44626002
44626003
44626004
44626005
44626006
44626007
44626008
44626009
44626010
44626011
44626012
44626013
44626014
44626015
44626016
44626017
44626018
44626019
44626020
44626021
44626022
44626023
44626024
44626025
44626026
44626027
44626028
44626029
44626030
44626031
44626032
44626033
44626034
44626035
44626036
44626037
44626038
44626039
44626040
44626041
44626042
44626043
44626044
44626045
44626046
44626047
44626048
44626049
44626050
44626051
44626052
44626053
44626054
44626055
44626056
44626057
44626058
44626059
44626060
44626061
44626062
44626063
44626064
44626065
44626066
44626067
44626068
44626069
44626070
44626071
44626072
44626073
44626074
44626075
44626076
44626077
44626078
44626079
44626080
44626081
44626082
44626083
44626084
44626085
44626086
44626087
44626088
44626089
44626090
44626091
44626092
44626093
44626094
44626095
44626096
44626097
44626098
44626099
44626100
44626101
44626102
44626103
44626104
44626105
44626106
44626107
44626108
44626109
44626110
44626111
44626112
44626113
44626114
44626115
44626116
44626117
44626118
44626119
44626120
44626121
44626122
44626123
44626124
44626125
44626126
44626127
44626128
44626129
44626130
44626131
44626132
44626133
44626134
44626135
44626136
44626137
44626138
44626139
44626140
44626141
44626142
44626143
44626144
44626145
44626146
44626147
44626148
44626149
44626150
44626151
44626152
44626153
44626154
44626155
44626156
44626157
44626158
44626159
44626160
44626161
44626162
44626163
44626164
44626165
44626166
44626167
44626168
44626169
44626170
44626171
44626172
44626173
44626174
44626175
44626176
44626177
44626178
44626179
44626180
44626181
44626182
44626183
44626184
44626185
44626186
44626187
44626188
44626189
44626190
44626191
44626192
44626193
44626194
44626195
44626196
44626197
44626198
44626199
44626200
44626201
44626202
44626203
44626204
44626205
44626206
44626207
44626208
44626209
44626210
44626211
44626212
44626213
44626214
44626215
44626216
44626217
44626218
44626219
44626220
44626221
44626222
44626223
44626224
44626225
44626226
44626227
44626228
44626229
44626230
44626231
44626232
44626233
44626234
44626235
44626236
44626237
44626238
44626239
44626240
44626241
44626242
44626243
44626244
44626245
44626246
44626247
44626248
44626249
44626250
44626251
44626252
44626253
44626254
44626255
44626256
44626257
44626258
44626259
44626260
44626261
44626262
44626263
44626264
44626265
44626266
44626267
44626268
44626269
44626270
44626271
44626272
44626273
44626274
44626275
44626276
44626277
44626278
44626279
44626280
44626281
44626282
44626283
44626284
44626285
44626286
44626287
44626288
44626289
44626290
44626291
44626292
44626293
44626294
44626295
44626296
44626297
44626298
44626299
44626300
44626301
44626302
44626303
44626304
44626305
44626306
44626307
44626308
44626309
44626310
44626311
44626312
44626313
44626314
44626315
44626316
44626317
44626318
44626319
44626320
44626321
44626322
44626323
44626324
44626325
44626326
44626327
44626328
44626329
44626330
44626331
44626332
44626333
44626334
44626335
44626336
44626337
44626338
44626339
44626340
44626341
44626342
44626343
44626344
44626345
44626346
44626347
44626348
44626349
44626350
44626351
44626352
44626353
44626354
44626355
44626356
44626357
44626358
44626359
44626360
44626361
44626362
44626363
44626364
44626365
44626366
44626367
44626368
44626369
44626370
44626371
44626372
44626373
44626374
44626375
44626376
44626377
44626378
44626379
44626380
44626381
44626382
44626383
44626384
44626385
44626386
44626387
44626388
44626389
44626390
44626391
44626392
44626393
44626394
44626395
44626396
44626397
44626398
44626399
44626400
44626401
44626402
44626403
44626404
44626405
44626406
44626407
44626408
44626409
44626410
44626411
44626412
44626413
44626414
44626415
44626416
44626417
44626418
44626419
44626420
44626421
44626422
44626423
44626424
44626425
44626426
44626427
44626428
44626429
44626430
44626431
44626432
44626433
44626434
44626435
44626436
44626437
44626438
44626439
44626440
44626441
44626442
44626443
44626444
44626445
44626446
44626447
44626448
44626449
44626450
44626451
44626452
44626453
44626454
44626455
44626456
44626457
44626458
44626459
44626460
44626461
44626462
44626463
44626464
44626465
44626466
44626467
44626468
44626469
44626470
44626471
44626472
44626473
44626474
44626475
44626476
44626477
44626478
44626479
44626480
44626481
44626482
44626483
44626484
44626485
44626486
44626487
44626488
44626489
44626490
44626491
44626492
44626493
44626494
44626495
44626496
44626497
44626498
44626499
44626500
44626501
44626502
44626503
44626504
44626505
44626506
44626507
44626508
44626509
44626510
44626511
44626512
44626513
44626514
44626515
44626516
44626517
44626518
44626519
44626520
44626521
44626522
44626523
44626524
44626525
44626526
44626527
44626528
44626529
44626530
44626531
44626532
44626533
44626534
44626535
44626536
44626537
44626538
44626539
44626540
44626541
44626542
44626543
44626544
44626545
44626546
44626547
44626548
44626549
44626550
44626551
44626552
44626553
44626554
44626555
44626556
44626557
44626558
44626559
44626560
44626561
44626562
44626563
44626564
44626565
44626566
44626567
44626568
44626569
44626570
44626571
44626572
44626573
44626574
44626575
44626576
44626577
44626578
44626579
44626580
44626581
44626582
44626583
44626584
44626585
44626586
44626587
44626588
44626589
44626590
44626591
44626592
44626593
44626594
44626595
44626596
44626597
44626598
44626599
44626600
44626601
44626602
44626603
44626604
44626605
44626606
44626607
44626608
44626609
44626610
44626611
44626612
44626613
44626614
44626615
44626616
44626617
44626618
44626619
44626620
44626621
44626622
44626623
44626624
44626625
44626626
44626627
44626628
44626629
44626630
44626631
44626632
44626633
44626634
44626635
44626636
44626637
44626638
44626639
44626640
44626641
44626642
44626643
44626644
44626645
44626646
44626647
44626648
44626649
44626650
44626651
44626652
44626653
44626654
44626655
44626656
44626657
44626658
44626659
44626660
44626661
44626662
44626663
44626664
44626665
44626666
44626667
44626668
44626669
44626670
44626671
44626672
44626673
44626674
44626675
44626676
44626677
44626678
44626679
44626680
44626681
44626682
44626683
44626684
44626685
44626686
44626687
44626688
44626689
44626690
44626691
44626692
44626693
44626694
44626695
44626696
44626697
44626698
44626699
44626700
44626701
44626702
44626703
44626704
44626705
44626706
44626707
44626708
44626709
44626710
44626711
44626712
44626713
44626714
44626715
44626716
44626717
44626718
44626719
44626720
44626721
44626722
44626723
44626724
44626725
44626726
44626727
44626728
44626729
44626730
44626731
44626732
44626733
44626734
44626735
44626736
44626737
44626738
44626739
44626740
44626741
44626742
44626743
44626744
44626745
44626746
44626747
44626748
44626749
44626750
44626751
44626752
44626753
44626754
44626755
44626756
44626757
44626758
44626759
44626760
44626761
44626762
44626763
44626764
44626765
44626766
44626767
44626768
44626769
44626770
44626771
44626772
44626773
44626774
44626775
44626776
44626777
44626778
44626779
44626780
44626781
44626782
44626783
44626784
44626785
44626786
44626787
44626788
44626789
44626790
44626791
44626792
44626793
44626794
44626795
44626796
44626797
44626798
44626799
44626800
44626801
44626802
44626803
44626804
44626805
44626806
44626807
44626808
44626809
44626810
44626811
44626812
44626813
44626814
44626815
44626816
44626817
44626818
44626819
44626820
44626821
44626822
44626823
44626824
44626825
44626826
44626827
44626828
44626829
44626830
44626831
44626832
44626833
44626834
44626835
44626836
44626837
44626838
44626839
44626840
44626841
44626842
44626843
44626844
44626845
44626846
44626847
44626848
44626849
44626850
44626851
44626852
44626853
44626854
44626855
44626856
44626857
44626858
44626859
44626860
44626861
44626862
44626863
44626864
44626865
44626866
44626867
44626868
44626869
44626870
44626871
44626872
44626873
44626874
44626875
44626876
44626877
44626878
44626879
44626880
44626881
44626882
44626883
44626884
44626885
44626886
44626887
44626888
44626889
44626890
44626891
44626892
44626893
44626894
44626895
44626896
44626897
44626898
44626899
44626900
44626901
44626902
44626903
44626904
44626905
44626906
44626907
44626908
44626909
44626910
44626911
44626912
44626913
44626914
44626915
44626916
44626917
44626918
44626919
44626920
44626921
44626922
44626923
44626924
44626925
44626926
44626927
44626928
44626929
44626930
44626931
44626932
44626933
44626934
44626935
44626936
44626937
44626938
44626939
44626940
44626941
44626942
44626943
44626944
44626945
44626946
44626947
44626948
44626949
44626950
44626951
44626952
44626953
44626954
44626955
44626956
44626957
44626958
44626959
44626960
44626961
44626962
44626963
44626964
44626965
44626966
44626967
44626968
44626969
44626970
44626971
44626972
44626973
44626974
44626975
44626976
44626977
44626978
44626979
44626980
44626981
44626982
44626983
44626984
44626985
44626986
44626987
44626988
44626989
44626990
44626991
44626992
44626993
44626994
44626995
44626996
44626997
44626998
44626999
44627000
44627001
44627002
44627003
44627004
44627005
44627006
44627007
44627008
44627009
44627010
44627011
44627012
44627013
44627014
44627015
44627016
44627017
44627018
44627019
44627020
44627021
44627022
44627023
44627024
44627025
44627026
44627027
44627028
44627029
44627030
44627031
44627032
44627033
44627034
44627035
44627036
44627037
44627038
44627039
44627040
44627041
44627042
44627043
44627044
44627045
44627046
44627047
44627048
44627049
44627050
44627051
44627052
44627053
44627054
44627055
44627056
44627057
44627058
44627059
44627060
44627061
44627062
44627063
44627064
44627065
44627066
44627067
44627068
44627069
44627070
44627071
44627072
44627073
44627074
44627075
44627076
44627077
44627078
44627079
44627080
44627081
44627082
44627083
44627084
44627085
44627086
44627087
44627088
44627089
44627090
44627091
44627092
44627093
44627094
44627095
44627096
44627097
44627098
44627099
44627100
44627101
44627102
44627103
44627104
44627105
44627106
44627107
44627108
44627109
44627110
44627111
44627112
44627113
44627114
44627115
44627116
44627117
44627118
44627119
44627120
44627121
44627122
44627123
44627124
44627125
44627126
44627127
44627128
44627129
44627130
44627131
44627132
44627133
44627134
44627135
44627136
44627137
44627138
44627139
44627140
44627141
44627142
44627143
44627144
44627145
44627146
44627147
44627148
44627149
44627150
44627151
44627152
44627153
44627154
44627155
44627156
44627157
44627158
44627159
44627160
44627161
44627162
44627163
44627164
44627165
44627166
44627167
44627168
44627169
44627170
44627171
44627172
44627173
44627174
44627175
44627176
44627177
44627178
44627179
44627180
44627181
44627182
44627183
44627184
44627185
44627186
44627187
44627188
44627189
44627190
44627191
44627192
44627193
44627194
44627195
44627196
44627197
44627198
44627199
44627200
44627201
44627202
44627203
44627204
44627205
44627206
44627207
44627208
44627209
44627210
44627211
44627212
44627213
44627214
44627215
44627216
44627217
44627218
44627219
44627220
44627221
44627222
44627223
44627224
44627225
44627226
44627227
44627228
44627229
44627230
44627231
44627232
44627233
44627234
44627235
44627236
44627237
44627238
44627239
44627240
44627241
44627242
44627243
44627244
44627245
44627246
44627247
44627248
44627249
44627250
44627251
44627252
44627253
44627254
44627255
44627256
44627257
44627258
44627259
44627260
44627261
44627262
44627263
44627264
44627265
44627266
44627267
44627268
44627269
44627270
44627271
44627272
44627273
44627274
44627275
44627276
44627277
44627278
44627279
44627280
44627281
44627282
44627283
44627284
44627285
44627286
44627287
44627288
44627289
44627290
44627291
44627292
44627293
44627294
44627295
44627296
44627297
44627298
44627299
44627300
44627301
44627302
44627303
44627304
44627305
44627306
44627307
44627308
44627309
44627310
44627311
44627312
44627313
44627314
44627315
44627316
44627317
44627318
44627319
44627320
44627321
44627322
44627323
44627324
44627325
44627326
44627327
44627328
44627329
44627330
44627331
44627332
44627333
44627334
44627335
44627336
44627337
44627338
44627339
44627340
44627341
44627342
44627343
44627344
44627345
44627346
44627347
44627348
44627349
44627350
44627351
44627352
44627353
44627354
44627355
44627356
44627357
44627358
44627359
44627360
44627361
44627362
44627363
44627364
44627365
44627366
44627367
44627368
44627369
44627370
44627371
44627372
44627373
44627374
44627375
44627376
44627377
44627378
44627379
44627380
44627381
44627382
44627383
44627384
44627385
44627386
44627387
44627388
44627389
44627390
44627391
44627392
44627393
44627394
44627395
44627396
44627397
44627398
44627399
44627400
44627401
44627402
44627403
44627404
44627405
44627406
44627407
44627408
44627409
44627410
44627411
44627412
44627413
44627414
44627415
44627416
44627417
44627418
44627419
44627420
44627421
44627422
44627423
44627424
44627425
44627426
44627427
44627428
44627429
44627430
44627431
44627432
44627433
44627434
44627435
44627436
44627437
44627438
44627439
44627440
44627441
44627442
44627443
44627444
44627445
44627446
44627447
44627448
44627449
44627450
44627451
44627452
44627453
44627454
44627455
44627456
44627457
44627458
44627459
44627460
44627461
44627462
44627463
44627464
44627465
44627466
44627467
44627468
44627469
44627470
44627471
44627472
44627473
44627474
44627475
44627476
44627477
44627478
44627479
44627480
44627481
44627482
44627483
44627484
44627485
44627486
44627487
44627488
44627489
44627490
44627491
44627492
44627493
44627494
44627495
44627496
44627497
44627498
44627499
44627500
44627501
44627502
44627503
44627504
44627505
44627506
44627507
44627508
44627509
44627510
44627511
44627512
44627513
44627514
44627515
44627516
44627517
44627518
44627519
44627520
44627521
44627522
44627523
44627524
44627525
44627526
44627527
44627528
44627529
44627530
44627531
44627532
44627533
44627534
44627535
44627536
44627537
44627538
44627539
44627540
44627541
44627542
44627543
44627544
44627545
44627546
44627547
44627548
44627549
44627550
44627551
44627552
44627553
44627554
44627555
44627556
44627557
44627558
44627559
44627560
44627561
44627562
44627563
44627564
44627565
44627566
44627567
44627568
44627569
44627570
44627571
44627572
44627573
44627574
44627575
44627576
44627577
44627578
44627579
44627580
44627581
44627582
44627583
44627584
44627585
44627586
44627587
44627588
44627589
44627590
44627591
44627592
44627593
44627594
44627595
44627596
44627597
44627598
44627599
44627600
44627601
44627602
44627603
44627604
44627605
44627606
44627607
44627608
44627609
44627610
44627611
44627612
44627613
44627614
44627615
44627616
44627617
44627618
44627619
44627620
44627621
44627622
44627623
44627624
44627625
44627626
44627627
44627628
44627629
44627630
44627631
44627632
44627633
44627634
44627635
44627636
44627637
44627638
44627639
44627640
44627641
44627642
44627643
44627644
44627645
44627646
44627647
44627648
44627649
44627650
44627651
44627652
44627653
44627654
44627655
44627656
44627657
44627658
44627659
44627660
44627661
44627662
44627663
44627664
44627665
44627666
44627667
44627668
44627669
44627670
44627671
44627672
44627673
44627674
44627675
44627676
44627677
44627678
44627679
44627680
44627681
44627682
44627683
44627684
44627685
44627686
44627687
44627688
44627689
44627690
44627691
44627692
44627693
44627694
44627695
44627696
44627697
44627698
44627699
44627700
44627701
44627702
44627703
44627704
44627705
44627706
44627707
44627708
44627709
44627710
44627711
44627712
44627713
44627714
44627715
44627716
44627717
44627718
44627719
44627720
44627721
44627722
44627723
44627724
44627725
44627726
44627727
44627728
44627729
44627730
44627731
44627732
44627733
44627734
44627735
44627736
44627737
44627738
44627739
44627740
44627741
44627742
44627743
44627744
44627745
44627746
44627747
44627748
44627749
44627750
44627751
44627752
44627753
44627754
44627755
44627756
44627757
44627758
44627759
44627760
44627761
44627762
44627763
44627764
44627765
44627766
44627767
44627768
44627769
44627770
44627771
44627772
44627773
44627774
44627775
44627776
44627777
44627778
44627779
44627780
44627781
44627782
44627783
44627784
44627785
44627786
44627787
44627788
44627789
44627790
44627791
44627792
44627793
44627794
44627795
44627796
44627797
44627798
44627799
44627800
44627801
44627802
44627803
44627804
44627805
44627806
44627807
44627808
44627809
44627810
44627811
44627812
44627813
44627814
44627815
44627816
44627817
44627818
44627819
44627820
44627821
44627822
44627823
44627824
44627825
44627826
44627827
44627828
44627829
44627830
44627831
44627832
44627833
44627834
44627835
44627836
44627837
44627838
44627839
44627840
44627841
44627842
44627843
44627844
44627845
44627846
44627847
44627848
44627849
44627850
44627851
44627852
44627853
44627854
44627855
44627856
44627857
44627858
44627859
44627860
44627861
44627862
44627863
44627864
44627865
44627866
44627867
44627868
44627869
44627870
44627871
44627872
44627873
44627874
44627875
44627876
44627877
44627878
44627879
44627880
44627881
44627882
44627883
44627884
44627885
44627886
44627887
44627888
44627889
44627890
44627891
44627892
44627893
44627894
44627895
44627896
44627897
44627898
44627899
44627900
44627901
44627902
44627903
44627904
44627905
44627906
44627907
44627908
44627909
44627910
44627911
44627912
44627913
44627914
44627915
44627916
44627917
44627918
44627919
44627920
44627921
44627922
44627923
44627924
44627925
44627926
44627927
44627928
44627929
44627930
44627931
44627932
44627933
44627934
44627935
44627936
44627937
44627938
44627939
44627940
44627941
44627942
44627943
44627944
44627945
44627946
44627947
44627948
44627949
44627950
44627951
44627952
44627953
44627954
44627955
44627956
44627957
44627958
44627959
44627960
44627961
44627962
44627963
44627964
44627965
44627966
44627967
44627968
44627969
44627970
44627971
44627972
44627973
44627974
44627975
44627976
44627977
44627978
44627979
44627980
44627981
44627982
44627983
44627984
44627985
44627986
44627987
44627988
44627989
44627990
44627991
44627992
44627993
44627994
44627995
44627996
44627997
44627998
44627999
44628000
44628001
44628002
44628003
44628004
44628005
44628006
44628007
44628008
44628009
44628010
44628011
44628012
44628013
44628014
44628015
44628016
44628017
44628018
44628019
44628020
44628021
44628022
44628023
44628024
44628025
44628026
44628027
44628028
44628029
44628030
44628031
44628032
44628033
44628034
44628035
44628036
44628037
44628038
44628039
44628040
44628041
44628042
44628043
44628044
44628045
44628046
44628047
44628048
44628049
44628050
44628051
44628052
44628053
44628054
44628055
44628056
44628057
44628058
44628059
44628060
44628061
44628062
44628063
44628064
44628065
44628066
44628067
44628068
44628069
44628070
44628071
44628072
44628073
44628074
44628075
44628076
44628077
44628078
44628079
44628080
44628081
44628082
44628083
44628084
44628085
44628086
44628087
44628088
44628089
44628090
44628091
44628092
44628093
44628094
44628095
44628096
44628097
44628098
44628099
44628100
44628101
44628102
44628103
44628104
44628105
44628106
44628107
44628108
44628109
44628110
44628111
44628112
44628113
44628114
44628115
44628116
44628117
44628118
44628119
44628120
44628121
44628122
44628123
44628124
44628125
44628126
44628127
44628128
44628129
44628130
44628131
44628132
44628133
44628134
44628135
44628136
44628137
44628138
44628139
44628140
44628141
44628142
44628143
44628144
44628145
44628146
44628147
44628148
44628149
44628150
44628151
44628152
44628153
44628154
44628155
44628156
44628157
44628158
44628159
44628160
44628161
44628162
44628163
44628164
44628165
44628166
44628167
44628168
44628169
44628170
44628171
44628172
44628173
44628174
44628175
44628176
44628177
44628178
44628179
44628180
44628181
44628182
44628183
44628184
44628185
44628186
44628187
44628188
44628189
44628190
44628191
44628192
44628193
44628194
44628195
44628196
44628197
44628198
44628199
44628200
44628201
44628202
44628203
44628204
44628205
44628206
44628207
44628208
44628209
44628210
44628211
44628212
44628213
44628214
44628215
44628216
44628217
44628218
44628219
44628220
44628221
44628222
44628223
44628224
44628225
44628226
44628227
44628228
44628229
44628230
44628231
44628232
44628233
44628234
44628235
44628236
44628237
44628238
44628239
44628240
44628241
44628242
44628243
44628244
44628245
44628246
44628247
44628248
44628249
44628250
44628251
44628252
44628253
44628254
44628255
44628256
44628257
44628258
44628259
44628260
44628261
44628262
44628263
44628264
44628265
44628266
44628267
44628268
44628269
44628270
44628271
44628272
44628273
44628274
44628275
44628276
44628277
44628278
44628279
44628280
44628281
44628282
44628283
44628284
44628285
44628286
44628287
44628288
44628289
44628290
44628291
44628292
44628293
44628294
44628295
44628296
44628297
44628298
44628299
44628300
44628301
44628302
44628303
44628304
44628305
44628306
44628307
44628308
44628309
44628310
44628311
44628312
44628313
44628314
44628315
44628316
44628317
44628318
44628319
44628320
44628321
44628322
44628323
44628324
44628325
44628326
44628327
44628328
44628329
44628330
44628331
44628332
44628333
44628334
44628335
44628336
44628337
44628338
44628339
44628340
44628341
44628342
44628343
44628344
44628345
44628346
44628347
44628348
44628349
44628350
44628351
44628352
44628353
44628354
44628355
44628356
44628357
44628358
44628359
44628360
44628361
44628362
44628363
44628364
44628365
44628366
44628367
44628368
44628369
44628370
44628371
44628372
44628373
44628374
44628375
44628376
44628377
44628378
44628379
44628380
44628381
44628382
44628383
44628384
44628385
44628386
44628387
44628388
44628389
44628390
44628391
44628392
44628393
44628394
44628395
44628396
44628397
44628398
44628399
44628400
44628401
44628402
44628403
44628404
44628405
44628406
44628407
44628408
44628409
44628410
44628411
44628412
44628413
44628414
44628415
44628416
44628417
44628418
44628419
44628420
44628421
44628422
44628423
44628424
44628425
44628426
44628427
44628428
44628429
44628430
44628431
44628432
44628433
44628434
44628435
44628436
44628437
44628438
44628439
44628440
44628441
44628442
44628443
44628444
44628445
44628446
44628447
44628448
44628449
44628450
44628451
44628452
44628453
44628454
44628455
44628456
44628457
44628458
44628459
44628460
44628461
44628462
44628463
44628464
44628465
44628466
44628467
44628468
44628469
44628470
44628471
44628472
44628473
44628474
44628475
44628476
44628477
44628478
44628479
44628480
44628481
44628482
44628483
44628484
44628485
44628486
44628487
44628488
44628489
44628490
44628491
44628492
44628493
44628494
44628495
44628496
44628497
44628498
44628499
44628500
44628501
44628502
44628503
44628504
44628505
44628506
44628507
44628508
44628509
44628510
44628511
44628512
44628513
44628514
44628515
44628516
44628517
44628518
44628519
44628520
44628521
44628522
44628523
44628524
44628525
44628526
44628527
44628528
44628529
44628530
44628531
44628532
44628533
44628534
44628535
44628536
44628537
44628538
44628539
44628540
44628541
44628542
44628543
44628544
44628545
44628546
44628547
44628548
44628549
44628550
44628551
44628552
44628553
44628554
44628555
44628556
44628557
44628558
44628559
44628560
44628561
44628562
44628563
44628564
44628565
44628566
44628567
44628568
44628569
44628570
44628571
44628572
44628573
44628574
44628575
44628576
44628577
44628578
44628579
44628580
44628581
44628582
44628583
44628584
44628585
44628586
44628587
44628588
44628589
44628590
44628591
44628592
44628593
44628594
44628595
44628596
44628597
44628598
44628599
44628600
44628601
44628602
44628603
44628604
44628605
44628606
44628607
44628608
44628609
44628610
44628611
44628612
44628613
44628614
44628615
44628616
44628617
44628618
44628619
44628620
44628621
44628622
44628623
44628624
44628625
44628626
44628627
44628628
44628629
44628630
44628631
44628632
44628633
44628634
44628635
44628636
44628637
44628638
44628639
44628640
44628641
44628642
44628643
44628644
44628645
44628646
44628647
44628648
44628649
44628650
44628651
44628652
44628653
44628654
44628655
44628656
44628657
44628658
44628659
44628660
44628661
44628662
44628663
44628664
44628665
44628666
44628667
44628668
44628669
44628670
44628671
44628672
44628673
44628674
44628675
44628676
44628677
44628678
44628679
44628680
44628681
44628682
44628683
44628684
44628685
44628686
44628687
44628688
44628689
44628690
44628691
44628692
44628693
44628694
44628695
44628696
44628697
44628698
44628699
44628700
44628701
44628702
44628703
44628704
44628705
44628706
44628707
44628708
44628709
44628710
44628711
44628712
44628713
44628714
44628715
44628716
44628717
44628718
44628719
44628720
44628721
44628722
44628723
44628724
44628725
44628726
44628727
44628728
44628729
44628730
44628731
44628732
44628733
44628734
44628735
44628736
44628737
44628738
44628739
44628740
44628741
44628742
44628743
44628744
44628745
44628746
44628747
44628748
44628749
44628750
44628751
44628752
44628753
44628754
44628755
44628756
44628757
44628758
44628759
44628760
44628761
44628762
44628763
44628764
44628765
44628766
44628767
44628768
44628769
44628770
44628771
44628772
44628773
44628774
44628775
44628776
44628777
44628778
44628779
44628780
44628781
44628782
44628783
44628784
44628785
44628786
44628787
44628788
44628789
44628790
44628791
44628792
44628793
44628794
44628795
44628796
44628797
44628798
44628799
44628800
44628801
44628802
44628803
44628804
44628805
44628806
44628807
44628808
44628809
44628810
44628811
44628812
44628813
44628814
44628815
44628816
44628817
44628818
44628819
44628820
44628821
44628822
44628823
44628824
44628825
44628826
44628827
44628828
44628829
44628830
44628831
44628832
44628833
44628834
44628835
44628836
44628837
44628838
44628839
44628840
44628841
44628842
44628843
44628844
44628845
44628846
44628847
44628848
44628849
44628850
44628851
44628852
44628853
44628854
44628855
44628856
44628857
44628858
44628859
44628860
44628861
44628862
44628863
44628864
44628865
44628866
44628867
44628868
44628869
44628870
44628871
44628872
44628873
44628874
44628875
44628876
44628877
44628878
44628879
44628880
44628881
44628882
44628883
44628884
44628885
44628886
44628887
44628888
44628889
