4728890
4728891
4728892
4728893
4728894
4728895
4728896
4728897
4728898
4728899
4728900
4728901
4728902
4728903
4728904
4728905
4728906
4728907
4728908
4728909
4728910
4728911
4728912
4728913
4728914
4728915
4728916
4728917
4728918
4728919
4728920
4728921
4728922
4728923
4728924
4728925
4728926
4728927
4728928
4728929
4728930
4728931
4728932
4728933
4728934
4728935
4728936
4728937
4728938
4728939
4728940
4728941
4728942
4728943
4728944
4728945
4728946
4728947
4728948
4728949
4728950
4728951
4728952
4728953
4728954
4728955
4728956
4728957
4728958
4728959
4728960
4728961
4728962
4728963
4728964
4728965
4728966
4728967
4728968
4728969
4728970
4728971
4728972
4728973
4728974
4728975
4728976
4728977
4728978
4728979
4728980
4728981
4728982
4728983
4728984
4728985
4728986
4728987
4728988
4728989
4728990
4728991
4728992
4728993
4728994
4728995
4728996
4728997
4728998
4728999
4729000
4729001
4729002
4729003
4729004
4729005
4729006
4729007
4729008
4729009
4729010
4729011
4729012
4729013
4729014
4729015
4729016
4729017
4729018
4729019
4729020
4729021
4729022
4729023
4729024
4729025
4729026
4729027
4729028
4729029
4729030
4729031
4729032
4729033
4729034
4729035
4729036
4729037
4729038
4729039
4729040
4729041
4729042
4729043
4729044
4729045
4729046
4729047
4729048
4729049
4729050
4729051
4729052
4729053
4729054
4729055
4729056
4729057
4729058
4729059
4729060
4729061
4729062
4729063
4729064
4729065
4729066
4729067
4729068
4729069
4729070
4729071
4729072
4729073
4729074
4729075
4729076
4729077
4729078
4729079
4729080
4729081
4729082
4729083
4729084
4729085
4729086
4729087
4729088
4729089
4729090
4729091
4729092
4729093
4729094
4729095
4729096
4729097
4729098
4729099
4729100
4729101
4729102
4729103
4729104
4729105
4729106
4729107
4729108
4729109
4729110
4729111
4729112
4729113
4729114
4729115
4729116
4729117
4729118
4729119
4729120
4729121
4729122
4729123
4729124
4729125
4729126
4729127
4729128
4729129
4729130
4729131
4729132
4729133
4729134
4729135
4729136
4729137
4729138
4729139
4729140
4729141
4729142
4729143
4729144
4729145
4729146
4729147
4729148
4729149
4729150
4729151
4729152
4729153
4729154
4729155
4729156
4729157
4729158
4729159
4729160
4729161
4729162
4729163
4729164
4729165
4729166
4729167
4729168
4729169
4729170
4729171
4729172
4729173
4729174
4729175
4729176
4729177
4729178
4729179
4729180
4729181
4729182
4729183
4729184
4729185
4729186
4729187
4729188
4729189
4729190
4729191
4729192
4729193
4729194
4729195
4729196
4729197
4729198
4729199
4729200
4729201
4729202
4729203
4729204
4729205
4729206
4729207
4729208
4729209
4729210
4729211
4729212
4729213
4729214
4729215
4729216
4729217
4729218
4729219
4729220
4729221
4729222
4729223
4729224
4729225
4729226
4729227
4729228
4729229
4729230
4729231
4729232
4729233
4729234
4729235
4729236
4729237
4729238
4729239
4729240
4729241
4729242
4729243
4729244
4729245
4729246
4729247
4729248
4729249
4729250
4729251
4729252
4729253
4729254
4729255
4729256
4729257
4729258
4729259
4729260
4729261
4729262
4729263
4729264
4729265
4729266
4729267
4729268
4729269
4729270
4729271
4729272
4729273
4729274
4729275
4729276
4729277
4729278
4729279
4729280
4729281
4729282
4729283
4729284
4729285
4729286
4729287
4729288
4729289
4729290
4729291
4729292
4729293
4729294
4729295
4729296
4729297
4729298
4729299
4729300
4729301
4729302
4729303
4729304
4729305
4729306
4729307
4729308
4729309
4729310
4729311
4729312
4729313
4729314
4729315
4729316
4729317
4729318
4729319
4729320
4729321
4729322
4729323
4729324
4729325
4729326
4729327
4729328
4729329
4729330
4729331
4729332
4729333
4729334
4729335
4729336
4729337
4729338
4729339
4729340
4729341
4729342
4729343
4729344
4729345
4729346
4729347
4729348
4729349
4729350
4729351
4729352
4729353
4729354
4729355
4729356
4729357
4729358
4729359
4729360
4729361
4729362
4729363
4729364
4729365
4729366
4729367
4729368
4729369
4729370
4729371
4729372
4729373
4729374
4729375
4729376
4729377
4729378
4729379
4729380
4729381
4729382
4729383
4729384
4729385
4729386
4729387
4729388
4729389
4729390
4729391
4729392
4729393
4729394
4729395
4729396
4729397
4729398
4729399
4729400
4729401
4729402
4729403
4729404
4729405
4729406
4729407
4729408
4729409
4729410
4729411
4729412
4729413
4729414
4729415
4729416
4729417
4729418
4729419
4729420
4729421
4729422
4729423
4729424
4729425
4729426
4729427
4729428
4729429
4729430
4729431
4729432
4729433
4729434
4729435
4729436
4729437
4729438
4729439
4729440
4729441
4729442
4729443
4729444
4729445
4729446
4729447
4729448
4729449
4729450
4729451
4729452
4729453
4729454
4729455
4729456
4729457
4729458
4729459
4729460
4729461
4729462
4729463
4729464
4729465
4729466
4729467
4729468
4729469
4729470
4729471
4729472
4729473
4729474
4729475
4729476
4729477
4729478
4729479
4729480
4729481
4729482
4729483
4729484
4729485
4729486
4729487
4729488
4729489
4729490
4729491
4729492
4729493
4729494
4729495
4729496
4729497
4729498
4729499
4729500
4729501
4729502
4729503
4729504
4729505
4729506
4729507
4729508
4729509
4729510
4729511
4729512
4729513
4729514
4729515
4729516
4729517
4729518
4729519
4729520
4729521
4729522
4729523
4729524
4729525
4729526
4729527
4729528
4729529
4729530
4729531
4729532
4729533
4729534
4729535
4729536
4729537
4729538
4729539
4729540
4729541
4729542
4729543
4729544
4729545
4729546
4729547
4729548
4729549
4729550
4729551
4729552
4729553
4729554
4729555
4729556
4729557
4729558
4729559
4729560
4729561
4729562
4729563
4729564
4729565
4729566
4729567
4729568
4729569
4729570
4729571
4729572
4729573
4729574
4729575
4729576
4729577
4729578
4729579
4729580
4729581
4729582
4729583
4729584
4729585
4729586
4729587
4729588
4729589
4729590
4729591
4729592
4729593
4729594
4729595
4729596
4729597
4729598
4729599
4729600
4729601
4729602
4729603
4729604
4729605
4729606
4729607
4729608
4729609
4729610
4729611
4729612
4729613
4729614
4729615
4729616
4729617
4729618
4729619
4729620
4729621
4729622
4729623
4729624
4729625
4729626
4729627
4729628
4729629
4729630
4729631
4729632
4729633
4729634
4729635
4729636
4729637
4729638
4729639
4729640
4729641
4729642
4729643
4729644
4729645
4729646
4729647
4729648
4729649
4729650
4729651
4729652
4729653
4729654
4729655
4729656
4729657
4729658
4729659
4729660
4729661
4729662
4729663
4729664
4729665
4729666
4729667
4729668
4729669
4729670
4729671
4729672
4729673
4729674
4729675
4729676
4729677
4729678
4729679
4729680
4729681
4729682
4729683
4729684
4729685
4729686
4729687
4729688
4729689
4729690
4729691
4729692
4729693
4729694
4729695
4729696
4729697
4729698
4729699
4729700
4729701
4729702
4729703
4729704
4729705
4729706
4729707
4729708
4729709
4729710
4729711
4729712
4729713
4729714
4729715
4729716
4729717
4729718
4729719
4729720
4729721
4729722
4729723
4729724
4729725
4729726
4729727
4729728
4729729
4729730
4729731
4729732
4729733
4729734
4729735
4729736
4729737
4729738
4729739
4729740
4729741
4729742
4729743
4729744
4729745
4729746
4729747
4729748
4729749
4729750
4729751
4729752
4729753
4729754
4729755
4729756
4729757
4729758
4729759
4729760
4729761
4729762
4729763
4729764
4729765
4729766
4729767
4729768
4729769
4729770
4729771
4729772
4729773
4729774
4729775
4729776
4729777
4729778
4729779
4729780
4729781
4729782
4729783
4729784
4729785
4729786
4729787
4729788
4729789
4729790
4729791
4729792
4729793
4729794
4729795
4729796
4729797
4729798
4729799
4729800
4729801
4729802
4729803
4729804
4729805
4729806
4729807
4729808
4729809
4729810
4729811
4729812
4729813
4729814
4729815
4729816
4729817
4729818
4729819
4729820
4729821
4729822
4729823
4729824
4729825
4729826
4729827
4729828
4729829
4729830
4729831
4729832
4729833
4729834
4729835
4729836
4729837
4729838
4729839
4729840
4729841
4729842
4729843
4729844
4729845
4729846
4729847
4729848
4729849
4729850
4729851
4729852
4729853
4729854
4729855
4729856
4729857
4729858
4729859
4729860
4729861
4729862
4729863
4729864
4729865
4729866
4729867
4729868
4729869
4729870
4729871
4729872
4729873
4729874
4729875
4729876
4729877
4729878
4729879
4729880
4729881
4729882
4729883
4729884
4729885
4729886
4729887
4729888
4729889
4729890
4729891
4729892
4729893
4729894
4729895
4729896
4729897
4729898
4729899
4729900
4729901
4729902
4729903
4729904
4729905
4729906
4729907
4729908
4729909
4729910
4729911
4729912
4729913
4729914
4729915
4729916
4729917
4729918
4729919
4729920
4729921
4729922
4729923
4729924
4729925
4729926
4729927
4729928
4729929
4729930
4729931
4729932
4729933
4729934
4729935
4729936
4729937
4729938
4729939
4729940
4729941
4729942
4729943
4729944
4729945
4729946
4729947
4729948
4729949
4729950
4729951
4729952
4729953
4729954
4729955
4729956
4729957
4729958
4729959
4729960
4729961
4729962
4729963
4729964
4729965
4729966
4729967
4729968
4729969
4729970
4729971
4729972
4729973
4729974
4729975
4729976
4729977
4729978
4729979
4729980
4729981
4729982
4729983
4729984
4729985
4729986
4729987
4729988
4729989
4729990
4729991
4729992
4729993
4729994
4729995
4729996
4729997
4729998
4729999
4730000
4730001
4730002
4730003
4730004
4730005
4730006
4730007
4730008
4730009
4730010
4730011
4730012
4730013
4730014
4730015
4730016
4730017
4730018
4730019
4730020
4730021
4730022
4730023
4730024
4730025
4730026
4730027
4730028
4730029
4730030
4730031
4730032
4730033
4730034
4730035
4730036
4730037
4730038
4730039
4730040
4730041
4730042
4730043
4730044
4730045
4730046
4730047
4730048
4730049
4730050
4730051
4730052
4730053
4730054
4730055
4730056
4730057
4730058
4730059
4730060
4730061
4730062
4730063
4730064
4730065
4730066
4730067
4730068
4730069
4730070
4730071
4730072
4730073
4730074
4730075
4730076
4730077
4730078
4730079
4730080
4730081
4730082
4730083
4730084
4730085
4730086
4730087
4730088
4730089
4730090
4730091
4730092
4730093
4730094
4730095
4730096
4730097
4730098
4730099
4730100
4730101
4730102
4730103
4730104
4730105
4730106
4730107
4730108
4730109
4730110
4730111
4730112
4730113
4730114
4730115
4730116
4730117
4730118
4730119
4730120
4730121
4730122
4730123
4730124
4730125
4730126
4730127
4730128
4730129
4730130
4730131
4730132
4730133
4730134
4730135
4730136
4730137
4730138
4730139
4730140
4730141
4730142
4730143
4730144
4730145
4730146
4730147
4730148
4730149
4730150
4730151
4730152
4730153
4730154
4730155
4730156
4730157
4730158
4730159
4730160
4730161
4730162
4730163
4730164
4730165
4730166
4730167
4730168
4730169
4730170
4730171
4730172
4730173
4730174
4730175
4730176
4730177
4730178
4730179
4730180
4730181
4730182
4730183
4730184
4730185
4730186
4730187
4730188
4730189
4730190
4730191
4730192
4730193
4730194
4730195
4730196
4730197
4730198
4730199
4730200
4730201
4730202
4730203
4730204
4730205
4730206
4730207
4730208
4730209
4730210
4730211
4730212
4730213
4730214
4730215
4730216
4730217
4730218
4730219
4730220
4730221
4730222
4730223
4730224
4730225
4730226
4730227
4730228
4730229
4730230
4730231
4730232
4730233
4730234
4730235
4730236
4730237
4730238
4730239
4730240
4730241
4730242
4730243
4730244
4730245
4730246
4730247
4730248
4730249
4730250
4730251
4730252
4730253
4730254
4730255
4730256
4730257
4730258
4730259
4730260
4730261
4730262
4730263
4730264
4730265
4730266
4730267
4730268
4730269
4730270
4730271
4730272
4730273
4730274
4730275
4730276
4730277
4730278
4730279
4730280
4730281
4730282
4730283
4730284
4730285
4730286
4730287
4730288
4730289
4730290
4730291
4730292
4730293
4730294
4730295
4730296
4730297
4730298
4730299
4730300
4730301
4730302
4730303
4730304
4730305
4730306
4730307
4730308
4730309
4730310
4730311
4730312
4730313
4730314
4730315
4730316
4730317
4730318
4730319
4730320
4730321
4730322
4730323
4730324
4730325
4730326
4730327
4730328
4730329
4730330
4730331
4730332
4730333
4730334
4730335
4730336
4730337
4730338
4730339
4730340
4730341
4730342
4730343
4730344
4730345
4730346
4730347
4730348
4730349
4730350
4730351
4730352
4730353
4730354
4730355
4730356
4730357
4730358
4730359
4730360
4730361
4730362
4730363
4730364
4730365
4730366
4730367
4730368
4730369
4730370
4730371
4730372
4730373
4730374
4730375
4730376
4730377
4730378
4730379
4730380
4730381
4730382
4730383
4730384
4730385
4730386
4730387
4730388
4730389
4730390
4730391
4730392
4730393
4730394
4730395
4730396
4730397
4730398
4730399
4730400
4730401
4730402
4730403
4730404
4730405
4730406
4730407
4730408
4730409
4730410
4730411
4730412
4730413
4730414
4730415
4730416
4730417
4730418
4730419
4730420
4730421
4730422
4730423
4730424
4730425
4730426
4730427
4730428
4730429
4730430
4730431
4730432
4730433
4730434
4730435
4730436
4730437
4730438
4730439
4730440
4730441
4730442
4730443
4730444
4730445
4730446
4730447
4730448
4730449
4730450
4730451
4730452
4730453
4730454
4730455
4730456
4730457
4730458
4730459
4730460
4730461
4730462
4730463
4730464
4730465
4730466
4730467
4730468
4730469
4730470
4730471
4730472
4730473
4730474
4730475
4730476
4730477
4730478
4730479
4730480
4730481
4730482
4730483
4730484
4730485
4730486
4730487
4730488
4730489
4730490
4730491
4730492
4730493
4730494
4730495
4730496
4730497
4730498
4730499
4730500
4730501
4730502
4730503
4730504
4730505
4730506
4730507
4730508
4730509
4730510
4730511
4730512
4730513
4730514
4730515
4730516
4730517
4730518
4730519
4730520
4730521
4730522
4730523
4730524
4730525
4730526
4730527
4730528
4730529
4730530
4730531
4730532
4730533
4730534
4730535
4730536
4730537
4730538
4730539
4730540
4730541
4730542
4730543
4730544
4730545
4730546
4730547
4730548
4730549
4730550
4730551
4730552
4730553
4730554
4730555
4730556
4730557
4730558
4730559
4730560
4730561
4730562
4730563
4730564
4730565
4730566
4730567
4730568
4730569
4730570
4730571
4730572
4730573
4730574
4730575
4730576
4730577
4730578
4730579
4730580
4730581
4730582
4730583
4730584
4730585
4730586
4730587
4730588
4730589
4730590
4730591
4730592
4730593
4730594
4730595
4730596
4730597
4730598
4730599
4730600
4730601
4730602
4730603
4730604
4730605
4730606
4730607
4730608
4730609
4730610
4730611
4730612
4730613
4730614
4730615
4730616
4730617
4730618
4730619
4730620
4730621
4730622
4730623
4730624
4730625
4730626
4730627
4730628
4730629
4730630
4730631
4730632
4730633
4730634
4730635
4730636
4730637
4730638
4730639
4730640
4730641
4730642
4730643
4730644
4730645
4730646
4730647
4730648
4730649
4730650
4730651
4730652
4730653
4730654
4730655
4730656
4730657
4730658
4730659
4730660
4730661
4730662
4730663
4730664
4730665
4730666
4730667
4730668
4730669
4730670
4730671
4730672
4730673
4730674
4730675
4730676
4730677
4730678
4730679
4730680
4730681
4730682
4730683
4730684
4730685
4730686
4730687
4730688
4730689
4730690
4730691
4730692
4730693
4730694
4730695
4730696
4730697
4730698
4730699
4730700
4730701
4730702
4730703
4730704
4730705
4730706
4730707
4730708
4730709
4730710
4730711
4730712
4730713
4730714
4730715
4730716
4730717
4730718
4730719
4730720
4730721
4730722
4730723
4730724
4730725
4730726
4730727
4730728
4730729
4730730
4730731
4730732
4730733
4730734
4730735
4730736
4730737
4730738
4730739
4730740
4730741
4730742
4730743
4730744
4730745
4730746
4730747
4730748
4730749
4730750
4730751
4730752
4730753
4730754
4730755
4730756
4730757
4730758
4730759
4730760
4730761
4730762
4730763
4730764
4730765
4730766
4730767
4730768
4730769
4730770
4730771
4730772
4730773
4730774
4730775
4730776
4730777
4730778
4730779
4730780
4730781
4730782
4730783
4730784
4730785
4730786
4730787
4730788
4730789
4730790
4730791
4730792
4730793
4730794
4730795
4730796
4730797
4730798
4730799
4730800
4730801
4730802
4730803
4730804
4730805
4730806
4730807
4730808
4730809
4730810
4730811
4730812
4730813
4730814
4730815
4730816
4730817
4730818
4730819
4730820
4730821
4730822
4730823
4730824
4730825
4730826
4730827
4730828
4730829
4730830
4730831
4730832
4730833
4730834
4730835
4730836
4730837
4730838
4730839
4730840
4730841
4730842
4730843
4730844
4730845
4730846
4730847
4730848
4730849
4730850
4730851
4730852
4730853
4730854
4730855
4730856
4730857
4730858
4730859
4730860
4730861
4730862
4730863
4730864
4730865
4730866
4730867
4730868
4730869
4730870
4730871
4730872
4730873
4730874
4730875
4730876
4730877
4730878
4730879
4730880
4730881
4730882
4730883
4730884
4730885
4730886
4730887
4730888
4730889
4730890
4730891
4730892
4730893
4730894
4730895
4730896
4730897
4730898
4730899
4730900
4730901
4730902
4730903
4730904
4730905
4730906
4730907
4730908
4730909
4730910
4730911
4730912
4730913
4730914
4730915
4730916
4730917
4730918
4730919
4730920
4730921
4730922
4730923
4730924
4730925
4730926
4730927
4730928
4730929
4730930
4730931
4730932
4730933
4730934
4730935
4730936
4730937
4730938
4730939
4730940
4730941
4730942
4730943
4730944
4730945
4730946
4730947
4730948
4730949
4730950
4730951
4730952
4730953
4730954
4730955
4730956
4730957
4730958
4730959
4730960
4730961
4730962
4730963
4730964
4730965
4730966
4730967
4730968
4730969
4730970
4730971
4730972
4730973
4730974
4730975
4730976
4730977
4730978
4730979
4730980
4730981
4730982
4730983
4730984
4730985
4730986
4730987
4730988
4730989
4730990
4730991
4730992
4730993
4730994
4730995
4730996
4730997
4730998
4730999
4731000
4731001
4731002
4731003
4731004
4731005
4731006
4731007
4731008
4731009
4731010
4731011
4731012
4731013
4731014
4731015
4731016
4731017
4731018
4731019
4731020
4731021
4731022
4731023
4731024
4731025
4731026
4731027
4731028
4731029
4731030
4731031
4731032
4731033
4731034
4731035
4731036
4731037
4731038
4731039
4731040
4731041
4731042
4731043
4731044
4731045
4731046
4731047
4731048
4731049
4731050
4731051
4731052
4731053
4731054
4731055
4731056
4731057
4731058
4731059
4731060
4731061
4731062
4731063
4731064
4731065
4731066
4731067
4731068
4731069
4731070
4731071
4731072
4731073
4731074
4731075
4731076
4731077
4731078
4731079
4731080
4731081
4731082
4731083
4731084
4731085
4731086
4731087
4731088
4731089
4731090
4731091
4731092
4731093
4731094
4731095
4731096
4731097
4731098
4731099
4731100
4731101
4731102
4731103
4731104
4731105
4731106
4731107
4731108
4731109
4731110
4731111
4731112
4731113
4731114
4731115
4731116
4731117
4731118
4731119
4731120
4731121
4731122
4731123
4731124
4731125
4731126
4731127
4731128
4731129
4731130
4731131
4731132
4731133
4731134
4731135
4731136
4731137
4731138
4731139
4731140
4731141
4731142
4731143
4731144
4731145
4731146
4731147
4731148
4731149
4731150
4731151
4731152
4731153
4731154
4731155
4731156
4731157
4731158
4731159
4731160
4731161
4731162
4731163
4731164
4731165
4731166
4731167
4731168
4731169
4731170
4731171
4731172
4731173
4731174
4731175
4731176
4731177
4731178
4731179
4731180
4731181
4731182
4731183
4731184
4731185
4731186
4731187
4731188
4731189
4731190
4731191
4731192
4731193
4731194
4731195
4731196
4731197
4731198
4731199
4731200
4731201
4731202
4731203
4731204
4731205
4731206
4731207
4731208
4731209
4731210
4731211
4731212
4731213
4731214
4731215
4731216
4731217
4731218
4731219
4731220
4731221
4731222
4731223
4731224
4731225
4731226
4731227
4731228
4731229
4731230
4731231
4731232
4731233
4731234
4731235
4731236
4731237
4731238
4731239
4731240
4731241
4731242
4731243
4731244
4731245
4731246
4731247
4731248
4731249
4731250
4731251
4731252
4731253
4731254
4731255
4731256
4731257
4731258
4731259
4731260
4731261
4731262
4731263
4731264
4731265
4731266
4731267
4731268
4731269
4731270
4731271
4731272
4731273
4731274
4731275
4731276
4731277
4731278
4731279
4731280
4731281
4731282
4731283
4731284
4731285
4731286
4731287
4731288
4731289
4731290
4731291
4731292
4731293
4731294
4731295
4731296
4731297
4731298
4731299
4731300
4731301
4731302
4731303
4731304
4731305
4731306
4731307
4731308
4731309
4731310
4731311
4731312
4731313
4731314
4731315
4731316
4731317
4731318
4731319
4731320
4731321
4731322
4731323
4731324
4731325
4731326
4731327
4731328
4731329
4731330
4731331
4731332
4731333
4731334
4731335
4731336
4731337
4731338
4731339
4731340
4731341
4731342
4731343
4731344
4731345
4731346
4731347
4731348
4731349
4731350
4731351
4731352
4731353
4731354
4731355
4731356
4731357
4731358
4731359
4731360
4731361
4731362
4731363
4731364
4731365
4731366
4731367
4731368
4731369
4731370
4731371
4731372
4731373
4731374
4731375
4731376
4731377
4731378
4731379
4731380
4731381
4731382
4731383
4731384
4731385
4731386
4731387
4731388
4731389
4731390
4731391
4731392
4731393
4731394
4731395
4731396
4731397
4731398
4731399
4731400
4731401
4731402
4731403
4731404
4731405
4731406
4731407
4731408
4731409
4731410
4731411
4731412
4731413
4731414
4731415
4731416
4731417
4731418
4731419
4731420
4731421
4731422
4731423
4731424
4731425
4731426
4731427
4731428
4731429
4731430
4731431
4731432
4731433
4731434
4731435
4731436
4731437
4731438
4731439
4731440
4731441
4731442
4731443
4731444
4731445
4731446
4731447
4731448
4731449
4731450
4731451
4731452
4731453
4731454
4731455
4731456
4731457
4731458
4731459
4731460
4731461
4731462
4731463
4731464
4731465
4731466
4731467
4731468
4731469
4731470
4731471
4731472
4731473
4731474
4731475
4731476
4731477
4731478
4731479
4731480
4731481
4731482
4731483
4731484
4731485
4731486
4731487
4731488
4731489
4731490
4731491
4731492
4731493
4731494
4731495
4731496
4731497
4731498
4731499
4731500
4731501
4731502
4731503
4731504
4731505
4731506
4731507
4731508
4731509
4731510
4731511
4731512
4731513
4731514
4731515
4731516
4731517
4731518
4731519
4731520
4731521
4731522
4731523
4731524
4731525
4731526
4731527
4731528
4731529
4731530
4731531
4731532
4731533
4731534
4731535
4731536
4731537
4731538
4731539
4731540
4731541
4731542
4731543
4731544
4731545
4731546
4731547
4731548
4731549
4731550
4731551
4731552
4731553
4731554
4731555
4731556
4731557
4731558
4731559
4731560
4731561
4731562
4731563
4731564
4731565
4731566
4731567
4731568
4731569
4731570
4731571
4731572
4731573
4731574
4731575
4731576
4731577
4731578
4731579
4731580
4731581
4731582
4731583
4731584
4731585
4731586
4731587
4731588
4731589
4731590
4731591
4731592
4731593
4731594
4731595
4731596
4731597
4731598
4731599
4731600
4731601
4731602
4731603
4731604
4731605
4731606
4731607
4731608
4731609
4731610
4731611
4731612
4731613
4731614
4731615
4731616
4731617
4731618
4731619
4731620
4731621
4731622
4731623
4731624
4731625
4731626
4731627
4731628
4731629
4731630
4731631
4731632
4731633
4731634
4731635
4731636
4731637
4731638
4731639
4731640
4731641
4731642
4731643
4731644
4731645
4731646
4731647
4731648
4731649
4731650
4731651
4731652
4731653
4731654
4731655
4731656
4731657
4731658
4731659
4731660
4731661
4731662
4731663
4731664
4731665
4731666
4731667
4731668
4731669
4731670
4731671
4731672
4731673
4731674
4731675
4731676
4731677
4731678
4731679
4731680
4731681
4731682
4731683
4731684
4731685
4731686
4731687
4731688
4731689
4731690
4731691
4731692
4731693
4731694
4731695
4731696
4731697
4731698
4731699
4731700
4731701
4731702
4731703
4731704
4731705
4731706
4731707
4731708
4731709
4731710
4731711
4731712
4731713
4731714
4731715
4731716
4731717
4731718
4731719
4731720
4731721
4731722
4731723
4731724
4731725
4731726
4731727
4731728
4731729
4731730
4731731
4731732
4731733
4731734
4731735
4731736
4731737
4731738
4731739
4731740
4731741
4731742
4731743
4731744
4731745
4731746
4731747
4731748
4731749
4731750
4731751
4731752
4731753
4731754
4731755
4731756
4731757
4731758
4731759
4731760
4731761
4731762
4731763
4731764
4731765
4731766
4731767
4731768
4731769
4731770
4731771
4731772
4731773
4731774
4731775
4731776
4731777
4731778
4731779
4731780
4731781
4731782
4731783
4731784
4731785
4731786
4731787
4731788
4731789
4731790
4731791
4731792
4731793
4731794
4731795
4731796
4731797
4731798
4731799
4731800
4731801
4731802
4731803
4731804
4731805
4731806
4731807
4731808
4731809
4731810
4731811
4731812
4731813
4731814
4731815
4731816
4731817
4731818
4731819
4731820
4731821
4731822
4731823
4731824
4731825
4731826
4731827
4731828
4731829
4731830
4731831
4731832
4731833
4731834
4731835
4731836
4731837
4731838
4731839
4731840
4731841
4731842
4731843
4731844
4731845
4731846
4731847
4731848
4731849
4731850
4731851
4731852
4731853
4731854
4731855
4731856
4731857
4731858
4731859
4731860
4731861
4731862
4731863
4731864
4731865
4731866
4731867
4731868
4731869
4731870
4731871
4731872
4731873
4731874
4731875
4731876
4731877
4731878
4731879
4731880
4731881
4731882
4731883
4731884
4731885
4731886
4731887
4731888
4731889
4731890
4731891
4731892
4731893
4731894
4731895
4731896
4731897
4731898
4731899
4731900
4731901
4731902
4731903
4731904
4731905
4731906
4731907
4731908
4731909
4731910
4731911
4731912
4731913
4731914
4731915
4731916
4731917
4731918
4731919
4731920
4731921
4731922
4731923
4731924
4731925
4731926
4731927
4731928
4731929
4731930
4731931
4731932
4731933
4731934
4731935
4731936
4731937
4731938
4731939
4731940
4731941
4731942
4731943
4731944
4731945
4731946
4731947
4731948
4731949
4731950
4731951
4731952
4731953
4731954
4731955
4731956
4731957
4731958
4731959
4731960
4731961
4731962
4731963
4731964
4731965
4731966
4731967
4731968
4731969
4731970
4731971
4731972
4731973
4731974
4731975
4731976
4731977
4731978
4731979
4731980
4731981
4731982
4731983
4731984
4731985
4731986
4731987
4731988
4731989
4731990
4731991
4731992
4731993
4731994
4731995
4731996
4731997
4731998
4731999
4732000
4732001
4732002
4732003
4732004
4732005
4732006
4732007
4732008
4732009
4732010
4732011
4732012
4732013
4732014
4732015
4732016
4732017
4732018
4732019
4732020
4732021
4732022
4732023
4732024
4732025
4732026
4732027
4732028
4732029
4732030
4732031
4732032
4732033
4732034
4732035
4732036
4732037
4732038
4732039
4732040
4732041
4732042
4732043
4732044
4732045
4732046
4732047
4732048
4732049
4732050
4732051
4732052
4732053
4732054
4732055
4732056
4732057
4732058
4732059
4732060
4732061
4732062
4732063
4732064
4732065
4732066
4732067
4732068
4732069
4732070
4732071
4732072
4732073
4732074
4732075
4732076
4732077
4732078
4732079
4732080
4732081
4732082
4732083
4732084
4732085
4732086
4732087
4732088
4732089
4732090
4732091
4732092
4732093
4732094
4732095
4732096
4732097
4732098
4732099
4732100
4732101
4732102
4732103
4732104
4732105
4732106
4732107
4732108
4732109
4732110
4732111
4732112
4732113
4732114
4732115
4732116
4732117
4732118
4732119
4732120
4732121
4732122
4732123
4732124
4732125
4732126
4732127
4732128
4732129
4732130
4732131
4732132
4732133
4732134
4732135
4732136
4732137
4732138
4732139
4732140
4732141
4732142
4732143
4732144
4732145
4732146
4732147
4732148
4732149
4732150
4732151
4732152
4732153
4732154
4732155
4732156
4732157
4732158
4732159
4732160
4732161
4732162
4732163
4732164
4732165
4732166
4732167
4732168
4732169
4732170
4732171
4732172
4732173
4732174
4732175
4732176
4732177
4732178
4732179
4732180
4732181
4732182
4732183
4732184
4732185
4732186
4732187
4732188
4732189
4732190
4732191
4732192
4732193
4732194
4732195
4732196
4732197
4732198
4732199
4732200
4732201
4732202
4732203
4732204
4732205
4732206
4732207
4732208
4732209
4732210
4732211
4732212
4732213
4732214
4732215
4732216
4732217
4732218
4732219
4732220
4732221
4732222
4732223
4732224
4732225
4732226
4732227
4732228
4732229
4732230
4732231
4732232
4732233
4732234
4732235
4732236
4732237
4732238
4732239
4732240
4732241
4732242
4732243
4732244
4732245
4732246
4732247
4732248
4732249
4732250
4732251
4732252
4732253
4732254
4732255
4732256
4732257
4732258
4732259
4732260
4732261
4732262
4732263
4732264
4732265
4732266
4732267
4732268
4732269
4732270
4732271
4732272
4732273
4732274
4732275
4732276
4732277
4732278
4732279
4732280
4732281
4732282
4732283
4732284
4732285
4732286
4732287
4732288
4732289
4732290
4732291
4732292
4732293
4732294
4732295
4732296
4732297
4732298
4732299
4732300
4732301
4732302
4732303
4732304
4732305
4732306
4732307
4732308
4732309
4732310
4732311
4732312
4732313
4732314
4732315
4732316
4732317
4732318
4732319
4732320
4732321
4732322
4732323
4732324
4732325
4732326
4732327
4732328
4732329
4732330
4732331
4732332
4732333
4732334
4732335
4732336
4732337
4732338
4732339
4732340
4732341
4732342
4732343
4732344
4732345
4732346
4732347
4732348
4732349
4732350
4732351
4732352
4732353
4732354
4732355
4732356
4732357
4732358
4732359
4732360
4732361
4732362
4732363
4732364
4732365
4732366
4732367
4732368
4732369
4732370
4732371
4732372
4732373
4732374
4732375
4732376
4732377
4732378
4732379
4732380
4732381
4732382
4732383
4732384
4732385
4732386
4732387
4732388
4732389
4732390
4732391
4732392
4732393
4732394
4732395
4732396
4732397
4732398
4732399
4732400
4732401
4732402
4732403
4732404
4732405
4732406
4732407
4732408
4732409
4732410
4732411
4732412
4732413
4732414
4732415
4732416
4732417
4732418
4732419
4732420
4732421
4732422
4732423
4732424
4732425
4732426
4732427
4732428
4732429
4732430
4732431
4732432
4732433
4732434
4732435
4732436
4732437
4732438
4732439
4732440
4732441
4732442
4732443
4732444
4732445
4732446
4732447
4732448
4732449
4732450
4732451
4732452
4732453
4732454
4732455
4732456
4732457
4732458
4732459
4732460
4732461
4732462
4732463
4732464
4732465
4732466
4732467
4732468
4732469
4732470
4732471
4732472
4732473
4732474
4732475
4732476
4732477
4732478
4732479
4732480
4732481
4732482
4732483
4732484
4732485
4732486
4732487
4732488
4732489
4732490
4732491
4732492
4732493
4732494
4732495
4732496
4732497
4732498
4732499
4732500
4732501
4732502
4732503
4732504
4732505
4732506
4732507
4732508
4732509
4732510
4732511
4732512
4732513
4732514
4732515
4732516
4732517
4732518
4732519
4732520
4732521
4732522
4732523
4732524
4732525
4732526
4732527
4732528
4732529
4732530
4732531
4732532
4732533
4732534
4732535
4732536
4732537
4732538
4732539
4732540
4732541
4732542
4732543
4732544
4732545
4732546
4732547
4732548
4732549
4732550
4732551
4732552
4732553
4732554
4732555
4732556
4732557
4732558
4732559
4732560
4732561
4732562
4732563
4732564
4732565
4732566
4732567
4732568
4732569
4732570
4732571
4732572
4732573
4732574
4732575
4732576
4732577
4732578
4732579
4732580
4732581
4732582
4732583
4732584
4732585
4732586
4732587
4732588
4732589
4732590
4732591
4732592
4732593
4732594
4732595
4732596
4732597
4732598
4732599
4732600
4732601
4732602
4732603
4732604
4732605
4732606
4732607
4732608
4732609
4732610
4732611
4732612
4732613
4732614
4732615
4732616
4732617
4732618
4732619
4732620
4732621
4732622
4732623
4732624
4732625
4732626
4732627
4732628
4732629
4732630
4732631
4732632
4732633
4732634
4732635
4732636
4732637
4732638
4732639
4732640
4732641
4732642
4732643
4732644
4732645
4732646
4732647
4732648
4732649
4732650
4732651
4732652
4732653
4732654
4732655
4732656
4732657
4732658
4732659
4732660
4732661
4732662
4732663
4732664
4732665
4732666
4732667
4732668
4732669
4732670
4732671
4732672
4732673
4732674
4732675
4732676
4732677
4732678
4732679
4732680
4732681
4732682
4732683
4732684
4732685
4732686
4732687
4732688
4732689
4732690
4732691
4732692
4732693
4732694
4732695
4732696
4732697
4732698
4732699
4732700
4732701
4732702
4732703
4732704
4732705
4732706
4732707
4732708
4732709
4732710
4732711
4732712
4732713
4732714
4732715
4732716
4732717
4732718
4732719
4732720
4732721
4732722
4732723
4732724
4732725
4732726
4732727
4732728
4732729
4732730
4732731
4732732
4732733
4732734
4732735
4732736
4732737
4732738
4732739
4732740
4732741
4732742
4732743
4732744
4732745
4732746
4732747
4732748
4732749
4732750
4732751
4732752
4732753
4732754
4732755
4732756
4732757
4732758
4732759
4732760
4732761
4732762
4732763
4732764
4732765
4732766
4732767
4732768
4732769
4732770
4732771
4732772
4732773
4732774
4732775
4732776
4732777
4732778
4732779
4732780
4732781
4732782
4732783
4732784
4732785
4732786
4732787
4732788
4732789
4732790
4732791
4732792
4732793
4732794
4732795
4732796
4732797
4732798
4732799
4732800
4732801
4732802
4732803
4732804
4732805
4732806
4732807
4732808
4732809
4732810
4732811
4732812
4732813
4732814
4732815
4732816
4732817
4732818
4732819
4732820
4732821
4732822
4732823
4732824
4732825
4732826
4732827
4732828
4732829
4732830
4732831
4732832
4732833
4732834
4732835
4732836
4732837
4732838
4732839
4732840
4732841
4732842
4732843
4732844
4732845
4732846
4732847
4732848
4732849
4732850
4732851
4732852
4732853
4732854
4732855
4732856
4732857
4732858
4732859
4732860
4732861
4732862
4732863
4732864
4732865
4732866
4732867
4732868
4732869
4732870
4732871
4732872
4732873
4732874
4732875
4732876
4732877
4732878
4732879
4732880
4732881
4732882
4732883
4732884
4732885
4732886
4732887
4732888
4732889
4732890
4732891
4732892
4732893
4732894
4732895
4732896
4732897
4732898
4732899
4732900
4732901
4732902
4732903
4732904
4732905
4732906
4732907
4732908
4732909
4732910
4732911
4732912
4732913
4732914
4732915
4732916
4732917
4732918
4732919
4732920
4732921
4732922
4732923
4732924
4732925
4732926
4732927
4732928
4732929
4732930
4732931
4732932
4732933
4732934
4732935
4732936
4732937
4732938
4732939
4732940
4732941
4732942
4732943
4732944
4732945
4732946
4732947
4732948
4732949
4732950
4732951
4732952
4732953
4732954
4732955
4732956
4732957
4732958
4732959
4732960
4732961
4732962
4732963
4732964
4732965
4732966
4732967
4732968
4732969
4732970
4732971
4732972
4732973
4732974
4732975
4732976
4732977
4732978
4732979
4732980
4732981
4732982
4732983
4732984
4732985
4732986
4732987
4732988
4732989
4732990
4732991
4732992
4732993
4732994
4732995
4732996
4732997
4732998
4732999
4733000
4733001
4733002
4733003
4733004
4733005
4733006
4733007
4733008
4733009
4733010
4733011
4733012
4733013
4733014
4733015
4733016
4733017
4733018
4733019
4733020
4733021
4733022
4733023
4733024
4733025
4733026
4733027
4733028
4733029
4733030
4733031
4733032
4733033
4733034
4733035
4733036
4733037
4733038
4733039
4733040
4733041
4733042
4733043
4733044
4733045
4733046
4733047
4733048
4733049
4733050
4733051
4733052
4733053
4733054
4733055
4733056
4733057
4733058
4733059
4733060
4733061
4733062
4733063
4733064
4733065
4733066
4733067
4733068
4733069
4733070
4733071
4733072
4733073
4733074
4733075
4733076
4733077
4733078
4733079
4733080
4733081
4733082
4733083
4733084
4733085
4733086
4733087
4733088
4733089
4733090
4733091
4733092
4733093
4733094
4733095
4733096
4733097
4733098
4733099
4733100
4733101
4733102
4733103
4733104
4733105
4733106
4733107
4733108
4733109
4733110
4733111
4733112
4733113
4733114
4733115
4733116
4733117
4733118
4733119
4733120
4733121
4733122
4733123
4733124
4733125
4733126
4733127
4733128
4733129
4733130
4733131
4733132
4733133
4733134
4733135
4733136
4733137
4733138
4733139
4733140
4733141
4733142
4733143
4733144
4733145
4733146
4733147
4733148
4733149
4733150
4733151
4733152
4733153
4733154
4733155
4733156
4733157
4733158
4733159
4733160
4733161
4733162
4733163
4733164
4733165
4733166
4733167
4733168
4733169
4733170
4733171
4733172
4733173
4733174
4733175
4733176
4733177
4733178
4733179
4733180
4733181
4733182
4733183
4733184
4733185
4733186
4733187
4733188
4733189
4733190
4733191
4733192
4733193
4733194
4733195
4733196
4733197
4733198
4733199
4733200
4733201
4733202
4733203
4733204
4733205
4733206
4733207
4733208
4733209
4733210
4733211
4733212
4733213
4733214
4733215
4733216
4733217
4733218
4733219
4733220
4733221
4733222
4733223
4733224
4733225
4733226
4733227
4733228
4733229
4733230
4733231
4733232
4733233
4733234
4733235
4733236
4733237
4733238
4733239
4733240
4733241
4733242
4733243
4733244
4733245
4733246
4733247
4733248
4733249
4733250
4733251
4733252
4733253
4733254
4733255
4733256
4733257
4733258
4733259
4733260
4733261
4733262
4733263
4733264
4733265
4733266
4733267
4733268
4733269
4733270
4733271
4733272
4733273
4733274
4733275
4733276
4733277
4733278
4733279
4733280
4733281
4733282
4733283
4733284
4733285
4733286
4733287
4733288
4733289
4733290
4733291
4733292
4733293
4733294
4733295
4733296
4733297
4733298
4733299
4733300
4733301
4733302
4733303
4733304
4733305
4733306
4733307
4733308
4733309
4733310
4733311
4733312
4733313
4733314
4733315
4733316
4733317
4733318
4733319
4733320
4733321
4733322
4733323
4733324
4733325
4733326
4733327
4733328
4733329
4733330
4733331
4733332
4733333
4733334
4733335
4733336
4733337
4733338
4733339
4733340
4733341
4733342
4733343
4733344
4733345
4733346
4733347
4733348
4733349
4733350
4733351
4733352
4733353
4733354
4733355
4733356
4733357
4733358
4733359
4733360
4733361
4733362
4733363
4733364
4733365
4733366
4733367
4733368
4733369
4733370
4733371
4733372
4733373
4733374
4733375
4733376
4733377
4733378
4733379
4733380
4733381
4733382
4733383
4733384
4733385
4733386
4733387
4733388
4733389
4733390
4733391
4733392
4733393
4733394
4733395
4733396
4733397
4733398
4733399
4733400
4733401
4733402
4733403
4733404
4733405
4733406
4733407
4733408
4733409
4733410
4733411
4733412
4733413
4733414
4733415
4733416
4733417
4733418
4733419
4733420
4733421
4733422
4733423
4733424
4733425
4733426
4733427
4733428
4733429
4733430
4733431
4733432
4733433
4733434
4733435
4733436
4733437
4733438
4733439
4733440
4733441
4733442
4733443
4733444
4733445
4733446
4733447
4733448
4733449
4733450
4733451
4733452
4733453
4733454
4733455
4733456
4733457
4733458
4733459
4733460
4733461
4733462
4733463
4733464
4733465
4733466
4733467
4733468
4733469
4733470
4733471
4733472
4733473
4733474
4733475
4733476
4733477
4733478
4733479
4733480
4733481
4733482
4733483
4733484
4733485
4733486
4733487
4733488
4733489
4733490
4733491
4733492
4733493
4733494
4733495
4733496
4733497
4733498
4733499
4733500
4733501
4733502
4733503
4733504
4733505
4733506
4733507
4733508
4733509
4733510
4733511
4733512
4733513
4733514
4733515
4733516
4733517
4733518
4733519
4733520
4733521
4733522
4733523
4733524
4733525
4733526
4733527
4733528
4733529
4733530
4733531
4733532
4733533
4733534
4733535
4733536
4733537
4733538
4733539
4733540
4733541
4733542
4733543
4733544
4733545
4733546
4733547
4733548
4733549
4733550
4733551
4733552
4733553
4733554
4733555
4733556
4733557
4733558
4733559
4733560
4733561
4733562
4733563
4733564
4733565
4733566
4733567
4733568
4733569
4733570
4733571
4733572
4733573
4733574
4733575
4733576
4733577
4733578
4733579
4733580
4733581
4733582
4733583
4733584
4733585
4733586
4733587
4733588
4733589
4733590
4733591
4733592
4733593
4733594
4733595
4733596
4733597
4733598
4733599
4733600
4733601
4733602
4733603
4733604
4733605
4733606
4733607
4733608
4733609
4733610
4733611
4733612
4733613
4733614
4733615
4733616
4733617
4733618
4733619
4733620
4733621
4733622
4733623
4733624
4733625
4733626
4733627
4733628
4733629
4733630
4733631
4733632
4733633
4733634
4733635
4733636
4733637
4733638
4733639
4733640
4733641
4733642
4733643
4733644
4733645
4733646
4733647
4733648
4733649
4733650
4733651
4733652
4733653
4733654
4733655
4733656
4733657
4733658
4733659
4733660
4733661
4733662
4733663
4733664
4733665
4733666
4733667
4733668
4733669
4733670
4733671
4733672
4733673
4733674
4733675
4733676
4733677
4733678
4733679
4733680
4733681
4733682
4733683
4733684
4733685
4733686
4733687
4733688
4733689
4733690
4733691
4733692
4733693
4733694
4733695
4733696
4733697
4733698
4733699
4733700
4733701
4733702
4733703
4733704
4733705
4733706
4733707
4733708
4733709
4733710
4733711
4733712
4733713
4733714
4733715
4733716
4733717
4733718
4733719
4733720
4733721
4733722
4733723
4733724
4733725
4733726
4733727
4733728
4733729
4733730
4733731
4733732
4733733
4733734
4733735
4733736
4733737
4733738
4733739
4733740
4733741
4733742
4733743
4733744
4733745
4733746
4733747
4733748
4733749
4733750
4733751
4733752
4733753
4733754
4733755
4733756
4733757
4733758
4733759
4733760
4733761
4733762
4733763
4733764
4733765
4733766
4733767
4733768
4733769
4733770
4733771
4733772
4733773
4733774
4733775
4733776
4733777
4733778
4733779
4733780
4733781
4733782
4733783
4733784
4733785
4733786
4733787
4733788
4733789
4733790
4733791
4733792
4733793
4733794
4733795
4733796
4733797
4733798
4733799
4733800
4733801
4733802
4733803
4733804
4733805
4733806
4733807
4733808
4733809
4733810
4733811
4733812
4733813
4733814
4733815
4733816
4733817
4733818
4733819
4733820
4733821
4733822
4733823
4733824
4733825
4733826
4733827
4733828
4733829
4733830
4733831
4733832
4733833
4733834
4733835
4733836
4733837
4733838
4733839
4733840
4733841
4733842
4733843
4733844
4733845
4733846
4733847
4733848
4733849
4733850
4733851
4733852
4733853
4733854
4733855
4733856
4733857
4733858
4733859
4733860
4733861
4733862
4733863
4733864
4733865
4733866
4733867
4733868
4733869
4733870
4733871
4733872
4733873
4733874
4733875
4733876
4733877
4733878
4733879
4733880
4733881
4733882
4733883
4733884
4733885
4733886
4733887
4733888
4733889
4733890
4733891
4733892
4733893
4733894
4733895
4733896
4733897
4733898
4733899
4733900
4733901
4733902
4733903
4733904
4733905
4733906
4733907
4733908
4733909
4733910
4733911
4733912
4733913
4733914
4733915
4733916
4733917
4733918
4733919
4733920
4733921
4733922
4733923
4733924
4733925
4733926
4733927
4733928
4733929
4733930
4733931
4733932
4733933
4733934
4733935
4733936
4733937
4733938
4733939
4733940
4733941
4733942
4733943
4733944
4733945
4733946
4733947
4733948
4733949
4733950
4733951
4733952
4733953
4733954
4733955
4733956
4733957
4733958
4733959
4733960
4733961
4733962
4733963
4733964
4733965
4733966
4733967
4733968
4733969
4733970
4733971
4733972
4733973
4733974
4733975
4733976
4733977
4733978
4733979
4733980
4733981
4733982
4733983
4733984
4733985
4733986
4733987
4733988
4733989
4733990
4733991
4733992
4733993
4733994
4733995
4733996
4733997
4733998
4733999
4734000
4734001
4734002
4734003
4734004
4734005
4734006
4734007
4734008
4734009
4734010
4734011
4734012
4734013
4734014
4734015
4734016
4734017
4734018
4734019
4734020
4734021
4734022
4734023
4734024
4734025
4734026
4734027
4734028
4734029
4734030
4734031
4734032
4734033
4734034
4734035
4734036
4734037
4734038
4734039
4734040
4734041
4734042
4734043
4734044
4734045
4734046
4734047
4734048
4734049
4734050
4734051
4734052
4734053
4734054
4734055
4734056
4734057
4734058
4734059
4734060
4734061
4734062
4734063
4734064
4734065
4734066
4734067
4734068
4734069
4734070
4734071
4734072
4734073
4734074
4734075
4734076
4734077
4734078
4734079
4734080
4734081
4734082
4734083
4734084
4734085
4734086
4734087
4734088
4734089
4734090
4734091
4734092
4734093
4734094
4734095
4734096
4734097
4734098
4734099
4734100
4734101
4734102
4734103
4734104
4734105
4734106
4734107
4734108
4734109
4734110
4734111
4734112
4734113
4734114
4734115
4734116
4734117
4734118
4734119
4734120
4734121
4734122
4734123
4734124
4734125
4734126
4734127
4734128
4734129
4734130
4734131
4734132
4734133
4734134
4734135
4734136
4734137
4734138
4734139
4734140
4734141
4734142
4734143
4734144
4734145
4734146
4734147
4734148
4734149
4734150
4734151
4734152
4734153
4734154
4734155
4734156
4734157
4734158
4734159
4734160
4734161
4734162
4734163
4734164
4734165
4734166
4734167
4734168
4734169
4734170
4734171
4734172
4734173
4734174
4734175
4734176
4734177
4734178
4734179
4734180
4734181
4734182
4734183
4734184
4734185
4734186
4734187
4734188
4734189
4734190
4734191
4734192
4734193
4734194
4734195
4734196
4734197
4734198
4734199
4734200
4734201
4734202
4734203
4734204
4734205
4734206
4734207
4734208
4734209
4734210
4734211
4734212
4734213
4734214
4734215
4734216
4734217
4734218
4734219
4734220
4734221
4734222
4734223
4734224
4734225
4734226
4734227
4734228
4734229
4734230
4734231
4734232
4734233
4734234
4734235
4734236
4734237
4734238
4734239
4734240
4734241
4734242
4734243
4734244
4734245
4734246
4734247
4734248
4734249
4734250
4734251
4734252
4734253
4734254
4734255
4734256
4734257
4734258
4734259
4734260
4734261
4734262
4734263
4734264
4734265
4734266
4734267
4734268
4734269
4734270
4734271
4734272
4734273
4734274
4734275
4734276
4734277
4734278
4734279
4734280
4734281
4734282
4734283
4734284
4734285
4734286
4734287
4734288
4734289
4734290
4734291
4734292
4734293
4734294
4734295
4734296
4734297
4734298
4734299
4734300
4734301
4734302
4734303
4734304
4734305
4734306
4734307
4734308
4734309
4734310
4734311
4734312
4734313
4734314
4734315
4734316
4734317
4734318
4734319
4734320
4734321
4734322
4734323
4734324
4734325
4734326
4734327
4734328
4734329
4734330
4734331
4734332
4734333
4734334
4734335
4734336
4734337
4734338
4734339
4734340
4734341
4734342
4734343
4734344
4734345
4734346
4734347
4734348
4734349
4734350
4734351
4734352
4734353
4734354
4734355
4734356
4734357
4734358
4734359
4734360
4734361
4734362
4734363
4734364
4734365
4734366
4734367
4734368
4734369
4734370
4734371
4734372
4734373
4734374
4734375
4734376
4734377
4734378
4734379
4734380
4734381
4734382
4734383
4734384
4734385
4734386
4734387
4734388
4734389
4734390
4734391
4734392
4734393
4734394
4734395
4734396
4734397
4734398
4734399
4734400
4734401
4734402
4734403
4734404
4734405
4734406
4734407
4734408
4734409
4734410
4734411
4734412
4734413
4734414
4734415
4734416
4734417
4734418
4734419
4734420
4734421
4734422
4734423
4734424
4734425
4734426
4734427
4734428
4734429
4734430
4734431
4734432
4734433
4734434
4734435
4734436
4734437
4734438
4734439
4734440
4734441
4734442
4734443
4734444
4734445
4734446
4734447
4734448
4734449
4734450
4734451
4734452
4734453
4734454
4734455
4734456
4734457
4734458
4734459
4734460
4734461
4734462
4734463
4734464
4734465
4734466
4734467
4734468
4734469
4734470
4734471
4734472
4734473
4734474
4734475
4734476
4734477
4734478
4734479
4734480
4734481
4734482
4734483
4734484
4734485
4734486
4734487
4734488
4734489
4734490
4734491
4734492
4734493
4734494
4734495
4734496
4734497
4734498
4734499
4734500
4734501
4734502
4734503
4734504
4734505
4734506
4734507
4734508
4734509
4734510
4734511
4734512
4734513
4734514
4734515
4734516
4734517
4734518
4734519
4734520
4734521
4734522
4734523
4734524
4734525
4734526
4734527
4734528
4734529
4734530
4734531
4734532
4734533
4734534
4734535
4734536
4734537
4734538
4734539
4734540
4734541
4734542
4734543
4734544
4734545
4734546
4734547
4734548
4734549
4734550
4734551
4734552
4734553
4734554
4734555
4734556
4734557
4734558
4734559
4734560
4734561
4734562
4734563
4734564
4734565
4734566
4734567
4734568
4734569
4734570
4734571
4734572
4734573
4734574
4734575
4734576
4734577
4734578
4734579
4734580
4734581
4734582
4734583
4734584
4734585
4734586
4734587
4734588
4734589
4734590
4734591
4734592
4734593
4734594
4734595
4734596
4734597
4734598
4734599
4734600
4734601
4734602
4734603
4734604
4734605
4734606
4734607
4734608
4734609
4734610
4734611
4734612
4734613
4734614
4734615
4734616
4734617
4734618
4734619
4734620
4734621
4734622
4734623
4734624
4734625
4734626
4734627
4734628
4734629
4734630
4734631
4734632
4734633
4734634
4734635
4734636
4734637
4734638
4734639
4734640
4734641
4734642
4734643
4734644
4734645
4734646
4734647
4734648
4734649
4734650
4734651
4734652
4734653
4734654
4734655
4734656
4734657
4734658
4734659
4734660
4734661
4734662
4734663
4734664
4734665
4734666
4734667
4734668
4734669
4734670
4734671
4734672
4734673
4734674
4734675
4734676
4734677
4734678
4734679
4734680
4734681
4734682
4734683
4734684
4734685
4734686
4734687
4734688
4734689
4734690
4734691
4734692
4734693
4734694
4734695
4734696
4734697
4734698
4734699
4734700
4734701
4734702
4734703
4734704
4734705
4734706
4734707
4734708
4734709
4734710
4734711
4734712
4734713
4734714
4734715
4734716
4734717
4734718
4734719
4734720
4734721
4734722
4734723
4734724
4734725
4734726
4734727
4734728
4734729
4734730
4734731
4734732
4734733
4734734
4734735
4734736
4734737
4734738
4734739
4734740
4734741
4734742
4734743
4734744
4734745
4734746
4734747
4734748
4734749
4734750
4734751
4734752
4734753
4734754
4734755
4734756
4734757
4734758
4734759
4734760
4734761
4734762
4734763
4734764
4734765
4734766
4734767
4734768
4734769
4734770
4734771
4734772
4734773
4734774
4734775
4734776
4734777
4734778
4734779
4734780
4734781
4734782
4734783
4734784
4734785
4734786
4734787
4734788
4734789
4734790
4734791
4734792
4734793
4734794
4734795
4734796
4734797
4734798
4734799
4734800
4734801
4734802
4734803
4734804
4734805
4734806
4734807
4734808
4734809
4734810
4734811
4734812
4734813
4734814
4734815
4734816
4734817
4734818
4734819
4734820
4734821
4734822
4734823
4734824
4734825
4734826
4734827
4734828
4734829
4734830
4734831
4734832
4734833
4734834
4734835
4734836
4734837
4734838
4734839
4734840
4734841
4734842
4734843
4734844
4734845
4734846
4734847
4734848
4734849
4734850
4734851
4734852
4734853
4734854
4734855
4734856
4734857
4734858
4734859
4734860
4734861
4734862
4734863
4734864
4734865
4734866
4734867
4734868
4734869
4734870
4734871
4734872
4734873
4734874
4734875
4734876
4734877
4734878
4734879
4734880
4734881
4734882
4734883
4734884
4734885
4734886
4734887
4734888
4734889
4734890
4734891
4734892
4734893
4734894
4734895
4734896
4734897
4734898
4734899
4734900
4734901
4734902
4734903
4734904
4734905
4734906
4734907
4734908
4734909
4734910
4734911
4734912
4734913
4734914
4734915
4734916
4734917
4734918
4734919
4734920
4734921
4734922
4734923
4734924
4734925
4734926
4734927
4734928
4734929
4734930
4734931
4734932
4734933
4734934
4734935
4734936
4734937
4734938
4734939
4734940
4734941
4734942
4734943
4734944
4734945
4734946
4734947
4734948
4734949
4734950
4734951
4734952
4734953
4734954
4734955
4734956
4734957
4734958
4734959
4734960
4734961
4734962
4734963
4734964
4734965
4734966
4734967
4734968
4734969
4734970
4734971
4734972
4734973
4734974
4734975
4734976
4734977
4734978
4734979
4734980
4734981
4734982
4734983
4734984
4734985
4734986
4734987
4734988
4734989
4734990
4734991
4734992
4734993
4734994
4734995
4734996
4734997
4734998
4734999
4735000
4735001
4735002
4735003
4735004
4735005
4735006
4735007
4735008
4735009
4735010
4735011
4735012
4735013
4735014
4735015
4735016
4735017
4735018
4735019
4735020
4735021
4735022
4735023
4735024
4735025
4735026
4735027
4735028
4735029
4735030
4735031
4735032
4735033
4735034
4735035
4735036
4735037
4735038
4735039
4735040
4735041
4735042
4735043
4735044
4735045
4735046
4735047
4735048
4735049
4735050
4735051
4735052
4735053
4735054
4735055
4735056
4735057
4735058
4735059
4735060
4735061
4735062
4735063
4735064
4735065
4735066
4735067
4735068
4735069
4735070
4735071
4735072
4735073
4735074
4735075
4735076
4735077
4735078
4735079
4735080
4735081
4735082
4735083
4735084
4735085
4735086
4735087
4735088
4735089
4735090
4735091
4735092
4735093
4735094
4735095
4735096
4735097
4735098
4735099
4735100
4735101
4735102
4735103
4735104
4735105
4735106
4735107
4735108
4735109
4735110
4735111
4735112
4735113
4735114
4735115
4735116
4735117
4735118
4735119
4735120
4735121
4735122
4735123
4735124
4735125
4735126
4735127
4735128
4735129
4735130
4735131
4735132
4735133
4735134
4735135
4735136
4735137
4735138
4735139
4735140
4735141
4735142
4735143
4735144
4735145
4735146
4735147
4735148
4735149
4735150
4735151
4735152
4735153
4735154
4735155
4735156
4735157
4735158
4735159
4735160
4735161
4735162
4735163
4735164
4735165
4735166
4735167
4735168
4735169
4735170
4735171
4735172
4735173
4735174
4735175
4735176
4735177
4735178
4735179
4735180
4735181
4735182
4735183
4735184
4735185
4735186
4735187
4735188
4735189
4735190
4735191
4735192
4735193
4735194
4735195
4735196
4735197
4735198
4735199
4735200
4735201
4735202
4735203
4735204
4735205
4735206
4735207
4735208
4735209
4735210
4735211
4735212
4735213
4735214
4735215
4735216
4735217
4735218
4735219
4735220
4735221
4735222
4735223
4735224
4735225
4735226
4735227
4735228
4735229
4735230
4735231
4735232
4735233
4735234
4735235
4735236
4735237
4735238
4735239
4735240
4735241
4735242
4735243
4735244
4735245
4735246
4735247
4735248
4735249
4735250
4735251
4735252
4735253
4735254
4735255
4735256
4735257
4735258
4735259
4735260
4735261
4735262
4735263
4735264
4735265
4735266
4735267
4735268
4735269
4735270
4735271
4735272
4735273
4735274
4735275
4735276
4735277
4735278
4735279
4735280
4735281
4735282
4735283
4735284
4735285
4735286
4735287
4735288
4735289
4735290
4735291
4735292
4735293
4735294
4735295
4735296
4735297
4735298
4735299
4735300
4735301
4735302
4735303
4735304
4735305
4735306
4735307
4735308
4735309
4735310
4735311
4735312
4735313
4735314
4735315
4735316
4735317
4735318
4735319
4735320
4735321
4735322
4735323
4735324
4735325
4735326
4735327
4735328
4735329
4735330
4735331
4735332
4735333
4735334
4735335
4735336
4735337
4735338
4735339
4735340
4735341
4735342
4735343
4735344
4735345
4735346
4735347
4735348
4735349
4735350
4735351
4735352
4735353
4735354
4735355
4735356
4735357
4735358
4735359
4735360
4735361
4735362
4735363
4735364
4735365
4735366
4735367
4735368
4735369
4735370
4735371
4735372
4735373
4735374
4735375
4735376
4735377
4735378
4735379
4735380
4735381
4735382
4735383
4735384
4735385
4735386
4735387
4735388
4735389
4735390
4735391
4735392
4735393
4735394
4735395
4735396
4735397
4735398
4735399
4735400
4735401
4735402
4735403
4735404
4735405
4735406
4735407
4735408
4735409
4735410
4735411
4735412
4735413
4735414
4735415
4735416
4735417
4735418
4735419
4735420
4735421
4735422
4735423
4735424
4735425
4735426
4735427
4735428
4735429
4735430
4735431
4735432
4735433
4735434
4735435
4735436
4735437
4735438
4735439
4735440
4735441
4735442
4735443
4735444
4735445
4735446
4735447
4735448
4735449
4735450
4735451
4735452
4735453
4735454
4735455
4735456
4735457
4735458
4735459
4735460
4735461
4735462
4735463
4735464
4735465
4735466
4735467
4735468
4735469
4735470
4735471
4735472
4735473
4735474
4735475
4735476
4735477
4735478
4735479
4735480
4735481
4735482
4735483
4735484
4735485
4735486
4735487
4735488
4735489
4735490
4735491
4735492
4735493
4735494
4735495
4735496
4735497
4735498
4735499
4735500
4735501
4735502
4735503
4735504
4735505
4735506
4735507
4735508
4735509
4735510
4735511
4735512
4735513
4735514
4735515
4735516
4735517
4735518
4735519
4735520
4735521
4735522
4735523
4735524
4735525
4735526
4735527
4735528
4735529
4735530
4735531
4735532
4735533
4735534
4735535
4735536
4735537
4735538
4735539
4735540
4735541
4735542
4735543
4735544
4735545
4735546
4735547
4735548
4735549
4735550
4735551
4735552
4735553
4735554
4735555
4735556
4735557
4735558
4735559
4735560
4735561
4735562
4735563
4735564
4735565
4735566
4735567
4735568
4735569
4735570
4735571
4735572
4735573
4735574
4735575
4735576
4735577
4735578
4735579
4735580
4735581
4735582
4735583
4735584
4735585
4735586
4735587
4735588
4735589
4735590
4735591
4735592
4735593
4735594
4735595
4735596
4735597
4735598
4735599
4735600
4735601
4735602
4735603
4735604
4735605
4735606
4735607
4735608
4735609
4735610
4735611
4735612
4735613
4735614
4735615
4735616
4735617
4735618
4735619
4735620
4735621
4735622
4735623
4735624
4735625
4735626
4735627
4735628
4735629
4735630
4735631
4735632
4735633
4735634
4735635
4735636
4735637
4735638
4735639
4735640
4735641
4735642
4735643
4735644
4735645
4735646
4735647
4735648
4735649
4735650
4735651
4735652
4735653
4735654
4735655
4735656
4735657
4735658
4735659
4735660
4735661
4735662
4735663
4735664
4735665
4735666
4735667
4735668
4735669
4735670
4735671
4735672
4735673
4735674
4735675
4735676
4735677
4735678
4735679
4735680
4735681
4735682
4735683
4735684
4735685
4735686
4735687
4735688
4735689
4735690
4735691
4735692
4735693
4735694
4735695
4735696
4735697
4735698
4735699
4735700
4735701
4735702
4735703
4735704
4735705
4735706
4735707
4735708
4735709
4735710
4735711
4735712
4735713
4735714
4735715
4735716
4735717
4735718
4735719
4735720
4735721
4735722
4735723
4735724
4735725
4735726
4735727
4735728
4735729
4735730
4735731
4735732
4735733
4735734
4735735
4735736
4735737
4735738
4735739
4735740
4735741
4735742
4735743
4735744
4735745
4735746
4735747
4735748
4735749
4735750
4735751
4735752
4735753
4735754
4735755
4735756
4735757
4735758
4735759
4735760
4735761
4735762
4735763
4735764
4735765
4735766
4735767
4735768
4735769
4735770
4735771
4735772
4735773
4735774
4735775
4735776
4735777
4735778
4735779
4735780
4735781
4735782
4735783
4735784
4735785
4735786
4735787
4735788
4735789
4735790
4735791
4735792
4735793
4735794
4735795
4735796
4735797
4735798
4735799
4735800
4735801
4735802
4735803
4735804
4735805
4735806
4735807
4735808
4735809
4735810
4735811
4735812
4735813
4735814
4735815
4735816
4735817
4735818
4735819
4735820
4735821
4735822
4735823
4735824
4735825
4735826
4735827
4735828
4735829
4735830
4735831
4735832
4735833
4735834
4735835
4735836
4735837
4735838
4735839
4735840
4735841
4735842
4735843
4735844
4735845
4735846
4735847
4735848
4735849
4735850
4735851
4735852
4735853
4735854
4735855
4735856
4735857
4735858
4735859
4735860
4735861
4735862
4735863
4735864
4735865
4735866
4735867
4735868
4735869
4735870
4735871
4735872
4735873
4735874
4735875
4735876
4735877
4735878
4735879
4735880
4735881
4735882
4735883
4735884
4735885
4735886
4735887
4735888
4735889
4735890
4735891
4735892
4735893
4735894
4735895
4735896
4735897
4735898
4735899
4735900
4735901
4735902
4735903
4735904
4735905
4735906
4735907
4735908
4735909
4735910
4735911
4735912
4735913
4735914
4735915
4735916
4735917
4735918
4735919
4735920
4735921
4735922
4735923
4735924
4735925
4735926
4735927
4735928
4735929
4735930
4735931
4735932
4735933
4735934
4735935
4735936
4735937
4735938
4735939
4735940
4735941
4735942
4735943
4735944
4735945
4735946
4735947
4735948
4735949
4735950
4735951
4735952
4735953
4735954
4735955
4735956
4735957
4735958
4735959
4735960
4735961
4735962
4735963
4735964
4735965
4735966
4735967
4735968
4735969
4735970
4735971
4735972
4735973
4735974
4735975
4735976
4735977
4735978
4735979
4735980
4735981
4735982
4735983
4735984
4735985
4735986
4735987
4735988
4735989
4735990
4735991
4735992
4735993
4735994
4735995
4735996
4735997
4735998
4735999
4736000
4736001
4736002
4736003
4736004
4736005
4736006
4736007
4736008
4736009
4736010
4736011
4736012
4736013
4736014
4736015
4736016
4736017
4736018
4736019
4736020
4736021
4736022
4736023
4736024
4736025
4736026
4736027
4736028
4736029
4736030
4736031
4736032
4736033
4736034
4736035
4736036
4736037
4736038
4736039
4736040
4736041
4736042
4736043
4736044
4736045
4736046
4736047
4736048
4736049
4736050
4736051
4736052
4736053
4736054
4736055
4736056
4736057
4736058
4736059
4736060
4736061
4736062
4736063
4736064
4736065
4736066
4736067
4736068
4736069
4736070
4736071
4736072
4736073
4736074
4736075
4736076
4736077
4736078
4736079
4736080
4736081
4736082
4736083
4736084
4736085
4736086
4736087
4736088
4736089
4736090
4736091
4736092
4736093
4736094
4736095
4736096
4736097
4736098
4736099
4736100
4736101
4736102
4736103
4736104
4736105
4736106
4736107
4736108
4736109
4736110
4736111
4736112
4736113
4736114
4736115
4736116
4736117
4736118
4736119
4736120
4736121
4736122
4736123
4736124
4736125
4736126
4736127
4736128
4736129
4736130
4736131
4736132
4736133
4736134
4736135
4736136
4736137
4736138
4736139
4736140
4736141
4736142
4736143
4736144
4736145
4736146
4736147
4736148
4736149
4736150
4736151
4736152
4736153
4736154
4736155
4736156
4736157
4736158
4736159
4736160
4736161
4736162
4736163
4736164
4736165
4736166
4736167
4736168
4736169
4736170
4736171
4736172
4736173
4736174
4736175
4736176
4736177
4736178
4736179
4736180
4736181
4736182
4736183
4736184
4736185
4736186
4736187
4736188
4736189
4736190
4736191
4736192
4736193
4736194
4736195
4736196
4736197
4736198
4736199
4736200
4736201
4736202
4736203
4736204
4736205
4736206
4736207
4736208
4736209
4736210
4736211
4736212
4736213
4736214
4736215
4736216
4736217
4736218
4736219
4736220
4736221
4736222
4736223
4736224
4736225
4736226
4736227
4736228
4736229
4736230
4736231
4736232
4736233
4736234
4736235
4736236
4736237
4736238
4736239
4736240
4736241
4736242
4736243
4736244
4736245
4736246
4736247
4736248
4736249
4736250
4736251
4736252
4736253
4736254
4736255
4736256
4736257
4736258
4736259
4736260
4736261
4736262
4736263
4736264
4736265
4736266
4736267
4736268
4736269
4736270
4736271
4736272
4736273
4736274
4736275
4736276
4736277
4736278
4736279
4736280
4736281
4736282
4736283
4736284
4736285
4736286
4736287
4736288
4736289
4736290
4736291
4736292
4736293
4736294
4736295
4736296
4736297
4736298
4736299
4736300
4736301
4736302
4736303
4736304
4736305
4736306
4736307
4736308
4736309
4736310
4736311
4736312
4736313
4736314
4736315
4736316
4736317
4736318
4736319
4736320
4736321
4736322
4736323
4736324
4736325
4736326
4736327
4736328
4736329
4736330
4736331
4736332
4736333
4736334
4736335
4736336
4736337
4736338
4736339
4736340
4736341
4736342
4736343
4736344
4736345
4736346
4736347
4736348
4736349
4736350
4736351
4736352
4736353
4736354
4736355
4736356
4736357
4736358
4736359
4736360
4736361
4736362
4736363
4736364
4736365
4736366
4736367
4736368
4736369
4736370
4736371
4736372
4736373
4736374
4736375
4736376
4736377
4736378
4736379
4736380
4736381
4736382
4736383
4736384
4736385
4736386
4736387
4736388
4736389
4736390
4736391
4736392
4736393
4736394
4736395
4736396
4736397
4736398
4736399
4736400
4736401
4736402
4736403
4736404
4736405
4736406
4736407
4736408
4736409
4736410
4736411
4736412
4736413
4736414
4736415
4736416
4736417
4736418
4736419
4736420
4736421
4736422
4736423
4736424
4736425
4736426
4736427
4736428
4736429
4736430
4736431
4736432
4736433
4736434
4736435
4736436
4736437
4736438
4736439
4736440
4736441
4736442
4736443
4736444
4736445
4736446
4736447
4736448
4736449
4736450
4736451
4736452
4736453
4736454
4736455
4736456
4736457
4736458
4736459
4736460
4736461
4736462
4736463
4736464
4736465
4736466
4736467
4736468
4736469
4736470
4736471
4736472
4736473
4736474
4736475
4736476
4736477
4736478
4736479
4736480
4736481
4736482
4736483
4736484
4736485
4736486
4736487
4736488
4736489
4736490
4736491
4736492
4736493
4736494
4736495
4736496
4736497
4736498
4736499
4736500
4736501
4736502
4736503
4736504
4736505
4736506
4736507
4736508
4736509
4736510
4736511
4736512
4736513
4736514
4736515
4736516
4736517
4736518
4736519
4736520
4736521
4736522
4736523
4736524
4736525
4736526
4736527
4736528
4736529
4736530
4736531
4736532
4736533
4736534
4736535
4736536
4736537
4736538
4736539
4736540
4736541
4736542
4736543
4736544
4736545
4736546
4736547
4736548
4736549
4736550
4736551
4736552
4736553
4736554
4736555
4736556
4736557
4736558
4736559
4736560
4736561
4736562
4736563
4736564
4736565
4736566
4736567
4736568
4736569
4736570
4736571
4736572
4736573
4736574
4736575
4736576
4736577
4736578
4736579
4736580
4736581
4736582
4736583
4736584
4736585
4736586
4736587
4736588
4736589
4736590
4736591
4736592
4736593
4736594
4736595
4736596
4736597
4736598
4736599
4736600
4736601
4736602
4736603
4736604
4736605
4736606
4736607
4736608
4736609
4736610
4736611
4736612
4736613
4736614
4736615
4736616
4736617
4736618
4736619
4736620
4736621
4736622
4736623
4736624
4736625
4736626
4736627
4736628
4736629
4736630
4736631
4736632
4736633
4736634
4736635
4736636
4736637
4736638
4736639
4736640
4736641
4736642
4736643
4736644
4736645
4736646
4736647
4736648
4736649
4736650
4736651
4736652
4736653
4736654
4736655
4736656
4736657
4736658
4736659
4736660
4736661
4736662
4736663
4736664
4736665
4736666
4736667
4736668
4736669
4736670
4736671
4736672
4736673
4736674
4736675
4736676
4736677
4736678
4736679
4736680
4736681
4736682
4736683
4736684
4736685
4736686
4736687
4736688
4736689
4736690
4736691
4736692
4736693
4736694
4736695
4736696
4736697
4736698
4736699
4736700
4736701
4736702
4736703
4736704
4736705
4736706
4736707
4736708
4736709
4736710
4736711
4736712
4736713
4736714
4736715
4736716
4736717
4736718
4736719
4736720
4736721
4736722
4736723
4736724
4736725
4736726
4736727
4736728
4736729
4736730
4736731
4736732
4736733
4736734
4736735
4736736
4736737
4736738
4736739
4736740
4736741
4736742
4736743
4736744
4736745
4736746
4736747
4736748
4736749
4736750
4736751
4736752
4736753
4736754
4736755
4736756
4736757
4736758
4736759
4736760
4736761
4736762
4736763
4736764
4736765
4736766
4736767
4736768
4736769
4736770
4736771
4736772
4736773
4736774
4736775
4736776
4736777
4736778
4736779
4736780
4736781
4736782
4736783
4736784
4736785
4736786
4736787
4736788
4736789
4736790
4736791
4736792
4736793
4736794
4736795
4736796
4736797
4736798
4736799
4736800
4736801
4736802
4736803
4736804
4736805
4736806
4736807
4736808
4736809
4736810
4736811
4736812
4736813
4736814
4736815
4736816
4736817
4736818
4736819
4736820
4736821
4736822
4736823
4736824
4736825
4736826
4736827
4736828
4736829
4736830
4736831
4736832
4736833
4736834
4736835
4736836
4736837
4736838
4736839
4736840
4736841
4736842
4736843
4736844
4736845
4736846
4736847
4736848
4736849
4736850
4736851
4736852
4736853
4736854
4736855
4736856
4736857
4736858
4736859
4736860
4736861
4736862
4736863
4736864
4736865
4736866
4736867
4736868
4736869
4736870
4736871
4736872
4736873
4736874
4736875
4736876
4736877
4736878
4736879
4736880
4736881
4736882
4736883
4736884
4736885
4736886
4736887
4736888
4736889
4736890
4736891
4736892
4736893
4736894
4736895
4736896
4736897
4736898
4736899
4736900
4736901
4736902
4736903
4736904
4736905
4736906
4736907
4736908
4736909
4736910
4736911
4736912
4736913
4736914
4736915
4736916
4736917
4736918
4736919
4736920
4736921
4736922
4736923
4736924
4736925
4736926
4736927
4736928
4736929
4736930
4736931
4736932
4736933
4736934
4736935
4736936
4736937
4736938
4736939
4736940
4736941
4736942
4736943
4736944
4736945
4736946
4736947
4736948
4736949
4736950
4736951
4736952
4736953
4736954
4736955
4736956
4736957
4736958
4736959
4736960
4736961
4736962
4736963
4736964
4736965
4736966
4736967
4736968
4736969
4736970
4736971
4736972
4736973
4736974
4736975
4736976
4736977
4736978
4736979
4736980
4736981
4736982
4736983
4736984
4736985
4736986
4736987
4736988
4736989
4736990
4736991
4736992
4736993
4736994
4736995
4736996
4736997
4736998
4736999
4737000
4737001
4737002
4737003
4737004
4737005
4737006
4737007
4737008
4737009
4737010
4737011
4737012
4737013
4737014
4737015
4737016
4737017
4737018
4737019
4737020
4737021
4737022
4737023
4737024
4737025
4737026
4737027
4737028
4737029
4737030
4737031
4737032
4737033
4737034
4737035
4737036
4737037
4737038
4737039
4737040
4737041
4737042
4737043
4737044
4737045
4737046
4737047
4737048
4737049
4737050
4737051
4737052
4737053
4737054
4737055
4737056
4737057
4737058
4737059
4737060
4737061
4737062
4737063
4737064
4737065
4737066
4737067
4737068
4737069
4737070
4737071
4737072
4737073
4737074
4737075
4737076
4737077
4737078
4737079
4737080
4737081
4737082
4737083
4737084
4737085
4737086
4737087
4737088
4737089
4737090
4737091
4737092
4737093
4737094
4737095
4737096
4737097
4737098
4737099
4737100
4737101
4737102
4737103
4737104
4737105
4737106
4737107
4737108
4737109
4737110
4737111
4737112
4737113
4737114
4737115
4737116
4737117
4737118
4737119
4737120
4737121
4737122
4737123
4737124
4737125
4737126
4737127
4737128
4737129
4737130
4737131
4737132
4737133
4737134
4737135
4737136
4737137
4737138
4737139
4737140
4737141
4737142
4737143
4737144
4737145
4737146
4737147
4737148
4737149
4737150
4737151
4737152
4737153
4737154
4737155
4737156
4737157
4737158
4737159
4737160
4737161
4737162
4737163
4737164
4737165
4737166
4737167
4737168
4737169
4737170
4737171
4737172
4737173
4737174
4737175
4737176
4737177
4737178
4737179
4737180
4737181
4737182
4737183
4737184
4737185
4737186
4737187
4737188
4737189
4737190
4737191
4737192
4737193
4737194
4737195
4737196
4737197
4737198
4737199
4737200
4737201
4737202
4737203
4737204
4737205
4737206
4737207
4737208
4737209
4737210
4737211
4737212
4737213
4737214
4737215
4737216
4737217
4737218
4737219
4737220
4737221
4737222
4737223
4737224
4737225
4737226
4737227
4737228
4737229
4737230
4737231
4737232
4737233
4737234
4737235
4737236
4737237
4737238
4737239
4737240
4737241
4737242
4737243
4737244
4737245
4737246
4737247
4737248
4737249
4737250
4737251
4737252
4737253
4737254
4737255
4737256
4737257
4737258
4737259
4737260
4737261
4737262
4737263
4737264
4737265
4737266
4737267
4737268
4737269
4737270
4737271
4737272
4737273
4737274
4737275
4737276
4737277
4737278
4737279
4737280
4737281
4737282
4737283
4737284
4737285
4737286
4737287
4737288
4737289
4737290
4737291
4737292
4737293
4737294
4737295
4737296
4737297
4737298
4737299
4737300
4737301
4737302
4737303
4737304
4737305
4737306
4737307
4737308
4737309
4737310
4737311
4737312
4737313
4737314
4737315
4737316
4737317
4737318
4737319
4737320
4737321
4737322
4737323
4737324
4737325
4737326
4737327
4737328
4737329
4737330
4737331
4737332
4737333
4737334
4737335
4737336
4737337
4737338
4737339
4737340
4737341
4737342
4737343
4737344
4737345
4737346
4737347
4737348
4737349
4737350
4737351
4737352
4737353
4737354
4737355
4737356
4737357
4737358
4737359
4737360
4737361
4737362
4737363
4737364
4737365
4737366
4737367
4737368
4737369
4737370
4737371
4737372
4737373
4737374
4737375
4737376
4737377
4737378
4737379
4737380
4737381
4737382
4737383
4737384
4737385
4737386
4737387
4737388
4737389
4737390
4737391
4737392
4737393
4737394
4737395
4737396
4737397
4737398
4737399
4737400
4737401
4737402
4737403
4737404
4737405
4737406
4737407
4737408
4737409
4737410
4737411
4737412
4737413
4737414
4737415
4737416
4737417
4737418
4737419
4737420
4737421
4737422
4737423
4737424
4737425
4737426
4737427
4737428
4737429
4737430
4737431
4737432
4737433
4737434
4737435
4737436
4737437
4737438
4737439
4737440
4737441
4737442
4737443
4737444
4737445
4737446
4737447
4737448
4737449
4737450
4737451
4737452
4737453
4737454
4737455
4737456
4737457
4737458
4737459
4737460
4737461
4737462
4737463
4737464
4737465
4737466
4737467
4737468
4737469
4737470
4737471
4737472
4737473
4737474
4737475
4737476
4737477
4737478
4737479
4737480
4737481
4737482
4737483
4737484
4737485
4737486
4737487
4737488
4737489
4737490
4737491
4737492
4737493
4737494
4737495
4737496
4737497
4737498
4737499
4737500
4737501
4737502
4737503
4737504
4737505
4737506
4737507
4737508
4737509
4737510
4737511
4737512
4737513
4737514
4737515
4737516
4737517
4737518
4737519
4737520
4737521
4737522
4737523
4737524
4737525
4737526
4737527
4737528
4737529
4737530
4737531
4737532
4737533
4737534
4737535
4737536
4737537
4737538
4737539
4737540
4737541
4737542
4737543
4737544
4737545
4737546
4737547
4737548
4737549
4737550
4737551
4737552
4737553
4737554
4737555
4737556
4737557
4737558
4737559
4737560
4737561
4737562
4737563
4737564
4737565
4737566
4737567
4737568
4737569
4737570
4737571
4737572
4737573
4737574
4737575
4737576
4737577
4737578
4737579
4737580
4737581
4737582
4737583
4737584
4737585
4737586
4737587
4737588
4737589
4737590
4737591
4737592
4737593
4737594
4737595
4737596
4737597
4737598
4737599
4737600
4737601
4737602
4737603
4737604
4737605
4737606
4737607
4737608
4737609
4737610
4737611
4737612
4737613
4737614
4737615
4737616
4737617
4737618
4737619
4737620
4737621
4737622
4737623
4737624
4737625
4737626
4737627
4737628
4737629
4737630
4737631
4737632
4737633
4737634
4737635
4737636
4737637
4737638
4737639
4737640
4737641
4737642
4737643
4737644
4737645
4737646
4737647
4737648
4737649
4737650
4737651
4737652
4737653
4737654
4737655
4737656
4737657
4737658
4737659
4737660
4737661
4737662
4737663
4737664
4737665
4737666
4737667
4737668
4737669
4737670
4737671
4737672
4737673
4737674
4737675
4737676
4737677
4737678
4737679
4737680
4737681
4737682
4737683
4737684
4737685
4737686
4737687
4737688
4737689
4737690
4737691
4737692
4737693
4737694
4737695
4737696
4737697
4737698
4737699
4737700
4737701
4737702
4737703
4737704
4737705
4737706
4737707
4737708
4737709
4737710
4737711
4737712
4737713
4737714
4737715
4737716
4737717
4737718
4737719
4737720
4737721
4737722
4737723
4737724
4737725
4737726
4737727
4737728
4737729
4737730
4737731
4737732
4737733
4737734
4737735
4737736
4737737
4737738
4737739
4737740
4737741
4737742
4737743
4737744
4737745
4737746
4737747
4737748
4737749
4737750
4737751
4737752
4737753
4737754
4737755
4737756
4737757
4737758
4737759
4737760
4737761
4737762
4737763
4737764
4737765
4737766
4737767
4737768
4737769
4737770
4737771
4737772
4737773
4737774
4737775
4737776
4737777
4737778
4737779
4737780
4737781
4737782
4737783
4737784
4737785
4737786
4737787
4737788
4737789
4737790
4737791
4737792
4737793
4737794
4737795
4737796
4737797
4737798
4737799
4737800
4737801
4737802
4737803
4737804
4737805
4737806
4737807
4737808
4737809
4737810
4737811
4737812
4737813
4737814
4737815
4737816
4737817
4737818
4737819
4737820
4737821
4737822
4737823
4737824
4737825
4737826
4737827
4737828
4737829
4737830
4737831
4737832
4737833
4737834
4737835
4737836
4737837
4737838
4737839
4737840
4737841
4737842
4737843
4737844
4737845
4737846
4737847
4737848
4737849
4737850
4737851
4737852
4737853
4737854
4737855
4737856
4737857
4737858
4737859
4737860
4737861
4737862
4737863
4737864
4737865
4737866
4737867
4737868
4737869
4737870
4737871
4737872
4737873
4737874
4737875
4737876
4737877
4737878
4737879
4737880
4737881
4737882
4737883
4737884
4737885
4737886
4737887
4737888
4737889
4737890
4737891
4737892
4737893
4737894
4737895
4737896
4737897
4737898
4737899
4737900
4737901
4737902
4737903
4737904
4737905
4737906
4737907
4737908
4737909
4737910
4737911
4737912
4737913
4737914
4737915
4737916
4737917
4737918
4737919
4737920
4737921
4737922
4737923
4737924
4737925
4737926
4737927
4737928
4737929
4737930
4737931
4737932
4737933
4737934
4737935
4737936
4737937
4737938
4737939
4737940
4737941
4737942
4737943
4737944
4737945
4737946
4737947
4737948
4737949
4737950
4737951
4737952
4737953
4737954
4737955
4737956
4737957
4737958
4737959
4737960
4737961
4737962
4737963
4737964
4737965
4737966
4737967
4737968
4737969
4737970
4737971
4737972
4737973
4737974
4737975
4737976
4737977
4737978
4737979
4737980
4737981
4737982
4737983
4737984
4737985
4737986
4737987
4737988
4737989
4737990
4737991
4737992
4737993
4737994
4737995
4737996
4737997
4737998
4737999
4738000
4738001
4738002
4738003
4738004
4738005
4738006
4738007
4738008
4738009
4738010
4738011
4738012
4738013
4738014
4738015
4738016
4738017
4738018
4738019
4738020
4738021
4738022
4738023
4738024
4738025
4738026
4738027
4738028
4738029
4738030
4738031
4738032
4738033
4738034
4738035
4738036
4738037
4738038
4738039
4738040
4738041
4738042
4738043
4738044
4738045
4738046
4738047
4738048
4738049
4738050
4738051
4738052
4738053
4738054
4738055
4738056
4738057
4738058
4738059
4738060
4738061
4738062
4738063
4738064
4738065
4738066
4738067
4738068
4738069
4738070
4738071
4738072
4738073
4738074
4738075
4738076
4738077
4738078
4738079
4738080
4738081
4738082
4738083
4738084
4738085
4738086
4738087
4738088
4738089
4738090
4738091
4738092
4738093
4738094
4738095
4738096
4738097
4738098
4738099
4738100
4738101
4738102
4738103
4738104
4738105
4738106
4738107
4738108
4738109
4738110
4738111
4738112
4738113
4738114
4738115
4738116
4738117
4738118
4738119
4738120
4738121
4738122
4738123
4738124
4738125
4738126
4738127
4738128
4738129
4738130
4738131
4738132
4738133
4738134
4738135
4738136
4738137
4738138
4738139
4738140
4738141
4738142
4738143
4738144
4738145
4738146
4738147
4738148
4738149
4738150
4738151
4738152
4738153
4738154
4738155
4738156
4738157
4738158
4738159
4738160
4738161
4738162
4738163
4738164
4738165
4738166
4738167
4738168
4738169
4738170
4738171
4738172
4738173
4738174
4738175
4738176
4738177
4738178
4738179
4738180
4738181
4738182
4738183
4738184
4738185
4738186
4738187
4738188
4738189
4738190
4738191
4738192
4738193
4738194
4738195
4738196
4738197
4738198
4738199
4738200
4738201
4738202
4738203
4738204
4738205
4738206
4738207
4738208
4738209
4738210
4738211
4738212
4738213
4738214
4738215
4738216
4738217
4738218
4738219
4738220
4738221
4738222
4738223
4738224
4738225
4738226
4738227
4738228
4738229
4738230
4738231
4738232
4738233
4738234
4738235
4738236
4738237
4738238
4738239
4738240
4738241
4738242
4738243
4738244
4738245
4738246
4738247
4738248
4738249
4738250
4738251
4738252
4738253
4738254
4738255
4738256
4738257
4738258
4738259
4738260
4738261
4738262
4738263
4738264
4738265
4738266
4738267
4738268
4738269
4738270
4738271
4738272
4738273
4738274
4738275
4738276
4738277
4738278
4738279
4738280
4738281
4738282
4738283
4738284
4738285
4738286
4738287
4738288
4738289
4738290
4738291
4738292
4738293
4738294
4738295
4738296
4738297
4738298
4738299
4738300
4738301
4738302
4738303
4738304
4738305
4738306
4738307
4738308
4738309
4738310
4738311
4738312
4738313
4738314
4738315
4738316
4738317
4738318
4738319
4738320
4738321
4738322
4738323
4738324
4738325
4738326
4738327
4738328
4738329
4738330
4738331
4738332
4738333
4738334
4738335
4738336
4738337
4738338
4738339
4738340
4738341
4738342
4738343
4738344
4738345
4738346
4738347
4738348
4738349
4738350
4738351
4738352
4738353
4738354
4738355
4738356
4738357
4738358
4738359
4738360
4738361
4738362
4738363
4738364
4738365
4738366
4738367
4738368
4738369
4738370
4738371
4738372
4738373
4738374
4738375
4738376
4738377
4738378
4738379
4738380
4738381
4738382
4738383
4738384
4738385
4738386
4738387
4738388
4738389
4738390
4738391
4738392
4738393
4738394
4738395
4738396
4738397
4738398
4738399
4738400
4738401
4738402
4738403
4738404
4738405
4738406
4738407
4738408
4738409
4738410
4738411
4738412
4738413
4738414
4738415
4738416
4738417
4738418
4738419
4738420
4738421
4738422
4738423
4738424
4738425
4738426
4738427
4738428
4738429
4738430
4738431
4738432
4738433
4738434
4738435
4738436
4738437
4738438
4738439
4738440
4738441
4738442
4738443
4738444
4738445
4738446
4738447
4738448
4738449
4738450
4738451
4738452
4738453
4738454
4738455
4738456
4738457
4738458
4738459
4738460
4738461
4738462
4738463
4738464
4738465
4738466
4738467
4738468
4738469
4738470
4738471
4738472
4738473
4738474
4738475
4738476
4738477
4738478
4738479
4738480
4738481
4738482
4738483
4738484
4738485
4738486
4738487
4738488
4738489
4738490
4738491
4738492
4738493
4738494
4738495
4738496
4738497
4738498
4738499
4738500
4738501
4738502
4738503
4738504
4738505
4738506
4738507
4738508
4738509
4738510
4738511
4738512
4738513
4738514
4738515
4738516
4738517
4738518
4738519
4738520
4738521
4738522
4738523
4738524
4738525
4738526
4738527
4738528
4738529
4738530
4738531
4738532
4738533
4738534
4738535
4738536
4738537
4738538
4738539
4738540
4738541
4738542
4738543
4738544
4738545
4738546
4738547
4738548
4738549
4738550
4738551
4738552
4738553
4738554
4738555
4738556
4738557
4738558
4738559
4738560
4738561
4738562
4738563
4738564
4738565
4738566
4738567
4738568
4738569
4738570
4738571
4738572
4738573
4738574
4738575
4738576
4738577
4738578
4738579
4738580
4738581
4738582
4738583
4738584
4738585
4738586
4738587
4738588
4738589
4738590
4738591
4738592
4738593
4738594
4738595
4738596
4738597
4738598
4738599
4738600
4738601
4738602
4738603
4738604
4738605
4738606
4738607
4738608
4738609
4738610
4738611
4738612
4738613
4738614
4738615
4738616
4738617
4738618
4738619
4738620
4738621
4738622
4738623
4738624
4738625
4738626
4738627
4738628
4738629
4738630
4738631
4738632
4738633
4738634
4738635
4738636
4738637
4738638
4738639
4738640
4738641
4738642
4738643
4738644
4738645
4738646
4738647
4738648
4738649
4738650
4738651
4738652
4738653
4738654
4738655
4738656
4738657
4738658
4738659
4738660
4738661
4738662
4738663
4738664
4738665
4738666
4738667
4738668
4738669
4738670
4738671
4738672
4738673
4738674
4738675
4738676
4738677
4738678
4738679
4738680
4738681
4738682
4738683
4738684
4738685
4738686
4738687
4738688
4738689
4738690
4738691
4738692
4738693
4738694
4738695
4738696
4738697
4738698
4738699
4738700
4738701
4738702
4738703
4738704
4738705
4738706
4738707
4738708
4738709
4738710
4738711
4738712
4738713
4738714
4738715
4738716
4738717
4738718
4738719
4738720
4738721
4738722
4738723
4738724
4738725
4738726
4738727
4738728
4738729
4738730
4738731
4738732
4738733
4738734
4738735
4738736
4738737
4738738
4738739
4738740
4738741
4738742
4738743
4738744
4738745
4738746
4738747
4738748
4738749
4738750
4738751
4738752
4738753
4738754
4738755
4738756
4738757
4738758
4738759
4738760
4738761
4738762
4738763
4738764
4738765
4738766
4738767
4738768
4738769
4738770
4738771
4738772
4738773
4738774
4738775
4738776
4738777
4738778
4738779
4738780
4738781
4738782
4738783
4738784
4738785
4738786
4738787
4738788
4738789
4738790
4738791
4738792
4738793
4738794
4738795
4738796
4738797
4738798
4738799
4738800
4738801
4738802
4738803
4738804
4738805
4738806
4738807
4738808
4738809
4738810
4738811
4738812
4738813
4738814
4738815
4738816
4738817
4738818
4738819
4738820
4738821
4738822
4738823
4738824
4738825
4738826
4738827
4738828
4738829
4738830
4738831
4738832
4738833
4738834
4738835
4738836
4738837
4738838
4738839
4738840
4738841
4738842
4738843
4738844
4738845
4738846
4738847
4738848
4738849
4738850
4738851
4738852
4738853
4738854
4738855
4738856
4738857
4738858
4738859
4738860
4738861
4738862
4738863
4738864
4738865
4738866
4738867
4738868
4738869
4738870
4738871
4738872
4738873
4738874
4738875
4738876
4738877
4738878
4738879
4738880
4738881
4738882
4738883
4738884
4738885
4738886
4738887
4738888
4738889
