47458890
47458891
47458892
47458893
47458894
47458895
47458896
47458897
47458898
47458899
47458900
47458901
47458902
47458903
47458904
47458905
47458906
47458907
47458908
47458909
47458910
47458911
47458912
47458913
47458914
47458915
47458916
47458917
47458918
47458919
47458920
47458921
47458922
47458923
47458924
47458925
47458926
47458927
47458928
47458929
47458930
47458931
47458932
47458933
47458934
47458935
47458936
47458937
47458938
47458939
47458940
47458941
47458942
47458943
47458944
47458945
47458946
47458947
47458948
47458949
47458950
47458951
47458952
47458953
47458954
47458955
47458956
47458957
47458958
47458959
47458960
47458961
47458962
47458963
47458964
47458965
47458966
47458967
47458968
47458969
47458970
47458971
47458972
47458973
47458974
47458975
47458976
47458977
47458978
47458979
47458980
47458981
47458982
47458983
47458984
47458985
47458986
47458987
47458988
47458989
47458990
47458991
47458992
47458993
47458994
47458995
47458996
47458997
47458998
47458999
47459000
47459001
47459002
47459003
47459004
47459005
47459006
47459007
47459008
47459009
47459010
47459011
47459012
47459013
47459014
47459015
47459016
47459017
47459018
47459019
47459020
47459021
47459022
47459023
47459024
47459025
47459026
47459027
47459028
47459029
47459030
47459031
47459032
47459033
47459034
47459035
47459036
47459037
47459038
47459039
47459040
47459041
47459042
47459043
47459044
47459045
47459046
47459047
47459048
47459049
47459050
47459051
47459052
47459053
47459054
47459055
47459056
47459057
47459058
47459059
47459060
47459061
47459062
47459063
47459064
47459065
47459066
47459067
47459068
47459069
47459070
47459071
47459072
47459073
47459074
47459075
47459076
47459077
47459078
47459079
47459080
47459081
47459082
47459083
47459084
47459085
47459086
47459087
47459088
47459089
47459090
47459091
47459092
47459093
47459094
47459095
47459096
47459097
47459098
47459099
47459100
47459101
47459102
47459103
47459104
47459105
47459106
47459107
47459108
47459109
47459110
47459111
47459112
47459113
47459114
47459115
47459116
47459117
47459118
47459119
47459120
47459121
47459122
47459123
47459124
47459125
47459126
47459127
47459128
47459129
47459130
47459131
47459132
47459133
47459134
47459135
47459136
47459137
47459138
47459139
47459140
47459141
47459142
47459143
47459144
47459145
47459146
47459147
47459148
47459149
47459150
47459151
47459152
47459153
47459154
47459155
47459156
47459157
47459158
47459159
47459160
47459161
47459162
47459163
47459164
47459165
47459166
47459167
47459168
47459169
47459170
47459171
47459172
47459173
47459174
47459175
47459176
47459177
47459178
47459179
47459180
47459181
47459182
47459183
47459184
47459185
47459186
47459187
47459188
47459189
47459190
47459191
47459192
47459193
47459194
47459195
47459196
47459197
47459198
47459199
47459200
47459201
47459202
47459203
47459204
47459205
47459206
47459207
47459208
47459209
47459210
47459211
47459212
47459213
47459214
47459215
47459216
47459217
47459218
47459219
47459220
47459221
47459222
47459223
47459224
47459225
47459226
47459227
47459228
47459229
47459230
47459231
47459232
47459233
47459234
47459235
47459236
47459237
47459238
47459239
47459240
47459241
47459242
47459243
47459244
47459245
47459246
47459247
47459248
47459249
47459250
47459251
47459252
47459253
47459254
47459255
47459256
47459257
47459258
47459259
47459260
47459261
47459262
47459263
47459264
47459265
47459266
47459267
47459268
47459269
47459270
47459271
47459272
47459273
47459274
47459275
47459276
47459277
47459278
47459279
47459280
47459281
47459282
47459283
47459284
47459285
47459286
47459287
47459288
47459289
47459290
47459291
47459292
47459293
47459294
47459295
47459296
47459297
47459298
47459299
47459300
47459301
47459302
47459303
47459304
47459305
47459306
47459307
47459308
47459309
47459310
47459311
47459312
47459313
47459314
47459315
47459316
47459317
47459318
47459319
47459320
47459321
47459322
47459323
47459324
47459325
47459326
47459327
47459328
47459329
47459330
47459331
47459332
47459333
47459334
47459335
47459336
47459337
47459338
47459339
47459340
47459341
47459342
47459343
47459344
47459345
47459346
47459347
47459348
47459349
47459350
47459351
47459352
47459353
47459354
47459355
47459356
47459357
47459358
47459359
47459360
47459361
47459362
47459363
47459364
47459365
47459366
47459367
47459368
47459369
47459370
47459371
47459372
47459373
47459374
47459375
47459376
47459377
47459378
47459379
47459380
47459381
47459382
47459383
47459384
47459385
47459386
47459387
47459388
47459389
47459390
47459391
47459392
47459393
47459394
47459395
47459396
47459397
47459398
47459399
47459400
47459401
47459402
47459403
47459404
47459405
47459406
47459407
47459408
47459409
47459410
47459411
47459412
47459413
47459414
47459415
47459416
47459417
47459418
47459419
47459420
47459421
47459422
47459423
47459424
47459425
47459426
47459427
47459428
47459429
47459430
47459431
47459432
47459433
47459434
47459435
47459436
47459437
47459438
47459439
47459440
47459441
47459442
47459443
47459444
47459445
47459446
47459447
47459448
47459449
47459450
47459451
47459452
47459453
47459454
47459455
47459456
47459457
47459458
47459459
47459460
47459461
47459462
47459463
47459464
47459465
47459466
47459467
47459468
47459469
47459470
47459471
47459472
47459473
47459474
47459475
47459476
47459477
47459478
47459479
47459480
47459481
47459482
47459483
47459484
47459485
47459486
47459487
47459488
47459489
47459490
47459491
47459492
47459493
47459494
47459495
47459496
47459497
47459498
47459499
47459500
47459501
47459502
47459503
47459504
47459505
47459506
47459507
47459508
47459509
47459510
47459511
47459512
47459513
47459514
47459515
47459516
47459517
47459518
47459519
47459520
47459521
47459522
47459523
47459524
47459525
47459526
47459527
47459528
47459529
47459530
47459531
47459532
47459533
47459534
47459535
47459536
47459537
47459538
47459539
47459540
47459541
47459542
47459543
47459544
47459545
47459546
47459547
47459548
47459549
47459550
47459551
47459552
47459553
47459554
47459555
47459556
47459557
47459558
47459559
47459560
47459561
47459562
47459563
47459564
47459565
47459566
47459567
47459568
47459569
47459570
47459571
47459572
47459573
47459574
47459575
47459576
47459577
47459578
47459579
47459580
47459581
47459582
47459583
47459584
47459585
47459586
47459587
47459588
47459589
47459590
47459591
47459592
47459593
47459594
47459595
47459596
47459597
47459598
47459599
47459600
47459601
47459602
47459603
47459604
47459605
47459606
47459607
47459608
47459609
47459610
47459611
47459612
47459613
47459614
47459615
47459616
47459617
47459618
47459619
47459620
47459621
47459622
47459623
47459624
47459625
47459626
47459627
47459628
47459629
47459630
47459631
47459632
47459633
47459634
47459635
47459636
47459637
47459638
47459639
47459640
47459641
47459642
47459643
47459644
47459645
47459646
47459647
47459648
47459649
47459650
47459651
47459652
47459653
47459654
47459655
47459656
47459657
47459658
47459659
47459660
47459661
47459662
47459663
47459664
47459665
47459666
47459667
47459668
47459669
47459670
47459671
47459672
47459673
47459674
47459675
47459676
47459677
47459678
47459679
47459680
47459681
47459682
47459683
47459684
47459685
47459686
47459687
47459688
47459689
47459690
47459691
47459692
47459693
47459694
47459695
47459696
47459697
47459698
47459699
47459700
47459701
47459702
47459703
47459704
47459705
47459706
47459707
47459708
47459709
47459710
47459711
47459712
47459713
47459714
47459715
47459716
47459717
47459718
47459719
47459720
47459721
47459722
47459723
47459724
47459725
47459726
47459727
47459728
47459729
47459730
47459731
47459732
47459733
47459734
47459735
47459736
47459737
47459738
47459739
47459740
47459741
47459742
47459743
47459744
47459745
47459746
47459747
47459748
47459749
47459750
47459751
47459752
47459753
47459754
47459755
47459756
47459757
47459758
47459759
47459760
47459761
47459762
47459763
47459764
47459765
47459766
47459767
47459768
47459769
47459770
47459771
47459772
47459773
47459774
47459775
47459776
47459777
47459778
47459779
47459780
47459781
47459782
47459783
47459784
47459785
47459786
47459787
47459788
47459789
47459790
47459791
47459792
47459793
47459794
47459795
47459796
47459797
47459798
47459799
47459800
47459801
47459802
47459803
47459804
47459805
47459806
47459807
47459808
47459809
47459810
47459811
47459812
47459813
47459814
47459815
47459816
47459817
47459818
47459819
47459820
47459821
47459822
47459823
47459824
47459825
47459826
47459827
47459828
47459829
47459830
47459831
47459832
47459833
47459834
47459835
47459836
47459837
47459838
47459839
47459840
47459841
47459842
47459843
47459844
47459845
47459846
47459847
47459848
47459849
47459850
47459851
47459852
47459853
47459854
47459855
47459856
47459857
47459858
47459859
47459860
47459861
47459862
47459863
47459864
47459865
47459866
47459867
47459868
47459869
47459870
47459871
47459872
47459873
47459874
47459875
47459876
47459877
47459878
47459879
47459880
47459881
47459882
47459883
47459884
47459885
47459886
47459887
47459888
47459889
47459890
47459891
47459892
47459893
47459894
47459895
47459896
47459897
47459898
47459899
47459900
47459901
47459902
47459903
47459904
47459905
47459906
47459907
47459908
47459909
47459910
47459911
47459912
47459913
47459914
47459915
47459916
47459917
47459918
47459919
47459920
47459921
47459922
47459923
47459924
47459925
47459926
47459927
47459928
47459929
47459930
47459931
47459932
47459933
47459934
47459935
47459936
47459937
47459938
47459939
47459940
47459941
47459942
47459943
47459944
47459945
47459946
47459947
47459948
47459949
47459950
47459951
47459952
47459953
47459954
47459955
47459956
47459957
47459958
47459959
47459960
47459961
47459962
47459963
47459964
47459965
47459966
47459967
47459968
47459969
47459970
47459971
47459972
47459973
47459974
47459975
47459976
47459977
47459978
47459979
47459980
47459981
47459982
47459983
47459984
47459985
47459986
47459987
47459988
47459989
47459990
47459991
47459992
47459993
47459994
47459995
47459996
47459997
47459998
47459999
47460000
47460001
47460002
47460003
47460004
47460005
47460006
47460007
47460008
47460009
47460010
47460011
47460012
47460013
47460014
47460015
47460016
47460017
47460018
47460019
47460020
47460021
47460022
47460023
47460024
47460025
47460026
47460027
47460028
47460029
47460030
47460031
47460032
47460033
47460034
47460035
47460036
47460037
47460038
47460039
47460040
47460041
47460042
47460043
47460044
47460045
47460046
47460047
47460048
47460049
47460050
47460051
47460052
47460053
47460054
47460055
47460056
47460057
47460058
47460059
47460060
47460061
47460062
47460063
47460064
47460065
47460066
47460067
47460068
47460069
47460070
47460071
47460072
47460073
47460074
47460075
47460076
47460077
47460078
47460079
47460080
47460081
47460082
47460083
47460084
47460085
47460086
47460087
47460088
47460089
47460090
47460091
47460092
47460093
47460094
47460095
47460096
47460097
47460098
47460099
47460100
47460101
47460102
47460103
47460104
47460105
47460106
47460107
47460108
47460109
47460110
47460111
47460112
47460113
47460114
47460115
47460116
47460117
47460118
47460119
47460120
47460121
47460122
47460123
47460124
47460125
47460126
47460127
47460128
47460129
47460130
47460131
47460132
47460133
47460134
47460135
47460136
47460137
47460138
47460139
47460140
47460141
47460142
47460143
47460144
47460145
47460146
47460147
47460148
47460149
47460150
47460151
47460152
47460153
47460154
47460155
47460156
47460157
47460158
47460159
47460160
47460161
47460162
47460163
47460164
47460165
47460166
47460167
47460168
47460169
47460170
47460171
47460172
47460173
47460174
47460175
47460176
47460177
47460178
47460179
47460180
47460181
47460182
47460183
47460184
47460185
47460186
47460187
47460188
47460189
47460190
47460191
47460192
47460193
47460194
47460195
47460196
47460197
47460198
47460199
47460200
47460201
47460202
47460203
47460204
47460205
47460206
47460207
47460208
47460209
47460210
47460211
47460212
47460213
47460214
47460215
47460216
47460217
47460218
47460219
47460220
47460221
47460222
47460223
47460224
47460225
47460226
47460227
47460228
47460229
47460230
47460231
47460232
47460233
47460234
47460235
47460236
47460237
47460238
47460239
47460240
47460241
47460242
47460243
47460244
47460245
47460246
47460247
47460248
47460249
47460250
47460251
47460252
47460253
47460254
47460255
47460256
47460257
47460258
47460259
47460260
47460261
47460262
47460263
47460264
47460265
47460266
47460267
47460268
47460269
47460270
47460271
47460272
47460273
47460274
47460275
47460276
47460277
47460278
47460279
47460280
47460281
47460282
47460283
47460284
47460285
47460286
47460287
47460288
47460289
47460290
47460291
47460292
47460293
47460294
47460295
47460296
47460297
47460298
47460299
47460300
47460301
47460302
47460303
47460304
47460305
47460306
47460307
47460308
47460309
47460310
47460311
47460312
47460313
47460314
47460315
47460316
47460317
47460318
47460319
47460320
47460321
47460322
47460323
47460324
47460325
47460326
47460327
47460328
47460329
47460330
47460331
47460332
47460333
47460334
47460335
47460336
47460337
47460338
47460339
47460340
47460341
47460342
47460343
47460344
47460345
47460346
47460347
47460348
47460349
47460350
47460351
47460352
47460353
47460354
47460355
47460356
47460357
47460358
47460359
47460360
47460361
47460362
47460363
47460364
47460365
47460366
47460367
47460368
47460369
47460370
47460371
47460372
47460373
47460374
47460375
47460376
47460377
47460378
47460379
47460380
47460381
47460382
47460383
47460384
47460385
47460386
47460387
47460388
47460389
47460390
47460391
47460392
47460393
47460394
47460395
47460396
47460397
47460398
47460399
47460400
47460401
47460402
47460403
47460404
47460405
47460406
47460407
47460408
47460409
47460410
47460411
47460412
47460413
47460414
47460415
47460416
47460417
47460418
47460419
47460420
47460421
47460422
47460423
47460424
47460425
47460426
47460427
47460428
47460429
47460430
47460431
47460432
47460433
47460434
47460435
47460436
47460437
47460438
47460439
47460440
47460441
47460442
47460443
47460444
47460445
47460446
47460447
47460448
47460449
47460450
47460451
47460452
47460453
47460454
47460455
47460456
47460457
47460458
47460459
47460460
47460461
47460462
47460463
47460464
47460465
47460466
47460467
47460468
47460469
47460470
47460471
47460472
47460473
47460474
47460475
47460476
47460477
47460478
47460479
47460480
47460481
47460482
47460483
47460484
47460485
47460486
47460487
47460488
47460489
47460490
47460491
47460492
47460493
47460494
47460495
47460496
47460497
47460498
47460499
47460500
47460501
47460502
47460503
47460504
47460505
47460506
47460507
47460508
47460509
47460510
47460511
47460512
47460513
47460514
47460515
47460516
47460517
47460518
47460519
47460520
47460521
47460522
47460523
47460524
47460525
47460526
47460527
47460528
47460529
47460530
47460531
47460532
47460533
47460534
47460535
47460536
47460537
47460538
47460539
47460540
47460541
47460542
47460543
47460544
47460545
47460546
47460547
47460548
47460549
47460550
47460551
47460552
47460553
47460554
47460555
47460556
47460557
47460558
47460559
47460560
47460561
47460562
47460563
47460564
47460565
47460566
47460567
47460568
47460569
47460570
47460571
47460572
47460573
47460574
47460575
47460576
47460577
47460578
47460579
47460580
47460581
47460582
47460583
47460584
47460585
47460586
47460587
47460588
47460589
47460590
47460591
47460592
47460593
47460594
47460595
47460596
47460597
47460598
47460599
47460600
47460601
47460602
47460603
47460604
47460605
47460606
47460607
47460608
47460609
47460610
47460611
47460612
47460613
47460614
47460615
47460616
47460617
47460618
47460619
47460620
47460621
47460622
47460623
47460624
47460625
47460626
47460627
47460628
47460629
47460630
47460631
47460632
47460633
47460634
47460635
47460636
47460637
47460638
47460639
47460640
47460641
47460642
47460643
47460644
47460645
47460646
47460647
47460648
47460649
47460650
47460651
47460652
47460653
47460654
47460655
47460656
47460657
47460658
47460659
47460660
47460661
47460662
47460663
47460664
47460665
47460666
47460667
47460668
47460669
47460670
47460671
47460672
47460673
47460674
47460675
47460676
47460677
47460678
47460679
47460680
47460681
47460682
47460683
47460684
47460685
47460686
47460687
47460688
47460689
47460690
47460691
47460692
47460693
47460694
47460695
47460696
47460697
47460698
47460699
47460700
47460701
47460702
47460703
47460704
47460705
47460706
47460707
47460708
47460709
47460710
47460711
47460712
47460713
47460714
47460715
47460716
47460717
47460718
47460719
47460720
47460721
47460722
47460723
47460724
47460725
47460726
47460727
47460728
47460729
47460730
47460731
47460732
47460733
47460734
47460735
47460736
47460737
47460738
47460739
47460740
47460741
47460742
47460743
47460744
47460745
47460746
47460747
47460748
47460749
47460750
47460751
47460752
47460753
47460754
47460755
47460756
47460757
47460758
47460759
47460760
47460761
47460762
47460763
47460764
47460765
47460766
47460767
47460768
47460769
47460770
47460771
47460772
47460773
47460774
47460775
47460776
47460777
47460778
47460779
47460780
47460781
47460782
47460783
47460784
47460785
47460786
47460787
47460788
47460789
47460790
47460791
47460792
47460793
47460794
47460795
47460796
47460797
47460798
47460799
47460800
47460801
47460802
47460803
47460804
47460805
47460806
47460807
47460808
47460809
47460810
47460811
47460812
47460813
47460814
47460815
47460816
47460817
47460818
47460819
47460820
47460821
47460822
47460823
47460824
47460825
47460826
47460827
47460828
47460829
47460830
47460831
47460832
47460833
47460834
47460835
47460836
47460837
47460838
47460839
47460840
47460841
47460842
47460843
47460844
47460845
47460846
47460847
47460848
47460849
47460850
47460851
47460852
47460853
47460854
47460855
47460856
47460857
47460858
47460859
47460860
47460861
47460862
47460863
47460864
47460865
47460866
47460867
47460868
47460869
47460870
47460871
47460872
47460873
47460874
47460875
47460876
47460877
47460878
47460879
47460880
47460881
47460882
47460883
47460884
47460885
47460886
47460887
47460888
47460889
47460890
47460891
47460892
47460893
47460894
47460895
47460896
47460897
47460898
47460899
47460900
47460901
47460902
47460903
47460904
47460905
47460906
47460907
47460908
47460909
47460910
47460911
47460912
47460913
47460914
47460915
47460916
47460917
47460918
47460919
47460920
47460921
47460922
47460923
47460924
47460925
47460926
47460927
47460928
47460929
47460930
47460931
47460932
47460933
47460934
47460935
47460936
47460937
47460938
47460939
47460940
47460941
47460942
47460943
47460944
47460945
47460946
47460947
47460948
47460949
47460950
47460951
47460952
47460953
47460954
47460955
47460956
47460957
47460958
47460959
47460960
47460961
47460962
47460963
47460964
47460965
47460966
47460967
47460968
47460969
47460970
47460971
47460972
47460973
47460974
47460975
47460976
47460977
47460978
47460979
47460980
47460981
47460982
47460983
47460984
47460985
47460986
47460987
47460988
47460989
47460990
47460991
47460992
47460993
47460994
47460995
47460996
47460997
47460998
47460999
47461000
47461001
47461002
47461003
47461004
47461005
47461006
47461007
47461008
47461009
47461010
47461011
47461012
47461013
47461014
47461015
47461016
47461017
47461018
47461019
47461020
47461021
47461022
47461023
47461024
47461025
47461026
47461027
47461028
47461029
47461030
47461031
47461032
47461033
47461034
47461035
47461036
47461037
47461038
47461039
47461040
47461041
47461042
47461043
47461044
47461045
47461046
47461047
47461048
47461049
47461050
47461051
47461052
47461053
47461054
47461055
47461056
47461057
47461058
47461059
47461060
47461061
47461062
47461063
47461064
47461065
47461066
47461067
47461068
47461069
47461070
47461071
47461072
47461073
47461074
47461075
47461076
47461077
47461078
47461079
47461080
47461081
47461082
47461083
47461084
47461085
47461086
47461087
47461088
47461089
47461090
47461091
47461092
47461093
47461094
47461095
47461096
47461097
47461098
47461099
47461100
47461101
47461102
47461103
47461104
47461105
47461106
47461107
47461108
47461109
47461110
47461111
47461112
47461113
47461114
47461115
47461116
47461117
47461118
47461119
47461120
47461121
47461122
47461123
47461124
47461125
47461126
47461127
47461128
47461129
47461130
47461131
47461132
47461133
47461134
47461135
47461136
47461137
47461138
47461139
47461140
47461141
47461142
47461143
47461144
47461145
47461146
47461147
47461148
47461149
47461150
47461151
47461152
47461153
47461154
47461155
47461156
47461157
47461158
47461159
47461160
47461161
47461162
47461163
47461164
47461165
47461166
47461167
47461168
47461169
47461170
47461171
47461172
47461173
47461174
47461175
47461176
47461177
47461178
47461179
47461180
47461181
47461182
47461183
47461184
47461185
47461186
47461187
47461188
47461189
47461190
47461191
47461192
47461193
47461194
47461195
47461196
47461197
47461198
47461199
47461200
47461201
47461202
47461203
47461204
47461205
47461206
47461207
47461208
47461209
47461210
47461211
47461212
47461213
47461214
47461215
47461216
47461217
47461218
47461219
47461220
47461221
47461222
47461223
47461224
47461225
47461226
47461227
47461228
47461229
47461230
47461231
47461232
47461233
47461234
47461235
47461236
47461237
47461238
47461239
47461240
47461241
47461242
47461243
47461244
47461245
47461246
47461247
47461248
47461249
47461250
47461251
47461252
47461253
47461254
47461255
47461256
47461257
47461258
47461259
47461260
47461261
47461262
47461263
47461264
47461265
47461266
47461267
47461268
47461269
47461270
47461271
47461272
47461273
47461274
47461275
47461276
47461277
47461278
47461279
47461280
47461281
47461282
47461283
47461284
47461285
47461286
47461287
47461288
47461289
47461290
47461291
47461292
47461293
47461294
47461295
47461296
47461297
47461298
47461299
47461300
47461301
47461302
47461303
47461304
47461305
47461306
47461307
47461308
47461309
47461310
47461311
47461312
47461313
47461314
47461315
47461316
47461317
47461318
47461319
47461320
47461321
47461322
47461323
47461324
47461325
47461326
47461327
47461328
47461329
47461330
47461331
47461332
47461333
47461334
47461335
47461336
47461337
47461338
47461339
47461340
47461341
47461342
47461343
47461344
47461345
47461346
47461347
47461348
47461349
47461350
47461351
47461352
47461353
47461354
47461355
47461356
47461357
47461358
47461359
47461360
47461361
47461362
47461363
47461364
47461365
47461366
47461367
47461368
47461369
47461370
47461371
47461372
47461373
47461374
47461375
47461376
47461377
47461378
47461379
47461380
47461381
47461382
47461383
47461384
47461385
47461386
47461387
47461388
47461389
47461390
47461391
47461392
47461393
47461394
47461395
47461396
47461397
47461398
47461399
47461400
47461401
47461402
47461403
47461404
47461405
47461406
47461407
47461408
47461409
47461410
47461411
47461412
47461413
47461414
47461415
47461416
47461417
47461418
47461419
47461420
47461421
47461422
47461423
47461424
47461425
47461426
47461427
47461428
47461429
47461430
47461431
47461432
47461433
47461434
47461435
47461436
47461437
47461438
47461439
47461440
47461441
47461442
47461443
47461444
47461445
47461446
47461447
47461448
47461449
47461450
47461451
47461452
47461453
47461454
47461455
47461456
47461457
47461458
47461459
47461460
47461461
47461462
47461463
47461464
47461465
47461466
47461467
47461468
47461469
47461470
47461471
47461472
47461473
47461474
47461475
47461476
47461477
47461478
47461479
47461480
47461481
47461482
47461483
47461484
47461485
47461486
47461487
47461488
47461489
47461490
47461491
47461492
47461493
47461494
47461495
47461496
47461497
47461498
47461499
47461500
47461501
47461502
47461503
47461504
47461505
47461506
47461507
47461508
47461509
47461510
47461511
47461512
47461513
47461514
47461515
47461516
47461517
47461518
47461519
47461520
47461521
47461522
47461523
47461524
47461525
47461526
47461527
47461528
47461529
47461530
47461531
47461532
47461533
47461534
47461535
47461536
47461537
47461538
47461539
47461540
47461541
47461542
47461543
47461544
47461545
47461546
47461547
47461548
47461549
47461550
47461551
47461552
47461553
47461554
47461555
47461556
47461557
47461558
47461559
47461560
47461561
47461562
47461563
47461564
47461565
47461566
47461567
47461568
47461569
47461570
47461571
47461572
47461573
47461574
47461575
47461576
47461577
47461578
47461579
47461580
47461581
47461582
47461583
47461584
47461585
47461586
47461587
47461588
47461589
47461590
47461591
47461592
47461593
47461594
47461595
47461596
47461597
47461598
47461599
47461600
47461601
47461602
47461603
47461604
47461605
47461606
47461607
47461608
47461609
47461610
47461611
47461612
47461613
47461614
47461615
47461616
47461617
47461618
47461619
47461620
47461621
47461622
47461623
47461624
47461625
47461626
47461627
47461628
47461629
47461630
47461631
47461632
47461633
47461634
47461635
47461636
47461637
47461638
47461639
47461640
47461641
47461642
47461643
47461644
47461645
47461646
47461647
47461648
47461649
47461650
47461651
47461652
47461653
47461654
47461655
47461656
47461657
47461658
47461659
47461660
47461661
47461662
47461663
47461664
47461665
47461666
47461667
47461668
47461669
47461670
47461671
47461672
47461673
47461674
47461675
47461676
47461677
47461678
47461679
47461680
47461681
47461682
47461683
47461684
47461685
47461686
47461687
47461688
47461689
47461690
47461691
47461692
47461693
47461694
47461695
47461696
47461697
47461698
47461699
47461700
47461701
47461702
47461703
47461704
47461705
47461706
47461707
47461708
47461709
47461710
47461711
47461712
47461713
47461714
47461715
47461716
47461717
47461718
47461719
47461720
47461721
47461722
47461723
47461724
47461725
47461726
47461727
47461728
47461729
47461730
47461731
47461732
47461733
47461734
47461735
47461736
47461737
47461738
47461739
47461740
47461741
47461742
47461743
47461744
47461745
47461746
47461747
47461748
47461749
47461750
47461751
47461752
47461753
47461754
47461755
47461756
47461757
47461758
47461759
47461760
47461761
47461762
47461763
47461764
47461765
47461766
47461767
47461768
47461769
47461770
47461771
47461772
47461773
47461774
47461775
47461776
47461777
47461778
47461779
47461780
47461781
47461782
47461783
47461784
47461785
47461786
47461787
47461788
47461789
47461790
47461791
47461792
47461793
47461794
47461795
47461796
47461797
47461798
47461799
47461800
47461801
47461802
47461803
47461804
47461805
47461806
47461807
47461808
47461809
47461810
47461811
47461812
47461813
47461814
47461815
47461816
47461817
47461818
47461819
47461820
47461821
47461822
47461823
47461824
47461825
47461826
47461827
47461828
47461829
47461830
47461831
47461832
47461833
47461834
47461835
47461836
47461837
47461838
47461839
47461840
47461841
47461842
47461843
47461844
47461845
47461846
47461847
47461848
47461849
47461850
47461851
47461852
47461853
47461854
47461855
47461856
47461857
47461858
47461859
47461860
47461861
47461862
47461863
47461864
47461865
47461866
47461867
47461868
47461869
47461870
47461871
47461872
47461873
47461874
47461875
47461876
47461877
47461878
47461879
47461880
47461881
47461882
47461883
47461884
47461885
47461886
47461887
47461888
47461889
47461890
47461891
47461892
47461893
47461894
47461895
47461896
47461897
47461898
47461899
47461900
47461901
47461902
47461903
47461904
47461905
47461906
47461907
47461908
47461909
47461910
47461911
47461912
47461913
47461914
47461915
47461916
47461917
47461918
47461919
47461920
47461921
47461922
47461923
47461924
47461925
47461926
47461927
47461928
47461929
47461930
47461931
47461932
47461933
47461934
47461935
47461936
47461937
47461938
47461939
47461940
47461941
47461942
47461943
47461944
47461945
47461946
47461947
47461948
47461949
47461950
47461951
47461952
47461953
47461954
47461955
47461956
47461957
47461958
47461959
47461960
47461961
47461962
47461963
47461964
47461965
47461966
47461967
47461968
47461969
47461970
47461971
47461972
47461973
47461974
47461975
47461976
47461977
47461978
47461979
47461980
47461981
47461982
47461983
47461984
47461985
47461986
47461987
47461988
47461989
47461990
47461991
47461992
47461993
47461994
47461995
47461996
47461997
47461998
47461999
47462000
47462001
47462002
47462003
47462004
47462005
47462006
47462007
47462008
47462009
47462010
47462011
47462012
47462013
47462014
47462015
47462016
47462017
47462018
47462019
47462020
47462021
47462022
47462023
47462024
47462025
47462026
47462027
47462028
47462029
47462030
47462031
47462032
47462033
47462034
47462035
47462036
47462037
47462038
47462039
47462040
47462041
47462042
47462043
47462044
47462045
47462046
47462047
47462048
47462049
47462050
47462051
47462052
47462053
47462054
47462055
47462056
47462057
47462058
47462059
47462060
47462061
47462062
47462063
47462064
47462065
47462066
47462067
47462068
47462069
47462070
47462071
47462072
47462073
47462074
47462075
47462076
47462077
47462078
47462079
47462080
47462081
47462082
47462083
47462084
47462085
47462086
47462087
47462088
47462089
47462090
47462091
47462092
47462093
47462094
47462095
47462096
47462097
47462098
47462099
47462100
47462101
47462102
47462103
47462104
47462105
47462106
47462107
47462108
47462109
47462110
47462111
47462112
47462113
47462114
47462115
47462116
47462117
47462118
47462119
47462120
47462121
47462122
47462123
47462124
47462125
47462126
47462127
47462128
47462129
47462130
47462131
47462132
47462133
47462134
47462135
47462136
47462137
47462138
47462139
47462140
47462141
47462142
47462143
47462144
47462145
47462146
47462147
47462148
47462149
47462150
47462151
47462152
47462153
47462154
47462155
47462156
47462157
47462158
47462159
47462160
47462161
47462162
47462163
47462164
47462165
47462166
47462167
47462168
47462169
47462170
47462171
47462172
47462173
47462174
47462175
47462176
47462177
47462178
47462179
47462180
47462181
47462182
47462183
47462184
47462185
47462186
47462187
47462188
47462189
47462190
47462191
47462192
47462193
47462194
47462195
47462196
47462197
47462198
47462199
47462200
47462201
47462202
47462203
47462204
47462205
47462206
47462207
47462208
47462209
47462210
47462211
47462212
47462213
47462214
47462215
47462216
47462217
47462218
47462219
47462220
47462221
47462222
47462223
47462224
47462225
47462226
47462227
47462228
47462229
47462230
47462231
47462232
47462233
47462234
47462235
47462236
47462237
47462238
47462239
47462240
47462241
47462242
47462243
47462244
47462245
47462246
47462247
47462248
47462249
47462250
47462251
47462252
47462253
47462254
47462255
47462256
47462257
47462258
47462259
47462260
47462261
47462262
47462263
47462264
47462265
47462266
47462267
47462268
47462269
47462270
47462271
47462272
47462273
47462274
47462275
47462276
47462277
47462278
47462279
47462280
47462281
47462282
47462283
47462284
47462285
47462286
47462287
47462288
47462289
47462290
47462291
47462292
47462293
47462294
47462295
47462296
47462297
47462298
47462299
47462300
47462301
47462302
47462303
47462304
47462305
47462306
47462307
47462308
47462309
47462310
47462311
47462312
47462313
47462314
47462315
47462316
47462317
47462318
47462319
47462320
47462321
47462322
47462323
47462324
47462325
47462326
47462327
47462328
47462329
47462330
47462331
47462332
47462333
47462334
47462335
47462336
47462337
47462338
47462339
47462340
47462341
47462342
47462343
47462344
47462345
47462346
47462347
47462348
47462349
47462350
47462351
47462352
47462353
47462354
47462355
47462356
47462357
47462358
47462359
47462360
47462361
47462362
47462363
47462364
47462365
47462366
47462367
47462368
47462369
47462370
47462371
47462372
47462373
47462374
47462375
47462376
47462377
47462378
47462379
47462380
47462381
47462382
47462383
47462384
47462385
47462386
47462387
47462388
47462389
47462390
47462391
47462392
47462393
47462394
47462395
47462396
47462397
47462398
47462399
47462400
47462401
47462402
47462403
47462404
47462405
47462406
47462407
47462408
47462409
47462410
47462411
47462412
47462413
47462414
47462415
47462416
47462417
47462418
47462419
47462420
47462421
47462422
47462423
47462424
47462425
47462426
47462427
47462428
47462429
47462430
47462431
47462432
47462433
47462434
47462435
47462436
47462437
47462438
47462439
47462440
47462441
47462442
47462443
47462444
47462445
47462446
47462447
47462448
47462449
47462450
47462451
47462452
47462453
47462454
47462455
47462456
47462457
47462458
47462459
47462460
47462461
47462462
47462463
47462464
47462465
47462466
47462467
47462468
47462469
47462470
47462471
47462472
47462473
47462474
47462475
47462476
47462477
47462478
47462479
47462480
47462481
47462482
47462483
47462484
47462485
47462486
47462487
47462488
47462489
47462490
47462491
47462492
47462493
47462494
47462495
47462496
47462497
47462498
47462499
47462500
47462501
47462502
47462503
47462504
47462505
47462506
47462507
47462508
47462509
47462510
47462511
47462512
47462513
47462514
47462515
47462516
47462517
47462518
47462519
47462520
47462521
47462522
47462523
47462524
47462525
47462526
47462527
47462528
47462529
47462530
47462531
47462532
47462533
47462534
47462535
47462536
47462537
47462538
47462539
47462540
47462541
47462542
47462543
47462544
47462545
47462546
47462547
47462548
47462549
47462550
47462551
47462552
47462553
47462554
47462555
47462556
47462557
47462558
47462559
47462560
47462561
47462562
47462563
47462564
47462565
47462566
47462567
47462568
47462569
47462570
47462571
47462572
47462573
47462574
47462575
47462576
47462577
47462578
47462579
47462580
47462581
47462582
47462583
47462584
47462585
47462586
47462587
47462588
47462589
47462590
47462591
47462592
47462593
47462594
47462595
47462596
47462597
47462598
47462599
47462600
47462601
47462602
47462603
47462604
47462605
47462606
47462607
47462608
47462609
47462610
47462611
47462612
47462613
47462614
47462615
47462616
47462617
47462618
47462619
47462620
47462621
47462622
47462623
47462624
47462625
47462626
47462627
47462628
47462629
47462630
47462631
47462632
47462633
47462634
47462635
47462636
47462637
47462638
47462639
47462640
47462641
47462642
47462643
47462644
47462645
47462646
47462647
47462648
47462649
47462650
47462651
47462652
47462653
47462654
47462655
47462656
47462657
47462658
47462659
47462660
47462661
47462662
47462663
47462664
47462665
47462666
47462667
47462668
47462669
47462670
47462671
47462672
47462673
47462674
47462675
47462676
47462677
47462678
47462679
47462680
47462681
47462682
47462683
47462684
47462685
47462686
47462687
47462688
47462689
47462690
47462691
47462692
47462693
47462694
47462695
47462696
47462697
47462698
47462699
47462700
47462701
47462702
47462703
47462704
47462705
47462706
47462707
47462708
47462709
47462710
47462711
47462712
47462713
47462714
47462715
47462716
47462717
47462718
47462719
47462720
47462721
47462722
47462723
47462724
47462725
47462726
47462727
47462728
47462729
47462730
47462731
47462732
47462733
47462734
47462735
47462736
47462737
47462738
47462739
47462740
47462741
47462742
47462743
47462744
47462745
47462746
47462747
47462748
47462749
47462750
47462751
47462752
47462753
47462754
47462755
47462756
47462757
47462758
47462759
47462760
47462761
47462762
47462763
47462764
47462765
47462766
47462767
47462768
47462769
47462770
47462771
47462772
47462773
47462774
47462775
47462776
47462777
47462778
47462779
47462780
47462781
47462782
47462783
47462784
47462785
47462786
47462787
47462788
47462789
47462790
47462791
47462792
47462793
47462794
47462795
47462796
47462797
47462798
47462799
47462800
47462801
47462802
47462803
47462804
47462805
47462806
47462807
47462808
47462809
47462810
47462811
47462812
47462813
47462814
47462815
47462816
47462817
47462818
47462819
47462820
47462821
47462822
47462823
47462824
47462825
47462826
47462827
47462828
47462829
47462830
47462831
47462832
47462833
47462834
47462835
47462836
47462837
47462838
47462839
47462840
47462841
47462842
47462843
47462844
47462845
47462846
47462847
47462848
47462849
47462850
47462851
47462852
47462853
47462854
47462855
47462856
47462857
47462858
47462859
47462860
47462861
47462862
47462863
47462864
47462865
47462866
47462867
47462868
47462869
47462870
47462871
47462872
47462873
47462874
47462875
47462876
47462877
47462878
47462879
47462880
47462881
47462882
47462883
47462884
47462885
47462886
47462887
47462888
47462889
47462890
47462891
47462892
47462893
47462894
47462895
47462896
47462897
47462898
47462899
47462900
47462901
47462902
47462903
47462904
47462905
47462906
47462907
47462908
47462909
47462910
47462911
47462912
47462913
47462914
47462915
47462916
47462917
47462918
47462919
47462920
47462921
47462922
47462923
47462924
47462925
47462926
47462927
47462928
47462929
47462930
47462931
47462932
47462933
47462934
47462935
47462936
47462937
47462938
47462939
47462940
47462941
47462942
47462943
47462944
47462945
47462946
47462947
47462948
47462949
47462950
47462951
47462952
47462953
47462954
47462955
47462956
47462957
47462958
47462959
47462960
47462961
47462962
47462963
47462964
47462965
47462966
47462967
47462968
47462969
47462970
47462971
47462972
47462973
47462974
47462975
47462976
47462977
47462978
47462979
47462980
47462981
47462982
47462983
47462984
47462985
47462986
47462987
47462988
47462989
47462990
47462991
47462992
47462993
47462994
47462995
47462996
47462997
47462998
47462999
47463000
47463001
47463002
47463003
47463004
47463005
47463006
47463007
47463008
47463009
47463010
47463011
47463012
47463013
47463014
47463015
47463016
47463017
47463018
47463019
47463020
47463021
47463022
47463023
47463024
47463025
47463026
47463027
47463028
47463029
47463030
47463031
47463032
47463033
47463034
47463035
47463036
47463037
47463038
47463039
47463040
47463041
47463042
47463043
47463044
47463045
47463046
47463047
47463048
47463049
47463050
47463051
47463052
47463053
47463054
47463055
47463056
47463057
47463058
47463059
47463060
47463061
47463062
47463063
47463064
47463065
47463066
47463067
47463068
47463069
47463070
47463071
47463072
47463073
47463074
47463075
47463076
47463077
47463078
47463079
47463080
47463081
47463082
47463083
47463084
47463085
47463086
47463087
47463088
47463089
47463090
47463091
47463092
47463093
47463094
47463095
47463096
47463097
47463098
47463099
47463100
47463101
47463102
47463103
47463104
47463105
47463106
47463107
47463108
47463109
47463110
47463111
47463112
47463113
47463114
47463115
47463116
47463117
47463118
47463119
47463120
47463121
47463122
47463123
47463124
47463125
47463126
47463127
47463128
47463129
47463130
47463131
47463132
47463133
47463134
47463135
47463136
47463137
47463138
47463139
47463140
47463141
47463142
47463143
47463144
47463145
47463146
47463147
47463148
47463149
47463150
47463151
47463152
47463153
47463154
47463155
47463156
47463157
47463158
47463159
47463160
47463161
47463162
47463163
47463164
47463165
47463166
47463167
47463168
47463169
47463170
47463171
47463172
47463173
47463174
47463175
47463176
47463177
47463178
47463179
47463180
47463181
47463182
47463183
47463184
47463185
47463186
47463187
47463188
47463189
47463190
47463191
47463192
47463193
47463194
47463195
47463196
47463197
47463198
47463199
47463200
47463201
47463202
47463203
47463204
47463205
47463206
47463207
47463208
47463209
47463210
47463211
47463212
47463213
47463214
47463215
47463216
47463217
47463218
47463219
47463220
47463221
47463222
47463223
47463224
47463225
47463226
47463227
47463228
47463229
47463230
47463231
47463232
47463233
47463234
47463235
47463236
47463237
47463238
47463239
47463240
47463241
47463242
47463243
47463244
47463245
47463246
47463247
47463248
47463249
47463250
47463251
47463252
47463253
47463254
47463255
47463256
47463257
47463258
47463259
47463260
47463261
47463262
47463263
47463264
47463265
47463266
47463267
47463268
47463269
47463270
47463271
47463272
47463273
47463274
47463275
47463276
47463277
47463278
47463279
47463280
47463281
47463282
47463283
47463284
47463285
47463286
47463287
47463288
47463289
47463290
47463291
47463292
47463293
47463294
47463295
47463296
47463297
47463298
47463299
47463300
47463301
47463302
47463303
47463304
47463305
47463306
47463307
47463308
47463309
47463310
47463311
47463312
47463313
47463314
47463315
47463316
47463317
47463318
47463319
47463320
47463321
47463322
47463323
47463324
47463325
47463326
47463327
47463328
47463329
47463330
47463331
47463332
47463333
47463334
47463335
47463336
47463337
47463338
47463339
47463340
47463341
47463342
47463343
47463344
47463345
47463346
47463347
47463348
47463349
47463350
47463351
47463352
47463353
47463354
47463355
47463356
47463357
47463358
47463359
47463360
47463361
47463362
47463363
47463364
47463365
47463366
47463367
47463368
47463369
47463370
47463371
47463372
47463373
47463374
47463375
47463376
47463377
47463378
47463379
47463380
47463381
47463382
47463383
47463384
47463385
47463386
47463387
47463388
47463389
47463390
47463391
47463392
47463393
47463394
47463395
47463396
47463397
47463398
47463399
47463400
47463401
47463402
47463403
47463404
47463405
47463406
47463407
47463408
47463409
47463410
47463411
47463412
47463413
47463414
47463415
47463416
47463417
47463418
47463419
47463420
47463421
47463422
47463423
47463424
47463425
47463426
47463427
47463428
47463429
47463430
47463431
47463432
47463433
47463434
47463435
47463436
47463437
47463438
47463439
47463440
47463441
47463442
47463443
47463444
47463445
47463446
47463447
47463448
47463449
47463450
47463451
47463452
47463453
47463454
47463455
47463456
47463457
47463458
47463459
47463460
47463461
47463462
47463463
47463464
47463465
47463466
47463467
47463468
47463469
47463470
47463471
47463472
47463473
47463474
47463475
47463476
47463477
47463478
47463479
47463480
47463481
47463482
47463483
47463484
47463485
47463486
47463487
47463488
47463489
47463490
47463491
47463492
47463493
47463494
47463495
47463496
47463497
47463498
47463499
47463500
47463501
47463502
47463503
47463504
47463505
47463506
47463507
47463508
47463509
47463510
47463511
47463512
47463513
47463514
47463515
47463516
47463517
47463518
47463519
47463520
47463521
47463522
47463523
47463524
47463525
47463526
47463527
47463528
47463529
47463530
47463531
47463532
47463533
47463534
47463535
47463536
47463537
47463538
47463539
47463540
47463541
47463542
47463543
47463544
47463545
47463546
47463547
47463548
47463549
47463550
47463551
47463552
47463553
47463554
47463555
47463556
47463557
47463558
47463559
47463560
47463561
47463562
47463563
47463564
47463565
47463566
47463567
47463568
47463569
47463570
47463571
47463572
47463573
47463574
47463575
47463576
47463577
47463578
47463579
47463580
47463581
47463582
47463583
47463584
47463585
47463586
47463587
47463588
47463589
47463590
47463591
47463592
47463593
47463594
47463595
47463596
47463597
47463598
47463599
47463600
47463601
47463602
47463603
47463604
47463605
47463606
47463607
47463608
47463609
47463610
47463611
47463612
47463613
47463614
47463615
47463616
47463617
47463618
47463619
47463620
47463621
47463622
47463623
47463624
47463625
47463626
47463627
47463628
47463629
47463630
47463631
47463632
47463633
47463634
47463635
47463636
47463637
47463638
47463639
47463640
47463641
47463642
47463643
47463644
47463645
47463646
47463647
47463648
47463649
47463650
47463651
47463652
47463653
47463654
47463655
47463656
47463657
47463658
47463659
47463660
47463661
47463662
47463663
47463664
47463665
47463666
47463667
47463668
47463669
47463670
47463671
47463672
47463673
47463674
47463675
47463676
47463677
47463678
47463679
47463680
47463681
47463682
47463683
47463684
47463685
47463686
47463687
47463688
47463689
47463690
47463691
47463692
47463693
47463694
47463695
47463696
47463697
47463698
47463699
47463700
47463701
47463702
47463703
47463704
47463705
47463706
47463707
47463708
47463709
47463710
47463711
47463712
47463713
47463714
47463715
47463716
47463717
47463718
47463719
47463720
47463721
47463722
47463723
47463724
47463725
47463726
47463727
47463728
47463729
47463730
47463731
47463732
47463733
47463734
47463735
47463736
47463737
47463738
47463739
47463740
47463741
47463742
47463743
47463744
47463745
47463746
47463747
47463748
47463749
47463750
47463751
47463752
47463753
47463754
47463755
47463756
47463757
47463758
47463759
47463760
47463761
47463762
47463763
47463764
47463765
47463766
47463767
47463768
47463769
47463770
47463771
47463772
47463773
47463774
47463775
47463776
47463777
47463778
47463779
47463780
47463781
47463782
47463783
47463784
47463785
47463786
47463787
47463788
47463789
47463790
47463791
47463792
47463793
47463794
47463795
47463796
47463797
47463798
47463799
47463800
47463801
47463802
47463803
47463804
47463805
47463806
47463807
47463808
47463809
47463810
47463811
47463812
47463813
47463814
47463815
47463816
47463817
47463818
47463819
47463820
47463821
47463822
47463823
47463824
47463825
47463826
47463827
47463828
47463829
47463830
47463831
47463832
47463833
47463834
47463835
47463836
47463837
47463838
47463839
47463840
47463841
47463842
47463843
47463844
47463845
47463846
47463847
47463848
47463849
47463850
47463851
47463852
47463853
47463854
47463855
47463856
47463857
47463858
47463859
47463860
47463861
47463862
47463863
47463864
47463865
47463866
47463867
47463868
47463869
47463870
47463871
47463872
47463873
47463874
47463875
47463876
47463877
47463878
47463879
47463880
47463881
47463882
47463883
47463884
47463885
47463886
47463887
47463888
47463889
47463890
47463891
47463892
47463893
47463894
47463895
47463896
47463897
47463898
47463899
47463900
47463901
47463902
47463903
47463904
47463905
47463906
47463907
47463908
47463909
47463910
47463911
47463912
47463913
47463914
47463915
47463916
47463917
47463918
47463919
47463920
47463921
47463922
47463923
47463924
47463925
47463926
47463927
47463928
47463929
47463930
47463931
47463932
47463933
47463934
47463935
47463936
47463937
47463938
47463939
47463940
47463941
47463942
47463943
47463944
47463945
47463946
47463947
47463948
47463949
47463950
47463951
47463952
47463953
47463954
47463955
47463956
47463957
47463958
47463959
47463960
47463961
47463962
47463963
47463964
47463965
47463966
47463967
47463968
47463969
47463970
47463971
47463972
47463973
47463974
47463975
47463976
47463977
47463978
47463979
47463980
47463981
47463982
47463983
47463984
47463985
47463986
47463987
47463988
47463989
47463990
47463991
47463992
47463993
47463994
47463995
47463996
47463997
47463998
47463999
47464000
47464001
47464002
47464003
47464004
47464005
47464006
47464007
47464008
47464009
47464010
47464011
47464012
47464013
47464014
47464015
47464016
47464017
47464018
47464019
47464020
47464021
47464022
47464023
47464024
47464025
47464026
47464027
47464028
47464029
47464030
47464031
47464032
47464033
47464034
47464035
47464036
47464037
47464038
47464039
47464040
47464041
47464042
47464043
47464044
47464045
47464046
47464047
47464048
47464049
47464050
47464051
47464052
47464053
47464054
47464055
47464056
47464057
47464058
47464059
47464060
47464061
47464062
47464063
47464064
47464065
47464066
47464067
47464068
47464069
47464070
47464071
47464072
47464073
47464074
47464075
47464076
47464077
47464078
47464079
47464080
47464081
47464082
47464083
47464084
47464085
47464086
47464087
47464088
47464089
47464090
47464091
47464092
47464093
47464094
47464095
47464096
47464097
47464098
47464099
47464100
47464101
47464102
47464103
47464104
47464105
47464106
47464107
47464108
47464109
47464110
47464111
47464112
47464113
47464114
47464115
47464116
47464117
47464118
47464119
47464120
47464121
47464122
47464123
47464124
47464125
47464126
47464127
47464128
47464129
47464130
47464131
47464132
47464133
47464134
47464135
47464136
47464137
47464138
47464139
47464140
47464141
47464142
47464143
47464144
47464145
47464146
47464147
47464148
47464149
47464150
47464151
47464152
47464153
47464154
47464155
47464156
47464157
47464158
47464159
47464160
47464161
47464162
47464163
47464164
47464165
47464166
47464167
47464168
47464169
47464170
47464171
47464172
47464173
47464174
47464175
47464176
47464177
47464178
47464179
47464180
47464181
47464182
47464183
47464184
47464185
47464186
47464187
47464188
47464189
47464190
47464191
47464192
47464193
47464194
47464195
47464196
47464197
47464198
47464199
47464200
47464201
47464202
47464203
47464204
47464205
47464206
47464207
47464208
47464209
47464210
47464211
47464212
47464213
47464214
47464215
47464216
47464217
47464218
47464219
47464220
47464221
47464222
47464223
47464224
47464225
47464226
47464227
47464228
47464229
47464230
47464231
47464232
47464233
47464234
47464235
47464236
47464237
47464238
47464239
47464240
47464241
47464242
47464243
47464244
47464245
47464246
47464247
47464248
47464249
47464250
47464251
47464252
47464253
47464254
47464255
47464256
47464257
47464258
47464259
47464260
47464261
47464262
47464263
47464264
47464265
47464266
47464267
47464268
47464269
47464270
47464271
47464272
47464273
47464274
47464275
47464276
47464277
47464278
47464279
47464280
47464281
47464282
47464283
47464284
47464285
47464286
47464287
47464288
47464289
47464290
47464291
47464292
47464293
47464294
47464295
47464296
47464297
47464298
47464299
47464300
47464301
47464302
47464303
47464304
47464305
47464306
47464307
47464308
47464309
47464310
47464311
47464312
47464313
47464314
47464315
47464316
47464317
47464318
47464319
47464320
47464321
47464322
47464323
47464324
47464325
47464326
47464327
47464328
47464329
47464330
47464331
47464332
47464333
47464334
47464335
47464336
47464337
47464338
47464339
47464340
47464341
47464342
47464343
47464344
47464345
47464346
47464347
47464348
47464349
47464350
47464351
47464352
47464353
47464354
47464355
47464356
47464357
47464358
47464359
47464360
47464361
47464362
47464363
47464364
47464365
47464366
47464367
47464368
47464369
47464370
47464371
47464372
47464373
47464374
47464375
47464376
47464377
47464378
47464379
47464380
47464381
47464382
47464383
47464384
47464385
47464386
47464387
47464388
47464389
47464390
47464391
47464392
47464393
47464394
47464395
47464396
47464397
47464398
47464399
47464400
47464401
47464402
47464403
47464404
47464405
47464406
47464407
47464408
47464409
47464410
47464411
47464412
47464413
47464414
47464415
47464416
47464417
47464418
47464419
47464420
47464421
47464422
47464423
47464424
47464425
47464426
47464427
47464428
47464429
47464430
47464431
47464432
47464433
47464434
47464435
47464436
47464437
47464438
47464439
47464440
47464441
47464442
47464443
47464444
47464445
47464446
47464447
47464448
47464449
47464450
47464451
47464452
47464453
47464454
47464455
47464456
47464457
47464458
47464459
47464460
47464461
47464462
47464463
47464464
47464465
47464466
47464467
47464468
47464469
47464470
47464471
47464472
47464473
47464474
47464475
47464476
47464477
47464478
47464479
47464480
47464481
47464482
47464483
47464484
47464485
47464486
47464487
47464488
47464489
47464490
47464491
47464492
47464493
47464494
47464495
47464496
47464497
47464498
47464499
47464500
47464501
47464502
47464503
47464504
47464505
47464506
47464507
47464508
47464509
47464510
47464511
47464512
47464513
47464514
47464515
47464516
47464517
47464518
47464519
47464520
47464521
47464522
47464523
47464524
47464525
47464526
47464527
47464528
47464529
47464530
47464531
47464532
47464533
47464534
47464535
47464536
47464537
47464538
47464539
47464540
47464541
47464542
47464543
47464544
47464545
47464546
47464547
47464548
47464549
47464550
47464551
47464552
47464553
47464554
47464555
47464556
47464557
47464558
47464559
47464560
47464561
47464562
47464563
47464564
47464565
47464566
47464567
47464568
47464569
47464570
47464571
47464572
47464573
47464574
47464575
47464576
47464577
47464578
47464579
47464580
47464581
47464582
47464583
47464584
47464585
47464586
47464587
47464588
47464589
47464590
47464591
47464592
47464593
47464594
47464595
47464596
47464597
47464598
47464599
47464600
47464601
47464602
47464603
47464604
47464605
47464606
47464607
47464608
47464609
47464610
47464611
47464612
47464613
47464614
47464615
47464616
47464617
47464618
47464619
47464620
47464621
47464622
47464623
47464624
47464625
47464626
47464627
47464628
47464629
47464630
47464631
47464632
47464633
47464634
47464635
47464636
47464637
47464638
47464639
47464640
47464641
47464642
47464643
47464644
47464645
47464646
47464647
47464648
47464649
47464650
47464651
47464652
47464653
47464654
47464655
47464656
47464657
47464658
47464659
47464660
47464661
47464662
47464663
47464664
47464665
47464666
47464667
47464668
47464669
47464670
47464671
47464672
47464673
47464674
47464675
47464676
47464677
47464678
47464679
47464680
47464681
47464682
47464683
47464684
47464685
47464686
47464687
47464688
47464689
47464690
47464691
47464692
47464693
47464694
47464695
47464696
47464697
47464698
47464699
47464700
47464701
47464702
47464703
47464704
47464705
47464706
47464707
47464708
47464709
47464710
47464711
47464712
47464713
47464714
47464715
47464716
47464717
47464718
47464719
47464720
47464721
47464722
47464723
47464724
47464725
47464726
47464727
47464728
47464729
47464730
47464731
47464732
47464733
47464734
47464735
47464736
47464737
47464738
47464739
47464740
47464741
47464742
47464743
47464744
47464745
47464746
47464747
47464748
47464749
47464750
47464751
47464752
47464753
47464754
47464755
47464756
47464757
47464758
47464759
47464760
47464761
47464762
47464763
47464764
47464765
47464766
47464767
47464768
47464769
47464770
47464771
47464772
47464773
47464774
47464775
47464776
47464777
47464778
47464779
47464780
47464781
47464782
47464783
47464784
47464785
47464786
47464787
47464788
47464789
47464790
47464791
47464792
47464793
47464794
47464795
47464796
47464797
47464798
47464799
47464800
47464801
47464802
47464803
47464804
47464805
47464806
47464807
47464808
47464809
47464810
47464811
47464812
47464813
47464814
47464815
47464816
47464817
47464818
47464819
47464820
47464821
47464822
47464823
47464824
47464825
47464826
47464827
47464828
47464829
47464830
47464831
47464832
47464833
47464834
47464835
47464836
47464837
47464838
47464839
47464840
47464841
47464842
47464843
47464844
47464845
47464846
47464847
47464848
47464849
47464850
47464851
47464852
47464853
47464854
47464855
47464856
47464857
47464858
47464859
47464860
47464861
47464862
47464863
47464864
47464865
47464866
47464867
47464868
47464869
47464870
47464871
47464872
47464873
47464874
47464875
47464876
47464877
47464878
47464879
47464880
47464881
47464882
47464883
47464884
47464885
47464886
47464887
47464888
47464889
47464890
47464891
47464892
47464893
47464894
47464895
47464896
47464897
47464898
47464899
47464900
47464901
47464902
47464903
47464904
47464905
47464906
47464907
47464908
47464909
47464910
47464911
47464912
47464913
47464914
47464915
47464916
47464917
47464918
47464919
47464920
47464921
47464922
47464923
47464924
47464925
47464926
47464927
47464928
47464929
47464930
47464931
47464932
47464933
47464934
47464935
47464936
47464937
47464938
47464939
47464940
47464941
47464942
47464943
47464944
47464945
47464946
47464947
47464948
47464949
47464950
47464951
47464952
47464953
47464954
47464955
47464956
47464957
47464958
47464959
47464960
47464961
47464962
47464963
47464964
47464965
47464966
47464967
47464968
47464969
47464970
47464971
47464972
47464973
47464974
47464975
47464976
47464977
47464978
47464979
47464980
47464981
47464982
47464983
47464984
47464985
47464986
47464987
47464988
47464989
47464990
47464991
47464992
47464993
47464994
47464995
47464996
47464997
47464998
47464999
47465000
47465001
47465002
47465003
47465004
47465005
47465006
47465007
47465008
47465009
47465010
47465011
47465012
47465013
47465014
47465015
47465016
47465017
47465018
47465019
47465020
47465021
47465022
47465023
47465024
47465025
47465026
47465027
47465028
47465029
47465030
47465031
47465032
47465033
47465034
47465035
47465036
47465037
47465038
47465039
47465040
47465041
47465042
47465043
47465044
47465045
47465046
47465047
47465048
47465049
47465050
47465051
47465052
47465053
47465054
47465055
47465056
47465057
47465058
47465059
47465060
47465061
47465062
47465063
47465064
47465065
47465066
47465067
47465068
47465069
47465070
47465071
47465072
47465073
47465074
47465075
47465076
47465077
47465078
47465079
47465080
47465081
47465082
47465083
47465084
47465085
47465086
47465087
47465088
47465089
47465090
47465091
47465092
47465093
47465094
47465095
47465096
47465097
47465098
47465099
47465100
47465101
47465102
47465103
47465104
47465105
47465106
47465107
47465108
47465109
47465110
47465111
47465112
47465113
47465114
47465115
47465116
47465117
47465118
47465119
47465120
47465121
47465122
47465123
47465124
47465125
47465126
47465127
47465128
47465129
47465130
47465131
47465132
47465133
47465134
47465135
47465136
47465137
47465138
47465139
47465140
47465141
47465142
47465143
47465144
47465145
47465146
47465147
47465148
47465149
47465150
47465151
47465152
47465153
47465154
47465155
47465156
47465157
47465158
47465159
47465160
47465161
47465162
47465163
47465164
47465165
47465166
47465167
47465168
47465169
47465170
47465171
47465172
47465173
47465174
47465175
47465176
47465177
47465178
47465179
47465180
47465181
47465182
47465183
47465184
47465185
47465186
47465187
47465188
47465189
47465190
47465191
47465192
47465193
47465194
47465195
47465196
47465197
47465198
47465199
47465200
47465201
47465202
47465203
47465204
47465205
47465206
47465207
47465208
47465209
47465210
47465211
47465212
47465213
47465214
47465215
47465216
47465217
47465218
47465219
47465220
47465221
47465222
47465223
47465224
47465225
47465226
47465227
47465228
47465229
47465230
47465231
47465232
47465233
47465234
47465235
47465236
47465237
47465238
47465239
47465240
47465241
47465242
47465243
47465244
47465245
47465246
47465247
47465248
47465249
47465250
47465251
47465252
47465253
47465254
47465255
47465256
47465257
47465258
47465259
47465260
47465261
47465262
47465263
47465264
47465265
47465266
47465267
47465268
47465269
47465270
47465271
47465272
47465273
47465274
47465275
47465276
47465277
47465278
47465279
47465280
47465281
47465282
47465283
47465284
47465285
47465286
47465287
47465288
47465289
47465290
47465291
47465292
47465293
47465294
47465295
47465296
47465297
47465298
47465299
47465300
47465301
47465302
47465303
47465304
47465305
47465306
47465307
47465308
47465309
47465310
47465311
47465312
47465313
47465314
47465315
47465316
47465317
47465318
47465319
47465320
47465321
47465322
47465323
47465324
47465325
47465326
47465327
47465328
47465329
47465330
47465331
47465332
47465333
47465334
47465335
47465336
47465337
47465338
47465339
47465340
47465341
47465342
47465343
47465344
47465345
47465346
47465347
47465348
47465349
47465350
47465351
47465352
47465353
47465354
47465355
47465356
47465357
47465358
47465359
47465360
47465361
47465362
47465363
47465364
47465365
47465366
47465367
47465368
47465369
47465370
47465371
47465372
47465373
47465374
47465375
47465376
47465377
47465378
47465379
47465380
47465381
47465382
47465383
47465384
47465385
47465386
47465387
47465388
47465389
47465390
47465391
47465392
47465393
47465394
47465395
47465396
47465397
47465398
47465399
47465400
47465401
47465402
47465403
47465404
47465405
47465406
47465407
47465408
47465409
47465410
47465411
47465412
47465413
47465414
47465415
47465416
47465417
47465418
47465419
47465420
47465421
47465422
47465423
47465424
47465425
47465426
47465427
47465428
47465429
47465430
47465431
47465432
47465433
47465434
47465435
47465436
47465437
47465438
47465439
47465440
47465441
47465442
47465443
47465444
47465445
47465446
47465447
47465448
47465449
47465450
47465451
47465452
47465453
47465454
47465455
47465456
47465457
47465458
47465459
47465460
47465461
47465462
47465463
47465464
47465465
47465466
47465467
47465468
47465469
47465470
47465471
47465472
47465473
47465474
47465475
47465476
47465477
47465478
47465479
47465480
47465481
47465482
47465483
47465484
47465485
47465486
47465487
47465488
47465489
47465490
47465491
47465492
47465493
47465494
47465495
47465496
47465497
47465498
47465499
47465500
47465501
47465502
47465503
47465504
47465505
47465506
47465507
47465508
47465509
47465510
47465511
47465512
47465513
47465514
47465515
47465516
47465517
47465518
47465519
47465520
47465521
47465522
47465523
47465524
47465525
47465526
47465527
47465528
47465529
47465530
47465531
47465532
47465533
47465534
47465535
47465536
47465537
47465538
47465539
47465540
47465541
47465542
47465543
47465544
47465545
47465546
47465547
47465548
47465549
47465550
47465551
47465552
47465553
47465554
47465555
47465556
47465557
47465558
47465559
47465560
47465561
47465562
47465563
47465564
47465565
47465566
47465567
47465568
47465569
47465570
47465571
47465572
47465573
47465574
47465575
47465576
47465577
47465578
47465579
47465580
47465581
47465582
47465583
47465584
47465585
47465586
47465587
47465588
47465589
47465590
47465591
47465592
47465593
47465594
47465595
47465596
47465597
47465598
47465599
47465600
47465601
47465602
47465603
47465604
47465605
47465606
47465607
47465608
47465609
47465610
47465611
47465612
47465613
47465614
47465615
47465616
47465617
47465618
47465619
47465620
47465621
47465622
47465623
47465624
47465625
47465626
47465627
47465628
47465629
47465630
47465631
47465632
47465633
47465634
47465635
47465636
47465637
47465638
47465639
47465640
47465641
47465642
47465643
47465644
47465645
47465646
47465647
47465648
47465649
47465650
47465651
47465652
47465653
47465654
47465655
47465656
47465657
47465658
47465659
47465660
47465661
47465662
47465663
47465664
47465665
47465666
47465667
47465668
47465669
47465670
47465671
47465672
47465673
47465674
47465675
47465676
47465677
47465678
47465679
47465680
47465681
47465682
47465683
47465684
47465685
47465686
47465687
47465688
47465689
47465690
47465691
47465692
47465693
47465694
47465695
47465696
47465697
47465698
47465699
47465700
47465701
47465702
47465703
47465704
47465705
47465706
47465707
47465708
47465709
47465710
47465711
47465712
47465713
47465714
47465715
47465716
47465717
47465718
47465719
47465720
47465721
47465722
47465723
47465724
47465725
47465726
47465727
47465728
47465729
47465730
47465731
47465732
47465733
47465734
47465735
47465736
47465737
47465738
47465739
47465740
47465741
47465742
47465743
47465744
47465745
47465746
47465747
47465748
47465749
47465750
47465751
47465752
47465753
47465754
47465755
47465756
47465757
47465758
47465759
47465760
47465761
47465762
47465763
47465764
47465765
47465766
47465767
47465768
47465769
47465770
47465771
47465772
47465773
47465774
47465775
47465776
47465777
47465778
47465779
47465780
47465781
47465782
47465783
47465784
47465785
47465786
47465787
47465788
47465789
47465790
47465791
47465792
47465793
47465794
47465795
47465796
47465797
47465798
47465799
47465800
47465801
47465802
47465803
47465804
47465805
47465806
47465807
47465808
47465809
47465810
47465811
47465812
47465813
47465814
47465815
47465816
47465817
47465818
47465819
47465820
47465821
47465822
47465823
47465824
47465825
47465826
47465827
47465828
47465829
47465830
47465831
47465832
47465833
47465834
47465835
47465836
47465837
47465838
47465839
47465840
47465841
47465842
47465843
47465844
47465845
47465846
47465847
47465848
47465849
47465850
47465851
47465852
47465853
47465854
47465855
47465856
47465857
47465858
47465859
47465860
47465861
47465862
47465863
47465864
47465865
47465866
47465867
47465868
47465869
47465870
47465871
47465872
47465873
47465874
47465875
47465876
47465877
47465878
47465879
47465880
47465881
47465882
47465883
47465884
47465885
47465886
47465887
47465888
47465889
47465890
47465891
47465892
47465893
47465894
47465895
47465896
47465897
47465898
47465899
47465900
47465901
47465902
47465903
47465904
47465905
47465906
47465907
47465908
47465909
47465910
47465911
47465912
47465913
47465914
47465915
47465916
47465917
47465918
47465919
47465920
47465921
47465922
47465923
47465924
47465925
47465926
47465927
47465928
47465929
47465930
47465931
47465932
47465933
47465934
47465935
47465936
47465937
47465938
47465939
47465940
47465941
47465942
47465943
47465944
47465945
47465946
47465947
47465948
47465949
47465950
47465951
47465952
47465953
47465954
47465955
47465956
47465957
47465958
47465959
47465960
47465961
47465962
47465963
47465964
47465965
47465966
47465967
47465968
47465969
47465970
47465971
47465972
47465973
47465974
47465975
47465976
47465977
47465978
47465979
47465980
47465981
47465982
47465983
47465984
47465985
47465986
47465987
47465988
47465989
47465990
47465991
47465992
47465993
47465994
47465995
47465996
47465997
47465998
47465999
47466000
47466001
47466002
47466003
47466004
47466005
47466006
47466007
47466008
47466009
47466010
47466011
47466012
47466013
47466014
47466015
47466016
47466017
47466018
47466019
47466020
47466021
47466022
47466023
47466024
47466025
47466026
47466027
47466028
47466029
47466030
47466031
47466032
47466033
47466034
47466035
47466036
47466037
47466038
47466039
47466040
47466041
47466042
47466043
47466044
47466045
47466046
47466047
47466048
47466049
47466050
47466051
47466052
47466053
47466054
47466055
47466056
47466057
47466058
47466059
47466060
47466061
47466062
47466063
47466064
47466065
47466066
47466067
47466068
47466069
47466070
47466071
47466072
47466073
47466074
47466075
47466076
47466077
47466078
47466079
47466080
47466081
47466082
47466083
47466084
47466085
47466086
47466087
47466088
47466089
47466090
47466091
47466092
47466093
47466094
47466095
47466096
47466097
47466098
47466099
47466100
47466101
47466102
47466103
47466104
47466105
47466106
47466107
47466108
47466109
47466110
47466111
47466112
47466113
47466114
47466115
47466116
47466117
47466118
47466119
47466120
47466121
47466122
47466123
47466124
47466125
47466126
47466127
47466128
47466129
47466130
47466131
47466132
47466133
47466134
47466135
47466136
47466137
47466138
47466139
47466140
47466141
47466142
47466143
47466144
47466145
47466146
47466147
47466148
47466149
47466150
47466151
47466152
47466153
47466154
47466155
47466156
47466157
47466158
47466159
47466160
47466161
47466162
47466163
47466164
47466165
47466166
47466167
47466168
47466169
47466170
47466171
47466172
47466173
47466174
47466175
47466176
47466177
47466178
47466179
47466180
47466181
47466182
47466183
47466184
47466185
47466186
47466187
47466188
47466189
47466190
47466191
47466192
47466193
47466194
47466195
47466196
47466197
47466198
47466199
47466200
47466201
47466202
47466203
47466204
47466205
47466206
47466207
47466208
47466209
47466210
47466211
47466212
47466213
47466214
47466215
47466216
47466217
47466218
47466219
47466220
47466221
47466222
47466223
47466224
47466225
47466226
47466227
47466228
47466229
47466230
47466231
47466232
47466233
47466234
47466235
47466236
47466237
47466238
47466239
47466240
47466241
47466242
47466243
47466244
47466245
47466246
47466247
47466248
47466249
47466250
47466251
47466252
47466253
47466254
47466255
47466256
47466257
47466258
47466259
47466260
47466261
47466262
47466263
47466264
47466265
47466266
47466267
47466268
47466269
47466270
47466271
47466272
47466273
47466274
47466275
47466276
47466277
47466278
47466279
47466280
47466281
47466282
47466283
47466284
47466285
47466286
47466287
47466288
47466289
47466290
47466291
47466292
47466293
47466294
47466295
47466296
47466297
47466298
47466299
47466300
47466301
47466302
47466303
47466304
47466305
47466306
47466307
47466308
47466309
47466310
47466311
47466312
47466313
47466314
47466315
47466316
47466317
47466318
47466319
47466320
47466321
47466322
47466323
47466324
47466325
47466326
47466327
47466328
47466329
47466330
47466331
47466332
47466333
47466334
47466335
47466336
47466337
47466338
47466339
47466340
47466341
47466342
47466343
47466344
47466345
47466346
47466347
47466348
47466349
47466350
47466351
47466352
47466353
47466354
47466355
47466356
47466357
47466358
47466359
47466360
47466361
47466362
47466363
47466364
47466365
47466366
47466367
47466368
47466369
47466370
47466371
47466372
47466373
47466374
47466375
47466376
47466377
47466378
47466379
47466380
47466381
47466382
47466383
47466384
47466385
47466386
47466387
47466388
47466389
47466390
47466391
47466392
47466393
47466394
47466395
47466396
47466397
47466398
47466399
47466400
47466401
47466402
47466403
47466404
47466405
47466406
47466407
47466408
47466409
47466410
47466411
47466412
47466413
47466414
47466415
47466416
47466417
47466418
47466419
47466420
47466421
47466422
47466423
47466424
47466425
47466426
47466427
47466428
47466429
47466430
47466431
47466432
47466433
47466434
47466435
47466436
47466437
47466438
47466439
47466440
47466441
47466442
47466443
47466444
47466445
47466446
47466447
47466448
47466449
47466450
47466451
47466452
47466453
47466454
47466455
47466456
47466457
47466458
47466459
47466460
47466461
47466462
47466463
47466464
47466465
47466466
47466467
47466468
47466469
47466470
47466471
47466472
47466473
47466474
47466475
47466476
47466477
47466478
47466479
47466480
47466481
47466482
47466483
47466484
47466485
47466486
47466487
47466488
47466489
47466490
47466491
47466492
47466493
47466494
47466495
47466496
47466497
47466498
47466499
47466500
47466501
47466502
47466503
47466504
47466505
47466506
47466507
47466508
47466509
47466510
47466511
47466512
47466513
47466514
47466515
47466516
47466517
47466518
47466519
47466520
47466521
47466522
47466523
47466524
47466525
47466526
47466527
47466528
47466529
47466530
47466531
47466532
47466533
47466534
47466535
47466536
47466537
47466538
47466539
47466540
47466541
47466542
47466543
47466544
47466545
47466546
47466547
47466548
47466549
47466550
47466551
47466552
47466553
47466554
47466555
47466556
47466557
47466558
47466559
47466560
47466561
47466562
47466563
47466564
47466565
47466566
47466567
47466568
47466569
47466570
47466571
47466572
47466573
47466574
47466575
47466576
47466577
47466578
47466579
47466580
47466581
47466582
47466583
47466584
47466585
47466586
47466587
47466588
47466589
47466590
47466591
47466592
47466593
47466594
47466595
47466596
47466597
47466598
47466599
47466600
47466601
47466602
47466603
47466604
47466605
47466606
47466607
47466608
47466609
47466610
47466611
47466612
47466613
47466614
47466615
47466616
47466617
47466618
47466619
47466620
47466621
47466622
47466623
47466624
47466625
47466626
47466627
47466628
47466629
47466630
47466631
47466632
47466633
47466634
47466635
47466636
47466637
47466638
47466639
47466640
47466641
47466642
47466643
47466644
47466645
47466646
47466647
47466648
47466649
47466650
47466651
47466652
47466653
47466654
47466655
47466656
47466657
47466658
47466659
47466660
47466661
47466662
47466663
47466664
47466665
47466666
47466667
47466668
47466669
47466670
47466671
47466672
47466673
47466674
47466675
47466676
47466677
47466678
47466679
47466680
47466681
47466682
47466683
47466684
47466685
47466686
47466687
47466688
47466689
47466690
47466691
47466692
47466693
47466694
47466695
47466696
47466697
47466698
47466699
47466700
47466701
47466702
47466703
47466704
47466705
47466706
47466707
47466708
47466709
47466710
47466711
47466712
47466713
47466714
47466715
47466716
47466717
47466718
47466719
47466720
47466721
47466722
47466723
47466724
47466725
47466726
47466727
47466728
47466729
47466730
47466731
47466732
47466733
47466734
47466735
47466736
47466737
47466738
47466739
47466740
47466741
47466742
47466743
47466744
47466745
47466746
47466747
47466748
47466749
47466750
47466751
47466752
47466753
47466754
47466755
47466756
47466757
47466758
47466759
47466760
47466761
47466762
47466763
47466764
47466765
47466766
47466767
47466768
47466769
47466770
47466771
47466772
47466773
47466774
47466775
47466776
47466777
47466778
47466779
47466780
47466781
47466782
47466783
47466784
47466785
47466786
47466787
47466788
47466789
47466790
47466791
47466792
47466793
47466794
47466795
47466796
47466797
47466798
47466799
47466800
47466801
47466802
47466803
47466804
47466805
47466806
47466807
47466808
47466809
47466810
47466811
47466812
47466813
47466814
47466815
47466816
47466817
47466818
47466819
47466820
47466821
47466822
47466823
47466824
47466825
47466826
47466827
47466828
47466829
47466830
47466831
47466832
47466833
47466834
47466835
47466836
47466837
47466838
47466839
47466840
47466841
47466842
47466843
47466844
47466845
47466846
47466847
47466848
47466849
47466850
47466851
47466852
47466853
47466854
47466855
47466856
47466857
47466858
47466859
47466860
47466861
47466862
47466863
47466864
47466865
47466866
47466867
47466868
47466869
47466870
47466871
47466872
47466873
47466874
47466875
47466876
47466877
47466878
47466879
47466880
47466881
47466882
47466883
47466884
47466885
47466886
47466887
47466888
47466889
47466890
47466891
47466892
47466893
47466894
47466895
47466896
47466897
47466898
47466899
47466900
47466901
47466902
47466903
47466904
47466905
47466906
47466907
47466908
47466909
47466910
47466911
47466912
47466913
47466914
47466915
47466916
47466917
47466918
47466919
47466920
47466921
47466922
47466923
47466924
47466925
47466926
47466927
47466928
47466929
47466930
47466931
47466932
47466933
47466934
47466935
47466936
47466937
47466938
47466939
47466940
47466941
47466942
47466943
47466944
47466945
47466946
47466947
47466948
47466949
47466950
47466951
47466952
47466953
47466954
47466955
47466956
47466957
47466958
47466959
47466960
47466961
47466962
47466963
47466964
47466965
47466966
47466967
47466968
47466969
47466970
47466971
47466972
47466973
47466974
47466975
47466976
47466977
47466978
47466979
47466980
47466981
47466982
47466983
47466984
47466985
47466986
47466987
47466988
47466989
47466990
47466991
47466992
47466993
47466994
47466995
47466996
47466997
47466998
47466999
47467000
47467001
47467002
47467003
47467004
47467005
47467006
47467007
47467008
47467009
47467010
47467011
47467012
47467013
47467014
47467015
47467016
47467017
47467018
47467019
47467020
47467021
47467022
47467023
47467024
47467025
47467026
47467027
47467028
47467029
47467030
47467031
47467032
47467033
47467034
47467035
47467036
47467037
47467038
47467039
47467040
47467041
47467042
47467043
47467044
47467045
47467046
47467047
47467048
47467049
47467050
47467051
47467052
47467053
47467054
47467055
47467056
47467057
47467058
47467059
47467060
47467061
47467062
47467063
47467064
47467065
47467066
47467067
47467068
47467069
47467070
47467071
47467072
47467073
47467074
47467075
47467076
47467077
47467078
47467079
47467080
47467081
47467082
47467083
47467084
47467085
47467086
47467087
47467088
47467089
47467090
47467091
47467092
47467093
47467094
47467095
47467096
47467097
47467098
47467099
47467100
47467101
47467102
47467103
47467104
47467105
47467106
47467107
47467108
47467109
47467110
47467111
47467112
47467113
47467114
47467115
47467116
47467117
47467118
47467119
47467120
47467121
47467122
47467123
47467124
47467125
47467126
47467127
47467128
47467129
47467130
47467131
47467132
47467133
47467134
47467135
47467136
47467137
47467138
47467139
47467140
47467141
47467142
47467143
47467144
47467145
47467146
47467147
47467148
47467149
47467150
47467151
47467152
47467153
47467154
47467155
47467156
47467157
47467158
47467159
47467160
47467161
47467162
47467163
47467164
47467165
47467166
47467167
47467168
47467169
47467170
47467171
47467172
47467173
47467174
47467175
47467176
47467177
47467178
47467179
47467180
47467181
47467182
47467183
47467184
47467185
47467186
47467187
47467188
47467189
47467190
47467191
47467192
47467193
47467194
47467195
47467196
47467197
47467198
47467199
47467200
47467201
47467202
47467203
47467204
47467205
47467206
47467207
47467208
47467209
47467210
47467211
47467212
47467213
47467214
47467215
47467216
47467217
47467218
47467219
47467220
47467221
47467222
47467223
47467224
47467225
47467226
47467227
47467228
47467229
47467230
47467231
47467232
47467233
47467234
47467235
47467236
47467237
47467238
47467239
47467240
47467241
47467242
47467243
47467244
47467245
47467246
47467247
47467248
47467249
47467250
47467251
47467252
47467253
47467254
47467255
47467256
47467257
47467258
47467259
47467260
47467261
47467262
47467263
47467264
47467265
47467266
47467267
47467268
47467269
47467270
47467271
47467272
47467273
47467274
47467275
47467276
47467277
47467278
47467279
47467280
47467281
47467282
47467283
47467284
47467285
47467286
47467287
47467288
47467289
47467290
47467291
47467292
47467293
47467294
47467295
47467296
47467297
47467298
47467299
47467300
47467301
47467302
47467303
47467304
47467305
47467306
47467307
47467308
47467309
47467310
47467311
47467312
47467313
47467314
47467315
47467316
47467317
47467318
47467319
47467320
47467321
47467322
47467323
47467324
47467325
47467326
47467327
47467328
47467329
47467330
47467331
47467332
47467333
47467334
47467335
47467336
47467337
47467338
47467339
47467340
47467341
47467342
47467343
47467344
47467345
47467346
47467347
47467348
47467349
47467350
47467351
47467352
47467353
47467354
47467355
47467356
47467357
47467358
47467359
47467360
47467361
47467362
47467363
47467364
47467365
47467366
47467367
47467368
47467369
47467370
47467371
47467372
47467373
47467374
47467375
47467376
47467377
47467378
47467379
47467380
47467381
47467382
47467383
47467384
47467385
47467386
47467387
47467388
47467389
47467390
47467391
47467392
47467393
47467394
47467395
47467396
47467397
47467398
47467399
47467400
47467401
47467402
47467403
47467404
47467405
47467406
47467407
47467408
47467409
47467410
47467411
47467412
47467413
47467414
47467415
47467416
47467417
47467418
47467419
47467420
47467421
47467422
47467423
47467424
47467425
47467426
47467427
47467428
47467429
47467430
47467431
47467432
47467433
47467434
47467435
47467436
47467437
47467438
47467439
47467440
47467441
47467442
47467443
47467444
47467445
47467446
47467447
47467448
47467449
47467450
47467451
47467452
47467453
47467454
47467455
47467456
47467457
47467458
47467459
47467460
47467461
47467462
47467463
47467464
47467465
47467466
47467467
47467468
47467469
47467470
47467471
47467472
47467473
47467474
47467475
47467476
47467477
47467478
47467479
47467480
47467481
47467482
47467483
47467484
47467485
47467486
47467487
47467488
47467489
47467490
47467491
47467492
47467493
47467494
47467495
47467496
47467497
47467498
47467499
47467500
47467501
47467502
47467503
47467504
47467505
47467506
47467507
47467508
47467509
47467510
47467511
47467512
47467513
47467514
47467515
47467516
47467517
47467518
47467519
47467520
47467521
47467522
47467523
47467524
47467525
47467526
47467527
47467528
47467529
47467530
47467531
47467532
47467533
47467534
47467535
47467536
47467537
47467538
47467539
47467540
47467541
47467542
47467543
47467544
47467545
47467546
47467547
47467548
47467549
47467550
47467551
47467552
47467553
47467554
47467555
47467556
47467557
47467558
47467559
47467560
47467561
47467562
47467563
47467564
47467565
47467566
47467567
47467568
47467569
47467570
47467571
47467572
47467573
47467574
47467575
47467576
47467577
47467578
47467579
47467580
47467581
47467582
47467583
47467584
47467585
47467586
47467587
47467588
47467589
47467590
47467591
47467592
47467593
47467594
47467595
47467596
47467597
47467598
47467599
47467600
47467601
47467602
47467603
47467604
47467605
47467606
47467607
47467608
47467609
47467610
47467611
47467612
47467613
47467614
47467615
47467616
47467617
47467618
47467619
47467620
47467621
47467622
47467623
47467624
47467625
47467626
47467627
47467628
47467629
47467630
47467631
47467632
47467633
47467634
47467635
47467636
47467637
47467638
47467639
47467640
47467641
47467642
47467643
47467644
47467645
47467646
47467647
47467648
47467649
47467650
47467651
47467652
47467653
47467654
47467655
47467656
47467657
47467658
47467659
47467660
47467661
47467662
47467663
47467664
47467665
47467666
47467667
47467668
47467669
47467670
47467671
47467672
47467673
47467674
47467675
47467676
47467677
47467678
47467679
47467680
47467681
47467682
47467683
47467684
47467685
47467686
47467687
47467688
47467689
47467690
47467691
47467692
47467693
47467694
47467695
47467696
47467697
47467698
47467699
47467700
47467701
47467702
47467703
47467704
47467705
47467706
47467707
47467708
47467709
47467710
47467711
47467712
47467713
47467714
47467715
47467716
47467717
47467718
47467719
47467720
47467721
47467722
47467723
47467724
47467725
47467726
47467727
47467728
47467729
47467730
47467731
47467732
47467733
47467734
47467735
47467736
47467737
47467738
47467739
47467740
47467741
47467742
47467743
47467744
47467745
47467746
47467747
47467748
47467749
47467750
47467751
47467752
47467753
47467754
47467755
47467756
47467757
47467758
47467759
47467760
47467761
47467762
47467763
47467764
47467765
47467766
47467767
47467768
47467769
47467770
47467771
47467772
47467773
47467774
47467775
47467776
47467777
47467778
47467779
47467780
47467781
47467782
47467783
47467784
47467785
47467786
47467787
47467788
47467789
47467790
47467791
47467792
47467793
47467794
47467795
47467796
47467797
47467798
47467799
47467800
47467801
47467802
47467803
47467804
47467805
47467806
47467807
47467808
47467809
47467810
47467811
47467812
47467813
47467814
47467815
47467816
47467817
47467818
47467819
47467820
47467821
47467822
47467823
47467824
47467825
47467826
47467827
47467828
47467829
47467830
47467831
47467832
47467833
47467834
47467835
47467836
47467837
47467838
47467839
47467840
47467841
47467842
47467843
47467844
47467845
47467846
47467847
47467848
47467849
47467850
47467851
47467852
47467853
47467854
47467855
47467856
47467857
47467858
47467859
47467860
47467861
47467862
47467863
47467864
47467865
47467866
47467867
47467868
47467869
47467870
47467871
47467872
47467873
47467874
47467875
47467876
47467877
47467878
47467879
47467880
47467881
47467882
47467883
47467884
47467885
47467886
47467887
47467888
47467889
47467890
47467891
47467892
47467893
47467894
47467895
47467896
47467897
47467898
47467899
47467900
47467901
47467902
47467903
47467904
47467905
47467906
47467907
47467908
47467909
47467910
47467911
47467912
47467913
47467914
47467915
47467916
47467917
47467918
47467919
47467920
47467921
47467922
47467923
47467924
47467925
47467926
47467927
47467928
47467929
47467930
47467931
47467932
47467933
47467934
47467935
47467936
47467937
47467938
47467939
47467940
47467941
47467942
47467943
47467944
47467945
47467946
47467947
47467948
47467949
47467950
47467951
47467952
47467953
47467954
47467955
47467956
47467957
47467958
47467959
47467960
47467961
47467962
47467963
47467964
47467965
47467966
47467967
47467968
47467969
47467970
47467971
47467972
47467973
47467974
47467975
47467976
47467977
47467978
47467979
47467980
47467981
47467982
47467983
47467984
47467985
47467986
47467987
47467988
47467989
47467990
47467991
47467992
47467993
47467994
47467995
47467996
47467997
47467998
47467999
47468000
47468001
47468002
47468003
47468004
47468005
47468006
47468007
47468008
47468009
47468010
47468011
47468012
47468013
47468014
47468015
47468016
47468017
47468018
47468019
47468020
47468021
47468022
47468023
47468024
47468025
47468026
47468027
47468028
47468029
47468030
47468031
47468032
47468033
47468034
47468035
47468036
47468037
47468038
47468039
47468040
47468041
47468042
47468043
47468044
47468045
47468046
47468047
47468048
47468049
47468050
47468051
47468052
47468053
47468054
47468055
47468056
47468057
47468058
47468059
47468060
47468061
47468062
47468063
47468064
47468065
47468066
47468067
47468068
47468069
47468070
47468071
47468072
47468073
47468074
47468075
47468076
47468077
47468078
47468079
47468080
47468081
47468082
47468083
47468084
47468085
47468086
47468087
47468088
47468089
47468090
47468091
47468092
47468093
47468094
47468095
47468096
47468097
47468098
47468099
47468100
47468101
47468102
47468103
47468104
47468105
47468106
47468107
47468108
47468109
47468110
47468111
47468112
47468113
47468114
47468115
47468116
47468117
47468118
47468119
47468120
47468121
47468122
47468123
47468124
47468125
47468126
47468127
47468128
47468129
47468130
47468131
47468132
47468133
47468134
47468135
47468136
47468137
47468138
47468139
47468140
47468141
47468142
47468143
47468144
47468145
47468146
47468147
47468148
47468149
47468150
47468151
47468152
47468153
47468154
47468155
47468156
47468157
47468158
47468159
47468160
47468161
47468162
47468163
47468164
47468165
47468166
47468167
47468168
47468169
47468170
47468171
47468172
47468173
47468174
47468175
47468176
47468177
47468178
47468179
47468180
47468181
47468182
47468183
47468184
47468185
47468186
47468187
47468188
47468189
47468190
47468191
47468192
47468193
47468194
47468195
47468196
47468197
47468198
47468199
47468200
47468201
47468202
47468203
47468204
47468205
47468206
47468207
47468208
47468209
47468210
47468211
47468212
47468213
47468214
47468215
47468216
47468217
47468218
47468219
47468220
47468221
47468222
47468223
47468224
47468225
47468226
47468227
47468228
47468229
47468230
47468231
47468232
47468233
47468234
47468235
47468236
47468237
47468238
47468239
47468240
47468241
47468242
47468243
47468244
47468245
47468246
47468247
47468248
47468249
47468250
47468251
47468252
47468253
47468254
47468255
47468256
47468257
47468258
47468259
47468260
47468261
47468262
47468263
47468264
47468265
47468266
47468267
47468268
47468269
47468270
47468271
47468272
47468273
47468274
47468275
47468276
47468277
47468278
47468279
47468280
47468281
47468282
47468283
47468284
47468285
47468286
47468287
47468288
47468289
47468290
47468291
47468292
47468293
47468294
47468295
47468296
47468297
47468298
47468299
47468300
47468301
47468302
47468303
47468304
47468305
47468306
47468307
47468308
47468309
47468310
47468311
47468312
47468313
47468314
47468315
47468316
47468317
47468318
47468319
47468320
47468321
47468322
47468323
47468324
47468325
47468326
47468327
47468328
47468329
47468330
47468331
47468332
47468333
47468334
47468335
47468336
47468337
47468338
47468339
47468340
47468341
47468342
47468343
47468344
47468345
47468346
47468347
47468348
47468349
47468350
47468351
47468352
47468353
47468354
47468355
47468356
47468357
47468358
47468359
47468360
47468361
47468362
47468363
47468364
47468365
47468366
47468367
47468368
47468369
47468370
47468371
47468372
47468373
47468374
47468375
47468376
47468377
47468378
47468379
47468380
47468381
47468382
47468383
47468384
47468385
47468386
47468387
47468388
47468389
47468390
47468391
47468392
47468393
47468394
47468395
47468396
47468397
47468398
47468399
47468400
47468401
47468402
47468403
47468404
47468405
47468406
47468407
47468408
47468409
47468410
47468411
47468412
47468413
47468414
47468415
47468416
47468417
47468418
47468419
47468420
47468421
47468422
47468423
47468424
47468425
47468426
47468427
47468428
47468429
47468430
47468431
47468432
47468433
47468434
47468435
47468436
47468437
47468438
47468439
47468440
47468441
47468442
47468443
47468444
47468445
47468446
47468447
47468448
47468449
47468450
47468451
47468452
47468453
47468454
47468455
47468456
47468457
47468458
47468459
47468460
47468461
47468462
47468463
47468464
47468465
47468466
47468467
47468468
47468469
47468470
47468471
47468472
47468473
47468474
47468475
47468476
47468477
47468478
47468479
47468480
47468481
47468482
47468483
47468484
47468485
47468486
47468487
47468488
47468489
47468490
47468491
47468492
47468493
47468494
47468495
47468496
47468497
47468498
47468499
47468500
47468501
47468502
47468503
47468504
47468505
47468506
47468507
47468508
47468509
47468510
47468511
47468512
47468513
47468514
47468515
47468516
47468517
47468518
47468519
47468520
47468521
47468522
47468523
47468524
47468525
47468526
47468527
47468528
47468529
47468530
47468531
47468532
47468533
47468534
47468535
47468536
47468537
47468538
47468539
47468540
47468541
47468542
47468543
47468544
47468545
47468546
47468547
47468548
47468549
47468550
47468551
47468552
47468553
47468554
47468555
47468556
47468557
47468558
47468559
47468560
47468561
47468562
47468563
47468564
47468565
47468566
47468567
47468568
47468569
47468570
47468571
47468572
47468573
47468574
47468575
47468576
47468577
47468578
47468579
47468580
47468581
47468582
47468583
47468584
47468585
47468586
47468587
47468588
47468589
47468590
47468591
47468592
47468593
47468594
47468595
47468596
47468597
47468598
47468599
47468600
47468601
47468602
47468603
47468604
47468605
47468606
47468607
47468608
47468609
47468610
47468611
47468612
47468613
47468614
47468615
47468616
47468617
47468618
47468619
47468620
47468621
47468622
47468623
47468624
47468625
47468626
47468627
47468628
47468629
47468630
47468631
47468632
47468633
47468634
47468635
47468636
47468637
47468638
47468639
47468640
47468641
47468642
47468643
47468644
47468645
47468646
47468647
47468648
47468649
47468650
47468651
47468652
47468653
47468654
47468655
47468656
47468657
47468658
47468659
47468660
47468661
47468662
47468663
47468664
47468665
47468666
47468667
47468668
47468669
47468670
47468671
47468672
47468673
47468674
47468675
47468676
47468677
47468678
47468679
47468680
47468681
47468682
47468683
47468684
47468685
47468686
47468687
47468688
47468689
47468690
47468691
47468692
47468693
47468694
47468695
47468696
47468697
47468698
47468699
47468700
47468701
47468702
47468703
47468704
47468705
47468706
47468707
47468708
47468709
47468710
47468711
47468712
47468713
47468714
47468715
47468716
47468717
47468718
47468719
47468720
47468721
47468722
47468723
47468724
47468725
47468726
47468727
47468728
47468729
47468730
47468731
47468732
47468733
47468734
47468735
47468736
47468737
47468738
47468739
47468740
47468741
47468742
47468743
47468744
47468745
47468746
47468747
47468748
47468749
47468750
47468751
47468752
47468753
47468754
47468755
47468756
47468757
47468758
47468759
47468760
47468761
47468762
47468763
47468764
47468765
47468766
47468767
47468768
47468769
47468770
47468771
47468772
47468773
47468774
47468775
47468776
47468777
47468778
47468779
47468780
47468781
47468782
47468783
47468784
47468785
47468786
47468787
47468788
47468789
47468790
47468791
47468792
47468793
47468794
47468795
47468796
47468797
47468798
47468799
47468800
47468801
47468802
47468803
47468804
47468805
47468806
47468807
47468808
47468809
47468810
47468811
47468812
47468813
47468814
47468815
47468816
47468817
47468818
47468819
47468820
47468821
47468822
47468823
47468824
47468825
47468826
47468827
47468828
47468829
47468830
47468831
47468832
47468833
47468834
47468835
47468836
47468837
47468838
47468839
47468840
47468841
47468842
47468843
47468844
47468845
47468846
47468847
47468848
47468849
47468850
47468851
47468852
47468853
47468854
47468855
47468856
47468857
47468858
47468859
47468860
47468861
47468862
47468863
47468864
47468865
47468866
47468867
47468868
47468869
47468870
47468871
47468872
47468873
47468874
47468875
47468876
47468877
47468878
47468879
47468880
47468881
47468882
47468883
47468884
47468885
47468886
47468887
47468888
47468889
