4928890
4928891
4928892
4928893
4928894
4928895
4928896
4928897
4928898
4928899
4928900
4928901
4928902
4928903
4928904
4928905
4928906
4928907
4928908
4928909
4928910
4928911
4928912
4928913
4928914
4928915
4928916
4928917
4928918
4928919
4928920
4928921
4928922
4928923
4928924
4928925
4928926
4928927
4928928
4928929
4928930
4928931
4928932
4928933
4928934
4928935
4928936
4928937
4928938
4928939
4928940
4928941
4928942
4928943
4928944
4928945
4928946
4928947
4928948
4928949
4928950
4928951
4928952
4928953
4928954
4928955
4928956
4928957
4928958
4928959
4928960
4928961
4928962
4928963
4928964
4928965
4928966
4928967
4928968
4928969
4928970
4928971
4928972
4928973
4928974
4928975
4928976
4928977
4928978
4928979
4928980
4928981
4928982
4928983
4928984
4928985
4928986
4928987
4928988
4928989
4928990
4928991
4928992
4928993
4928994
4928995
4928996
4928997
4928998
4928999
4929000
4929001
4929002
4929003
4929004
4929005
4929006
4929007
4929008
4929009
4929010
4929011
4929012
4929013
4929014
4929015
4929016
4929017
4929018
4929019
4929020
4929021
4929022
4929023
4929024
4929025
4929026
4929027
4929028
4929029
4929030
4929031
4929032
4929033
4929034
4929035
4929036
4929037
4929038
4929039
4929040
4929041
4929042
4929043
4929044
4929045
4929046
4929047
4929048
4929049
4929050
4929051
4929052
4929053
4929054
4929055
4929056
4929057
4929058
4929059
4929060
4929061
4929062
4929063
4929064
4929065
4929066
4929067
4929068
4929069
4929070
4929071
4929072
4929073
4929074
4929075
4929076
4929077
4929078
4929079
4929080
4929081
4929082
4929083
4929084
4929085
4929086
4929087
4929088
4929089
4929090
4929091
4929092
4929093
4929094
4929095
4929096
4929097
4929098
4929099
4929100
4929101
4929102
4929103
4929104
4929105
4929106
4929107
4929108
4929109
4929110
4929111
4929112
4929113
4929114
4929115
4929116
4929117
4929118
4929119
4929120
4929121
4929122
4929123
4929124
4929125
4929126
4929127
4929128
4929129
4929130
4929131
4929132
4929133
4929134
4929135
4929136
4929137
4929138
4929139
4929140
4929141
4929142
4929143
4929144
4929145
4929146
4929147
4929148
4929149
4929150
4929151
4929152
4929153
4929154
4929155
4929156
4929157
4929158
4929159
4929160
4929161
4929162
4929163
4929164
4929165
4929166
4929167
4929168
4929169
4929170
4929171
4929172
4929173
4929174
4929175
4929176
4929177
4929178
4929179
4929180
4929181
4929182
4929183
4929184
4929185
4929186
4929187
4929188
4929189
4929190
4929191
4929192
4929193
4929194
4929195
4929196
4929197
4929198
4929199
4929200
4929201
4929202
4929203
4929204
4929205
4929206
4929207
4929208
4929209
4929210
4929211
4929212
4929213
4929214
4929215
4929216
4929217
4929218
4929219
4929220
4929221
4929222
4929223
4929224
4929225
4929226
4929227
4929228
4929229
4929230
4929231
4929232
4929233
4929234
4929235
4929236
4929237
4929238
4929239
4929240
4929241
4929242
4929243
4929244
4929245
4929246
4929247
4929248
4929249
4929250
4929251
4929252
4929253
4929254
4929255
4929256
4929257
4929258
4929259
4929260
4929261
4929262
4929263
4929264
4929265
4929266
4929267
4929268
4929269
4929270
4929271
4929272
4929273
4929274
4929275
4929276
4929277
4929278
4929279
4929280
4929281
4929282
4929283
4929284
4929285
4929286
4929287
4929288
4929289
4929290
4929291
4929292
4929293
4929294
4929295
4929296
4929297
4929298
4929299
4929300
4929301
4929302
4929303
4929304
4929305
4929306
4929307
4929308
4929309
4929310
4929311
4929312
4929313
4929314
4929315
4929316
4929317
4929318
4929319
4929320
4929321
4929322
4929323
4929324
4929325
4929326
4929327
4929328
4929329
4929330
4929331
4929332
4929333
4929334
4929335
4929336
4929337
4929338
4929339
4929340
4929341
4929342
4929343
4929344
4929345
4929346
4929347
4929348
4929349
4929350
4929351
4929352
4929353
4929354
4929355
4929356
4929357
4929358
4929359
4929360
4929361
4929362
4929363
4929364
4929365
4929366
4929367
4929368
4929369
4929370
4929371
4929372
4929373
4929374
4929375
4929376
4929377
4929378
4929379
4929380
4929381
4929382
4929383
4929384
4929385
4929386
4929387
4929388
4929389
4929390
4929391
4929392
4929393
4929394
4929395
4929396
4929397
4929398
4929399
4929400
4929401
4929402
4929403
4929404
4929405
4929406
4929407
4929408
4929409
4929410
4929411
4929412
4929413
4929414
4929415
4929416
4929417
4929418
4929419
4929420
4929421
4929422
4929423
4929424
4929425
4929426
4929427
4929428
4929429
4929430
4929431
4929432
4929433
4929434
4929435
4929436
4929437
4929438
4929439
4929440
4929441
4929442
4929443
4929444
4929445
4929446
4929447
4929448
4929449
4929450
4929451
4929452
4929453
4929454
4929455
4929456
4929457
4929458
4929459
4929460
4929461
4929462
4929463
4929464
4929465
4929466
4929467
4929468
4929469
4929470
4929471
4929472
4929473
4929474
4929475
4929476
4929477
4929478
4929479
4929480
4929481
4929482
4929483
4929484
4929485
4929486
4929487
4929488
4929489
4929490
4929491
4929492
4929493
4929494
4929495
4929496
4929497
4929498
4929499
4929500
4929501
4929502
4929503
4929504
4929505
4929506
4929507
4929508
4929509
4929510
4929511
4929512
4929513
4929514
4929515
4929516
4929517
4929518
4929519
4929520
4929521
4929522
4929523
4929524
4929525
4929526
4929527
4929528
4929529
4929530
4929531
4929532
4929533
4929534
4929535
4929536
4929537
4929538
4929539
4929540
4929541
4929542
4929543
4929544
4929545
4929546
4929547
4929548
4929549
4929550
4929551
4929552
4929553
4929554
4929555
4929556
4929557
4929558
4929559
4929560
4929561
4929562
4929563
4929564
4929565
4929566
4929567
4929568
4929569
4929570
4929571
4929572
4929573
4929574
4929575
4929576
4929577
4929578
4929579
4929580
4929581
4929582
4929583
4929584
4929585
4929586
4929587
4929588
4929589
4929590
4929591
4929592
4929593
4929594
4929595
4929596
4929597
4929598
4929599
4929600
4929601
4929602
4929603
4929604
4929605
4929606
4929607
4929608
4929609
4929610
4929611
4929612
4929613
4929614
4929615
4929616
4929617
4929618
4929619
4929620
4929621
4929622
4929623
4929624
4929625
4929626
4929627
4929628
4929629
4929630
4929631
4929632
4929633
4929634
4929635
4929636
4929637
4929638
4929639
4929640
4929641
4929642
4929643
4929644
4929645
4929646
4929647
4929648
4929649
4929650
4929651
4929652
4929653
4929654
4929655
4929656
4929657
4929658
4929659
4929660
4929661
4929662
4929663
4929664
4929665
4929666
4929667
4929668
4929669
4929670
4929671
4929672
4929673
4929674
4929675
4929676
4929677
4929678
4929679
4929680
4929681
4929682
4929683
4929684
4929685
4929686
4929687
4929688
4929689
4929690
4929691
4929692
4929693
4929694
4929695
4929696
4929697
4929698
4929699
4929700
4929701
4929702
4929703
4929704
4929705
4929706
4929707
4929708
4929709
4929710
4929711
4929712
4929713
4929714
4929715
4929716
4929717
4929718
4929719
4929720
4929721
4929722
4929723
4929724
4929725
4929726
4929727
4929728
4929729
4929730
4929731
4929732
4929733
4929734
4929735
4929736
4929737
4929738
4929739
4929740
4929741
4929742
4929743
4929744
4929745
4929746
4929747
4929748
4929749
4929750
4929751
4929752
4929753
4929754
4929755
4929756
4929757
4929758
4929759
4929760
4929761
4929762
4929763
4929764
4929765
4929766
4929767
4929768
4929769
4929770
4929771
4929772
4929773
4929774
4929775
4929776
4929777
4929778
4929779
4929780
4929781
4929782
4929783
4929784
4929785
4929786
4929787
4929788
4929789
4929790
4929791
4929792
4929793
4929794
4929795
4929796
4929797
4929798
4929799
4929800
4929801
4929802
4929803
4929804
4929805
4929806
4929807
4929808
4929809
4929810
4929811
4929812
4929813
4929814
4929815
4929816
4929817
4929818
4929819
4929820
4929821
4929822
4929823
4929824
4929825
4929826
4929827
4929828
4929829
4929830
4929831
4929832
4929833
4929834
4929835
4929836
4929837
4929838
4929839
4929840
4929841
4929842
4929843
4929844
4929845
4929846
4929847
4929848
4929849
4929850
4929851
4929852
4929853
4929854
4929855
4929856
4929857
4929858
4929859
4929860
4929861
4929862
4929863
4929864
4929865
4929866
4929867
4929868
4929869
4929870
4929871
4929872
4929873
4929874
4929875
4929876
4929877
4929878
4929879
4929880
4929881
4929882
4929883
4929884
4929885
4929886
4929887
4929888
4929889
4929890
4929891
4929892
4929893
4929894
4929895
4929896
4929897
4929898
4929899
4929900
4929901
4929902
4929903
4929904
4929905
4929906
4929907
4929908
4929909
4929910
4929911
4929912
4929913
4929914
4929915
4929916
4929917
4929918
4929919
4929920
4929921
4929922
4929923
4929924
4929925
4929926
4929927
4929928
4929929
4929930
4929931
4929932
4929933
4929934
4929935
4929936
4929937
4929938
4929939
4929940
4929941
4929942
4929943
4929944
4929945
4929946
4929947
4929948
4929949
4929950
4929951
4929952
4929953
4929954
4929955
4929956
4929957
4929958
4929959
4929960
4929961
4929962
4929963
4929964
4929965
4929966
4929967
4929968
4929969
4929970
4929971
4929972
4929973
4929974
4929975
4929976
4929977
4929978
4929979
4929980
4929981
4929982
4929983
4929984
4929985
4929986
4929987
4929988
4929989
4929990
4929991
4929992
4929993
4929994
4929995
4929996
4929997
4929998
4929999
4930000
4930001
4930002
4930003
4930004
4930005
4930006
4930007
4930008
4930009
4930010
4930011
4930012
4930013
4930014
4930015
4930016
4930017
4930018
4930019
4930020
4930021
4930022
4930023
4930024
4930025
4930026
4930027
4930028
4930029
4930030
4930031
4930032
4930033
4930034
4930035
4930036
4930037
4930038
4930039
4930040
4930041
4930042
4930043
4930044
4930045
4930046
4930047
4930048
4930049
4930050
4930051
4930052
4930053
4930054
4930055
4930056
4930057
4930058
4930059
4930060
4930061
4930062
4930063
4930064
4930065
4930066
4930067
4930068
4930069
4930070
4930071
4930072
4930073
4930074
4930075
4930076
4930077
4930078
4930079
4930080
4930081
4930082
4930083
4930084
4930085
4930086
4930087
4930088
4930089
4930090
4930091
4930092
4930093
4930094
4930095
4930096
4930097
4930098
4930099
4930100
4930101
4930102
4930103
4930104
4930105
4930106
4930107
4930108
4930109
4930110
4930111
4930112
4930113
4930114
4930115
4930116
4930117
4930118
4930119
4930120
4930121
4930122
4930123
4930124
4930125
4930126
4930127
4930128
4930129
4930130
4930131
4930132
4930133
4930134
4930135
4930136
4930137
4930138
4930139
4930140
4930141
4930142
4930143
4930144
4930145
4930146
4930147
4930148
4930149
4930150
4930151
4930152
4930153
4930154
4930155
4930156
4930157
4930158
4930159
4930160
4930161
4930162
4930163
4930164
4930165
4930166
4930167
4930168
4930169
4930170
4930171
4930172
4930173
4930174
4930175
4930176
4930177
4930178
4930179
4930180
4930181
4930182
4930183
4930184
4930185
4930186
4930187
4930188
4930189
4930190
4930191
4930192
4930193
4930194
4930195
4930196
4930197
4930198
4930199
4930200
4930201
4930202
4930203
4930204
4930205
4930206
4930207
4930208
4930209
4930210
4930211
4930212
4930213
4930214
4930215
4930216
4930217
4930218
4930219
4930220
4930221
4930222
4930223
4930224
4930225
4930226
4930227
4930228
4930229
4930230
4930231
4930232
4930233
4930234
4930235
4930236
4930237
4930238
4930239
4930240
4930241
4930242
4930243
4930244
4930245
4930246
4930247
4930248
4930249
4930250
4930251
4930252
4930253
4930254
4930255
4930256
4930257
4930258
4930259
4930260
4930261
4930262
4930263
4930264
4930265
4930266
4930267
4930268
4930269
4930270
4930271
4930272
4930273
4930274
4930275
4930276
4930277
4930278
4930279
4930280
4930281
4930282
4930283
4930284
4930285
4930286
4930287
4930288
4930289
4930290
4930291
4930292
4930293
4930294
4930295
4930296
4930297
4930298
4930299
4930300
4930301
4930302
4930303
4930304
4930305
4930306
4930307
4930308
4930309
4930310
4930311
4930312
4930313
4930314
4930315
4930316
4930317
4930318
4930319
4930320
4930321
4930322
4930323
4930324
4930325
4930326
4930327
4930328
4930329
4930330
4930331
4930332
4930333
4930334
4930335
4930336
4930337
4930338
4930339
4930340
4930341
4930342
4930343
4930344
4930345
4930346
4930347
4930348
4930349
4930350
4930351
4930352
4930353
4930354
4930355
4930356
4930357
4930358
4930359
4930360
4930361
4930362
4930363
4930364
4930365
4930366
4930367
4930368
4930369
4930370
4930371
4930372
4930373
4930374
4930375
4930376
4930377
4930378
4930379
4930380
4930381
4930382
4930383
4930384
4930385
4930386
4930387
4930388
4930389
4930390
4930391
4930392
4930393
4930394
4930395
4930396
4930397
4930398
4930399
4930400
4930401
4930402
4930403
4930404
4930405
4930406
4930407
4930408
4930409
4930410
4930411
4930412
4930413
4930414
4930415
4930416
4930417
4930418
4930419
4930420
4930421
4930422
4930423
4930424
4930425
4930426
4930427
4930428
4930429
4930430
4930431
4930432
4930433
4930434
4930435
4930436
4930437
4930438
4930439
4930440
4930441
4930442
4930443
4930444
4930445
4930446
4930447
4930448
4930449
4930450
4930451
4930452
4930453
4930454
4930455
4930456
4930457
4930458
4930459
4930460
4930461
4930462
4930463
4930464
4930465
4930466
4930467
4930468
4930469
4930470
4930471
4930472
4930473
4930474
4930475
4930476
4930477
4930478
4930479
4930480
4930481
4930482
4930483
4930484
4930485
4930486
4930487
4930488
4930489
4930490
4930491
4930492
4930493
4930494
4930495
4930496
4930497
4930498
4930499
4930500
4930501
4930502
4930503
4930504
4930505
4930506
4930507
4930508
4930509
4930510
4930511
4930512
4930513
4930514
4930515
4930516
4930517
4930518
4930519
4930520
4930521
4930522
4930523
4930524
4930525
4930526
4930527
4930528
4930529
4930530
4930531
4930532
4930533
4930534
4930535
4930536
4930537
4930538
4930539
4930540
4930541
4930542
4930543
4930544
4930545
4930546
4930547
4930548
4930549
4930550
4930551
4930552
4930553
4930554
4930555
4930556
4930557
4930558
4930559
4930560
4930561
4930562
4930563
4930564
4930565
4930566
4930567
4930568
4930569
4930570
4930571
4930572
4930573
4930574
4930575
4930576
4930577
4930578
4930579
4930580
4930581
4930582
4930583
4930584
4930585
4930586
4930587
4930588
4930589
4930590
4930591
4930592
4930593
4930594
4930595
4930596
4930597
4930598
4930599
4930600
4930601
4930602
4930603
4930604
4930605
4930606
4930607
4930608
4930609
4930610
4930611
4930612
4930613
4930614
4930615
4930616
4930617
4930618
4930619
4930620
4930621
4930622
4930623
4930624
4930625
4930626
4930627
4930628
4930629
4930630
4930631
4930632
4930633
4930634
4930635
4930636
4930637
4930638
4930639
4930640
4930641
4930642
4930643
4930644
4930645
4930646
4930647
4930648
4930649
4930650
4930651
4930652
4930653
4930654
4930655
4930656
4930657
4930658
4930659
4930660
4930661
4930662
4930663
4930664
4930665
4930666
4930667
4930668
4930669
4930670
4930671
4930672
4930673
4930674
4930675
4930676
4930677
4930678
4930679
4930680
4930681
4930682
4930683
4930684
4930685
4930686
4930687
4930688
4930689
4930690
4930691
4930692
4930693
4930694
4930695
4930696
4930697
4930698
4930699
4930700
4930701
4930702
4930703
4930704
4930705
4930706
4930707
4930708
4930709
4930710
4930711
4930712
4930713
4930714
4930715
4930716
4930717
4930718
4930719
4930720
4930721
4930722
4930723
4930724
4930725
4930726
4930727
4930728
4930729
4930730
4930731
4930732
4930733
4930734
4930735
4930736
4930737
4930738
4930739
4930740
4930741
4930742
4930743
4930744
4930745
4930746
4930747
4930748
4930749
4930750
4930751
4930752
4930753
4930754
4930755
4930756
4930757
4930758
4930759
4930760
4930761
4930762
4930763
4930764
4930765
4930766
4930767
4930768
4930769
4930770
4930771
4930772
4930773
4930774
4930775
4930776
4930777
4930778
4930779
4930780
4930781
4930782
4930783
4930784
4930785
4930786
4930787
4930788
4930789
4930790
4930791
4930792
4930793
4930794
4930795
4930796
4930797
4930798
4930799
4930800
4930801
4930802
4930803
4930804
4930805
4930806
4930807
4930808
4930809
4930810
4930811
4930812
4930813
4930814
4930815
4930816
4930817
4930818
4930819
4930820
4930821
4930822
4930823
4930824
4930825
4930826
4930827
4930828
4930829
4930830
4930831
4930832
4930833
4930834
4930835
4930836
4930837
4930838
4930839
4930840
4930841
4930842
4930843
4930844
4930845
4930846
4930847
4930848
4930849
4930850
4930851
4930852
4930853
4930854
4930855
4930856
4930857
4930858
4930859
4930860
4930861
4930862
4930863
4930864
4930865
4930866
4930867
4930868
4930869
4930870
4930871
4930872
4930873
4930874
4930875
4930876
4930877
4930878
4930879
4930880
4930881
4930882
4930883
4930884
4930885
4930886
4930887
4930888
4930889
4930890
4930891
4930892
4930893
4930894
4930895
4930896
4930897
4930898
4930899
4930900
4930901
4930902
4930903
4930904
4930905
4930906
4930907
4930908
4930909
4930910
4930911
4930912
4930913
4930914
4930915
4930916
4930917
4930918
4930919
4930920
4930921
4930922
4930923
4930924
4930925
4930926
4930927
4930928
4930929
4930930
4930931
4930932
4930933
4930934
4930935
4930936
4930937
4930938
4930939
4930940
4930941
4930942
4930943
4930944
4930945
4930946
4930947
4930948
4930949
4930950
4930951
4930952
4930953
4930954
4930955
4930956
4930957
4930958
4930959
4930960
4930961
4930962
4930963
4930964
4930965
4930966
4930967
4930968
4930969
4930970
4930971
4930972
4930973
4930974
4930975
4930976
4930977
4930978
4930979
4930980
4930981
4930982
4930983
4930984
4930985
4930986
4930987
4930988
4930989
4930990
4930991
4930992
4930993
4930994
4930995
4930996
4930997
4930998
4930999
4931000
4931001
4931002
4931003
4931004
4931005
4931006
4931007
4931008
4931009
4931010
4931011
4931012
4931013
4931014
4931015
4931016
4931017
4931018
4931019
4931020
4931021
4931022
4931023
4931024
4931025
4931026
4931027
4931028
4931029
4931030
4931031
4931032
4931033
4931034
4931035
4931036
4931037
4931038
4931039
4931040
4931041
4931042
4931043
4931044
4931045
4931046
4931047
4931048
4931049
4931050
4931051
4931052
4931053
4931054
4931055
4931056
4931057
4931058
4931059
4931060
4931061
4931062
4931063
4931064
4931065
4931066
4931067
4931068
4931069
4931070
4931071
4931072
4931073
4931074
4931075
4931076
4931077
4931078
4931079
4931080
4931081
4931082
4931083
4931084
4931085
4931086
4931087
4931088
4931089
4931090
4931091
4931092
4931093
4931094
4931095
4931096
4931097
4931098
4931099
4931100
4931101
4931102
4931103
4931104
4931105
4931106
4931107
4931108
4931109
4931110
4931111
4931112
4931113
4931114
4931115
4931116
4931117
4931118
4931119
4931120
4931121
4931122
4931123
4931124
4931125
4931126
4931127
4931128
4931129
4931130
4931131
4931132
4931133
4931134
4931135
4931136
4931137
4931138
4931139
4931140
4931141
4931142
4931143
4931144
4931145
4931146
4931147
4931148
4931149
4931150
4931151
4931152
4931153
4931154
4931155
4931156
4931157
4931158
4931159
4931160
4931161
4931162
4931163
4931164
4931165
4931166
4931167
4931168
4931169
4931170
4931171
4931172
4931173
4931174
4931175
4931176
4931177
4931178
4931179
4931180
4931181
4931182
4931183
4931184
4931185
4931186
4931187
4931188
4931189
4931190
4931191
4931192
4931193
4931194
4931195
4931196
4931197
4931198
4931199
4931200
4931201
4931202
4931203
4931204
4931205
4931206
4931207
4931208
4931209
4931210
4931211
4931212
4931213
4931214
4931215
4931216
4931217
4931218
4931219
4931220
4931221
4931222
4931223
4931224
4931225
4931226
4931227
4931228
4931229
4931230
4931231
4931232
4931233
4931234
4931235
4931236
4931237
4931238
4931239
4931240
4931241
4931242
4931243
4931244
4931245
4931246
4931247
4931248
4931249
4931250
4931251
4931252
4931253
4931254
4931255
4931256
4931257
4931258
4931259
4931260
4931261
4931262
4931263
4931264
4931265
4931266
4931267
4931268
4931269
4931270
4931271
4931272
4931273
4931274
4931275
4931276
4931277
4931278
4931279
4931280
4931281
4931282
4931283
4931284
4931285
4931286
4931287
4931288
4931289
4931290
4931291
4931292
4931293
4931294
4931295
4931296
4931297
4931298
4931299
4931300
4931301
4931302
4931303
4931304
4931305
4931306
4931307
4931308
4931309
4931310
4931311
4931312
4931313
4931314
4931315
4931316
4931317
4931318
4931319
4931320
4931321
4931322
4931323
4931324
4931325
4931326
4931327
4931328
4931329
4931330
4931331
4931332
4931333
4931334
4931335
4931336
4931337
4931338
4931339
4931340
4931341
4931342
4931343
4931344
4931345
4931346
4931347
4931348
4931349
4931350
4931351
4931352
4931353
4931354
4931355
4931356
4931357
4931358
4931359
4931360
4931361
4931362
4931363
4931364
4931365
4931366
4931367
4931368
4931369
4931370
4931371
4931372
4931373
4931374
4931375
4931376
4931377
4931378
4931379
4931380
4931381
4931382
4931383
4931384
4931385
4931386
4931387
4931388
4931389
4931390
4931391
4931392
4931393
4931394
4931395
4931396
4931397
4931398
4931399
4931400
4931401
4931402
4931403
4931404
4931405
4931406
4931407
4931408
4931409
4931410
4931411
4931412
4931413
4931414
4931415
4931416
4931417
4931418
4931419
4931420
4931421
4931422
4931423
4931424
4931425
4931426
4931427
4931428
4931429
4931430
4931431
4931432
4931433
4931434
4931435
4931436
4931437
4931438
4931439
4931440
4931441
4931442
4931443
4931444
4931445
4931446
4931447
4931448
4931449
4931450
4931451
4931452
4931453
4931454
4931455
4931456
4931457
4931458
4931459
4931460
4931461
4931462
4931463
4931464
4931465
4931466
4931467
4931468
4931469
4931470
4931471
4931472
4931473
4931474
4931475
4931476
4931477
4931478
4931479
4931480
4931481
4931482
4931483
4931484
4931485
4931486
4931487
4931488
4931489
4931490
4931491
4931492
4931493
4931494
4931495
4931496
4931497
4931498
4931499
4931500
4931501
4931502
4931503
4931504
4931505
4931506
4931507
4931508
4931509
4931510
4931511
4931512
4931513
4931514
4931515
4931516
4931517
4931518
4931519
4931520
4931521
4931522
4931523
4931524
4931525
4931526
4931527
4931528
4931529
4931530
4931531
4931532
4931533
4931534
4931535
4931536
4931537
4931538
4931539
4931540
4931541
4931542
4931543
4931544
4931545
4931546
4931547
4931548
4931549
4931550
4931551
4931552
4931553
4931554
4931555
4931556
4931557
4931558
4931559
4931560
4931561
4931562
4931563
4931564
4931565
4931566
4931567
4931568
4931569
4931570
4931571
4931572
4931573
4931574
4931575
4931576
4931577
4931578
4931579
4931580
4931581
4931582
4931583
4931584
4931585
4931586
4931587
4931588
4931589
4931590
4931591
4931592
4931593
4931594
4931595
4931596
4931597
4931598
4931599
4931600
4931601
4931602
4931603
4931604
4931605
4931606
4931607
4931608
4931609
4931610
4931611
4931612
4931613
4931614
4931615
4931616
4931617
4931618
4931619
4931620
4931621
4931622
4931623
4931624
4931625
4931626
4931627
4931628
4931629
4931630
4931631
4931632
4931633
4931634
4931635
4931636
4931637
4931638
4931639
4931640
4931641
4931642
4931643
4931644
4931645
4931646
4931647
4931648
4931649
4931650
4931651
4931652
4931653
4931654
4931655
4931656
4931657
4931658
4931659
4931660
4931661
4931662
4931663
4931664
4931665
4931666
4931667
4931668
4931669
4931670
4931671
4931672
4931673
4931674
4931675
4931676
4931677
4931678
4931679
4931680
4931681
4931682
4931683
4931684
4931685
4931686
4931687
4931688
4931689
4931690
4931691
4931692
4931693
4931694
4931695
4931696
4931697
4931698
4931699
4931700
4931701
4931702
4931703
4931704
4931705
4931706
4931707
4931708
4931709
4931710
4931711
4931712
4931713
4931714
4931715
4931716
4931717
4931718
4931719
4931720
4931721
4931722
4931723
4931724
4931725
4931726
4931727
4931728
4931729
4931730
4931731
4931732
4931733
4931734
4931735
4931736
4931737
4931738
4931739
4931740
4931741
4931742
4931743
4931744
4931745
4931746
4931747
4931748
4931749
4931750
4931751
4931752
4931753
4931754
4931755
4931756
4931757
4931758
4931759
4931760
4931761
4931762
4931763
4931764
4931765
4931766
4931767
4931768
4931769
4931770
4931771
4931772
4931773
4931774
4931775
4931776
4931777
4931778
4931779
4931780
4931781
4931782
4931783
4931784
4931785
4931786
4931787
4931788
4931789
4931790
4931791
4931792
4931793
4931794
4931795
4931796
4931797
4931798
4931799
4931800
4931801
4931802
4931803
4931804
4931805
4931806
4931807
4931808
4931809
4931810
4931811
4931812
4931813
4931814
4931815
4931816
4931817
4931818
4931819
4931820
4931821
4931822
4931823
4931824
4931825
4931826
4931827
4931828
4931829
4931830
4931831
4931832
4931833
4931834
4931835
4931836
4931837
4931838
4931839
4931840
4931841
4931842
4931843
4931844
4931845
4931846
4931847
4931848
4931849
4931850
4931851
4931852
4931853
4931854
4931855
4931856
4931857
4931858
4931859
4931860
4931861
4931862
4931863
4931864
4931865
4931866
4931867
4931868
4931869
4931870
4931871
4931872
4931873
4931874
4931875
4931876
4931877
4931878
4931879
4931880
4931881
4931882
4931883
4931884
4931885
4931886
4931887
4931888
4931889
4931890
4931891
4931892
4931893
4931894
4931895
4931896
4931897
4931898
4931899
4931900
4931901
4931902
4931903
4931904
4931905
4931906
4931907
4931908
4931909
4931910
4931911
4931912
4931913
4931914
4931915
4931916
4931917
4931918
4931919
4931920
4931921
4931922
4931923
4931924
4931925
4931926
4931927
4931928
4931929
4931930
4931931
4931932
4931933
4931934
4931935
4931936
4931937
4931938
4931939
4931940
4931941
4931942
4931943
4931944
4931945
4931946
4931947
4931948
4931949
4931950
4931951
4931952
4931953
4931954
4931955
4931956
4931957
4931958
4931959
4931960
4931961
4931962
4931963
4931964
4931965
4931966
4931967
4931968
4931969
4931970
4931971
4931972
4931973
4931974
4931975
4931976
4931977
4931978
4931979
4931980
4931981
4931982
4931983
4931984
4931985
4931986
4931987
4931988
4931989
4931990
4931991
4931992
4931993
4931994
4931995
4931996
4931997
4931998
4931999
4932000
4932001
4932002
4932003
4932004
4932005
4932006
4932007
4932008
4932009
4932010
4932011
4932012
4932013
4932014
4932015
4932016
4932017
4932018
4932019
4932020
4932021
4932022
4932023
4932024
4932025
4932026
4932027
4932028
4932029
4932030
4932031
4932032
4932033
4932034
4932035
4932036
4932037
4932038
4932039
4932040
4932041
4932042
4932043
4932044
4932045
4932046
4932047
4932048
4932049
4932050
4932051
4932052
4932053
4932054
4932055
4932056
4932057
4932058
4932059
4932060
4932061
4932062
4932063
4932064
4932065
4932066
4932067
4932068
4932069
4932070
4932071
4932072
4932073
4932074
4932075
4932076
4932077
4932078
4932079
4932080
4932081
4932082
4932083
4932084
4932085
4932086
4932087
4932088
4932089
4932090
4932091
4932092
4932093
4932094
4932095
4932096
4932097
4932098
4932099
4932100
4932101
4932102
4932103
4932104
4932105
4932106
4932107
4932108
4932109
4932110
4932111
4932112
4932113
4932114
4932115
4932116
4932117
4932118
4932119
4932120
4932121
4932122
4932123
4932124
4932125
4932126
4932127
4932128
4932129
4932130
4932131
4932132
4932133
4932134
4932135
4932136
4932137
4932138
4932139
4932140
4932141
4932142
4932143
4932144
4932145
4932146
4932147
4932148
4932149
4932150
4932151
4932152
4932153
4932154
4932155
4932156
4932157
4932158
4932159
4932160
4932161
4932162
4932163
4932164
4932165
4932166
4932167
4932168
4932169
4932170
4932171
4932172
4932173
4932174
4932175
4932176
4932177
4932178
4932179
4932180
4932181
4932182
4932183
4932184
4932185
4932186
4932187
4932188
4932189
4932190
4932191
4932192
4932193
4932194
4932195
4932196
4932197
4932198
4932199
4932200
4932201
4932202
4932203
4932204
4932205
4932206
4932207
4932208
4932209
4932210
4932211
4932212
4932213
4932214
4932215
4932216
4932217
4932218
4932219
4932220
4932221
4932222
4932223
4932224
4932225
4932226
4932227
4932228
4932229
4932230
4932231
4932232
4932233
4932234
4932235
4932236
4932237
4932238
4932239
4932240
4932241
4932242
4932243
4932244
4932245
4932246
4932247
4932248
4932249
4932250
4932251
4932252
4932253
4932254
4932255
4932256
4932257
4932258
4932259
4932260
4932261
4932262
4932263
4932264
4932265
4932266
4932267
4932268
4932269
4932270
4932271
4932272
4932273
4932274
4932275
4932276
4932277
4932278
4932279
4932280
4932281
4932282
4932283
4932284
4932285
4932286
4932287
4932288
4932289
4932290
4932291
4932292
4932293
4932294
4932295
4932296
4932297
4932298
4932299
4932300
4932301
4932302
4932303
4932304
4932305
4932306
4932307
4932308
4932309
4932310
4932311
4932312
4932313
4932314
4932315
4932316
4932317
4932318
4932319
4932320
4932321
4932322
4932323
4932324
4932325
4932326
4932327
4932328
4932329
4932330
4932331
4932332
4932333
4932334
4932335
4932336
4932337
4932338
4932339
4932340
4932341
4932342
4932343
4932344
4932345
4932346
4932347
4932348
4932349
4932350
4932351
4932352
4932353
4932354
4932355
4932356
4932357
4932358
4932359
4932360
4932361
4932362
4932363
4932364
4932365
4932366
4932367
4932368
4932369
4932370
4932371
4932372
4932373
4932374
4932375
4932376
4932377
4932378
4932379
4932380
4932381
4932382
4932383
4932384
4932385
4932386
4932387
4932388
4932389
4932390
4932391
4932392
4932393
4932394
4932395
4932396
4932397
4932398
4932399
4932400
4932401
4932402
4932403
4932404
4932405
4932406
4932407
4932408
4932409
4932410
4932411
4932412
4932413
4932414
4932415
4932416
4932417
4932418
4932419
4932420
4932421
4932422
4932423
4932424
4932425
4932426
4932427
4932428
4932429
4932430
4932431
4932432
4932433
4932434
4932435
4932436
4932437
4932438
4932439
4932440
4932441
4932442
4932443
4932444
4932445
4932446
4932447
4932448
4932449
4932450
4932451
4932452
4932453
4932454
4932455
4932456
4932457
4932458
4932459
4932460
4932461
4932462
4932463
4932464
4932465
4932466
4932467
4932468
4932469
4932470
4932471
4932472
4932473
4932474
4932475
4932476
4932477
4932478
4932479
4932480
4932481
4932482
4932483
4932484
4932485
4932486
4932487
4932488
4932489
4932490
4932491
4932492
4932493
4932494
4932495
4932496
4932497
4932498
4932499
4932500
4932501
4932502
4932503
4932504
4932505
4932506
4932507
4932508
4932509
4932510
4932511
4932512
4932513
4932514
4932515
4932516
4932517
4932518
4932519
4932520
4932521
4932522
4932523
4932524
4932525
4932526
4932527
4932528
4932529
4932530
4932531
4932532
4932533
4932534
4932535
4932536
4932537
4932538
4932539
4932540
4932541
4932542
4932543
4932544
4932545
4932546
4932547
4932548
4932549
4932550
4932551
4932552
4932553
4932554
4932555
4932556
4932557
4932558
4932559
4932560
4932561
4932562
4932563
4932564
4932565
4932566
4932567
4932568
4932569
4932570
4932571
4932572
4932573
4932574
4932575
4932576
4932577
4932578
4932579
4932580
4932581
4932582
4932583
4932584
4932585
4932586
4932587
4932588
4932589
4932590
4932591
4932592
4932593
4932594
4932595
4932596
4932597
4932598
4932599
4932600
4932601
4932602
4932603
4932604
4932605
4932606
4932607
4932608
4932609
4932610
4932611
4932612
4932613
4932614
4932615
4932616
4932617
4932618
4932619
4932620
4932621
4932622
4932623
4932624
4932625
4932626
4932627
4932628
4932629
4932630
4932631
4932632
4932633
4932634
4932635
4932636
4932637
4932638
4932639
4932640
4932641
4932642
4932643
4932644
4932645
4932646
4932647
4932648
4932649
4932650
4932651
4932652
4932653
4932654
4932655
4932656
4932657
4932658
4932659
4932660
4932661
4932662
4932663
4932664
4932665
4932666
4932667
4932668
4932669
4932670
4932671
4932672
4932673
4932674
4932675
4932676
4932677
4932678
4932679
4932680
4932681
4932682
4932683
4932684
4932685
4932686
4932687
4932688
4932689
4932690
4932691
4932692
4932693
4932694
4932695
4932696
4932697
4932698
4932699
4932700
4932701
4932702
4932703
4932704
4932705
4932706
4932707
4932708
4932709
4932710
4932711
4932712
4932713
4932714
4932715
4932716
4932717
4932718
4932719
4932720
4932721
4932722
4932723
4932724
4932725
4932726
4932727
4932728
4932729
4932730
4932731
4932732
4932733
4932734
4932735
4932736
4932737
4932738
4932739
4932740
4932741
4932742
4932743
4932744
4932745
4932746
4932747
4932748
4932749
4932750
4932751
4932752
4932753
4932754
4932755
4932756
4932757
4932758
4932759
4932760
4932761
4932762
4932763
4932764
4932765
4932766
4932767
4932768
4932769
4932770
4932771
4932772
4932773
4932774
4932775
4932776
4932777
4932778
4932779
4932780
4932781
4932782
4932783
4932784
4932785
4932786
4932787
4932788
4932789
4932790
4932791
4932792
4932793
4932794
4932795
4932796
4932797
4932798
4932799
4932800
4932801
4932802
4932803
4932804
4932805
4932806
4932807
4932808
4932809
4932810
4932811
4932812
4932813
4932814
4932815
4932816
4932817
4932818
4932819
4932820
4932821
4932822
4932823
4932824
4932825
4932826
4932827
4932828
4932829
4932830
4932831
4932832
4932833
4932834
4932835
4932836
4932837
4932838
4932839
4932840
4932841
4932842
4932843
4932844
4932845
4932846
4932847
4932848
4932849
4932850
4932851
4932852
4932853
4932854
4932855
4932856
4932857
4932858
4932859
4932860
4932861
4932862
4932863
4932864
4932865
4932866
4932867
4932868
4932869
4932870
4932871
4932872
4932873
4932874
4932875
4932876
4932877
4932878
4932879
4932880
4932881
4932882
4932883
4932884
4932885
4932886
4932887
4932888
4932889
4932890
4932891
4932892
4932893
4932894
4932895
4932896
4932897
4932898
4932899
4932900
4932901
4932902
4932903
4932904
4932905
4932906
4932907
4932908
4932909
4932910
4932911
4932912
4932913
4932914
4932915
4932916
4932917
4932918
4932919
4932920
4932921
4932922
4932923
4932924
4932925
4932926
4932927
4932928
4932929
4932930
4932931
4932932
4932933
4932934
4932935
4932936
4932937
4932938
4932939
4932940
4932941
4932942
4932943
4932944
4932945
4932946
4932947
4932948
4932949
4932950
4932951
4932952
4932953
4932954
4932955
4932956
4932957
4932958
4932959
4932960
4932961
4932962
4932963
4932964
4932965
4932966
4932967
4932968
4932969
4932970
4932971
4932972
4932973
4932974
4932975
4932976
4932977
4932978
4932979
4932980
4932981
4932982
4932983
4932984
4932985
4932986
4932987
4932988
4932989
4932990
4932991
4932992
4932993
4932994
4932995
4932996
4932997
4932998
4932999
4933000
4933001
4933002
4933003
4933004
4933005
4933006
4933007
4933008
4933009
4933010
4933011
4933012
4933013
4933014
4933015
4933016
4933017
4933018
4933019
4933020
4933021
4933022
4933023
4933024
4933025
4933026
4933027
4933028
4933029
4933030
4933031
4933032
4933033
4933034
4933035
4933036
4933037
4933038
4933039
4933040
4933041
4933042
4933043
4933044
4933045
4933046
4933047
4933048
4933049
4933050
4933051
4933052
4933053
4933054
4933055
4933056
4933057
4933058
4933059
4933060
4933061
4933062
4933063
4933064
4933065
4933066
4933067
4933068
4933069
4933070
4933071
4933072
4933073
4933074
4933075
4933076
4933077
4933078
4933079
4933080
4933081
4933082
4933083
4933084
4933085
4933086
4933087
4933088
4933089
4933090
4933091
4933092
4933093
4933094
4933095
4933096
4933097
4933098
4933099
4933100
4933101
4933102
4933103
4933104
4933105
4933106
4933107
4933108
4933109
4933110
4933111
4933112
4933113
4933114
4933115
4933116
4933117
4933118
4933119
4933120
4933121
4933122
4933123
4933124
4933125
4933126
4933127
4933128
4933129
4933130
4933131
4933132
4933133
4933134
4933135
4933136
4933137
4933138
4933139
4933140
4933141
4933142
4933143
4933144
4933145
4933146
4933147
4933148
4933149
4933150
4933151
4933152
4933153
4933154
4933155
4933156
4933157
4933158
4933159
4933160
4933161
4933162
4933163
4933164
4933165
4933166
4933167
4933168
4933169
4933170
4933171
4933172
4933173
4933174
4933175
4933176
4933177
4933178
4933179
4933180
4933181
4933182
4933183
4933184
4933185
4933186
4933187
4933188
4933189
4933190
4933191
4933192
4933193
4933194
4933195
4933196
4933197
4933198
4933199
4933200
4933201
4933202
4933203
4933204
4933205
4933206
4933207
4933208
4933209
4933210
4933211
4933212
4933213
4933214
4933215
4933216
4933217
4933218
4933219
4933220
4933221
4933222
4933223
4933224
4933225
4933226
4933227
4933228
4933229
4933230
4933231
4933232
4933233
4933234
4933235
4933236
4933237
4933238
4933239
4933240
4933241
4933242
4933243
4933244
4933245
4933246
4933247
4933248
4933249
4933250
4933251
4933252
4933253
4933254
4933255
4933256
4933257
4933258
4933259
4933260
4933261
4933262
4933263
4933264
4933265
4933266
4933267
4933268
4933269
4933270
4933271
4933272
4933273
4933274
4933275
4933276
4933277
4933278
4933279
4933280
4933281
4933282
4933283
4933284
4933285
4933286
4933287
4933288
4933289
4933290
4933291
4933292
4933293
4933294
4933295
4933296
4933297
4933298
4933299
4933300
4933301
4933302
4933303
4933304
4933305
4933306
4933307
4933308
4933309
4933310
4933311
4933312
4933313
4933314
4933315
4933316
4933317
4933318
4933319
4933320
4933321
4933322
4933323
4933324
4933325
4933326
4933327
4933328
4933329
4933330
4933331
4933332
4933333
4933334
4933335
4933336
4933337
4933338
4933339
4933340
4933341
4933342
4933343
4933344
4933345
4933346
4933347
4933348
4933349
4933350
4933351
4933352
4933353
4933354
4933355
4933356
4933357
4933358
4933359
4933360
4933361
4933362
4933363
4933364
4933365
4933366
4933367
4933368
4933369
4933370
4933371
4933372
4933373
4933374
4933375
4933376
4933377
4933378
4933379
4933380
4933381
4933382
4933383
4933384
4933385
4933386
4933387
4933388
4933389
4933390
4933391
4933392
4933393
4933394
4933395
4933396
4933397
4933398
4933399
4933400
4933401
4933402
4933403
4933404
4933405
4933406
4933407
4933408
4933409
4933410
4933411
4933412
4933413
4933414
4933415
4933416
4933417
4933418
4933419
4933420
4933421
4933422
4933423
4933424
4933425
4933426
4933427
4933428
4933429
4933430
4933431
4933432
4933433
4933434
4933435
4933436
4933437
4933438
4933439
4933440
4933441
4933442
4933443
4933444
4933445
4933446
4933447
4933448
4933449
4933450
4933451
4933452
4933453
4933454
4933455
4933456
4933457
4933458
4933459
4933460
4933461
4933462
4933463
4933464
4933465
4933466
4933467
4933468
4933469
4933470
4933471
4933472
4933473
4933474
4933475
4933476
4933477
4933478
4933479
4933480
4933481
4933482
4933483
4933484
4933485
4933486
4933487
4933488
4933489
4933490
4933491
4933492
4933493
4933494
4933495
4933496
4933497
4933498
4933499
4933500
4933501
4933502
4933503
4933504
4933505
4933506
4933507
4933508
4933509
4933510
4933511
4933512
4933513
4933514
4933515
4933516
4933517
4933518
4933519
4933520
4933521
4933522
4933523
4933524
4933525
4933526
4933527
4933528
4933529
4933530
4933531
4933532
4933533
4933534
4933535
4933536
4933537
4933538
4933539
4933540
4933541
4933542
4933543
4933544
4933545
4933546
4933547
4933548
4933549
4933550
4933551
4933552
4933553
4933554
4933555
4933556
4933557
4933558
4933559
4933560
4933561
4933562
4933563
4933564
4933565
4933566
4933567
4933568
4933569
4933570
4933571
4933572
4933573
4933574
4933575
4933576
4933577
4933578
4933579
4933580
4933581
4933582
4933583
4933584
4933585
4933586
4933587
4933588
4933589
4933590
4933591
4933592
4933593
4933594
4933595
4933596
4933597
4933598
4933599
4933600
4933601
4933602
4933603
4933604
4933605
4933606
4933607
4933608
4933609
4933610
4933611
4933612
4933613
4933614
4933615
4933616
4933617
4933618
4933619
4933620
4933621
4933622
4933623
4933624
4933625
4933626
4933627
4933628
4933629
4933630
4933631
4933632
4933633
4933634
4933635
4933636
4933637
4933638
4933639
4933640
4933641
4933642
4933643
4933644
4933645
4933646
4933647
4933648
4933649
4933650
4933651
4933652
4933653
4933654
4933655
4933656
4933657
4933658
4933659
4933660
4933661
4933662
4933663
4933664
4933665
4933666
4933667
4933668
4933669
4933670
4933671
4933672
4933673
4933674
4933675
4933676
4933677
4933678
4933679
4933680
4933681
4933682
4933683
4933684
4933685
4933686
4933687
4933688
4933689
4933690
4933691
4933692
4933693
4933694
4933695
4933696
4933697
4933698
4933699
4933700
4933701
4933702
4933703
4933704
4933705
4933706
4933707
4933708
4933709
4933710
4933711
4933712
4933713
4933714
4933715
4933716
4933717
4933718
4933719
4933720
4933721
4933722
4933723
4933724
4933725
4933726
4933727
4933728
4933729
4933730
4933731
4933732
4933733
4933734
4933735
4933736
4933737
4933738
4933739
4933740
4933741
4933742
4933743
4933744
4933745
4933746
4933747
4933748
4933749
4933750
4933751
4933752
4933753
4933754
4933755
4933756
4933757
4933758
4933759
4933760
4933761
4933762
4933763
4933764
4933765
4933766
4933767
4933768
4933769
4933770
4933771
4933772
4933773
4933774
4933775
4933776
4933777
4933778
4933779
4933780
4933781
4933782
4933783
4933784
4933785
4933786
4933787
4933788
4933789
4933790
4933791
4933792
4933793
4933794
4933795
4933796
4933797
4933798
4933799
4933800
4933801
4933802
4933803
4933804
4933805
4933806
4933807
4933808
4933809
4933810
4933811
4933812
4933813
4933814
4933815
4933816
4933817
4933818
4933819
4933820
4933821
4933822
4933823
4933824
4933825
4933826
4933827
4933828
4933829
4933830
4933831
4933832
4933833
4933834
4933835
4933836
4933837
4933838
4933839
4933840
4933841
4933842
4933843
4933844
4933845
4933846
4933847
4933848
4933849
4933850
4933851
4933852
4933853
4933854
4933855
4933856
4933857
4933858
4933859
4933860
4933861
4933862
4933863
4933864
4933865
4933866
4933867
4933868
4933869
4933870
4933871
4933872
4933873
4933874
4933875
4933876
4933877
4933878
4933879
4933880
4933881
4933882
4933883
4933884
4933885
4933886
4933887
4933888
4933889
4933890
4933891
4933892
4933893
4933894
4933895
4933896
4933897
4933898
4933899
4933900
4933901
4933902
4933903
4933904
4933905
4933906
4933907
4933908
4933909
4933910
4933911
4933912
4933913
4933914
4933915
4933916
4933917
4933918
4933919
4933920
4933921
4933922
4933923
4933924
4933925
4933926
4933927
4933928
4933929
4933930
4933931
4933932
4933933
4933934
4933935
4933936
4933937
4933938
4933939
4933940
4933941
4933942
4933943
4933944
4933945
4933946
4933947
4933948
4933949
4933950
4933951
4933952
4933953
4933954
4933955
4933956
4933957
4933958
4933959
4933960
4933961
4933962
4933963
4933964
4933965
4933966
4933967
4933968
4933969
4933970
4933971
4933972
4933973
4933974
4933975
4933976
4933977
4933978
4933979
4933980
4933981
4933982
4933983
4933984
4933985
4933986
4933987
4933988
4933989
4933990
4933991
4933992
4933993
4933994
4933995
4933996
4933997
4933998
4933999
4934000
4934001
4934002
4934003
4934004
4934005
4934006
4934007
4934008
4934009
4934010
4934011
4934012
4934013
4934014
4934015
4934016
4934017
4934018
4934019
4934020
4934021
4934022
4934023
4934024
4934025
4934026
4934027
4934028
4934029
4934030
4934031
4934032
4934033
4934034
4934035
4934036
4934037
4934038
4934039
4934040
4934041
4934042
4934043
4934044
4934045
4934046
4934047
4934048
4934049
4934050
4934051
4934052
4934053
4934054
4934055
4934056
4934057
4934058
4934059
4934060
4934061
4934062
4934063
4934064
4934065
4934066
4934067
4934068
4934069
4934070
4934071
4934072
4934073
4934074
4934075
4934076
4934077
4934078
4934079
4934080
4934081
4934082
4934083
4934084
4934085
4934086
4934087
4934088
4934089
4934090
4934091
4934092
4934093
4934094
4934095
4934096
4934097
4934098
4934099
4934100
4934101
4934102
4934103
4934104
4934105
4934106
4934107
4934108
4934109
4934110
4934111
4934112
4934113
4934114
4934115
4934116
4934117
4934118
4934119
4934120
4934121
4934122
4934123
4934124
4934125
4934126
4934127
4934128
4934129
4934130
4934131
4934132
4934133
4934134
4934135
4934136
4934137
4934138
4934139
4934140
4934141
4934142
4934143
4934144
4934145
4934146
4934147
4934148
4934149
4934150
4934151
4934152
4934153
4934154
4934155
4934156
4934157
4934158
4934159
4934160
4934161
4934162
4934163
4934164
4934165
4934166
4934167
4934168
4934169
4934170
4934171
4934172
4934173
4934174
4934175
4934176
4934177
4934178
4934179
4934180
4934181
4934182
4934183
4934184
4934185
4934186
4934187
4934188
4934189
4934190
4934191
4934192
4934193
4934194
4934195
4934196
4934197
4934198
4934199
4934200
4934201
4934202
4934203
4934204
4934205
4934206
4934207
4934208
4934209
4934210
4934211
4934212
4934213
4934214
4934215
4934216
4934217
4934218
4934219
4934220
4934221
4934222
4934223
4934224
4934225
4934226
4934227
4934228
4934229
4934230
4934231
4934232
4934233
4934234
4934235
4934236
4934237
4934238
4934239
4934240
4934241
4934242
4934243
4934244
4934245
4934246
4934247
4934248
4934249
4934250
4934251
4934252
4934253
4934254
4934255
4934256
4934257
4934258
4934259
4934260
4934261
4934262
4934263
4934264
4934265
4934266
4934267
4934268
4934269
4934270
4934271
4934272
4934273
4934274
4934275
4934276
4934277
4934278
4934279
4934280
4934281
4934282
4934283
4934284
4934285
4934286
4934287
4934288
4934289
4934290
4934291
4934292
4934293
4934294
4934295
4934296
4934297
4934298
4934299
4934300
4934301
4934302
4934303
4934304
4934305
4934306
4934307
4934308
4934309
4934310
4934311
4934312
4934313
4934314
4934315
4934316
4934317
4934318
4934319
4934320
4934321
4934322
4934323
4934324
4934325
4934326
4934327
4934328
4934329
4934330
4934331
4934332
4934333
4934334
4934335
4934336
4934337
4934338
4934339
4934340
4934341
4934342
4934343
4934344
4934345
4934346
4934347
4934348
4934349
4934350
4934351
4934352
4934353
4934354
4934355
4934356
4934357
4934358
4934359
4934360
4934361
4934362
4934363
4934364
4934365
4934366
4934367
4934368
4934369
4934370
4934371
4934372
4934373
4934374
4934375
4934376
4934377
4934378
4934379
4934380
4934381
4934382
4934383
4934384
4934385
4934386
4934387
4934388
4934389
4934390
4934391
4934392
4934393
4934394
4934395
4934396
4934397
4934398
4934399
4934400
4934401
4934402
4934403
4934404
4934405
4934406
4934407
4934408
4934409
4934410
4934411
4934412
4934413
4934414
4934415
4934416
4934417
4934418
4934419
4934420
4934421
4934422
4934423
4934424
4934425
4934426
4934427
4934428
4934429
4934430
4934431
4934432
4934433
4934434
4934435
4934436
4934437
4934438
4934439
4934440
4934441
4934442
4934443
4934444
4934445
4934446
4934447
4934448
4934449
4934450
4934451
4934452
4934453
4934454
4934455
4934456
4934457
4934458
4934459
4934460
4934461
4934462
4934463
4934464
4934465
4934466
4934467
4934468
4934469
4934470
4934471
4934472
4934473
4934474
4934475
4934476
4934477
4934478
4934479
4934480
4934481
4934482
4934483
4934484
4934485
4934486
4934487
4934488
4934489
4934490
4934491
4934492
4934493
4934494
4934495
4934496
4934497
4934498
4934499
4934500
4934501
4934502
4934503
4934504
4934505
4934506
4934507
4934508
4934509
4934510
4934511
4934512
4934513
4934514
4934515
4934516
4934517
4934518
4934519
4934520
4934521
4934522
4934523
4934524
4934525
4934526
4934527
4934528
4934529
4934530
4934531
4934532
4934533
4934534
4934535
4934536
4934537
4934538
4934539
4934540
4934541
4934542
4934543
4934544
4934545
4934546
4934547
4934548
4934549
4934550
4934551
4934552
4934553
4934554
4934555
4934556
4934557
4934558
4934559
4934560
4934561
4934562
4934563
4934564
4934565
4934566
4934567
4934568
4934569
4934570
4934571
4934572
4934573
4934574
4934575
4934576
4934577
4934578
4934579
4934580
4934581
4934582
4934583
4934584
4934585
4934586
4934587
4934588
4934589
4934590
4934591
4934592
4934593
4934594
4934595
4934596
4934597
4934598
4934599
4934600
4934601
4934602
4934603
4934604
4934605
4934606
4934607
4934608
4934609
4934610
4934611
4934612
4934613
4934614
4934615
4934616
4934617
4934618
4934619
4934620
4934621
4934622
4934623
4934624
4934625
4934626
4934627
4934628
4934629
4934630
4934631
4934632
4934633
4934634
4934635
4934636
4934637
4934638
4934639
4934640
4934641
4934642
4934643
4934644
4934645
4934646
4934647
4934648
4934649
4934650
4934651
4934652
4934653
4934654
4934655
4934656
4934657
4934658
4934659
4934660
4934661
4934662
4934663
4934664
4934665
4934666
4934667
4934668
4934669
4934670
4934671
4934672
4934673
4934674
4934675
4934676
4934677
4934678
4934679
4934680
4934681
4934682
4934683
4934684
4934685
4934686
4934687
4934688
4934689
4934690
4934691
4934692
4934693
4934694
4934695
4934696
4934697
4934698
4934699
4934700
4934701
4934702
4934703
4934704
4934705
4934706
4934707
4934708
4934709
4934710
4934711
4934712
4934713
4934714
4934715
4934716
4934717
4934718
4934719
4934720
4934721
4934722
4934723
4934724
4934725
4934726
4934727
4934728
4934729
4934730
4934731
4934732
4934733
4934734
4934735
4934736
4934737
4934738
4934739
4934740
4934741
4934742
4934743
4934744
4934745
4934746
4934747
4934748
4934749
4934750
4934751
4934752
4934753
4934754
4934755
4934756
4934757
4934758
4934759
4934760
4934761
4934762
4934763
4934764
4934765
4934766
4934767
4934768
4934769
4934770
4934771
4934772
4934773
4934774
4934775
4934776
4934777
4934778
4934779
4934780
4934781
4934782
4934783
4934784
4934785
4934786
4934787
4934788
4934789
4934790
4934791
4934792
4934793
4934794
4934795
4934796
4934797
4934798
4934799
4934800
4934801
4934802
4934803
4934804
4934805
4934806
4934807
4934808
4934809
4934810
4934811
4934812
4934813
4934814
4934815
4934816
4934817
4934818
4934819
4934820
4934821
4934822
4934823
4934824
4934825
4934826
4934827
4934828
4934829
4934830
4934831
4934832
4934833
4934834
4934835
4934836
4934837
4934838
4934839
4934840
4934841
4934842
4934843
4934844
4934845
4934846
4934847
4934848
4934849
4934850
4934851
4934852
4934853
4934854
4934855
4934856
4934857
4934858
4934859
4934860
4934861
4934862
4934863
4934864
4934865
4934866
4934867
4934868
4934869
4934870
4934871
4934872
4934873
4934874
4934875
4934876
4934877
4934878
4934879
4934880
4934881
4934882
4934883
4934884
4934885
4934886
4934887
4934888
4934889
4934890
4934891
4934892
4934893
4934894
4934895
4934896
4934897
4934898
4934899
4934900
4934901
4934902
4934903
4934904
4934905
4934906
4934907
4934908
4934909
4934910
4934911
4934912
4934913
4934914
4934915
4934916
4934917
4934918
4934919
4934920
4934921
4934922
4934923
4934924
4934925
4934926
4934927
4934928
4934929
4934930
4934931
4934932
4934933
4934934
4934935
4934936
4934937
4934938
4934939
4934940
4934941
4934942
4934943
4934944
4934945
4934946
4934947
4934948
4934949
4934950
4934951
4934952
4934953
4934954
4934955
4934956
4934957
4934958
4934959
4934960
4934961
4934962
4934963
4934964
4934965
4934966
4934967
4934968
4934969
4934970
4934971
4934972
4934973
4934974
4934975
4934976
4934977
4934978
4934979
4934980
4934981
4934982
4934983
4934984
4934985
4934986
4934987
4934988
4934989
4934990
4934991
4934992
4934993
4934994
4934995
4934996
4934997
4934998
4934999
4935000
4935001
4935002
4935003
4935004
4935005
4935006
4935007
4935008
4935009
4935010
4935011
4935012
4935013
4935014
4935015
4935016
4935017
4935018
4935019
4935020
4935021
4935022
4935023
4935024
4935025
4935026
4935027
4935028
4935029
4935030
4935031
4935032
4935033
4935034
4935035
4935036
4935037
4935038
4935039
4935040
4935041
4935042
4935043
4935044
4935045
4935046
4935047
4935048
4935049
4935050
4935051
4935052
4935053
4935054
4935055
4935056
4935057
4935058
4935059
4935060
4935061
4935062
4935063
4935064
4935065
4935066
4935067
4935068
4935069
4935070
4935071
4935072
4935073
4935074
4935075
4935076
4935077
4935078
4935079
4935080
4935081
4935082
4935083
4935084
4935085
4935086
4935087
4935088
4935089
4935090
4935091
4935092
4935093
4935094
4935095
4935096
4935097
4935098
4935099
4935100
4935101
4935102
4935103
4935104
4935105
4935106
4935107
4935108
4935109
4935110
4935111
4935112
4935113
4935114
4935115
4935116
4935117
4935118
4935119
4935120
4935121
4935122
4935123
4935124
4935125
4935126
4935127
4935128
4935129
4935130
4935131
4935132
4935133
4935134
4935135
4935136
4935137
4935138
4935139
4935140
4935141
4935142
4935143
4935144
4935145
4935146
4935147
4935148
4935149
4935150
4935151
4935152
4935153
4935154
4935155
4935156
4935157
4935158
4935159
4935160
4935161
4935162
4935163
4935164
4935165
4935166
4935167
4935168
4935169
4935170
4935171
4935172
4935173
4935174
4935175
4935176
4935177
4935178
4935179
4935180
4935181
4935182
4935183
4935184
4935185
4935186
4935187
4935188
4935189
4935190
4935191
4935192
4935193
4935194
4935195
4935196
4935197
4935198
4935199
4935200
4935201
4935202
4935203
4935204
4935205
4935206
4935207
4935208
4935209
4935210
4935211
4935212
4935213
4935214
4935215
4935216
4935217
4935218
4935219
4935220
4935221
4935222
4935223
4935224
4935225
4935226
4935227
4935228
4935229
4935230
4935231
4935232
4935233
4935234
4935235
4935236
4935237
4935238
4935239
4935240
4935241
4935242
4935243
4935244
4935245
4935246
4935247
4935248
4935249
4935250
4935251
4935252
4935253
4935254
4935255
4935256
4935257
4935258
4935259
4935260
4935261
4935262
4935263
4935264
4935265
4935266
4935267
4935268
4935269
4935270
4935271
4935272
4935273
4935274
4935275
4935276
4935277
4935278
4935279
4935280
4935281
4935282
4935283
4935284
4935285
4935286
4935287
4935288
4935289
4935290
4935291
4935292
4935293
4935294
4935295
4935296
4935297
4935298
4935299
4935300
4935301
4935302
4935303
4935304
4935305
4935306
4935307
4935308
4935309
4935310
4935311
4935312
4935313
4935314
4935315
4935316
4935317
4935318
4935319
4935320
4935321
4935322
4935323
4935324
4935325
4935326
4935327
4935328
4935329
4935330
4935331
4935332
4935333
4935334
4935335
4935336
4935337
4935338
4935339
4935340
4935341
4935342
4935343
4935344
4935345
4935346
4935347
4935348
4935349
4935350
4935351
4935352
4935353
4935354
4935355
4935356
4935357
4935358
4935359
4935360
4935361
4935362
4935363
4935364
4935365
4935366
4935367
4935368
4935369
4935370
4935371
4935372
4935373
4935374
4935375
4935376
4935377
4935378
4935379
4935380
4935381
4935382
4935383
4935384
4935385
4935386
4935387
4935388
4935389
4935390
4935391
4935392
4935393
4935394
4935395
4935396
4935397
4935398
4935399
4935400
4935401
4935402
4935403
4935404
4935405
4935406
4935407
4935408
4935409
4935410
4935411
4935412
4935413
4935414
4935415
4935416
4935417
4935418
4935419
4935420
4935421
4935422
4935423
4935424
4935425
4935426
4935427
4935428
4935429
4935430
4935431
4935432
4935433
4935434
4935435
4935436
4935437
4935438
4935439
4935440
4935441
4935442
4935443
4935444
4935445
4935446
4935447
4935448
4935449
4935450
4935451
4935452
4935453
4935454
4935455
4935456
4935457
4935458
4935459
4935460
4935461
4935462
4935463
4935464
4935465
4935466
4935467
4935468
4935469
4935470
4935471
4935472
4935473
4935474
4935475
4935476
4935477
4935478
4935479
4935480
4935481
4935482
4935483
4935484
4935485
4935486
4935487
4935488
4935489
4935490
4935491
4935492
4935493
4935494
4935495
4935496
4935497
4935498
4935499
4935500
4935501
4935502
4935503
4935504
4935505
4935506
4935507
4935508
4935509
4935510
4935511
4935512
4935513
4935514
4935515
4935516
4935517
4935518
4935519
4935520
4935521
4935522
4935523
4935524
4935525
4935526
4935527
4935528
4935529
4935530
4935531
4935532
4935533
4935534
4935535
4935536
4935537
4935538
4935539
4935540
4935541
4935542
4935543
4935544
4935545
4935546
4935547
4935548
4935549
4935550
4935551
4935552
4935553
4935554
4935555
4935556
4935557
4935558
4935559
4935560
4935561
4935562
4935563
4935564
4935565
4935566
4935567
4935568
4935569
4935570
4935571
4935572
4935573
4935574
4935575
4935576
4935577
4935578
4935579
4935580
4935581
4935582
4935583
4935584
4935585
4935586
4935587
4935588
4935589
4935590
4935591
4935592
4935593
4935594
4935595
4935596
4935597
4935598
4935599
4935600
4935601
4935602
4935603
4935604
4935605
4935606
4935607
4935608
4935609
4935610
4935611
4935612
4935613
4935614
4935615
4935616
4935617
4935618
4935619
4935620
4935621
4935622
4935623
4935624
4935625
4935626
4935627
4935628
4935629
4935630
4935631
4935632
4935633
4935634
4935635
4935636
4935637
4935638
4935639
4935640
4935641
4935642
4935643
4935644
4935645
4935646
4935647
4935648
4935649
4935650
4935651
4935652
4935653
4935654
4935655
4935656
4935657
4935658
4935659
4935660
4935661
4935662
4935663
4935664
4935665
4935666
4935667
4935668
4935669
4935670
4935671
4935672
4935673
4935674
4935675
4935676
4935677
4935678
4935679
4935680
4935681
4935682
4935683
4935684
4935685
4935686
4935687
4935688
4935689
4935690
4935691
4935692
4935693
4935694
4935695
4935696
4935697
4935698
4935699
4935700
4935701
4935702
4935703
4935704
4935705
4935706
4935707
4935708
4935709
4935710
4935711
4935712
4935713
4935714
4935715
4935716
4935717
4935718
4935719
4935720
4935721
4935722
4935723
4935724
4935725
4935726
4935727
4935728
4935729
4935730
4935731
4935732
4935733
4935734
4935735
4935736
4935737
4935738
4935739
4935740
4935741
4935742
4935743
4935744
4935745
4935746
4935747
4935748
4935749
4935750
4935751
4935752
4935753
4935754
4935755
4935756
4935757
4935758
4935759
4935760
4935761
4935762
4935763
4935764
4935765
4935766
4935767
4935768
4935769
4935770
4935771
4935772
4935773
4935774
4935775
4935776
4935777
4935778
4935779
4935780
4935781
4935782
4935783
4935784
4935785
4935786
4935787
4935788
4935789
4935790
4935791
4935792
4935793
4935794
4935795
4935796
4935797
4935798
4935799
4935800
4935801
4935802
4935803
4935804
4935805
4935806
4935807
4935808
4935809
4935810
4935811
4935812
4935813
4935814
4935815
4935816
4935817
4935818
4935819
4935820
4935821
4935822
4935823
4935824
4935825
4935826
4935827
4935828
4935829
4935830
4935831
4935832
4935833
4935834
4935835
4935836
4935837
4935838
4935839
4935840
4935841
4935842
4935843
4935844
4935845
4935846
4935847
4935848
4935849
4935850
4935851
4935852
4935853
4935854
4935855
4935856
4935857
4935858
4935859
4935860
4935861
4935862
4935863
4935864
4935865
4935866
4935867
4935868
4935869
4935870
4935871
4935872
4935873
4935874
4935875
4935876
4935877
4935878
4935879
4935880
4935881
4935882
4935883
4935884
4935885
4935886
4935887
4935888
4935889
4935890
4935891
4935892
4935893
4935894
4935895
4935896
4935897
4935898
4935899
4935900
4935901
4935902
4935903
4935904
4935905
4935906
4935907
4935908
4935909
4935910
4935911
4935912
4935913
4935914
4935915
4935916
4935917
4935918
4935919
4935920
4935921
4935922
4935923
4935924
4935925
4935926
4935927
4935928
4935929
4935930
4935931
4935932
4935933
4935934
4935935
4935936
4935937
4935938
4935939
4935940
4935941
4935942
4935943
4935944
4935945
4935946
4935947
4935948
4935949
4935950
4935951
4935952
4935953
4935954
4935955
4935956
4935957
4935958
4935959
4935960
4935961
4935962
4935963
4935964
4935965
4935966
4935967
4935968
4935969
4935970
4935971
4935972
4935973
4935974
4935975
4935976
4935977
4935978
4935979
4935980
4935981
4935982
4935983
4935984
4935985
4935986
4935987
4935988
4935989
4935990
4935991
4935992
4935993
4935994
4935995
4935996
4935997
4935998
4935999
4936000
4936001
4936002
4936003
4936004
4936005
4936006
4936007
4936008
4936009
4936010
4936011
4936012
4936013
4936014
4936015
4936016
4936017
4936018
4936019
4936020
4936021
4936022
4936023
4936024
4936025
4936026
4936027
4936028
4936029
4936030
4936031
4936032
4936033
4936034
4936035
4936036
4936037
4936038
4936039
4936040
4936041
4936042
4936043
4936044
4936045
4936046
4936047
4936048
4936049
4936050
4936051
4936052
4936053
4936054
4936055
4936056
4936057
4936058
4936059
4936060
4936061
4936062
4936063
4936064
4936065
4936066
4936067
4936068
4936069
4936070
4936071
4936072
4936073
4936074
4936075
4936076
4936077
4936078
4936079
4936080
4936081
4936082
4936083
4936084
4936085
4936086
4936087
4936088
4936089
4936090
4936091
4936092
4936093
4936094
4936095
4936096
4936097
4936098
4936099
4936100
4936101
4936102
4936103
4936104
4936105
4936106
4936107
4936108
4936109
4936110
4936111
4936112
4936113
4936114
4936115
4936116
4936117
4936118
4936119
4936120
4936121
4936122
4936123
4936124
4936125
4936126
4936127
4936128
4936129
4936130
4936131
4936132
4936133
4936134
4936135
4936136
4936137
4936138
4936139
4936140
4936141
4936142
4936143
4936144
4936145
4936146
4936147
4936148
4936149
4936150
4936151
4936152
4936153
4936154
4936155
4936156
4936157
4936158
4936159
4936160
4936161
4936162
4936163
4936164
4936165
4936166
4936167
4936168
4936169
4936170
4936171
4936172
4936173
4936174
4936175
4936176
4936177
4936178
4936179
4936180
4936181
4936182
4936183
4936184
4936185
4936186
4936187
4936188
4936189
4936190
4936191
4936192
4936193
4936194
4936195
4936196
4936197
4936198
4936199
4936200
4936201
4936202
4936203
4936204
4936205
4936206
4936207
4936208
4936209
4936210
4936211
4936212
4936213
4936214
4936215
4936216
4936217
4936218
4936219
4936220
4936221
4936222
4936223
4936224
4936225
4936226
4936227
4936228
4936229
4936230
4936231
4936232
4936233
4936234
4936235
4936236
4936237
4936238
4936239
4936240
4936241
4936242
4936243
4936244
4936245
4936246
4936247
4936248
4936249
4936250
4936251
4936252
4936253
4936254
4936255
4936256
4936257
4936258
4936259
4936260
4936261
4936262
4936263
4936264
4936265
4936266
4936267
4936268
4936269
4936270
4936271
4936272
4936273
4936274
4936275
4936276
4936277
4936278
4936279
4936280
4936281
4936282
4936283
4936284
4936285
4936286
4936287
4936288
4936289
4936290
4936291
4936292
4936293
4936294
4936295
4936296
4936297
4936298
4936299
4936300
4936301
4936302
4936303
4936304
4936305
4936306
4936307
4936308
4936309
4936310
4936311
4936312
4936313
4936314
4936315
4936316
4936317
4936318
4936319
4936320
4936321
4936322
4936323
4936324
4936325
4936326
4936327
4936328
4936329
4936330
4936331
4936332
4936333
4936334
4936335
4936336
4936337
4936338
4936339
4936340
4936341
4936342
4936343
4936344
4936345
4936346
4936347
4936348
4936349
4936350
4936351
4936352
4936353
4936354
4936355
4936356
4936357
4936358
4936359
4936360
4936361
4936362
4936363
4936364
4936365
4936366
4936367
4936368
4936369
4936370
4936371
4936372
4936373
4936374
4936375
4936376
4936377
4936378
4936379
4936380
4936381
4936382
4936383
4936384
4936385
4936386
4936387
4936388
4936389
4936390
4936391
4936392
4936393
4936394
4936395
4936396
4936397
4936398
4936399
4936400
4936401
4936402
4936403
4936404
4936405
4936406
4936407
4936408
4936409
4936410
4936411
4936412
4936413
4936414
4936415
4936416
4936417
4936418
4936419
4936420
4936421
4936422
4936423
4936424
4936425
4936426
4936427
4936428
4936429
4936430
4936431
4936432
4936433
4936434
4936435
4936436
4936437
4936438
4936439
4936440
4936441
4936442
4936443
4936444
4936445
4936446
4936447
4936448
4936449
4936450
4936451
4936452
4936453
4936454
4936455
4936456
4936457
4936458
4936459
4936460
4936461
4936462
4936463
4936464
4936465
4936466
4936467
4936468
4936469
4936470
4936471
4936472
4936473
4936474
4936475
4936476
4936477
4936478
4936479
4936480
4936481
4936482
4936483
4936484
4936485
4936486
4936487
4936488
4936489
4936490
4936491
4936492
4936493
4936494
4936495
4936496
4936497
4936498
4936499
4936500
4936501
4936502
4936503
4936504
4936505
4936506
4936507
4936508
4936509
4936510
4936511
4936512
4936513
4936514
4936515
4936516
4936517
4936518
4936519
4936520
4936521
4936522
4936523
4936524
4936525
4936526
4936527
4936528
4936529
4936530
4936531
4936532
4936533
4936534
4936535
4936536
4936537
4936538
4936539
4936540
4936541
4936542
4936543
4936544
4936545
4936546
4936547
4936548
4936549
4936550
4936551
4936552
4936553
4936554
4936555
4936556
4936557
4936558
4936559
4936560
4936561
4936562
4936563
4936564
4936565
4936566
4936567
4936568
4936569
4936570
4936571
4936572
4936573
4936574
4936575
4936576
4936577
4936578
4936579
4936580
4936581
4936582
4936583
4936584
4936585
4936586
4936587
4936588
4936589
4936590
4936591
4936592
4936593
4936594
4936595
4936596
4936597
4936598
4936599
4936600
4936601
4936602
4936603
4936604
4936605
4936606
4936607
4936608
4936609
4936610
4936611
4936612
4936613
4936614
4936615
4936616
4936617
4936618
4936619
4936620
4936621
4936622
4936623
4936624
4936625
4936626
4936627
4936628
4936629
4936630
4936631
4936632
4936633
4936634
4936635
4936636
4936637
4936638
4936639
4936640
4936641
4936642
4936643
4936644
4936645
4936646
4936647
4936648
4936649
4936650
4936651
4936652
4936653
4936654
4936655
4936656
4936657
4936658
4936659
4936660
4936661
4936662
4936663
4936664
4936665
4936666
4936667
4936668
4936669
4936670
4936671
4936672
4936673
4936674
4936675
4936676
4936677
4936678
4936679
4936680
4936681
4936682
4936683
4936684
4936685
4936686
4936687
4936688
4936689
4936690
4936691
4936692
4936693
4936694
4936695
4936696
4936697
4936698
4936699
4936700
4936701
4936702
4936703
4936704
4936705
4936706
4936707
4936708
4936709
4936710
4936711
4936712
4936713
4936714
4936715
4936716
4936717
4936718
4936719
4936720
4936721
4936722
4936723
4936724
4936725
4936726
4936727
4936728
4936729
4936730
4936731
4936732
4936733
4936734
4936735
4936736
4936737
4936738
4936739
4936740
4936741
4936742
4936743
4936744
4936745
4936746
4936747
4936748
4936749
4936750
4936751
4936752
4936753
4936754
4936755
4936756
4936757
4936758
4936759
4936760
4936761
4936762
4936763
4936764
4936765
4936766
4936767
4936768
4936769
4936770
4936771
4936772
4936773
4936774
4936775
4936776
4936777
4936778
4936779
4936780
4936781
4936782
4936783
4936784
4936785
4936786
4936787
4936788
4936789
4936790
4936791
4936792
4936793
4936794
4936795
4936796
4936797
4936798
4936799
4936800
4936801
4936802
4936803
4936804
4936805
4936806
4936807
4936808
4936809
4936810
4936811
4936812
4936813
4936814
4936815
4936816
4936817
4936818
4936819
4936820
4936821
4936822
4936823
4936824
4936825
4936826
4936827
4936828
4936829
4936830
4936831
4936832
4936833
4936834
4936835
4936836
4936837
4936838
4936839
4936840
4936841
4936842
4936843
4936844
4936845
4936846
4936847
4936848
4936849
4936850
4936851
4936852
4936853
4936854
4936855
4936856
4936857
4936858
4936859
4936860
4936861
4936862
4936863
4936864
4936865
4936866
4936867
4936868
4936869
4936870
4936871
4936872
4936873
4936874
4936875
4936876
4936877
4936878
4936879
4936880
4936881
4936882
4936883
4936884
4936885
4936886
4936887
4936888
4936889
4936890
4936891
4936892
4936893
4936894
4936895
4936896
4936897
4936898
4936899
4936900
4936901
4936902
4936903
4936904
4936905
4936906
4936907
4936908
4936909
4936910
4936911
4936912
4936913
4936914
4936915
4936916
4936917
4936918
4936919
4936920
4936921
4936922
4936923
4936924
4936925
4936926
4936927
4936928
4936929
4936930
4936931
4936932
4936933
4936934
4936935
4936936
4936937
4936938
4936939
4936940
4936941
4936942
4936943
4936944
4936945
4936946
4936947
4936948
4936949
4936950
4936951
4936952
4936953
4936954
4936955
4936956
4936957
4936958
4936959
4936960
4936961
4936962
4936963
4936964
4936965
4936966
4936967
4936968
4936969
4936970
4936971
4936972
4936973
4936974
4936975
4936976
4936977
4936978
4936979
4936980
4936981
4936982
4936983
4936984
4936985
4936986
4936987
4936988
4936989
4936990
4936991
4936992
4936993
4936994
4936995
4936996
4936997
4936998
4936999
4937000
4937001
4937002
4937003
4937004
4937005
4937006
4937007
4937008
4937009
4937010
4937011
4937012
4937013
4937014
4937015
4937016
4937017
4937018
4937019
4937020
4937021
4937022
4937023
4937024
4937025
4937026
4937027
4937028
4937029
4937030
4937031
4937032
4937033
4937034
4937035
4937036
4937037
4937038
4937039
4937040
4937041
4937042
4937043
4937044
4937045
4937046
4937047
4937048
4937049
4937050
4937051
4937052
4937053
4937054
4937055
4937056
4937057
4937058
4937059
4937060
4937061
4937062
4937063
4937064
4937065
4937066
4937067
4937068
4937069
4937070
4937071
4937072
4937073
4937074
4937075
4937076
4937077
4937078
4937079
4937080
4937081
4937082
4937083
4937084
4937085
4937086
4937087
4937088
4937089
4937090
4937091
4937092
4937093
4937094
4937095
4937096
4937097
4937098
4937099
4937100
4937101
4937102
4937103
4937104
4937105
4937106
4937107
4937108
4937109
4937110
4937111
4937112
4937113
4937114
4937115
4937116
4937117
4937118
4937119
4937120
4937121
4937122
4937123
4937124
4937125
4937126
4937127
4937128
4937129
4937130
4937131
4937132
4937133
4937134
4937135
4937136
4937137
4937138
4937139
4937140
4937141
4937142
4937143
4937144
4937145
4937146
4937147
4937148
4937149
4937150
4937151
4937152
4937153
4937154
4937155
4937156
4937157
4937158
4937159
4937160
4937161
4937162
4937163
4937164
4937165
4937166
4937167
4937168
4937169
4937170
4937171
4937172
4937173
4937174
4937175
4937176
4937177
4937178
4937179
4937180
4937181
4937182
4937183
4937184
4937185
4937186
4937187
4937188
4937189
4937190
4937191
4937192
4937193
4937194
4937195
4937196
4937197
4937198
4937199
4937200
4937201
4937202
4937203
4937204
4937205
4937206
4937207
4937208
4937209
4937210
4937211
4937212
4937213
4937214
4937215
4937216
4937217
4937218
4937219
4937220
4937221
4937222
4937223
4937224
4937225
4937226
4937227
4937228
4937229
4937230
4937231
4937232
4937233
4937234
4937235
4937236
4937237
4937238
4937239
4937240
4937241
4937242
4937243
4937244
4937245
4937246
4937247
4937248
4937249
4937250
4937251
4937252
4937253
4937254
4937255
4937256
4937257
4937258
4937259
4937260
4937261
4937262
4937263
4937264
4937265
4937266
4937267
4937268
4937269
4937270
4937271
4937272
4937273
4937274
4937275
4937276
4937277
4937278
4937279
4937280
4937281
4937282
4937283
4937284
4937285
4937286
4937287
4937288
4937289
4937290
4937291
4937292
4937293
4937294
4937295
4937296
4937297
4937298
4937299
4937300
4937301
4937302
4937303
4937304
4937305
4937306
4937307
4937308
4937309
4937310
4937311
4937312
4937313
4937314
4937315
4937316
4937317
4937318
4937319
4937320
4937321
4937322
4937323
4937324
4937325
4937326
4937327
4937328
4937329
4937330
4937331
4937332
4937333
4937334
4937335
4937336
4937337
4937338
4937339
4937340
4937341
4937342
4937343
4937344
4937345
4937346
4937347
4937348
4937349
4937350
4937351
4937352
4937353
4937354
4937355
4937356
4937357
4937358
4937359
4937360
4937361
4937362
4937363
4937364
4937365
4937366
4937367
4937368
4937369
4937370
4937371
4937372
4937373
4937374
4937375
4937376
4937377
4937378
4937379
4937380
4937381
4937382
4937383
4937384
4937385
4937386
4937387
4937388
4937389
4937390
4937391
4937392
4937393
4937394
4937395
4937396
4937397
4937398
4937399
4937400
4937401
4937402
4937403
4937404
4937405
4937406
4937407
4937408
4937409
4937410
4937411
4937412
4937413
4937414
4937415
4937416
4937417
4937418
4937419
4937420
4937421
4937422
4937423
4937424
4937425
4937426
4937427
4937428
4937429
4937430
4937431
4937432
4937433
4937434
4937435
4937436
4937437
4937438
4937439
4937440
4937441
4937442
4937443
4937444
4937445
4937446
4937447
4937448
4937449
4937450
4937451
4937452
4937453
4937454
4937455
4937456
4937457
4937458
4937459
4937460
4937461
4937462
4937463
4937464
4937465
4937466
4937467
4937468
4937469
4937470
4937471
4937472
4937473
4937474
4937475
4937476
4937477
4937478
4937479
4937480
4937481
4937482
4937483
4937484
4937485
4937486
4937487
4937488
4937489
4937490
4937491
4937492
4937493
4937494
4937495
4937496
4937497
4937498
4937499
4937500
4937501
4937502
4937503
4937504
4937505
4937506
4937507
4937508
4937509
4937510
4937511
4937512
4937513
4937514
4937515
4937516
4937517
4937518
4937519
4937520
4937521
4937522
4937523
4937524
4937525
4937526
4937527
4937528
4937529
4937530
4937531
4937532
4937533
4937534
4937535
4937536
4937537
4937538
4937539
4937540
4937541
4937542
4937543
4937544
4937545
4937546
4937547
4937548
4937549
4937550
4937551
4937552
4937553
4937554
4937555
4937556
4937557
4937558
4937559
4937560
4937561
4937562
4937563
4937564
4937565
4937566
4937567
4937568
4937569
4937570
4937571
4937572
4937573
4937574
4937575
4937576
4937577
4937578
4937579
4937580
4937581
4937582
4937583
4937584
4937585
4937586
4937587
4937588
4937589
4937590
4937591
4937592
4937593
4937594
4937595
4937596
4937597
4937598
4937599
4937600
4937601
4937602
4937603
4937604
4937605
4937606
4937607
4937608
4937609
4937610
4937611
4937612
4937613
4937614
4937615
4937616
4937617
4937618
4937619
4937620
4937621
4937622
4937623
4937624
4937625
4937626
4937627
4937628
4937629
4937630
4937631
4937632
4937633
4937634
4937635
4937636
4937637
4937638
4937639
4937640
4937641
4937642
4937643
4937644
4937645
4937646
4937647
4937648
4937649
4937650
4937651
4937652
4937653
4937654
4937655
4937656
4937657
4937658
4937659
4937660
4937661
4937662
4937663
4937664
4937665
4937666
4937667
4937668
4937669
4937670
4937671
4937672
4937673
4937674
4937675
4937676
4937677
4937678
4937679
4937680
4937681
4937682
4937683
4937684
4937685
4937686
4937687
4937688
4937689
4937690
4937691
4937692
4937693
4937694
4937695
4937696
4937697
4937698
4937699
4937700
4937701
4937702
4937703
4937704
4937705
4937706
4937707
4937708
4937709
4937710
4937711
4937712
4937713
4937714
4937715
4937716
4937717
4937718
4937719
4937720
4937721
4937722
4937723
4937724
4937725
4937726
4937727
4937728
4937729
4937730
4937731
4937732
4937733
4937734
4937735
4937736
4937737
4937738
4937739
4937740
4937741
4937742
4937743
4937744
4937745
4937746
4937747
4937748
4937749
4937750
4937751
4937752
4937753
4937754
4937755
4937756
4937757
4937758
4937759
4937760
4937761
4937762
4937763
4937764
4937765
4937766
4937767
4937768
4937769
4937770
4937771
4937772
4937773
4937774
4937775
4937776
4937777
4937778
4937779
4937780
4937781
4937782
4937783
4937784
4937785
4937786
4937787
4937788
4937789
4937790
4937791
4937792
4937793
4937794
4937795
4937796
4937797
4937798
4937799
4937800
4937801
4937802
4937803
4937804
4937805
4937806
4937807
4937808
4937809
4937810
4937811
4937812
4937813
4937814
4937815
4937816
4937817
4937818
4937819
4937820
4937821
4937822
4937823
4937824
4937825
4937826
4937827
4937828
4937829
4937830
4937831
4937832
4937833
4937834
4937835
4937836
4937837
4937838
4937839
4937840
4937841
4937842
4937843
4937844
4937845
4937846
4937847
4937848
4937849
4937850
4937851
4937852
4937853
4937854
4937855
4937856
4937857
4937858
4937859
4937860
4937861
4937862
4937863
4937864
4937865
4937866
4937867
4937868
4937869
4937870
4937871
4937872
4937873
4937874
4937875
4937876
4937877
4937878
4937879
4937880
4937881
4937882
4937883
4937884
4937885
4937886
4937887
4937888
4937889
4937890
4937891
4937892
4937893
4937894
4937895
4937896
4937897
4937898
4937899
4937900
4937901
4937902
4937903
4937904
4937905
4937906
4937907
4937908
4937909
4937910
4937911
4937912
4937913
4937914
4937915
4937916
4937917
4937918
4937919
4937920
4937921
4937922
4937923
4937924
4937925
4937926
4937927
4937928
4937929
4937930
4937931
4937932
4937933
4937934
4937935
4937936
4937937
4937938
4937939
4937940
4937941
4937942
4937943
4937944
4937945
4937946
4937947
4937948
4937949
4937950
4937951
4937952
4937953
4937954
4937955
4937956
4937957
4937958
4937959
4937960
4937961
4937962
4937963
4937964
4937965
4937966
4937967
4937968
4937969
4937970
4937971
4937972
4937973
4937974
4937975
4937976
4937977
4937978
4937979
4937980
4937981
4937982
4937983
4937984
4937985
4937986
4937987
4937988
4937989
4937990
4937991
4937992
4937993
4937994
4937995
4937996
4937997
4937998
4937999
4938000
4938001
4938002
4938003
4938004
4938005
4938006
4938007
4938008
4938009
4938010
4938011
4938012
4938013
4938014
4938015
4938016
4938017
4938018
4938019
4938020
4938021
4938022
4938023
4938024
4938025
4938026
4938027
4938028
4938029
4938030
4938031
4938032
4938033
4938034
4938035
4938036
4938037
4938038
4938039
4938040
4938041
4938042
4938043
4938044
4938045
4938046
4938047
4938048
4938049
4938050
4938051
4938052
4938053
4938054
4938055
4938056
4938057
4938058
4938059
4938060
4938061
4938062
4938063
4938064
4938065
4938066
4938067
4938068
4938069
4938070
4938071
4938072
4938073
4938074
4938075
4938076
4938077
4938078
4938079
4938080
4938081
4938082
4938083
4938084
4938085
4938086
4938087
4938088
4938089
4938090
4938091
4938092
4938093
4938094
4938095
4938096
4938097
4938098
4938099
4938100
4938101
4938102
4938103
4938104
4938105
4938106
4938107
4938108
4938109
4938110
4938111
4938112
4938113
4938114
4938115
4938116
4938117
4938118
4938119
4938120
4938121
4938122
4938123
4938124
4938125
4938126
4938127
4938128
4938129
4938130
4938131
4938132
4938133
4938134
4938135
4938136
4938137
4938138
4938139
4938140
4938141
4938142
4938143
4938144
4938145
4938146
4938147
4938148
4938149
4938150
4938151
4938152
4938153
4938154
4938155
4938156
4938157
4938158
4938159
4938160
4938161
4938162
4938163
4938164
4938165
4938166
4938167
4938168
4938169
4938170
4938171
4938172
4938173
4938174
4938175
4938176
4938177
4938178
4938179
4938180
4938181
4938182
4938183
4938184
4938185
4938186
4938187
4938188
4938189
4938190
4938191
4938192
4938193
4938194
4938195
4938196
4938197
4938198
4938199
4938200
4938201
4938202
4938203
4938204
4938205
4938206
4938207
4938208
4938209
4938210
4938211
4938212
4938213
4938214
4938215
4938216
4938217
4938218
4938219
4938220
4938221
4938222
4938223
4938224
4938225
4938226
4938227
4938228
4938229
4938230
4938231
4938232
4938233
4938234
4938235
4938236
4938237
4938238
4938239
4938240
4938241
4938242
4938243
4938244
4938245
4938246
4938247
4938248
4938249
4938250
4938251
4938252
4938253
4938254
4938255
4938256
4938257
4938258
4938259
4938260
4938261
4938262
4938263
4938264
4938265
4938266
4938267
4938268
4938269
4938270
4938271
4938272
4938273
4938274
4938275
4938276
4938277
4938278
4938279
4938280
4938281
4938282
4938283
4938284
4938285
4938286
4938287
4938288
4938289
4938290
4938291
4938292
4938293
4938294
4938295
4938296
4938297
4938298
4938299
4938300
4938301
4938302
4938303
4938304
4938305
4938306
4938307
4938308
4938309
4938310
4938311
4938312
4938313
4938314
4938315
4938316
4938317
4938318
4938319
4938320
4938321
4938322
4938323
4938324
4938325
4938326
4938327
4938328
4938329
4938330
4938331
4938332
4938333
4938334
4938335
4938336
4938337
4938338
4938339
4938340
4938341
4938342
4938343
4938344
4938345
4938346
4938347
4938348
4938349
4938350
4938351
4938352
4938353
4938354
4938355
4938356
4938357
4938358
4938359
4938360
4938361
4938362
4938363
4938364
4938365
4938366
4938367
4938368
4938369
4938370
4938371
4938372
4938373
4938374
4938375
4938376
4938377
4938378
4938379
4938380
4938381
4938382
4938383
4938384
4938385
4938386
4938387
4938388
4938389
4938390
4938391
4938392
4938393
4938394
4938395
4938396
4938397
4938398
4938399
4938400
4938401
4938402
4938403
4938404
4938405
4938406
4938407
4938408
4938409
4938410
4938411
4938412
4938413
4938414
4938415
4938416
4938417
4938418
4938419
4938420
4938421
4938422
4938423
4938424
4938425
4938426
4938427
4938428
4938429
4938430
4938431
4938432
4938433
4938434
4938435
4938436
4938437
4938438
4938439
4938440
4938441
4938442
4938443
4938444
4938445
4938446
4938447
4938448
4938449
4938450
4938451
4938452
4938453
4938454
4938455
4938456
4938457
4938458
4938459
4938460
4938461
4938462
4938463
4938464
4938465
4938466
4938467
4938468
4938469
4938470
4938471
4938472
4938473
4938474
4938475
4938476
4938477
4938478
4938479
4938480
4938481
4938482
4938483
4938484
4938485
4938486
4938487
4938488
4938489
4938490
4938491
4938492
4938493
4938494
4938495
4938496
4938497
4938498
4938499
4938500
4938501
4938502
4938503
4938504
4938505
4938506
4938507
4938508
4938509
4938510
4938511
4938512
4938513
4938514
4938515
4938516
4938517
4938518
4938519
4938520
4938521
4938522
4938523
4938524
4938525
4938526
4938527
4938528
4938529
4938530
4938531
4938532
4938533
4938534
4938535
4938536
4938537
4938538
4938539
4938540
4938541
4938542
4938543
4938544
4938545
4938546
4938547
4938548
4938549
4938550
4938551
4938552
4938553
4938554
4938555
4938556
4938557
4938558
4938559
4938560
4938561
4938562
4938563
4938564
4938565
4938566
4938567
4938568
4938569
4938570
4938571
4938572
4938573
4938574
4938575
4938576
4938577
4938578
4938579
4938580
4938581
4938582
4938583
4938584
4938585
4938586
4938587
4938588
4938589
4938590
4938591
4938592
4938593
4938594
4938595
4938596
4938597
4938598
4938599
4938600
4938601
4938602
4938603
4938604
4938605
4938606
4938607
4938608
4938609
4938610
4938611
4938612
4938613
4938614
4938615
4938616
4938617
4938618
4938619
4938620
4938621
4938622
4938623
4938624
4938625
4938626
4938627
4938628
4938629
4938630
4938631
4938632
4938633
4938634
4938635
4938636
4938637
4938638
4938639
4938640
4938641
4938642
4938643
4938644
4938645
4938646
4938647
4938648
4938649
4938650
4938651
4938652
4938653
4938654
4938655
4938656
4938657
4938658
4938659
4938660
4938661
4938662
4938663
4938664
4938665
4938666
4938667
4938668
4938669
4938670
4938671
4938672
4938673
4938674
4938675
4938676
4938677
4938678
4938679
4938680
4938681
4938682
4938683
4938684
4938685
4938686
4938687
4938688
4938689
4938690
4938691
4938692
4938693
4938694
4938695
4938696
4938697
4938698
4938699
4938700
4938701
4938702
4938703
4938704
4938705
4938706
4938707
4938708
4938709
4938710
4938711
4938712
4938713
4938714
4938715
4938716
4938717
4938718
4938719
4938720
4938721
4938722
4938723
4938724
4938725
4938726
4938727
4938728
4938729
4938730
4938731
4938732
4938733
4938734
4938735
4938736
4938737
4938738
4938739
4938740
4938741
4938742
4938743
4938744
4938745
4938746
4938747
4938748
4938749
4938750
4938751
4938752
4938753
4938754
4938755
4938756
4938757
4938758
4938759
4938760
4938761
4938762
4938763
4938764
4938765
4938766
4938767
4938768
4938769
4938770
4938771
4938772
4938773
4938774
4938775
4938776
4938777
4938778
4938779
4938780
4938781
4938782
4938783
4938784
4938785
4938786
4938787
4938788
4938789
4938790
4938791
4938792
4938793
4938794
4938795
4938796
4938797
4938798
4938799
4938800
4938801
4938802
4938803
4938804
4938805
4938806
4938807
4938808
4938809
4938810
4938811
4938812
4938813
4938814
4938815
4938816
4938817
4938818
4938819
4938820
4938821
4938822
4938823
4938824
4938825
4938826
4938827
4938828
4938829
4938830
4938831
4938832
4938833
4938834
4938835
4938836
4938837
4938838
4938839
4938840
4938841
4938842
4938843
4938844
4938845
4938846
4938847
4938848
4938849
4938850
4938851
4938852
4938853
4938854
4938855
4938856
4938857
4938858
4938859
4938860
4938861
4938862
4938863
4938864
4938865
4938866
4938867
4938868
4938869
4938870
4938871
4938872
4938873
4938874
4938875
4938876
4938877
4938878
4938879
4938880
4938881
4938882
4938883
4938884
4938885
4938886
4938887
4938888
4938889
