51988890
51988891
51988892
51988893
51988894
51988895
51988896
51988897
51988898
51988899
51988900
51988901
51988902
51988903
51988904
51988905
51988906
51988907
51988908
51988909
51988910
51988911
51988912
51988913
51988914
51988915
51988916
51988917
51988918
51988919
51988920
51988921
51988922
51988923
51988924
51988925
51988926
51988927
51988928
51988929
51988930
51988931
51988932
51988933
51988934
51988935
51988936
51988937
51988938
51988939
51988940
51988941
51988942
51988943
51988944
51988945
51988946
51988947
51988948
51988949
51988950
51988951
51988952
51988953
51988954
51988955
51988956
51988957
51988958
51988959
51988960
51988961
51988962
51988963
51988964
51988965
51988966
51988967
51988968
51988969
51988970
51988971
51988972
51988973
51988974
51988975
51988976
51988977
51988978
51988979
51988980
51988981
51988982
51988983
51988984
51988985
51988986
51988987
51988988
51988989
51988990
51988991
51988992
51988993
51988994
51988995
51988996
51988997
51988998
51988999
51989000
51989001
51989002
51989003
51989004
51989005
51989006
51989007
51989008
51989009
51989010
51989011
51989012
51989013
51989014
51989015
51989016
51989017
51989018
51989019
51989020
51989021
51989022
51989023
51989024
51989025
51989026
51989027
51989028
51989029
51989030
51989031
51989032
51989033
51989034
51989035
51989036
51989037
51989038
51989039
51989040
51989041
51989042
51989043
51989044
51989045
51989046
51989047
51989048
51989049
51989050
51989051
51989052
51989053
51989054
51989055
51989056
51989057
51989058
51989059
51989060
51989061
51989062
51989063
51989064
51989065
51989066
51989067
51989068
51989069
51989070
51989071
51989072
51989073
51989074
51989075
51989076
51989077
51989078
51989079
51989080
51989081
51989082
51989083
51989084
51989085
51989086
51989087
51989088
51989089
51989090
51989091
51989092
51989093
51989094
51989095
51989096
51989097
51989098
51989099
51989100
51989101
51989102
51989103
51989104
51989105
51989106
51989107
51989108
51989109
51989110
51989111
51989112
51989113
51989114
51989115
51989116
51989117
51989118
51989119
51989120
51989121
51989122
51989123
51989124
51989125
51989126
51989127
51989128
51989129
51989130
51989131
51989132
51989133
51989134
51989135
51989136
51989137
51989138
51989139
51989140
51989141
51989142
51989143
51989144
51989145
51989146
51989147
51989148
51989149
51989150
51989151
51989152
51989153
51989154
51989155
51989156
51989157
51989158
51989159
51989160
51989161
51989162
51989163
51989164
51989165
51989166
51989167
51989168
51989169
51989170
51989171
51989172
51989173
51989174
51989175
51989176
51989177
51989178
51989179
51989180
51989181
51989182
51989183
51989184
51989185
51989186
51989187
51989188
51989189
51989190
51989191
51989192
51989193
51989194
51989195
51989196
51989197
51989198
51989199
51989200
51989201
51989202
51989203
51989204
51989205
51989206
51989207
51989208
51989209
51989210
51989211
51989212
51989213
51989214
51989215
51989216
51989217
51989218
51989219
51989220
51989221
51989222
51989223
51989224
51989225
51989226
51989227
51989228
51989229
51989230
51989231
51989232
51989233
51989234
51989235
51989236
51989237
51989238
51989239
51989240
51989241
51989242
51989243
51989244
51989245
51989246
51989247
51989248
51989249
51989250
51989251
51989252
51989253
51989254
51989255
51989256
51989257
51989258
51989259
51989260
51989261
51989262
51989263
51989264
51989265
51989266
51989267
51989268
51989269
51989270
51989271
51989272
51989273
51989274
51989275
51989276
51989277
51989278
51989279
51989280
51989281
51989282
51989283
51989284
51989285
51989286
51989287
51989288
51989289
51989290
51989291
51989292
51989293
51989294
51989295
51989296
51989297
51989298
51989299
51989300
51989301
51989302
51989303
51989304
51989305
51989306
51989307
51989308
51989309
51989310
51989311
51989312
51989313
51989314
51989315
51989316
51989317
51989318
51989319
51989320
51989321
51989322
51989323
51989324
51989325
51989326
51989327
51989328
51989329
51989330
51989331
51989332
51989333
51989334
51989335
51989336
51989337
51989338
51989339
51989340
51989341
51989342
51989343
51989344
51989345
51989346
51989347
51989348
51989349
51989350
51989351
51989352
51989353
51989354
51989355
51989356
51989357
51989358
51989359
51989360
51989361
51989362
51989363
51989364
51989365
51989366
51989367
51989368
51989369
51989370
51989371
51989372
51989373
51989374
51989375
51989376
51989377
51989378
51989379
51989380
51989381
51989382
51989383
51989384
51989385
51989386
51989387
51989388
51989389
51989390
51989391
51989392
51989393
51989394
51989395
51989396
51989397
51989398
51989399
51989400
51989401
51989402
51989403
51989404
51989405
51989406
51989407
51989408
51989409
51989410
51989411
51989412
51989413
51989414
51989415
51989416
51989417
51989418
51989419
51989420
51989421
51989422
51989423
51989424
51989425
51989426
51989427
51989428
51989429
51989430
51989431
51989432
51989433
51989434
51989435
51989436
51989437
51989438
51989439
51989440
51989441
51989442
51989443
51989444
51989445
51989446
51989447
51989448
51989449
51989450
51989451
51989452
51989453
51989454
51989455
51989456
51989457
51989458
51989459
51989460
51989461
51989462
51989463
51989464
51989465
51989466
51989467
51989468
51989469
51989470
51989471
51989472
51989473
51989474
51989475
51989476
51989477
51989478
51989479
51989480
51989481
51989482
51989483
51989484
51989485
51989486
51989487
51989488
51989489
51989490
51989491
51989492
51989493
51989494
51989495
51989496
51989497
51989498
51989499
51989500
51989501
51989502
51989503
51989504
51989505
51989506
51989507
51989508
51989509
51989510
51989511
51989512
51989513
51989514
51989515
51989516
51989517
51989518
51989519
51989520
51989521
51989522
51989523
51989524
51989525
51989526
51989527
51989528
51989529
51989530
51989531
51989532
51989533
51989534
51989535
51989536
51989537
51989538
51989539
51989540
51989541
51989542
51989543
51989544
51989545
51989546
51989547
51989548
51989549
51989550
51989551
51989552
51989553
51989554
51989555
51989556
51989557
51989558
51989559
51989560
51989561
51989562
51989563
51989564
51989565
51989566
51989567
51989568
51989569
51989570
51989571
51989572
51989573
51989574
51989575
51989576
51989577
51989578
51989579
51989580
51989581
51989582
51989583
51989584
51989585
51989586
51989587
51989588
51989589
51989590
51989591
51989592
51989593
51989594
51989595
51989596
51989597
51989598
51989599
51989600
51989601
51989602
51989603
51989604
51989605
51989606
51989607
51989608
51989609
51989610
51989611
51989612
51989613
51989614
51989615
51989616
51989617
51989618
51989619
51989620
51989621
51989622
51989623
51989624
51989625
51989626
51989627
51989628
51989629
51989630
51989631
51989632
51989633
51989634
51989635
51989636
51989637
51989638
51989639
51989640
51989641
51989642
51989643
51989644
51989645
51989646
51989647
51989648
51989649
51989650
51989651
51989652
51989653
51989654
51989655
51989656
51989657
51989658
51989659
51989660
51989661
51989662
51989663
51989664
51989665
51989666
51989667
51989668
51989669
51989670
51989671
51989672
51989673
51989674
51989675
51989676
51989677
51989678
51989679
51989680
51989681
51989682
51989683
51989684
51989685
51989686
51989687
51989688
51989689
51989690
51989691
51989692
51989693
51989694
51989695
51989696
51989697
51989698
51989699
51989700
51989701
51989702
51989703
51989704
51989705
51989706
51989707
51989708
51989709
51989710
51989711
51989712
51989713
51989714
51989715
51989716
51989717
51989718
51989719
51989720
51989721
51989722
51989723
51989724
51989725
51989726
51989727
51989728
51989729
51989730
51989731
51989732
51989733
51989734
51989735
51989736
51989737
51989738
51989739
51989740
51989741
51989742
51989743
51989744
51989745
51989746
51989747
51989748
51989749
51989750
51989751
51989752
51989753
51989754
51989755
51989756
51989757
51989758
51989759
51989760
51989761
51989762
51989763
51989764
51989765
51989766
51989767
51989768
51989769
51989770
51989771
51989772
51989773
51989774
51989775
51989776
51989777
51989778
51989779
51989780
51989781
51989782
51989783
51989784
51989785
51989786
51989787
51989788
51989789
51989790
51989791
51989792
51989793
51989794
51989795
51989796
51989797
51989798
51989799
51989800
51989801
51989802
51989803
51989804
51989805
51989806
51989807
51989808
51989809
51989810
51989811
51989812
51989813
51989814
51989815
51989816
51989817
51989818
51989819
51989820
51989821
51989822
51989823
51989824
51989825
51989826
51989827
51989828
51989829
51989830
51989831
51989832
51989833
51989834
51989835
51989836
51989837
51989838
51989839
51989840
51989841
51989842
51989843
51989844
51989845
51989846
51989847
51989848
51989849
51989850
51989851
51989852
51989853
51989854
51989855
51989856
51989857
51989858
51989859
51989860
51989861
51989862
51989863
51989864
51989865
51989866
51989867
51989868
51989869
51989870
51989871
51989872
51989873
51989874
51989875
51989876
51989877
51989878
51989879
51989880
51989881
51989882
51989883
51989884
51989885
51989886
51989887
51989888
51989889
51989890
51989891
51989892
51989893
51989894
51989895
51989896
51989897
51989898
51989899
51989900
51989901
51989902
51989903
51989904
51989905
51989906
51989907
51989908
51989909
51989910
51989911
51989912
51989913
51989914
51989915
51989916
51989917
51989918
51989919
51989920
51989921
51989922
51989923
51989924
51989925
51989926
51989927
51989928
51989929
51989930
51989931
51989932
51989933
51989934
51989935
51989936
51989937
51989938
51989939
51989940
51989941
51989942
51989943
51989944
51989945
51989946
51989947
51989948
51989949
51989950
51989951
51989952
51989953
51989954
51989955
51989956
51989957
51989958
51989959
51989960
51989961
51989962
51989963
51989964
51989965
51989966
51989967
51989968
51989969
51989970
51989971
51989972
51989973
51989974
51989975
51989976
51989977
51989978
51989979
51989980
51989981
51989982
51989983
51989984
51989985
51989986
51989987
51989988
51989989
51989990
51989991
51989992
51989993
51989994
51989995
51989996
51989997
51989998
51989999
51990000
51990001
51990002
51990003
51990004
51990005
51990006
51990007
51990008
51990009
51990010
51990011
51990012
51990013
51990014
51990015
51990016
51990017
51990018
51990019
51990020
51990021
51990022
51990023
51990024
51990025
51990026
51990027
51990028
51990029
51990030
51990031
51990032
51990033
51990034
51990035
51990036
51990037
51990038
51990039
51990040
51990041
51990042
51990043
51990044
51990045
51990046
51990047
51990048
51990049
51990050
51990051
51990052
51990053
51990054
51990055
51990056
51990057
51990058
51990059
51990060
51990061
51990062
51990063
51990064
51990065
51990066
51990067
51990068
51990069
51990070
51990071
51990072
51990073
51990074
51990075
51990076
51990077
51990078
51990079
51990080
51990081
51990082
51990083
51990084
51990085
51990086
51990087
51990088
51990089
51990090
51990091
51990092
51990093
51990094
51990095
51990096
51990097
51990098
51990099
51990100
51990101
51990102
51990103
51990104
51990105
51990106
51990107
51990108
51990109
51990110
51990111
51990112
51990113
51990114
51990115
51990116
51990117
51990118
51990119
51990120
51990121
51990122
51990123
51990124
51990125
51990126
51990127
51990128
51990129
51990130
51990131
51990132
51990133
51990134
51990135
51990136
51990137
51990138
51990139
51990140
51990141
51990142
51990143
51990144
51990145
51990146
51990147
51990148
51990149
51990150
51990151
51990152
51990153
51990154
51990155
51990156
51990157
51990158
51990159
51990160
51990161
51990162
51990163
51990164
51990165
51990166
51990167
51990168
51990169
51990170
51990171
51990172
51990173
51990174
51990175
51990176
51990177
51990178
51990179
51990180
51990181
51990182
51990183
51990184
51990185
51990186
51990187
51990188
51990189
51990190
51990191
51990192
51990193
51990194
51990195
51990196
51990197
51990198
51990199
51990200
51990201
51990202
51990203
51990204
51990205
51990206
51990207
51990208
51990209
51990210
51990211
51990212
51990213
51990214
51990215
51990216
51990217
51990218
51990219
51990220
51990221
51990222
51990223
51990224
51990225
51990226
51990227
51990228
51990229
51990230
51990231
51990232
51990233
51990234
51990235
51990236
51990237
51990238
51990239
51990240
51990241
51990242
51990243
51990244
51990245
51990246
51990247
51990248
51990249
51990250
51990251
51990252
51990253
51990254
51990255
51990256
51990257
51990258
51990259
51990260
51990261
51990262
51990263
51990264
51990265
51990266
51990267
51990268
51990269
51990270
51990271
51990272
51990273
51990274
51990275
51990276
51990277
51990278
51990279
51990280
51990281
51990282
51990283
51990284
51990285
51990286
51990287
51990288
51990289
51990290
51990291
51990292
51990293
51990294
51990295
51990296
51990297
51990298
51990299
51990300
51990301
51990302
51990303
51990304
51990305
51990306
51990307
51990308
51990309
51990310
51990311
51990312
51990313
51990314
51990315
51990316
51990317
51990318
51990319
51990320
51990321
51990322
51990323
51990324
51990325
51990326
51990327
51990328
51990329
51990330
51990331
51990332
51990333
51990334
51990335
51990336
51990337
51990338
51990339
51990340
51990341
51990342
51990343
51990344
51990345
51990346
51990347
51990348
51990349
51990350
51990351
51990352
51990353
51990354
51990355
51990356
51990357
51990358
51990359
51990360
51990361
51990362
51990363
51990364
51990365
51990366
51990367
51990368
51990369
51990370
51990371
51990372
51990373
51990374
51990375
51990376
51990377
51990378
51990379
51990380
51990381
51990382
51990383
51990384
51990385
51990386
51990387
51990388
51990389
51990390
51990391
51990392
51990393
51990394
51990395
51990396
51990397
51990398
51990399
51990400
51990401
51990402
51990403
51990404
51990405
51990406
51990407
51990408
51990409
51990410
51990411
51990412
51990413
51990414
51990415
51990416
51990417
51990418
51990419
51990420
51990421
51990422
51990423
51990424
51990425
51990426
51990427
51990428
51990429
51990430
51990431
51990432
51990433
51990434
51990435
51990436
51990437
51990438
51990439
51990440
51990441
51990442
51990443
51990444
51990445
51990446
51990447
51990448
51990449
51990450
51990451
51990452
51990453
51990454
51990455
51990456
51990457
51990458
51990459
51990460
51990461
51990462
51990463
51990464
51990465
51990466
51990467
51990468
51990469
51990470
51990471
51990472
51990473
51990474
51990475
51990476
51990477
51990478
51990479
51990480
51990481
51990482
51990483
51990484
51990485
51990486
51990487
51990488
51990489
51990490
51990491
51990492
51990493
51990494
51990495
51990496
51990497
51990498
51990499
51990500
51990501
51990502
51990503
51990504
51990505
51990506
51990507
51990508
51990509
51990510
51990511
51990512
51990513
51990514
51990515
51990516
51990517
51990518
51990519
51990520
51990521
51990522
51990523
51990524
51990525
51990526
51990527
51990528
51990529
51990530
51990531
51990532
51990533
51990534
51990535
51990536
51990537
51990538
51990539
51990540
51990541
51990542
51990543
51990544
51990545
51990546
51990547
51990548
51990549
51990550
51990551
51990552
51990553
51990554
51990555
51990556
51990557
51990558
51990559
51990560
51990561
51990562
51990563
51990564
51990565
51990566
51990567
51990568
51990569
51990570
51990571
51990572
51990573
51990574
51990575
51990576
51990577
51990578
51990579
51990580
51990581
51990582
51990583
51990584
51990585
51990586
51990587
51990588
51990589
51990590
51990591
51990592
51990593
51990594
51990595
51990596
51990597
51990598
51990599
51990600
51990601
51990602
51990603
51990604
51990605
51990606
51990607
51990608
51990609
51990610
51990611
51990612
51990613
51990614
51990615
51990616
51990617
51990618
51990619
51990620
51990621
51990622
51990623
51990624
51990625
51990626
51990627
51990628
51990629
51990630
51990631
51990632
51990633
51990634
51990635
51990636
51990637
51990638
51990639
51990640
51990641
51990642
51990643
51990644
51990645
51990646
51990647
51990648
51990649
51990650
51990651
51990652
51990653
51990654
51990655
51990656
51990657
51990658
51990659
51990660
51990661
51990662
51990663
51990664
51990665
51990666
51990667
51990668
51990669
51990670
51990671
51990672
51990673
51990674
51990675
51990676
51990677
51990678
51990679
51990680
51990681
51990682
51990683
51990684
51990685
51990686
51990687
51990688
51990689
51990690
51990691
51990692
51990693
51990694
51990695
51990696
51990697
51990698
51990699
51990700
51990701
51990702
51990703
51990704
51990705
51990706
51990707
51990708
51990709
51990710
51990711
51990712
51990713
51990714
51990715
51990716
51990717
51990718
51990719
51990720
51990721
51990722
51990723
51990724
51990725
51990726
51990727
51990728
51990729
51990730
51990731
51990732
51990733
51990734
51990735
51990736
51990737
51990738
51990739
51990740
51990741
51990742
51990743
51990744
51990745
51990746
51990747
51990748
51990749
51990750
51990751
51990752
51990753
51990754
51990755
51990756
51990757
51990758
51990759
51990760
51990761
51990762
51990763
51990764
51990765
51990766
51990767
51990768
51990769
51990770
51990771
51990772
51990773
51990774
51990775
51990776
51990777
51990778
51990779
51990780
51990781
51990782
51990783
51990784
51990785
51990786
51990787
51990788
51990789
51990790
51990791
51990792
51990793
51990794
51990795
51990796
51990797
51990798
51990799
51990800
51990801
51990802
51990803
51990804
51990805
51990806
51990807
51990808
51990809
51990810
51990811
51990812
51990813
51990814
51990815
51990816
51990817
51990818
51990819
51990820
51990821
51990822
51990823
51990824
51990825
51990826
51990827
51990828
51990829
51990830
51990831
51990832
51990833
51990834
51990835
51990836
51990837
51990838
51990839
51990840
51990841
51990842
51990843
51990844
51990845
51990846
51990847
51990848
51990849
51990850
51990851
51990852
51990853
51990854
51990855
51990856
51990857
51990858
51990859
51990860
51990861
51990862
51990863
51990864
51990865
51990866
51990867
51990868
51990869
51990870
51990871
51990872
51990873
51990874
51990875
51990876
51990877
51990878
51990879
51990880
51990881
51990882
51990883
51990884
51990885
51990886
51990887
51990888
51990889
51990890
51990891
51990892
51990893
51990894
51990895
51990896
51990897
51990898
51990899
51990900
51990901
51990902
51990903
51990904
51990905
51990906
51990907
51990908
51990909
51990910
51990911
51990912
51990913
51990914
51990915
51990916
51990917
51990918
51990919
51990920
51990921
51990922
51990923
51990924
51990925
51990926
51990927
51990928
51990929
51990930
51990931
51990932
51990933
51990934
51990935
51990936
51990937
51990938
51990939
51990940
51990941
51990942
51990943
51990944
51990945
51990946
51990947
51990948
51990949
51990950
51990951
51990952
51990953
51990954
51990955
51990956
51990957
51990958
51990959
51990960
51990961
51990962
51990963
51990964
51990965
51990966
51990967
51990968
51990969
51990970
51990971
51990972
51990973
51990974
51990975
51990976
51990977
51990978
51990979
51990980
51990981
51990982
51990983
51990984
51990985
51990986
51990987
51990988
51990989
51990990
51990991
51990992
51990993
51990994
51990995
51990996
51990997
51990998
51990999
51991000
51991001
51991002
51991003
51991004
51991005
51991006
51991007
51991008
51991009
51991010
51991011
51991012
51991013
51991014
51991015
51991016
51991017
51991018
51991019
51991020
51991021
51991022
51991023
51991024
51991025
51991026
51991027
51991028
51991029
51991030
51991031
51991032
51991033
51991034
51991035
51991036
51991037
51991038
51991039
51991040
51991041
51991042
51991043
51991044
51991045
51991046
51991047
51991048
51991049
51991050
51991051
51991052
51991053
51991054
51991055
51991056
51991057
51991058
51991059
51991060
51991061
51991062
51991063
51991064
51991065
51991066
51991067
51991068
51991069
51991070
51991071
51991072
51991073
51991074
51991075
51991076
51991077
51991078
51991079
51991080
51991081
51991082
51991083
51991084
51991085
51991086
51991087
51991088
51991089
51991090
51991091
51991092
51991093
51991094
51991095
51991096
51991097
51991098
51991099
51991100
51991101
51991102
51991103
51991104
51991105
51991106
51991107
51991108
51991109
51991110
51991111
51991112
51991113
51991114
51991115
51991116
51991117
51991118
51991119
51991120
51991121
51991122
51991123
51991124
51991125
51991126
51991127
51991128
51991129
51991130
51991131
51991132
51991133
51991134
51991135
51991136
51991137
51991138
51991139
51991140
51991141
51991142
51991143
51991144
51991145
51991146
51991147
51991148
51991149
51991150
51991151
51991152
51991153
51991154
51991155
51991156
51991157
51991158
51991159
51991160
51991161
51991162
51991163
51991164
51991165
51991166
51991167
51991168
51991169
51991170
51991171
51991172
51991173
51991174
51991175
51991176
51991177
51991178
51991179
51991180
51991181
51991182
51991183
51991184
51991185
51991186
51991187
51991188
51991189
51991190
51991191
51991192
51991193
51991194
51991195
51991196
51991197
51991198
51991199
51991200
51991201
51991202
51991203
51991204
51991205
51991206
51991207
51991208
51991209
51991210
51991211
51991212
51991213
51991214
51991215
51991216
51991217
51991218
51991219
51991220
51991221
51991222
51991223
51991224
51991225
51991226
51991227
51991228
51991229
51991230
51991231
51991232
51991233
51991234
51991235
51991236
51991237
51991238
51991239
51991240
51991241
51991242
51991243
51991244
51991245
51991246
51991247
51991248
51991249
51991250
51991251
51991252
51991253
51991254
51991255
51991256
51991257
51991258
51991259
51991260
51991261
51991262
51991263
51991264
51991265
51991266
51991267
51991268
51991269
51991270
51991271
51991272
51991273
51991274
51991275
51991276
51991277
51991278
51991279
51991280
51991281
51991282
51991283
51991284
51991285
51991286
51991287
51991288
51991289
51991290
51991291
51991292
51991293
51991294
51991295
51991296
51991297
51991298
51991299
51991300
51991301
51991302
51991303
51991304
51991305
51991306
51991307
51991308
51991309
51991310
51991311
51991312
51991313
51991314
51991315
51991316
51991317
51991318
51991319
51991320
51991321
51991322
51991323
51991324
51991325
51991326
51991327
51991328
51991329
51991330
51991331
51991332
51991333
51991334
51991335
51991336
51991337
51991338
51991339
51991340
51991341
51991342
51991343
51991344
51991345
51991346
51991347
51991348
51991349
51991350
51991351
51991352
51991353
51991354
51991355
51991356
51991357
51991358
51991359
51991360
51991361
51991362
51991363
51991364
51991365
51991366
51991367
51991368
51991369
51991370
51991371
51991372
51991373
51991374
51991375
51991376
51991377
51991378
51991379
51991380
51991381
51991382
51991383
51991384
51991385
51991386
51991387
51991388
51991389
51991390
51991391
51991392
51991393
51991394
51991395
51991396
51991397
51991398
51991399
51991400
51991401
51991402
51991403
51991404
51991405
51991406
51991407
51991408
51991409
51991410
51991411
51991412
51991413
51991414
51991415
51991416
51991417
51991418
51991419
51991420
51991421
51991422
51991423
51991424
51991425
51991426
51991427
51991428
51991429
51991430
51991431
51991432
51991433
51991434
51991435
51991436
51991437
51991438
51991439
51991440
51991441
51991442
51991443
51991444
51991445
51991446
51991447
51991448
51991449
51991450
51991451
51991452
51991453
51991454
51991455
51991456
51991457
51991458
51991459
51991460
51991461
51991462
51991463
51991464
51991465
51991466
51991467
51991468
51991469
51991470
51991471
51991472
51991473
51991474
51991475
51991476
51991477
51991478
51991479
51991480
51991481
51991482
51991483
51991484
51991485
51991486
51991487
51991488
51991489
51991490
51991491
51991492
51991493
51991494
51991495
51991496
51991497
51991498
51991499
51991500
51991501
51991502
51991503
51991504
51991505
51991506
51991507
51991508
51991509
51991510
51991511
51991512
51991513
51991514
51991515
51991516
51991517
51991518
51991519
51991520
51991521
51991522
51991523
51991524
51991525
51991526
51991527
51991528
51991529
51991530
51991531
51991532
51991533
51991534
51991535
51991536
51991537
51991538
51991539
51991540
51991541
51991542
51991543
51991544
51991545
51991546
51991547
51991548
51991549
51991550
51991551
51991552
51991553
51991554
51991555
51991556
51991557
51991558
51991559
51991560
51991561
51991562
51991563
51991564
51991565
51991566
51991567
51991568
51991569
51991570
51991571
51991572
51991573
51991574
51991575
51991576
51991577
51991578
51991579
51991580
51991581
51991582
51991583
51991584
51991585
51991586
51991587
51991588
51991589
51991590
51991591
51991592
51991593
51991594
51991595
51991596
51991597
51991598
51991599
51991600
51991601
51991602
51991603
51991604
51991605
51991606
51991607
51991608
51991609
51991610
51991611
51991612
51991613
51991614
51991615
51991616
51991617
51991618
51991619
51991620
51991621
51991622
51991623
51991624
51991625
51991626
51991627
51991628
51991629
51991630
51991631
51991632
51991633
51991634
51991635
51991636
51991637
51991638
51991639
51991640
51991641
51991642
51991643
51991644
51991645
51991646
51991647
51991648
51991649
51991650
51991651
51991652
51991653
51991654
51991655
51991656
51991657
51991658
51991659
51991660
51991661
51991662
51991663
51991664
51991665
51991666
51991667
51991668
51991669
51991670
51991671
51991672
51991673
51991674
51991675
51991676
51991677
51991678
51991679
51991680
51991681
51991682
51991683
51991684
51991685
51991686
51991687
51991688
51991689
51991690
51991691
51991692
51991693
51991694
51991695
51991696
51991697
51991698
51991699
51991700
51991701
51991702
51991703
51991704
51991705
51991706
51991707
51991708
51991709
51991710
51991711
51991712
51991713
51991714
51991715
51991716
51991717
51991718
51991719
51991720
51991721
51991722
51991723
51991724
51991725
51991726
51991727
51991728
51991729
51991730
51991731
51991732
51991733
51991734
51991735
51991736
51991737
51991738
51991739
51991740
51991741
51991742
51991743
51991744
51991745
51991746
51991747
51991748
51991749
51991750
51991751
51991752
51991753
51991754
51991755
51991756
51991757
51991758
51991759
51991760
51991761
51991762
51991763
51991764
51991765
51991766
51991767
51991768
51991769
51991770
51991771
51991772
51991773
51991774
51991775
51991776
51991777
51991778
51991779
51991780
51991781
51991782
51991783
51991784
51991785
51991786
51991787
51991788
51991789
51991790
51991791
51991792
51991793
51991794
51991795
51991796
51991797
51991798
51991799
51991800
51991801
51991802
51991803
51991804
51991805
51991806
51991807
51991808
51991809
51991810
51991811
51991812
51991813
51991814
51991815
51991816
51991817
51991818
51991819
51991820
51991821
51991822
51991823
51991824
51991825
51991826
51991827
51991828
51991829
51991830
51991831
51991832
51991833
51991834
51991835
51991836
51991837
51991838
51991839
51991840
51991841
51991842
51991843
51991844
51991845
51991846
51991847
51991848
51991849
51991850
51991851
51991852
51991853
51991854
51991855
51991856
51991857
51991858
51991859
51991860
51991861
51991862
51991863
51991864
51991865
51991866
51991867
51991868
51991869
51991870
51991871
51991872
51991873
51991874
51991875
51991876
51991877
51991878
51991879
51991880
51991881
51991882
51991883
51991884
51991885
51991886
51991887
51991888
51991889
51991890
51991891
51991892
51991893
51991894
51991895
51991896
51991897
51991898
51991899
51991900
51991901
51991902
51991903
51991904
51991905
51991906
51991907
51991908
51991909
51991910
51991911
51991912
51991913
51991914
51991915
51991916
51991917
51991918
51991919
51991920
51991921
51991922
51991923
51991924
51991925
51991926
51991927
51991928
51991929
51991930
51991931
51991932
51991933
51991934
51991935
51991936
51991937
51991938
51991939
51991940
51991941
51991942
51991943
51991944
51991945
51991946
51991947
51991948
51991949
51991950
51991951
51991952
51991953
51991954
51991955
51991956
51991957
51991958
51991959
51991960
51991961
51991962
51991963
51991964
51991965
51991966
51991967
51991968
51991969
51991970
51991971
51991972
51991973
51991974
51991975
51991976
51991977
51991978
51991979
51991980
51991981
51991982
51991983
51991984
51991985
51991986
51991987
51991988
51991989
51991990
51991991
51991992
51991993
51991994
51991995
51991996
51991997
51991998
51991999
51992000
51992001
51992002
51992003
51992004
51992005
51992006
51992007
51992008
51992009
51992010
51992011
51992012
51992013
51992014
51992015
51992016
51992017
51992018
51992019
51992020
51992021
51992022
51992023
51992024
51992025
51992026
51992027
51992028
51992029
51992030
51992031
51992032
51992033
51992034
51992035
51992036
51992037
51992038
51992039
51992040
51992041
51992042
51992043
51992044
51992045
51992046
51992047
51992048
51992049
51992050
51992051
51992052
51992053
51992054
51992055
51992056
51992057
51992058
51992059
51992060
51992061
51992062
51992063
51992064
51992065
51992066
51992067
51992068
51992069
51992070
51992071
51992072
51992073
51992074
51992075
51992076
51992077
51992078
51992079
51992080
51992081
51992082
51992083
51992084
51992085
51992086
51992087
51992088
51992089
51992090
51992091
51992092
51992093
51992094
51992095
51992096
51992097
51992098
51992099
51992100
51992101
51992102
51992103
51992104
51992105
51992106
51992107
51992108
51992109
51992110
51992111
51992112
51992113
51992114
51992115
51992116
51992117
51992118
51992119
51992120
51992121
51992122
51992123
51992124
51992125
51992126
51992127
51992128
51992129
51992130
51992131
51992132
51992133
51992134
51992135
51992136
51992137
51992138
51992139
51992140
51992141
51992142
51992143
51992144
51992145
51992146
51992147
51992148
51992149
51992150
51992151
51992152
51992153
51992154
51992155
51992156
51992157
51992158
51992159
51992160
51992161
51992162
51992163
51992164
51992165
51992166
51992167
51992168
51992169
51992170
51992171
51992172
51992173
51992174
51992175
51992176
51992177
51992178
51992179
51992180
51992181
51992182
51992183
51992184
51992185
51992186
51992187
51992188
51992189
51992190
51992191
51992192
51992193
51992194
51992195
51992196
51992197
51992198
51992199
51992200
51992201
51992202
51992203
51992204
51992205
51992206
51992207
51992208
51992209
51992210
51992211
51992212
51992213
51992214
51992215
51992216
51992217
51992218
51992219
51992220
51992221
51992222
51992223
51992224
51992225
51992226
51992227
51992228
51992229
51992230
51992231
51992232
51992233
51992234
51992235
51992236
51992237
51992238
51992239
51992240
51992241
51992242
51992243
51992244
51992245
51992246
51992247
51992248
51992249
51992250
51992251
51992252
51992253
51992254
51992255
51992256
51992257
51992258
51992259
51992260
51992261
51992262
51992263
51992264
51992265
51992266
51992267
51992268
51992269
51992270
51992271
51992272
51992273
51992274
51992275
51992276
51992277
51992278
51992279
51992280
51992281
51992282
51992283
51992284
51992285
51992286
51992287
51992288
51992289
51992290
51992291
51992292
51992293
51992294
51992295
51992296
51992297
51992298
51992299
51992300
51992301
51992302
51992303
51992304
51992305
51992306
51992307
51992308
51992309
51992310
51992311
51992312
51992313
51992314
51992315
51992316
51992317
51992318
51992319
51992320
51992321
51992322
51992323
51992324
51992325
51992326
51992327
51992328
51992329
51992330
51992331
51992332
51992333
51992334
51992335
51992336
51992337
51992338
51992339
51992340
51992341
51992342
51992343
51992344
51992345
51992346
51992347
51992348
51992349
51992350
51992351
51992352
51992353
51992354
51992355
51992356
51992357
51992358
51992359
51992360
51992361
51992362
51992363
51992364
51992365
51992366
51992367
51992368
51992369
51992370
51992371
51992372
51992373
51992374
51992375
51992376
51992377
51992378
51992379
51992380
51992381
51992382
51992383
51992384
51992385
51992386
51992387
51992388
51992389
51992390
51992391
51992392
51992393
51992394
51992395
51992396
51992397
51992398
51992399
51992400
51992401
51992402
51992403
51992404
51992405
51992406
51992407
51992408
51992409
51992410
51992411
51992412
51992413
51992414
51992415
51992416
51992417
51992418
51992419
51992420
51992421
51992422
51992423
51992424
51992425
51992426
51992427
51992428
51992429
51992430
51992431
51992432
51992433
51992434
51992435
51992436
51992437
51992438
51992439
51992440
51992441
51992442
51992443
51992444
51992445
51992446
51992447
51992448
51992449
51992450
51992451
51992452
51992453
51992454
51992455
51992456
51992457
51992458
51992459
51992460
51992461
51992462
51992463
51992464
51992465
51992466
51992467
51992468
51992469
51992470
51992471
51992472
51992473
51992474
51992475
51992476
51992477
51992478
51992479
51992480
51992481
51992482
51992483
51992484
51992485
51992486
51992487
51992488
51992489
51992490
51992491
51992492
51992493
51992494
51992495
51992496
51992497
51992498
51992499
51992500
51992501
51992502
51992503
51992504
51992505
51992506
51992507
51992508
51992509
51992510
51992511
51992512
51992513
51992514
51992515
51992516
51992517
51992518
51992519
51992520
51992521
51992522
51992523
51992524
51992525
51992526
51992527
51992528
51992529
51992530
51992531
51992532
51992533
51992534
51992535
51992536
51992537
51992538
51992539
51992540
51992541
51992542
51992543
51992544
51992545
51992546
51992547
51992548
51992549
51992550
51992551
51992552
51992553
51992554
51992555
51992556
51992557
51992558
51992559
51992560
51992561
51992562
51992563
51992564
51992565
51992566
51992567
51992568
51992569
51992570
51992571
51992572
51992573
51992574
51992575
51992576
51992577
51992578
51992579
51992580
51992581
51992582
51992583
51992584
51992585
51992586
51992587
51992588
51992589
51992590
51992591
51992592
51992593
51992594
51992595
51992596
51992597
51992598
51992599
51992600
51992601
51992602
51992603
51992604
51992605
51992606
51992607
51992608
51992609
51992610
51992611
51992612
51992613
51992614
51992615
51992616
51992617
51992618
51992619
51992620
51992621
51992622
51992623
51992624
51992625
51992626
51992627
51992628
51992629
51992630
51992631
51992632
51992633
51992634
51992635
51992636
51992637
51992638
51992639
51992640
51992641
51992642
51992643
51992644
51992645
51992646
51992647
51992648
51992649
51992650
51992651
51992652
51992653
51992654
51992655
51992656
51992657
51992658
51992659
51992660
51992661
51992662
51992663
51992664
51992665
51992666
51992667
51992668
51992669
51992670
51992671
51992672
51992673
51992674
51992675
51992676
51992677
51992678
51992679
51992680
51992681
51992682
51992683
51992684
51992685
51992686
51992687
51992688
51992689
51992690
51992691
51992692
51992693
51992694
51992695
51992696
51992697
51992698
51992699
51992700
51992701
51992702
51992703
51992704
51992705
51992706
51992707
51992708
51992709
51992710
51992711
51992712
51992713
51992714
51992715
51992716
51992717
51992718
51992719
51992720
51992721
51992722
51992723
51992724
51992725
51992726
51992727
51992728
51992729
51992730
51992731
51992732
51992733
51992734
51992735
51992736
51992737
51992738
51992739
51992740
51992741
51992742
51992743
51992744
51992745
51992746
51992747
51992748
51992749
51992750
51992751
51992752
51992753
51992754
51992755
51992756
51992757
51992758
51992759
51992760
51992761
51992762
51992763
51992764
51992765
51992766
51992767
51992768
51992769
51992770
51992771
51992772
51992773
51992774
51992775
51992776
51992777
51992778
51992779
51992780
51992781
51992782
51992783
51992784
51992785
51992786
51992787
51992788
51992789
51992790
51992791
51992792
51992793
51992794
51992795
51992796
51992797
51992798
51992799
51992800
51992801
51992802
51992803
51992804
51992805
51992806
51992807
51992808
51992809
51992810
51992811
51992812
51992813
51992814
51992815
51992816
51992817
51992818
51992819
51992820
51992821
51992822
51992823
51992824
51992825
51992826
51992827
51992828
51992829
51992830
51992831
51992832
51992833
51992834
51992835
51992836
51992837
51992838
51992839
51992840
51992841
51992842
51992843
51992844
51992845
51992846
51992847
51992848
51992849
51992850
51992851
51992852
51992853
51992854
51992855
51992856
51992857
51992858
51992859
51992860
51992861
51992862
51992863
51992864
51992865
51992866
51992867
51992868
51992869
51992870
51992871
51992872
51992873
51992874
51992875
51992876
51992877
51992878
51992879
51992880
51992881
51992882
51992883
51992884
51992885
51992886
51992887
51992888
51992889
51992890
51992891
51992892
51992893
51992894
51992895
51992896
51992897
51992898
51992899
51992900
51992901
51992902
51992903
51992904
51992905
51992906
51992907
51992908
51992909
51992910
51992911
51992912
51992913
51992914
51992915
51992916
51992917
51992918
51992919
51992920
51992921
51992922
51992923
51992924
51992925
51992926
51992927
51992928
51992929
51992930
51992931
51992932
51992933
51992934
51992935
51992936
51992937
51992938
51992939
51992940
51992941
51992942
51992943
51992944
51992945
51992946
51992947
51992948
51992949
51992950
51992951
51992952
51992953
51992954
51992955
51992956
51992957
51992958
51992959
51992960
51992961
51992962
51992963
51992964
51992965
51992966
51992967
51992968
51992969
51992970
51992971
51992972
51992973
51992974
51992975
51992976
51992977
51992978
51992979
51992980
51992981
51992982
51992983
51992984
51992985
51992986
51992987
51992988
51992989
51992990
51992991
51992992
51992993
51992994
51992995
51992996
51992997
51992998
51992999
51993000
51993001
51993002
51993003
51993004
51993005
51993006
51993007
51993008
51993009
51993010
51993011
51993012
51993013
51993014
51993015
51993016
51993017
51993018
51993019
51993020
51993021
51993022
51993023
51993024
51993025
51993026
51993027
51993028
51993029
51993030
51993031
51993032
51993033
51993034
51993035
51993036
51993037
51993038
51993039
51993040
51993041
51993042
51993043
51993044
51993045
51993046
51993047
51993048
51993049
51993050
51993051
51993052
51993053
51993054
51993055
51993056
51993057
51993058
51993059
51993060
51993061
51993062
51993063
51993064
51993065
51993066
51993067
51993068
51993069
51993070
51993071
51993072
51993073
51993074
51993075
51993076
51993077
51993078
51993079
51993080
51993081
51993082
51993083
51993084
51993085
51993086
51993087
51993088
51993089
51993090
51993091
51993092
51993093
51993094
51993095
51993096
51993097
51993098
51993099
51993100
51993101
51993102
51993103
51993104
51993105
51993106
51993107
51993108
51993109
51993110
51993111
51993112
51993113
51993114
51993115
51993116
51993117
51993118
51993119
51993120
51993121
51993122
51993123
51993124
51993125
51993126
51993127
51993128
51993129
51993130
51993131
51993132
51993133
51993134
51993135
51993136
51993137
51993138
51993139
51993140
51993141
51993142
51993143
51993144
51993145
51993146
51993147
51993148
51993149
51993150
51993151
51993152
51993153
51993154
51993155
51993156
51993157
51993158
51993159
51993160
51993161
51993162
51993163
51993164
51993165
51993166
51993167
51993168
51993169
51993170
51993171
51993172
51993173
51993174
51993175
51993176
51993177
51993178
51993179
51993180
51993181
51993182
51993183
51993184
51993185
51993186
51993187
51993188
51993189
51993190
51993191
51993192
51993193
51993194
51993195
51993196
51993197
51993198
51993199
51993200
51993201
51993202
51993203
51993204
51993205
51993206
51993207
51993208
51993209
51993210
51993211
51993212
51993213
51993214
51993215
51993216
51993217
51993218
51993219
51993220
51993221
51993222
51993223
51993224
51993225
51993226
51993227
51993228
51993229
51993230
51993231
51993232
51993233
51993234
51993235
51993236
51993237
51993238
51993239
51993240
51993241
51993242
51993243
51993244
51993245
51993246
51993247
51993248
51993249
51993250
51993251
51993252
51993253
51993254
51993255
51993256
51993257
51993258
51993259
51993260
51993261
51993262
51993263
51993264
51993265
51993266
51993267
51993268
51993269
51993270
51993271
51993272
51993273
51993274
51993275
51993276
51993277
51993278
51993279
51993280
51993281
51993282
51993283
51993284
51993285
51993286
51993287
51993288
51993289
51993290
51993291
51993292
51993293
51993294
51993295
51993296
51993297
51993298
51993299
51993300
51993301
51993302
51993303
51993304
51993305
51993306
51993307
51993308
51993309
51993310
51993311
51993312
51993313
51993314
51993315
51993316
51993317
51993318
51993319
51993320
51993321
51993322
51993323
51993324
51993325
51993326
51993327
51993328
51993329
51993330
51993331
51993332
51993333
51993334
51993335
51993336
51993337
51993338
51993339
51993340
51993341
51993342
51993343
51993344
51993345
51993346
51993347
51993348
51993349
51993350
51993351
51993352
51993353
51993354
51993355
51993356
51993357
51993358
51993359
51993360
51993361
51993362
51993363
51993364
51993365
51993366
51993367
51993368
51993369
51993370
51993371
51993372
51993373
51993374
51993375
51993376
51993377
51993378
51993379
51993380
51993381
51993382
51993383
51993384
51993385
51993386
51993387
51993388
51993389
51993390
51993391
51993392
51993393
51993394
51993395
51993396
51993397
51993398
51993399
51993400
51993401
51993402
51993403
51993404
51993405
51993406
51993407
51993408
51993409
51993410
51993411
51993412
51993413
51993414
51993415
51993416
51993417
51993418
51993419
51993420
51993421
51993422
51993423
51993424
51993425
51993426
51993427
51993428
51993429
51993430
51993431
51993432
51993433
51993434
51993435
51993436
51993437
51993438
51993439
51993440
51993441
51993442
51993443
51993444
51993445
51993446
51993447
51993448
51993449
51993450
51993451
51993452
51993453
51993454
51993455
51993456
51993457
51993458
51993459
51993460
51993461
51993462
51993463
51993464
51993465
51993466
51993467
51993468
51993469
51993470
51993471
51993472
51993473
51993474
51993475
51993476
51993477
51993478
51993479
51993480
51993481
51993482
51993483
51993484
51993485
51993486
51993487
51993488
51993489
51993490
51993491
51993492
51993493
51993494
51993495
51993496
51993497
51993498
51993499
51993500
51993501
51993502
51993503
51993504
51993505
51993506
51993507
51993508
51993509
51993510
51993511
51993512
51993513
51993514
51993515
51993516
51993517
51993518
51993519
51993520
51993521
51993522
51993523
51993524
51993525
51993526
51993527
51993528
51993529
51993530
51993531
51993532
51993533
51993534
51993535
51993536
51993537
51993538
51993539
51993540
51993541
51993542
51993543
51993544
51993545
51993546
51993547
51993548
51993549
51993550
51993551
51993552
51993553
51993554
51993555
51993556
51993557
51993558
51993559
51993560
51993561
51993562
51993563
51993564
51993565
51993566
51993567
51993568
51993569
51993570
51993571
51993572
51993573
51993574
51993575
51993576
51993577
51993578
51993579
51993580
51993581
51993582
51993583
51993584
51993585
51993586
51993587
51993588
51993589
51993590
51993591
51993592
51993593
51993594
51993595
51993596
51993597
51993598
51993599
51993600
51993601
51993602
51993603
51993604
51993605
51993606
51993607
51993608
51993609
51993610
51993611
51993612
51993613
51993614
51993615
51993616
51993617
51993618
51993619
51993620
51993621
51993622
51993623
51993624
51993625
51993626
51993627
51993628
51993629
51993630
51993631
51993632
51993633
51993634
51993635
51993636
51993637
51993638
51993639
51993640
51993641
51993642
51993643
51993644
51993645
51993646
51993647
51993648
51993649
51993650
51993651
51993652
51993653
51993654
51993655
51993656
51993657
51993658
51993659
51993660
51993661
51993662
51993663
51993664
51993665
51993666
51993667
51993668
51993669
51993670
51993671
51993672
51993673
51993674
51993675
51993676
51993677
51993678
51993679
51993680
51993681
51993682
51993683
51993684
51993685
51993686
51993687
51993688
51993689
51993690
51993691
51993692
51993693
51993694
51993695
51993696
51993697
51993698
51993699
51993700
51993701
51993702
51993703
51993704
51993705
51993706
51993707
51993708
51993709
51993710
51993711
51993712
51993713
51993714
51993715
51993716
51993717
51993718
51993719
51993720
51993721
51993722
51993723
51993724
51993725
51993726
51993727
51993728
51993729
51993730
51993731
51993732
51993733
51993734
51993735
51993736
51993737
51993738
51993739
51993740
51993741
51993742
51993743
51993744
51993745
51993746
51993747
51993748
51993749
51993750
51993751
51993752
51993753
51993754
51993755
51993756
51993757
51993758
51993759
51993760
51993761
51993762
51993763
51993764
51993765
51993766
51993767
51993768
51993769
51993770
51993771
51993772
51993773
51993774
51993775
51993776
51993777
51993778
51993779
51993780
51993781
51993782
51993783
51993784
51993785
51993786
51993787
51993788
51993789
51993790
51993791
51993792
51993793
51993794
51993795
51993796
51993797
51993798
51993799
51993800
51993801
51993802
51993803
51993804
51993805
51993806
51993807
51993808
51993809
51993810
51993811
51993812
51993813
51993814
51993815
51993816
51993817
51993818
51993819
51993820
51993821
51993822
51993823
51993824
51993825
51993826
51993827
51993828
51993829
51993830
51993831
51993832
51993833
51993834
51993835
51993836
51993837
51993838
51993839
51993840
51993841
51993842
51993843
51993844
51993845
51993846
51993847
51993848
51993849
51993850
51993851
51993852
51993853
51993854
51993855
51993856
51993857
51993858
51993859
51993860
51993861
51993862
51993863
51993864
51993865
51993866
51993867
51993868
51993869
51993870
51993871
51993872
51993873
51993874
51993875
51993876
51993877
51993878
51993879
51993880
51993881
51993882
51993883
51993884
51993885
51993886
51993887
51993888
51993889
51993890
51993891
51993892
51993893
51993894
51993895
51993896
51993897
51993898
51993899
51993900
51993901
51993902
51993903
51993904
51993905
51993906
51993907
51993908
51993909
51993910
51993911
51993912
51993913
51993914
51993915
51993916
51993917
51993918
51993919
51993920
51993921
51993922
51993923
51993924
51993925
51993926
51993927
51993928
51993929
51993930
51993931
51993932
51993933
51993934
51993935
51993936
51993937
51993938
51993939
51993940
51993941
51993942
51993943
51993944
51993945
51993946
51993947
51993948
51993949
51993950
51993951
51993952
51993953
51993954
51993955
51993956
51993957
51993958
51993959
51993960
51993961
51993962
51993963
51993964
51993965
51993966
51993967
51993968
51993969
51993970
51993971
51993972
51993973
51993974
51993975
51993976
51993977
51993978
51993979
51993980
51993981
51993982
51993983
51993984
51993985
51993986
51993987
51993988
51993989
51993990
51993991
51993992
51993993
51993994
51993995
51993996
51993997
51993998
51993999
51994000
51994001
51994002
51994003
51994004
51994005
51994006
51994007
51994008
51994009
51994010
51994011
51994012
51994013
51994014
51994015
51994016
51994017
51994018
51994019
51994020
51994021
51994022
51994023
51994024
51994025
51994026
51994027
51994028
51994029
51994030
51994031
51994032
51994033
51994034
51994035
51994036
51994037
51994038
51994039
51994040
51994041
51994042
51994043
51994044
51994045
51994046
51994047
51994048
51994049
51994050
51994051
51994052
51994053
51994054
51994055
51994056
51994057
51994058
51994059
51994060
51994061
51994062
51994063
51994064
51994065
51994066
51994067
51994068
51994069
51994070
51994071
51994072
51994073
51994074
51994075
51994076
51994077
51994078
51994079
51994080
51994081
51994082
51994083
51994084
51994085
51994086
51994087
51994088
51994089
51994090
51994091
51994092
51994093
51994094
51994095
51994096
51994097
51994098
51994099
51994100
51994101
51994102
51994103
51994104
51994105
51994106
51994107
51994108
51994109
51994110
51994111
51994112
51994113
51994114
51994115
51994116
51994117
51994118
51994119
51994120
51994121
51994122
51994123
51994124
51994125
51994126
51994127
51994128
51994129
51994130
51994131
51994132
51994133
51994134
51994135
51994136
51994137
51994138
51994139
51994140
51994141
51994142
51994143
51994144
51994145
51994146
51994147
51994148
51994149
51994150
51994151
51994152
51994153
51994154
51994155
51994156
51994157
51994158
51994159
51994160
51994161
51994162
51994163
51994164
51994165
51994166
51994167
51994168
51994169
51994170
51994171
51994172
51994173
51994174
51994175
51994176
51994177
51994178
51994179
51994180
51994181
51994182
51994183
51994184
51994185
51994186
51994187
51994188
51994189
51994190
51994191
51994192
51994193
51994194
51994195
51994196
51994197
51994198
51994199
51994200
51994201
51994202
51994203
51994204
51994205
51994206
51994207
51994208
51994209
51994210
51994211
51994212
51994213
51994214
51994215
51994216
51994217
51994218
51994219
51994220
51994221
51994222
51994223
51994224
51994225
51994226
51994227
51994228
51994229
51994230
51994231
51994232
51994233
51994234
51994235
51994236
51994237
51994238
51994239
51994240
51994241
51994242
51994243
51994244
51994245
51994246
51994247
51994248
51994249
51994250
51994251
51994252
51994253
51994254
51994255
51994256
51994257
51994258
51994259
51994260
51994261
51994262
51994263
51994264
51994265
51994266
51994267
51994268
51994269
51994270
51994271
51994272
51994273
51994274
51994275
51994276
51994277
51994278
51994279
51994280
51994281
51994282
51994283
51994284
51994285
51994286
51994287
51994288
51994289
51994290
51994291
51994292
51994293
51994294
51994295
51994296
51994297
51994298
51994299
51994300
51994301
51994302
51994303
51994304
51994305
51994306
51994307
51994308
51994309
51994310
51994311
51994312
51994313
51994314
51994315
51994316
51994317
51994318
51994319
51994320
51994321
51994322
51994323
51994324
51994325
51994326
51994327
51994328
51994329
51994330
51994331
51994332
51994333
51994334
51994335
51994336
51994337
51994338
51994339
51994340
51994341
51994342
51994343
51994344
51994345
51994346
51994347
51994348
51994349
51994350
51994351
51994352
51994353
51994354
51994355
51994356
51994357
51994358
51994359
51994360
51994361
51994362
51994363
51994364
51994365
51994366
51994367
51994368
51994369
51994370
51994371
51994372
51994373
51994374
51994375
51994376
51994377
51994378
51994379
51994380
51994381
51994382
51994383
51994384
51994385
51994386
51994387
51994388
51994389
51994390
51994391
51994392
51994393
51994394
51994395
51994396
51994397
51994398
51994399
51994400
51994401
51994402
51994403
51994404
51994405
51994406
51994407
51994408
51994409
51994410
51994411
51994412
51994413
51994414
51994415
51994416
51994417
51994418
51994419
51994420
51994421
51994422
51994423
51994424
51994425
51994426
51994427
51994428
51994429
51994430
51994431
51994432
51994433
51994434
51994435
51994436
51994437
51994438
51994439
51994440
51994441
51994442
51994443
51994444
51994445
51994446
51994447
51994448
51994449
51994450
51994451
51994452
51994453
51994454
51994455
51994456
51994457
51994458
51994459
51994460
51994461
51994462
51994463
51994464
51994465
51994466
51994467
51994468
51994469
51994470
51994471
51994472
51994473
51994474
51994475
51994476
51994477
51994478
51994479
51994480
51994481
51994482
51994483
51994484
51994485
51994486
51994487
51994488
51994489
51994490
51994491
51994492
51994493
51994494
51994495
51994496
51994497
51994498
51994499
51994500
51994501
51994502
51994503
51994504
51994505
51994506
51994507
51994508
51994509
51994510
51994511
51994512
51994513
51994514
51994515
51994516
51994517
51994518
51994519
51994520
51994521
51994522
51994523
51994524
51994525
51994526
51994527
51994528
51994529
51994530
51994531
51994532
51994533
51994534
51994535
51994536
51994537
51994538
51994539
51994540
51994541
51994542
51994543
51994544
51994545
51994546
51994547
51994548
51994549
51994550
51994551
51994552
51994553
51994554
51994555
51994556
51994557
51994558
51994559
51994560
51994561
51994562
51994563
51994564
51994565
51994566
51994567
51994568
51994569
51994570
51994571
51994572
51994573
51994574
51994575
51994576
51994577
51994578
51994579
51994580
51994581
51994582
51994583
51994584
51994585
51994586
51994587
51994588
51994589
51994590
51994591
51994592
51994593
51994594
51994595
51994596
51994597
51994598
51994599
51994600
51994601
51994602
51994603
51994604
51994605
51994606
51994607
51994608
51994609
51994610
51994611
51994612
51994613
51994614
51994615
51994616
51994617
51994618
51994619
51994620
51994621
51994622
51994623
51994624
51994625
51994626
51994627
51994628
51994629
51994630
51994631
51994632
51994633
51994634
51994635
51994636
51994637
51994638
51994639
51994640
51994641
51994642
51994643
51994644
51994645
51994646
51994647
51994648
51994649
51994650
51994651
51994652
51994653
51994654
51994655
51994656
51994657
51994658
51994659
51994660
51994661
51994662
51994663
51994664
51994665
51994666
51994667
51994668
51994669
51994670
51994671
51994672
51994673
51994674
51994675
51994676
51994677
51994678
51994679
51994680
51994681
51994682
51994683
51994684
51994685
51994686
51994687
51994688
51994689
51994690
51994691
51994692
51994693
51994694
51994695
51994696
51994697
51994698
51994699
51994700
51994701
51994702
51994703
51994704
51994705
51994706
51994707
51994708
51994709
51994710
51994711
51994712
51994713
51994714
51994715
51994716
51994717
51994718
51994719
51994720
51994721
51994722
51994723
51994724
51994725
51994726
51994727
51994728
51994729
51994730
51994731
51994732
51994733
51994734
51994735
51994736
51994737
51994738
51994739
51994740
51994741
51994742
51994743
51994744
51994745
51994746
51994747
51994748
51994749
51994750
51994751
51994752
51994753
51994754
51994755
51994756
51994757
51994758
51994759
51994760
51994761
51994762
51994763
51994764
51994765
51994766
51994767
51994768
51994769
51994770
51994771
51994772
51994773
51994774
51994775
51994776
51994777
51994778
51994779
51994780
51994781
51994782
51994783
51994784
51994785
51994786
51994787
51994788
51994789
51994790
51994791
51994792
51994793
51994794
51994795
51994796
51994797
51994798
51994799
51994800
51994801
51994802
51994803
51994804
51994805
51994806
51994807
51994808
51994809
51994810
51994811
51994812
51994813
51994814
51994815
51994816
51994817
51994818
51994819
51994820
51994821
51994822
51994823
51994824
51994825
51994826
51994827
51994828
51994829
51994830
51994831
51994832
51994833
51994834
51994835
51994836
51994837
51994838
51994839
51994840
51994841
51994842
51994843
51994844
51994845
51994846
51994847
51994848
51994849
51994850
51994851
51994852
51994853
51994854
51994855
51994856
51994857
51994858
51994859
51994860
51994861
51994862
51994863
51994864
51994865
51994866
51994867
51994868
51994869
51994870
51994871
51994872
51994873
51994874
51994875
51994876
51994877
51994878
51994879
51994880
51994881
51994882
51994883
51994884
51994885
51994886
51994887
51994888
51994889
51994890
51994891
51994892
51994893
51994894
51994895
51994896
51994897
51994898
51994899
51994900
51994901
51994902
51994903
51994904
51994905
51994906
51994907
51994908
51994909
51994910
51994911
51994912
51994913
51994914
51994915
51994916
51994917
51994918
51994919
51994920
51994921
51994922
51994923
51994924
51994925
51994926
51994927
51994928
51994929
51994930
51994931
51994932
51994933
51994934
51994935
51994936
51994937
51994938
51994939
51994940
51994941
51994942
51994943
51994944
51994945
51994946
51994947
51994948
51994949
51994950
51994951
51994952
51994953
51994954
51994955
51994956
51994957
51994958
51994959
51994960
51994961
51994962
51994963
51994964
51994965
51994966
51994967
51994968
51994969
51994970
51994971
51994972
51994973
51994974
51994975
51994976
51994977
51994978
51994979
51994980
51994981
51994982
51994983
51994984
51994985
51994986
51994987
51994988
51994989
51994990
51994991
51994992
51994993
51994994
51994995
51994996
51994997
51994998
51994999
51995000
51995001
51995002
51995003
51995004
51995005
51995006
51995007
51995008
51995009
51995010
51995011
51995012
51995013
51995014
51995015
51995016
51995017
51995018
51995019
51995020
51995021
51995022
51995023
51995024
51995025
51995026
51995027
51995028
51995029
51995030
51995031
51995032
51995033
51995034
51995035
51995036
51995037
51995038
51995039
51995040
51995041
51995042
51995043
51995044
51995045
51995046
51995047
51995048
51995049
51995050
51995051
51995052
51995053
51995054
51995055
51995056
51995057
51995058
51995059
51995060
51995061
51995062
51995063
51995064
51995065
51995066
51995067
51995068
51995069
51995070
51995071
51995072
51995073
51995074
51995075
51995076
51995077
51995078
51995079
51995080
51995081
51995082
51995083
51995084
51995085
51995086
51995087
51995088
51995089
51995090
51995091
51995092
51995093
51995094
51995095
51995096
51995097
51995098
51995099
51995100
51995101
51995102
51995103
51995104
51995105
51995106
51995107
51995108
51995109
51995110
51995111
51995112
51995113
51995114
51995115
51995116
51995117
51995118
51995119
51995120
51995121
51995122
51995123
51995124
51995125
51995126
51995127
51995128
51995129
51995130
51995131
51995132
51995133
51995134
51995135
51995136
51995137
51995138
51995139
51995140
51995141
51995142
51995143
51995144
51995145
51995146
51995147
51995148
51995149
51995150
51995151
51995152
51995153
51995154
51995155
51995156
51995157
51995158
51995159
51995160
51995161
51995162
51995163
51995164
51995165
51995166
51995167
51995168
51995169
51995170
51995171
51995172
51995173
51995174
51995175
51995176
51995177
51995178
51995179
51995180
51995181
51995182
51995183
51995184
51995185
51995186
51995187
51995188
51995189
51995190
51995191
51995192
51995193
51995194
51995195
51995196
51995197
51995198
51995199
51995200
51995201
51995202
51995203
51995204
51995205
51995206
51995207
51995208
51995209
51995210
51995211
51995212
51995213
51995214
51995215
51995216
51995217
51995218
51995219
51995220
51995221
51995222
51995223
51995224
51995225
51995226
51995227
51995228
51995229
51995230
51995231
51995232
51995233
51995234
51995235
51995236
51995237
51995238
51995239
51995240
51995241
51995242
51995243
51995244
51995245
51995246
51995247
51995248
51995249
51995250
51995251
51995252
51995253
51995254
51995255
51995256
51995257
51995258
51995259
51995260
51995261
51995262
51995263
51995264
51995265
51995266
51995267
51995268
51995269
51995270
51995271
51995272
51995273
51995274
51995275
51995276
51995277
51995278
51995279
51995280
51995281
51995282
51995283
51995284
51995285
51995286
51995287
51995288
51995289
51995290
51995291
51995292
51995293
51995294
51995295
51995296
51995297
51995298
51995299
51995300
51995301
51995302
51995303
51995304
51995305
51995306
51995307
51995308
51995309
51995310
51995311
51995312
51995313
51995314
51995315
51995316
51995317
51995318
51995319
51995320
51995321
51995322
51995323
51995324
51995325
51995326
51995327
51995328
51995329
51995330
51995331
51995332
51995333
51995334
51995335
51995336
51995337
51995338
51995339
51995340
51995341
51995342
51995343
51995344
51995345
51995346
51995347
51995348
51995349
51995350
51995351
51995352
51995353
51995354
51995355
51995356
51995357
51995358
51995359
51995360
51995361
51995362
51995363
51995364
51995365
51995366
51995367
51995368
51995369
51995370
51995371
51995372
51995373
51995374
51995375
51995376
51995377
51995378
51995379
51995380
51995381
51995382
51995383
51995384
51995385
51995386
51995387
51995388
51995389
51995390
51995391
51995392
51995393
51995394
51995395
51995396
51995397
51995398
51995399
51995400
51995401
51995402
51995403
51995404
51995405
51995406
51995407
51995408
51995409
51995410
51995411
51995412
51995413
51995414
51995415
51995416
51995417
51995418
51995419
51995420
51995421
51995422
51995423
51995424
51995425
51995426
51995427
51995428
51995429
51995430
51995431
51995432
51995433
51995434
51995435
51995436
51995437
51995438
51995439
51995440
51995441
51995442
51995443
51995444
51995445
51995446
51995447
51995448
51995449
51995450
51995451
51995452
51995453
51995454
51995455
51995456
51995457
51995458
51995459
51995460
51995461
51995462
51995463
51995464
51995465
51995466
51995467
51995468
51995469
51995470
51995471
51995472
51995473
51995474
51995475
51995476
51995477
51995478
51995479
51995480
51995481
51995482
51995483
51995484
51995485
51995486
51995487
51995488
51995489
51995490
51995491
51995492
51995493
51995494
51995495
51995496
51995497
51995498
51995499
51995500
51995501
51995502
51995503
51995504
51995505
51995506
51995507
51995508
51995509
51995510
51995511
51995512
51995513
51995514
51995515
51995516
51995517
51995518
51995519
51995520
51995521
51995522
51995523
51995524
51995525
51995526
51995527
51995528
51995529
51995530
51995531
51995532
51995533
51995534
51995535
51995536
51995537
51995538
51995539
51995540
51995541
51995542
51995543
51995544
51995545
51995546
51995547
51995548
51995549
51995550
51995551
51995552
51995553
51995554
51995555
51995556
51995557
51995558
51995559
51995560
51995561
51995562
51995563
51995564
51995565
51995566
51995567
51995568
51995569
51995570
51995571
51995572
51995573
51995574
51995575
51995576
51995577
51995578
51995579
51995580
51995581
51995582
51995583
51995584
51995585
51995586
51995587
51995588
51995589
51995590
51995591
51995592
51995593
51995594
51995595
51995596
51995597
51995598
51995599
51995600
51995601
51995602
51995603
51995604
51995605
51995606
51995607
51995608
51995609
51995610
51995611
51995612
51995613
51995614
51995615
51995616
51995617
51995618
51995619
51995620
51995621
51995622
51995623
51995624
51995625
51995626
51995627
51995628
51995629
51995630
51995631
51995632
51995633
51995634
51995635
51995636
51995637
51995638
51995639
51995640
51995641
51995642
51995643
51995644
51995645
51995646
51995647
51995648
51995649
51995650
51995651
51995652
51995653
51995654
51995655
51995656
51995657
51995658
51995659
51995660
51995661
51995662
51995663
51995664
51995665
51995666
51995667
51995668
51995669
51995670
51995671
51995672
51995673
51995674
51995675
51995676
51995677
51995678
51995679
51995680
51995681
51995682
51995683
51995684
51995685
51995686
51995687
51995688
51995689
51995690
51995691
51995692
51995693
51995694
51995695
51995696
51995697
51995698
51995699
51995700
51995701
51995702
51995703
51995704
51995705
51995706
51995707
51995708
51995709
51995710
51995711
51995712
51995713
51995714
51995715
51995716
51995717
51995718
51995719
51995720
51995721
51995722
51995723
51995724
51995725
51995726
51995727
51995728
51995729
51995730
51995731
51995732
51995733
51995734
51995735
51995736
51995737
51995738
51995739
51995740
51995741
51995742
51995743
51995744
51995745
51995746
51995747
51995748
51995749
51995750
51995751
51995752
51995753
51995754
51995755
51995756
51995757
51995758
51995759
51995760
51995761
51995762
51995763
51995764
51995765
51995766
51995767
51995768
51995769
51995770
51995771
51995772
51995773
51995774
51995775
51995776
51995777
51995778
51995779
51995780
51995781
51995782
51995783
51995784
51995785
51995786
51995787
51995788
51995789
51995790
51995791
51995792
51995793
51995794
51995795
51995796
51995797
51995798
51995799
51995800
51995801
51995802
51995803
51995804
51995805
51995806
51995807
51995808
51995809
51995810
51995811
51995812
51995813
51995814
51995815
51995816
51995817
51995818
51995819
51995820
51995821
51995822
51995823
51995824
51995825
51995826
51995827
51995828
51995829
51995830
51995831
51995832
51995833
51995834
51995835
51995836
51995837
51995838
51995839
51995840
51995841
51995842
51995843
51995844
51995845
51995846
51995847
51995848
51995849
51995850
51995851
51995852
51995853
51995854
51995855
51995856
51995857
51995858
51995859
51995860
51995861
51995862
51995863
51995864
51995865
51995866
51995867
51995868
51995869
51995870
51995871
51995872
51995873
51995874
51995875
51995876
51995877
51995878
51995879
51995880
51995881
51995882
51995883
51995884
51995885
51995886
51995887
51995888
51995889
51995890
51995891
51995892
51995893
51995894
51995895
51995896
51995897
51995898
51995899
51995900
51995901
51995902
51995903
51995904
51995905
51995906
51995907
51995908
51995909
51995910
51995911
51995912
51995913
51995914
51995915
51995916
51995917
51995918
51995919
51995920
51995921
51995922
51995923
51995924
51995925
51995926
51995927
51995928
51995929
51995930
51995931
51995932
51995933
51995934
51995935
51995936
51995937
51995938
51995939
51995940
51995941
51995942
51995943
51995944
51995945
51995946
51995947
51995948
51995949
51995950
51995951
51995952
51995953
51995954
51995955
51995956
51995957
51995958
51995959
51995960
51995961
51995962
51995963
51995964
51995965
51995966
51995967
51995968
51995969
51995970
51995971
51995972
51995973
51995974
51995975
51995976
51995977
51995978
51995979
51995980
51995981
51995982
51995983
51995984
51995985
51995986
51995987
51995988
51995989
51995990
51995991
51995992
51995993
51995994
51995995
51995996
51995997
51995998
51995999
51996000
51996001
51996002
51996003
51996004
51996005
51996006
51996007
51996008
51996009
51996010
51996011
51996012
51996013
51996014
51996015
51996016
51996017
51996018
51996019
51996020
51996021
51996022
51996023
51996024
51996025
51996026
51996027
51996028
51996029
51996030
51996031
51996032
51996033
51996034
51996035
51996036
51996037
51996038
51996039
51996040
51996041
51996042
51996043
51996044
51996045
51996046
51996047
51996048
51996049
51996050
51996051
51996052
51996053
51996054
51996055
51996056
51996057
51996058
51996059
51996060
51996061
51996062
51996063
51996064
51996065
51996066
51996067
51996068
51996069
51996070
51996071
51996072
51996073
51996074
51996075
51996076
51996077
51996078
51996079
51996080
51996081
51996082
51996083
51996084
51996085
51996086
51996087
51996088
51996089
51996090
51996091
51996092
51996093
51996094
51996095
51996096
51996097
51996098
51996099
51996100
51996101
51996102
51996103
51996104
51996105
51996106
51996107
51996108
51996109
51996110
51996111
51996112
51996113
51996114
51996115
51996116
51996117
51996118
51996119
51996120
51996121
51996122
51996123
51996124
51996125
51996126
51996127
51996128
51996129
51996130
51996131
51996132
51996133
51996134
51996135
51996136
51996137
51996138
51996139
51996140
51996141
51996142
51996143
51996144
51996145
51996146
51996147
51996148
51996149
51996150
51996151
51996152
51996153
51996154
51996155
51996156
51996157
51996158
51996159
51996160
51996161
51996162
51996163
51996164
51996165
51996166
51996167
51996168
51996169
51996170
51996171
51996172
51996173
51996174
51996175
51996176
51996177
51996178
51996179
51996180
51996181
51996182
51996183
51996184
51996185
51996186
51996187
51996188
51996189
51996190
51996191
51996192
51996193
51996194
51996195
51996196
51996197
51996198
51996199
51996200
51996201
51996202
51996203
51996204
51996205
51996206
51996207
51996208
51996209
51996210
51996211
51996212
51996213
51996214
51996215
51996216
51996217
51996218
51996219
51996220
51996221
51996222
51996223
51996224
51996225
51996226
51996227
51996228
51996229
51996230
51996231
51996232
51996233
51996234
51996235
51996236
51996237
51996238
51996239
51996240
51996241
51996242
51996243
51996244
51996245
51996246
51996247
51996248
51996249
51996250
51996251
51996252
51996253
51996254
51996255
51996256
51996257
51996258
51996259
51996260
51996261
51996262
51996263
51996264
51996265
51996266
51996267
51996268
51996269
51996270
51996271
51996272
51996273
51996274
51996275
51996276
51996277
51996278
51996279
51996280
51996281
51996282
51996283
51996284
51996285
51996286
51996287
51996288
51996289
51996290
51996291
51996292
51996293
51996294
51996295
51996296
51996297
51996298
51996299
51996300
51996301
51996302
51996303
51996304
51996305
51996306
51996307
51996308
51996309
51996310
51996311
51996312
51996313
51996314
51996315
51996316
51996317
51996318
51996319
51996320
51996321
51996322
51996323
51996324
51996325
51996326
51996327
51996328
51996329
51996330
51996331
51996332
51996333
51996334
51996335
51996336
51996337
51996338
51996339
51996340
51996341
51996342
51996343
51996344
51996345
51996346
51996347
51996348
51996349
51996350
51996351
51996352
51996353
51996354
51996355
51996356
51996357
51996358
51996359
51996360
51996361
51996362
51996363
51996364
51996365
51996366
51996367
51996368
51996369
51996370
51996371
51996372
51996373
51996374
51996375
51996376
51996377
51996378
51996379
51996380
51996381
51996382
51996383
51996384
51996385
51996386
51996387
51996388
51996389
51996390
51996391
51996392
51996393
51996394
51996395
51996396
51996397
51996398
51996399
51996400
51996401
51996402
51996403
51996404
51996405
51996406
51996407
51996408
51996409
51996410
51996411
51996412
51996413
51996414
51996415
51996416
51996417
51996418
51996419
51996420
51996421
51996422
51996423
51996424
51996425
51996426
51996427
51996428
51996429
51996430
51996431
51996432
51996433
51996434
51996435
51996436
51996437
51996438
51996439
51996440
51996441
51996442
51996443
51996444
51996445
51996446
51996447
51996448
51996449
51996450
51996451
51996452
51996453
51996454
51996455
51996456
51996457
51996458
51996459
51996460
51996461
51996462
51996463
51996464
51996465
51996466
51996467
51996468
51996469
51996470
51996471
51996472
51996473
51996474
51996475
51996476
51996477
51996478
51996479
51996480
51996481
51996482
51996483
51996484
51996485
51996486
51996487
51996488
51996489
51996490
51996491
51996492
51996493
51996494
51996495
51996496
51996497
51996498
51996499
51996500
51996501
51996502
51996503
51996504
51996505
51996506
51996507
51996508
51996509
51996510
51996511
51996512
51996513
51996514
51996515
51996516
51996517
51996518
51996519
51996520
51996521
51996522
51996523
51996524
51996525
51996526
51996527
51996528
51996529
51996530
51996531
51996532
51996533
51996534
51996535
51996536
51996537
51996538
51996539
51996540
51996541
51996542
51996543
51996544
51996545
51996546
51996547
51996548
51996549
51996550
51996551
51996552
51996553
51996554
51996555
51996556
51996557
51996558
51996559
51996560
51996561
51996562
51996563
51996564
51996565
51996566
51996567
51996568
51996569
51996570
51996571
51996572
51996573
51996574
51996575
51996576
51996577
51996578
51996579
51996580
51996581
51996582
51996583
51996584
51996585
51996586
51996587
51996588
51996589
51996590
51996591
51996592
51996593
51996594
51996595
51996596
51996597
51996598
51996599
51996600
51996601
51996602
51996603
51996604
51996605
51996606
51996607
51996608
51996609
51996610
51996611
51996612
51996613
51996614
51996615
51996616
51996617
51996618
51996619
51996620
51996621
51996622
51996623
51996624
51996625
51996626
51996627
51996628
51996629
51996630
51996631
51996632
51996633
51996634
51996635
51996636
51996637
51996638
51996639
51996640
51996641
51996642
51996643
51996644
51996645
51996646
51996647
51996648
51996649
51996650
51996651
51996652
51996653
51996654
51996655
51996656
51996657
51996658
51996659
51996660
51996661
51996662
51996663
51996664
51996665
51996666
51996667
51996668
51996669
51996670
51996671
51996672
51996673
51996674
51996675
51996676
51996677
51996678
51996679
51996680
51996681
51996682
51996683
51996684
51996685
51996686
51996687
51996688
51996689
51996690
51996691
51996692
51996693
51996694
51996695
51996696
51996697
51996698
51996699
51996700
51996701
51996702
51996703
51996704
51996705
51996706
51996707
51996708
51996709
51996710
51996711
51996712
51996713
51996714
51996715
51996716
51996717
51996718
51996719
51996720
51996721
51996722
51996723
51996724
51996725
51996726
51996727
51996728
51996729
51996730
51996731
51996732
51996733
51996734
51996735
51996736
51996737
51996738
51996739
51996740
51996741
51996742
51996743
51996744
51996745
51996746
51996747
51996748
51996749
51996750
51996751
51996752
51996753
51996754
51996755
51996756
51996757
51996758
51996759
51996760
51996761
51996762
51996763
51996764
51996765
51996766
51996767
51996768
51996769
51996770
51996771
51996772
51996773
51996774
51996775
51996776
51996777
51996778
51996779
51996780
51996781
51996782
51996783
51996784
51996785
51996786
51996787
51996788
51996789
51996790
51996791
51996792
51996793
51996794
51996795
51996796
51996797
51996798
51996799
51996800
51996801
51996802
51996803
51996804
51996805
51996806
51996807
51996808
51996809
51996810
51996811
51996812
51996813
51996814
51996815
51996816
51996817
51996818
51996819
51996820
51996821
51996822
51996823
51996824
51996825
51996826
51996827
51996828
51996829
51996830
51996831
51996832
51996833
51996834
51996835
51996836
51996837
51996838
51996839
51996840
51996841
51996842
51996843
51996844
51996845
51996846
51996847
51996848
51996849
51996850
51996851
51996852
51996853
51996854
51996855
51996856
51996857
51996858
51996859
51996860
51996861
51996862
51996863
51996864
51996865
51996866
51996867
51996868
51996869
51996870
51996871
51996872
51996873
51996874
51996875
51996876
51996877
51996878
51996879
51996880
51996881
51996882
51996883
51996884
51996885
51996886
51996887
51996888
51996889
51996890
51996891
51996892
51996893
51996894
51996895
51996896
51996897
51996898
51996899
51996900
51996901
51996902
51996903
51996904
51996905
51996906
51996907
51996908
51996909
51996910
51996911
51996912
51996913
51996914
51996915
51996916
51996917
51996918
51996919
51996920
51996921
51996922
51996923
51996924
51996925
51996926
51996927
51996928
51996929
51996930
51996931
51996932
51996933
51996934
51996935
51996936
51996937
51996938
51996939
51996940
51996941
51996942
51996943
51996944
51996945
51996946
51996947
51996948
51996949
51996950
51996951
51996952
51996953
51996954
51996955
51996956
51996957
51996958
51996959
51996960
51996961
51996962
51996963
51996964
51996965
51996966
51996967
51996968
51996969
51996970
51996971
51996972
51996973
51996974
51996975
51996976
51996977
51996978
51996979
51996980
51996981
51996982
51996983
51996984
51996985
51996986
51996987
51996988
51996989
51996990
51996991
51996992
51996993
51996994
51996995
51996996
51996997
51996998
51996999
51997000
51997001
51997002
51997003
51997004
51997005
51997006
51997007
51997008
51997009
51997010
51997011
51997012
51997013
51997014
51997015
51997016
51997017
51997018
51997019
51997020
51997021
51997022
51997023
51997024
51997025
51997026
51997027
51997028
51997029
51997030
51997031
51997032
51997033
51997034
51997035
51997036
51997037
51997038
51997039
51997040
51997041
51997042
51997043
51997044
51997045
51997046
51997047
51997048
51997049
51997050
51997051
51997052
51997053
51997054
51997055
51997056
51997057
51997058
51997059
51997060
51997061
51997062
51997063
51997064
51997065
51997066
51997067
51997068
51997069
51997070
51997071
51997072
51997073
51997074
51997075
51997076
51997077
51997078
51997079
51997080
51997081
51997082
51997083
51997084
51997085
51997086
51997087
51997088
51997089
51997090
51997091
51997092
51997093
51997094
51997095
51997096
51997097
51997098
51997099
51997100
51997101
51997102
51997103
51997104
51997105
51997106
51997107
51997108
51997109
51997110
51997111
51997112
51997113
51997114
51997115
51997116
51997117
51997118
51997119
51997120
51997121
51997122
51997123
51997124
51997125
51997126
51997127
51997128
51997129
51997130
51997131
51997132
51997133
51997134
51997135
51997136
51997137
51997138
51997139
51997140
51997141
51997142
51997143
51997144
51997145
51997146
51997147
51997148
51997149
51997150
51997151
51997152
51997153
51997154
51997155
51997156
51997157
51997158
51997159
51997160
51997161
51997162
51997163
51997164
51997165
51997166
51997167
51997168
51997169
51997170
51997171
51997172
51997173
51997174
51997175
51997176
51997177
51997178
51997179
51997180
51997181
51997182
51997183
51997184
51997185
51997186
51997187
51997188
51997189
51997190
51997191
51997192
51997193
51997194
51997195
51997196
51997197
51997198
51997199
51997200
51997201
51997202
51997203
51997204
51997205
51997206
51997207
51997208
51997209
51997210
51997211
51997212
51997213
51997214
51997215
51997216
51997217
51997218
51997219
51997220
51997221
51997222
51997223
51997224
51997225
51997226
51997227
51997228
51997229
51997230
51997231
51997232
51997233
51997234
51997235
51997236
51997237
51997238
51997239
51997240
51997241
51997242
51997243
51997244
51997245
51997246
51997247
51997248
51997249
51997250
51997251
51997252
51997253
51997254
51997255
51997256
51997257
51997258
51997259
51997260
51997261
51997262
51997263
51997264
51997265
51997266
51997267
51997268
51997269
51997270
51997271
51997272
51997273
51997274
51997275
51997276
51997277
51997278
51997279
51997280
51997281
51997282
51997283
51997284
51997285
51997286
51997287
51997288
51997289
51997290
51997291
51997292
51997293
51997294
51997295
51997296
51997297
51997298
51997299
51997300
51997301
51997302
51997303
51997304
51997305
51997306
51997307
51997308
51997309
51997310
51997311
51997312
51997313
51997314
51997315
51997316
51997317
51997318
51997319
51997320
51997321
51997322
51997323
51997324
51997325
51997326
51997327
51997328
51997329
51997330
51997331
51997332
51997333
51997334
51997335
51997336
51997337
51997338
51997339
51997340
51997341
51997342
51997343
51997344
51997345
51997346
51997347
51997348
51997349
51997350
51997351
51997352
51997353
51997354
51997355
51997356
51997357
51997358
51997359
51997360
51997361
51997362
51997363
51997364
51997365
51997366
51997367
51997368
51997369
51997370
51997371
51997372
51997373
51997374
51997375
51997376
51997377
51997378
51997379
51997380
51997381
51997382
51997383
51997384
51997385
51997386
51997387
51997388
51997389
51997390
51997391
51997392
51997393
51997394
51997395
51997396
51997397
51997398
51997399
51997400
51997401
51997402
51997403
51997404
51997405
51997406
51997407
51997408
51997409
51997410
51997411
51997412
51997413
51997414
51997415
51997416
51997417
51997418
51997419
51997420
51997421
51997422
51997423
51997424
51997425
51997426
51997427
51997428
51997429
51997430
51997431
51997432
51997433
51997434
51997435
51997436
51997437
51997438
51997439
51997440
51997441
51997442
51997443
51997444
51997445
51997446
51997447
51997448
51997449
51997450
51997451
51997452
51997453
51997454
51997455
51997456
51997457
51997458
51997459
51997460
51997461
51997462
51997463
51997464
51997465
51997466
51997467
51997468
51997469
51997470
51997471
51997472
51997473
51997474
51997475
51997476
51997477
51997478
51997479
51997480
51997481
51997482
51997483
51997484
51997485
51997486
51997487
51997488
51997489
51997490
51997491
51997492
51997493
51997494
51997495
51997496
51997497
51997498
51997499
51997500
51997501
51997502
51997503
51997504
51997505
51997506
51997507
51997508
51997509
51997510
51997511
51997512
51997513
51997514
51997515
51997516
51997517
51997518
51997519
51997520
51997521
51997522
51997523
51997524
51997525
51997526
51997527
51997528
51997529
51997530
51997531
51997532
51997533
51997534
51997535
51997536
51997537
51997538
51997539
51997540
51997541
51997542
51997543
51997544
51997545
51997546
51997547
51997548
51997549
51997550
51997551
51997552
51997553
51997554
51997555
51997556
51997557
51997558
51997559
51997560
51997561
51997562
51997563
51997564
51997565
51997566
51997567
51997568
51997569
51997570
51997571
51997572
51997573
51997574
51997575
51997576
51997577
51997578
51997579
51997580
51997581
51997582
51997583
51997584
51997585
51997586
51997587
51997588
51997589
51997590
51997591
51997592
51997593
51997594
51997595
51997596
51997597
51997598
51997599
51997600
51997601
51997602
51997603
51997604
51997605
51997606
51997607
51997608
51997609
51997610
51997611
51997612
51997613
51997614
51997615
51997616
51997617
51997618
51997619
51997620
51997621
51997622
51997623
51997624
51997625
51997626
51997627
51997628
51997629
51997630
51997631
51997632
51997633
51997634
51997635
51997636
51997637
51997638
51997639
51997640
51997641
51997642
51997643
51997644
51997645
51997646
51997647
51997648
51997649
51997650
51997651
51997652
51997653
51997654
51997655
51997656
51997657
51997658
51997659
51997660
51997661
51997662
51997663
51997664
51997665
51997666
51997667
51997668
51997669
51997670
51997671
51997672
51997673
51997674
51997675
51997676
51997677
51997678
51997679
51997680
51997681
51997682
51997683
51997684
51997685
51997686
51997687
51997688
51997689
51997690
51997691
51997692
51997693
51997694
51997695
51997696
51997697
51997698
51997699
51997700
51997701
51997702
51997703
51997704
51997705
51997706
51997707
51997708
51997709
51997710
51997711
51997712
51997713
51997714
51997715
51997716
51997717
51997718
51997719
51997720
51997721
51997722
51997723
51997724
51997725
51997726
51997727
51997728
51997729
51997730
51997731
51997732
51997733
51997734
51997735
51997736
51997737
51997738
51997739
51997740
51997741
51997742
51997743
51997744
51997745
51997746
51997747
51997748
51997749
51997750
51997751
51997752
51997753
51997754
51997755
51997756
51997757
51997758
51997759
51997760
51997761
51997762
51997763
51997764
51997765
51997766
51997767
51997768
51997769
51997770
51997771
51997772
51997773
51997774
51997775
51997776
51997777
51997778
51997779
51997780
51997781
51997782
51997783
51997784
51997785
51997786
51997787
51997788
51997789
51997790
51997791
51997792
51997793
51997794
51997795
51997796
51997797
51997798
51997799
51997800
51997801
51997802
51997803
51997804
51997805
51997806
51997807
51997808
51997809
51997810
51997811
51997812
51997813
51997814
51997815
51997816
51997817
51997818
51997819
51997820
51997821
51997822
51997823
51997824
51997825
51997826
51997827
51997828
51997829
51997830
51997831
51997832
51997833
51997834
51997835
51997836
51997837
51997838
51997839
51997840
51997841
51997842
51997843
51997844
51997845
51997846
51997847
51997848
51997849
51997850
51997851
51997852
51997853
51997854
51997855
51997856
51997857
51997858
51997859
51997860
51997861
51997862
51997863
51997864
51997865
51997866
51997867
51997868
51997869
51997870
51997871
51997872
51997873
51997874
51997875
51997876
51997877
51997878
51997879
51997880
51997881
51997882
51997883
51997884
51997885
51997886
51997887
51997888
51997889
51997890
51997891
51997892
51997893
51997894
51997895
51997896
51997897
51997898
51997899
51997900
51997901
51997902
51997903
51997904
51997905
51997906
51997907
51997908
51997909
51997910
51997911
51997912
51997913
51997914
51997915
51997916
51997917
51997918
51997919
51997920
51997921
51997922
51997923
51997924
51997925
51997926
51997927
51997928
51997929
51997930
51997931
51997932
51997933
51997934
51997935
51997936
51997937
51997938
51997939
51997940
51997941
51997942
51997943
51997944
51997945
51997946
51997947
51997948
51997949
51997950
51997951
51997952
51997953
51997954
51997955
51997956
51997957
51997958
51997959
51997960
51997961
51997962
51997963
51997964
51997965
51997966
51997967
51997968
51997969
51997970
51997971
51997972
51997973
51997974
51997975
51997976
51997977
51997978
51997979
51997980
51997981
51997982
51997983
51997984
51997985
51997986
51997987
51997988
51997989
51997990
51997991
51997992
51997993
51997994
51997995
51997996
51997997
51997998
51997999
51998000
51998001
51998002
51998003
51998004
51998005
51998006
51998007
51998008
51998009
51998010
51998011
51998012
51998013
51998014
51998015
51998016
51998017
51998018
51998019
51998020
51998021
51998022
51998023
51998024
51998025
51998026
51998027
51998028
51998029
51998030
51998031
51998032
51998033
51998034
51998035
51998036
51998037
51998038
51998039
51998040
51998041
51998042
51998043
51998044
51998045
51998046
51998047
51998048
51998049
51998050
51998051
51998052
51998053
51998054
51998055
51998056
51998057
51998058
51998059
51998060
51998061
51998062
51998063
51998064
51998065
51998066
51998067
51998068
51998069
51998070
51998071
51998072
51998073
51998074
51998075
51998076
51998077
51998078
51998079
51998080
51998081
51998082
51998083
51998084
51998085
51998086
51998087
51998088
51998089
51998090
51998091
51998092
51998093
51998094
51998095
51998096
51998097
51998098
51998099
51998100
51998101
51998102
51998103
51998104
51998105
51998106
51998107
51998108
51998109
51998110
51998111
51998112
51998113
51998114
51998115
51998116
51998117
51998118
51998119
51998120
51998121
51998122
51998123
51998124
51998125
51998126
51998127
51998128
51998129
51998130
51998131
51998132
51998133
51998134
51998135
51998136
51998137
51998138
51998139
51998140
51998141
51998142
51998143
51998144
51998145
51998146
51998147
51998148
51998149
51998150
51998151
51998152
51998153
51998154
51998155
51998156
51998157
51998158
51998159
51998160
51998161
51998162
51998163
51998164
51998165
51998166
51998167
51998168
51998169
51998170
51998171
51998172
51998173
51998174
51998175
51998176
51998177
51998178
51998179
51998180
51998181
51998182
51998183
51998184
51998185
51998186
51998187
51998188
51998189
51998190
51998191
51998192
51998193
51998194
51998195
51998196
51998197
51998198
51998199
51998200
51998201
51998202
51998203
51998204
51998205
51998206
51998207
51998208
51998209
51998210
51998211
51998212
51998213
51998214
51998215
51998216
51998217
51998218
51998219
51998220
51998221
51998222
51998223
51998224
51998225
51998226
51998227
51998228
51998229
51998230
51998231
51998232
51998233
51998234
51998235
51998236
51998237
51998238
51998239
51998240
51998241
51998242
51998243
51998244
51998245
51998246
51998247
51998248
51998249
51998250
51998251
51998252
51998253
51998254
51998255
51998256
51998257
51998258
51998259
51998260
51998261
51998262
51998263
51998264
51998265
51998266
51998267
51998268
51998269
51998270
51998271
51998272
51998273
51998274
51998275
51998276
51998277
51998278
51998279
51998280
51998281
51998282
51998283
51998284
51998285
51998286
51998287
51998288
51998289
51998290
51998291
51998292
51998293
51998294
51998295
51998296
51998297
51998298
51998299
51998300
51998301
51998302
51998303
51998304
51998305
51998306
51998307
51998308
51998309
51998310
51998311
51998312
51998313
51998314
51998315
51998316
51998317
51998318
51998319
51998320
51998321
51998322
51998323
51998324
51998325
51998326
51998327
51998328
51998329
51998330
51998331
51998332
51998333
51998334
51998335
51998336
51998337
51998338
51998339
51998340
51998341
51998342
51998343
51998344
51998345
51998346
51998347
51998348
51998349
51998350
51998351
51998352
51998353
51998354
51998355
51998356
51998357
51998358
51998359
51998360
51998361
51998362
51998363
51998364
51998365
51998366
51998367
51998368
51998369
51998370
51998371
51998372
51998373
51998374
51998375
51998376
51998377
51998378
51998379
51998380
51998381
51998382
51998383
51998384
51998385
51998386
51998387
51998388
51998389
51998390
51998391
51998392
51998393
51998394
51998395
51998396
51998397
51998398
51998399
51998400
51998401
51998402
51998403
51998404
51998405
51998406
51998407
51998408
51998409
51998410
51998411
51998412
51998413
51998414
51998415
51998416
51998417
51998418
51998419
51998420
51998421
51998422
51998423
51998424
51998425
51998426
51998427
51998428
51998429
51998430
51998431
51998432
51998433
51998434
51998435
51998436
51998437
51998438
51998439
51998440
51998441
51998442
51998443
51998444
51998445
51998446
51998447
51998448
51998449
51998450
51998451
51998452
51998453
51998454
51998455
51998456
51998457
51998458
51998459
51998460
51998461
51998462
51998463
51998464
51998465
51998466
51998467
51998468
51998469
51998470
51998471
51998472
51998473
51998474
51998475
51998476
51998477
51998478
51998479
51998480
51998481
51998482
51998483
51998484
51998485
51998486
51998487
51998488
51998489
51998490
51998491
51998492
51998493
51998494
51998495
51998496
51998497
51998498
51998499
51998500
51998501
51998502
51998503
51998504
51998505
51998506
51998507
51998508
51998509
51998510
51998511
51998512
51998513
51998514
51998515
51998516
51998517
51998518
51998519
51998520
51998521
51998522
51998523
51998524
51998525
51998526
51998527
51998528
51998529
51998530
51998531
51998532
51998533
51998534
51998535
51998536
51998537
51998538
51998539
51998540
51998541
51998542
51998543
51998544
51998545
51998546
51998547
51998548
51998549
51998550
51998551
51998552
51998553
51998554
51998555
51998556
51998557
51998558
51998559
51998560
51998561
51998562
51998563
51998564
51998565
51998566
51998567
51998568
51998569
51998570
51998571
51998572
51998573
51998574
51998575
51998576
51998577
51998578
51998579
51998580
51998581
51998582
51998583
51998584
51998585
51998586
51998587
51998588
51998589
51998590
51998591
51998592
51998593
51998594
51998595
51998596
51998597
51998598
51998599
51998600
51998601
51998602
51998603
51998604
51998605
51998606
51998607
51998608
51998609
51998610
51998611
51998612
51998613
51998614
51998615
51998616
51998617
51998618
51998619
51998620
51998621
51998622
51998623
51998624
51998625
51998626
51998627
51998628
51998629
51998630
51998631
51998632
51998633
51998634
51998635
51998636
51998637
51998638
51998639
51998640
51998641
51998642
51998643
51998644
51998645
51998646
51998647
51998648
51998649
51998650
51998651
51998652
51998653
51998654
51998655
51998656
51998657
51998658
51998659
51998660
51998661
51998662
51998663
51998664
51998665
51998666
51998667
51998668
51998669
51998670
51998671
51998672
51998673
51998674
51998675
51998676
51998677
51998678
51998679
51998680
51998681
51998682
51998683
51998684
51998685
51998686
51998687
51998688
51998689
51998690
51998691
51998692
51998693
51998694
51998695
51998696
51998697
51998698
51998699
51998700
51998701
51998702
51998703
51998704
51998705
51998706
51998707
51998708
51998709
51998710
51998711
51998712
51998713
51998714
51998715
51998716
51998717
51998718
51998719
51998720
51998721
51998722
51998723
51998724
51998725
51998726
51998727
51998728
51998729
51998730
51998731
51998732
51998733
51998734
51998735
51998736
51998737
51998738
51998739
51998740
51998741
51998742
51998743
51998744
51998745
51998746
51998747
51998748
51998749
51998750
51998751
51998752
51998753
51998754
51998755
51998756
51998757
51998758
51998759
51998760
51998761
51998762
51998763
51998764
51998765
51998766
51998767
51998768
51998769
51998770
51998771
51998772
51998773
51998774
51998775
51998776
51998777
51998778
51998779
51998780
51998781
51998782
51998783
51998784
51998785
51998786
51998787
51998788
51998789
51998790
51998791
51998792
51998793
51998794
51998795
51998796
51998797
51998798
51998799
51998800
51998801
51998802
51998803
51998804
51998805
51998806
51998807
51998808
51998809
51998810
51998811
51998812
51998813
51998814
51998815
51998816
51998817
51998818
51998819
51998820
51998821
51998822
51998823
51998824
51998825
51998826
51998827
51998828
51998829
51998830
51998831
51998832
51998833
51998834
51998835
51998836
51998837
51998838
51998839
51998840
51998841
51998842
51998843
51998844
51998845
51998846
51998847
51998848
51998849
51998850
51998851
51998852
51998853
51998854
51998855
51998856
51998857
51998858
51998859
51998860
51998861
51998862
51998863
51998864
51998865
51998866
51998867
51998868
51998869
51998870
51998871
51998872
51998873
51998874
51998875
51998876
51998877
51998878
51998879
51998880
51998881
51998882
51998883
51998884
51998885
51998886
51998887
51998888
51998889
