52318890
52318891
52318892
52318893
52318894
52318895
52318896
52318897
52318898
52318899
52318900
52318901
52318902
52318903
52318904
52318905
52318906
52318907
52318908
52318909
52318910
52318911
52318912
52318913
52318914
52318915
52318916
52318917
52318918
52318919
52318920
52318921
52318922
52318923
52318924
52318925
52318926
52318927
52318928
52318929
52318930
52318931
52318932
52318933
52318934
52318935
52318936
52318937
52318938
52318939
52318940
52318941
52318942
52318943
52318944
52318945
52318946
52318947
52318948
52318949
52318950
52318951
52318952
52318953
52318954
52318955
52318956
52318957
52318958
52318959
52318960
52318961
52318962
52318963
52318964
52318965
52318966
52318967
52318968
52318969
52318970
52318971
52318972
52318973
52318974
52318975
52318976
52318977
52318978
52318979
52318980
52318981
52318982
52318983
52318984
52318985
52318986
52318987
52318988
52318989
52318990
52318991
52318992
52318993
52318994
52318995
52318996
52318997
52318998
52318999
52319000
52319001
52319002
52319003
52319004
52319005
52319006
52319007
52319008
52319009
52319010
52319011
52319012
52319013
52319014
52319015
52319016
52319017
52319018
52319019
52319020
52319021
52319022
52319023
52319024
52319025
52319026
52319027
52319028
52319029
52319030
52319031
52319032
52319033
52319034
52319035
52319036
52319037
52319038
52319039
52319040
52319041
52319042
52319043
52319044
52319045
52319046
52319047
52319048
52319049
52319050
52319051
52319052
52319053
52319054
52319055
52319056
52319057
52319058
52319059
52319060
52319061
52319062
52319063
52319064
52319065
52319066
52319067
52319068
52319069
52319070
52319071
52319072
52319073
52319074
52319075
52319076
52319077
52319078
52319079
52319080
52319081
52319082
52319083
52319084
52319085
52319086
52319087
52319088
52319089
52319090
52319091
52319092
52319093
52319094
52319095
52319096
52319097
52319098
52319099
52319100
52319101
52319102
52319103
52319104
52319105
52319106
52319107
52319108
52319109
52319110
52319111
52319112
52319113
52319114
52319115
52319116
52319117
52319118
52319119
52319120
52319121
52319122
52319123
52319124
52319125
52319126
52319127
52319128
52319129
52319130
52319131
52319132
52319133
52319134
52319135
52319136
52319137
52319138
52319139
52319140
52319141
52319142
52319143
52319144
52319145
52319146
52319147
52319148
52319149
52319150
52319151
52319152
52319153
52319154
52319155
52319156
52319157
52319158
52319159
52319160
52319161
52319162
52319163
52319164
52319165
52319166
52319167
52319168
52319169
52319170
52319171
52319172
52319173
52319174
52319175
52319176
52319177
52319178
52319179
52319180
52319181
52319182
52319183
52319184
52319185
52319186
52319187
52319188
52319189
52319190
52319191
52319192
52319193
52319194
52319195
52319196
52319197
52319198
52319199
52319200
52319201
52319202
52319203
52319204
52319205
52319206
52319207
52319208
52319209
52319210
52319211
52319212
52319213
52319214
52319215
52319216
52319217
52319218
52319219
52319220
52319221
52319222
52319223
52319224
52319225
52319226
52319227
52319228
52319229
52319230
52319231
52319232
52319233
52319234
52319235
52319236
52319237
52319238
52319239
52319240
52319241
52319242
52319243
52319244
52319245
52319246
52319247
52319248
52319249
52319250
52319251
52319252
52319253
52319254
52319255
52319256
52319257
52319258
52319259
52319260
52319261
52319262
52319263
52319264
52319265
52319266
52319267
52319268
52319269
52319270
52319271
52319272
52319273
52319274
52319275
52319276
52319277
52319278
52319279
52319280
52319281
52319282
52319283
52319284
52319285
52319286
52319287
52319288
52319289
52319290
52319291
52319292
52319293
52319294
52319295
52319296
52319297
52319298
52319299
52319300
52319301
52319302
52319303
52319304
52319305
52319306
52319307
52319308
52319309
52319310
52319311
52319312
52319313
52319314
52319315
52319316
52319317
52319318
52319319
52319320
52319321
52319322
52319323
52319324
52319325
52319326
52319327
52319328
52319329
52319330
52319331
52319332
52319333
52319334
52319335
52319336
52319337
52319338
52319339
52319340
52319341
52319342
52319343
52319344
52319345
52319346
52319347
52319348
52319349
52319350
52319351
52319352
52319353
52319354
52319355
52319356
52319357
52319358
52319359
52319360
52319361
52319362
52319363
52319364
52319365
52319366
52319367
52319368
52319369
52319370
52319371
52319372
52319373
52319374
52319375
52319376
52319377
52319378
52319379
52319380
52319381
52319382
52319383
52319384
52319385
52319386
52319387
52319388
52319389
52319390
52319391
52319392
52319393
52319394
52319395
52319396
52319397
52319398
52319399
52319400
52319401
52319402
52319403
52319404
52319405
52319406
52319407
52319408
52319409
52319410
52319411
52319412
52319413
52319414
52319415
52319416
52319417
52319418
52319419
52319420
52319421
52319422
52319423
52319424
52319425
52319426
52319427
52319428
52319429
52319430
52319431
52319432
52319433
52319434
52319435
52319436
52319437
52319438
52319439
52319440
52319441
52319442
52319443
52319444
52319445
52319446
52319447
52319448
52319449
52319450
52319451
52319452
52319453
52319454
52319455
52319456
52319457
52319458
52319459
52319460
52319461
52319462
52319463
52319464
52319465
52319466
52319467
52319468
52319469
52319470
52319471
52319472
52319473
52319474
52319475
52319476
52319477
52319478
52319479
52319480
52319481
52319482
52319483
52319484
52319485
52319486
52319487
52319488
52319489
52319490
52319491
52319492
52319493
52319494
52319495
52319496
52319497
52319498
52319499
52319500
52319501
52319502
52319503
52319504
52319505
52319506
52319507
52319508
52319509
52319510
52319511
52319512
52319513
52319514
52319515
52319516
52319517
52319518
52319519
52319520
52319521
52319522
52319523
52319524
52319525
52319526
52319527
52319528
52319529
52319530
52319531
52319532
52319533
52319534
52319535
52319536
52319537
52319538
52319539
52319540
52319541
52319542
52319543
52319544
52319545
52319546
52319547
52319548
52319549
52319550
52319551
52319552
52319553
52319554
52319555
52319556
52319557
52319558
52319559
52319560
52319561
52319562
52319563
52319564
52319565
52319566
52319567
52319568
52319569
52319570
52319571
52319572
52319573
52319574
52319575
52319576
52319577
52319578
52319579
52319580
52319581
52319582
52319583
52319584
52319585
52319586
52319587
52319588
52319589
52319590
52319591
52319592
52319593
52319594
52319595
52319596
52319597
52319598
52319599
52319600
52319601
52319602
52319603
52319604
52319605
52319606
52319607
52319608
52319609
52319610
52319611
52319612
52319613
52319614
52319615
52319616
52319617
52319618
52319619
52319620
52319621
52319622
52319623
52319624
52319625
52319626
52319627
52319628
52319629
52319630
52319631
52319632
52319633
52319634
52319635
52319636
52319637
52319638
52319639
52319640
52319641
52319642
52319643
52319644
52319645
52319646
52319647
52319648
52319649
52319650
52319651
52319652
52319653
52319654
52319655
52319656
52319657
52319658
52319659
52319660
52319661
52319662
52319663
52319664
52319665
52319666
52319667
52319668
52319669
52319670
52319671
52319672
52319673
52319674
52319675
52319676
52319677
52319678
52319679
52319680
52319681
52319682
52319683
52319684
52319685
52319686
52319687
52319688
52319689
52319690
52319691
52319692
52319693
52319694
52319695
52319696
52319697
52319698
52319699
52319700
52319701
52319702
52319703
52319704
52319705
52319706
52319707
52319708
52319709
52319710
52319711
52319712
52319713
52319714
52319715
52319716
52319717
52319718
52319719
52319720
52319721
52319722
52319723
52319724
52319725
52319726
52319727
52319728
52319729
52319730
52319731
52319732
52319733
52319734
52319735
52319736
52319737
52319738
52319739
52319740
52319741
52319742
52319743
52319744
52319745
52319746
52319747
52319748
52319749
52319750
52319751
52319752
52319753
52319754
52319755
52319756
52319757
52319758
52319759
52319760
52319761
52319762
52319763
52319764
52319765
52319766
52319767
52319768
52319769
52319770
52319771
52319772
52319773
52319774
52319775
52319776
52319777
52319778
52319779
52319780
52319781
52319782
52319783
52319784
52319785
52319786
52319787
52319788
52319789
52319790
52319791
52319792
52319793
52319794
52319795
52319796
52319797
52319798
52319799
52319800
52319801
52319802
52319803
52319804
52319805
52319806
52319807
52319808
52319809
52319810
52319811
52319812
52319813
52319814
52319815
52319816
52319817
52319818
52319819
52319820
52319821
52319822
52319823
52319824
52319825
52319826
52319827
52319828
52319829
52319830
52319831
52319832
52319833
52319834
52319835
52319836
52319837
52319838
52319839
52319840
52319841
52319842
52319843
52319844
52319845
52319846
52319847
52319848
52319849
52319850
52319851
52319852
52319853
52319854
52319855
52319856
52319857
52319858
52319859
52319860
52319861
52319862
52319863
52319864
52319865
52319866
52319867
52319868
52319869
52319870
52319871
52319872
52319873
52319874
52319875
52319876
52319877
52319878
52319879
52319880
52319881
52319882
52319883
52319884
52319885
52319886
52319887
52319888
52319889
52319890
52319891
52319892
52319893
52319894
52319895
52319896
52319897
52319898
52319899
52319900
52319901
52319902
52319903
52319904
52319905
52319906
52319907
52319908
52319909
52319910
52319911
52319912
52319913
52319914
52319915
52319916
52319917
52319918
52319919
52319920
52319921
52319922
52319923
52319924
52319925
52319926
52319927
52319928
52319929
52319930
52319931
52319932
52319933
52319934
52319935
52319936
52319937
52319938
52319939
52319940
52319941
52319942
52319943
52319944
52319945
52319946
52319947
52319948
52319949
52319950
52319951
52319952
52319953
52319954
52319955
52319956
52319957
52319958
52319959
52319960
52319961
52319962
52319963
52319964
52319965
52319966
52319967
52319968
52319969
52319970
52319971
52319972
52319973
52319974
52319975
52319976
52319977
52319978
52319979
52319980
52319981
52319982
52319983
52319984
52319985
52319986
52319987
52319988
52319989
52319990
52319991
52319992
52319993
52319994
52319995
52319996
52319997
52319998
52319999
52320000
52320001
52320002
52320003
52320004
52320005
52320006
52320007
52320008
52320009
52320010
52320011
52320012
52320013
52320014
52320015
52320016
52320017
52320018
52320019
52320020
52320021
52320022
52320023
52320024
52320025
52320026
52320027
52320028
52320029
52320030
52320031
52320032
52320033
52320034
52320035
52320036
52320037
52320038
52320039
52320040
52320041
52320042
52320043
52320044
52320045
52320046
52320047
52320048
52320049
52320050
52320051
52320052
52320053
52320054
52320055
52320056
52320057
52320058
52320059
52320060
52320061
52320062
52320063
52320064
52320065
52320066
52320067
52320068
52320069
52320070
52320071
52320072
52320073
52320074
52320075
52320076
52320077
52320078
52320079
52320080
52320081
52320082
52320083
52320084
52320085
52320086
52320087
52320088
52320089
52320090
52320091
52320092
52320093
52320094
52320095
52320096
52320097
52320098
52320099
52320100
52320101
52320102
52320103
52320104
52320105
52320106
52320107
52320108
52320109
52320110
52320111
52320112
52320113
52320114
52320115
52320116
52320117
52320118
52320119
52320120
52320121
52320122
52320123
52320124
52320125
52320126
52320127
52320128
52320129
52320130
52320131
52320132
52320133
52320134
52320135
52320136
52320137
52320138
52320139
52320140
52320141
52320142
52320143
52320144
52320145
52320146
52320147
52320148
52320149
52320150
52320151
52320152
52320153
52320154
52320155
52320156
52320157
52320158
52320159
52320160
52320161
52320162
52320163
52320164
52320165
52320166
52320167
52320168
52320169
52320170
52320171
52320172
52320173
52320174
52320175
52320176
52320177
52320178
52320179
52320180
52320181
52320182
52320183
52320184
52320185
52320186
52320187
52320188
52320189
52320190
52320191
52320192
52320193
52320194
52320195
52320196
52320197
52320198
52320199
52320200
52320201
52320202
52320203
52320204
52320205
52320206
52320207
52320208
52320209
52320210
52320211
52320212
52320213
52320214
52320215
52320216
52320217
52320218
52320219
52320220
52320221
52320222
52320223
52320224
52320225
52320226
52320227
52320228
52320229
52320230
52320231
52320232
52320233
52320234
52320235
52320236
52320237
52320238
52320239
52320240
52320241
52320242
52320243
52320244
52320245
52320246
52320247
52320248
52320249
52320250
52320251
52320252
52320253
52320254
52320255
52320256
52320257
52320258
52320259
52320260
52320261
52320262
52320263
52320264
52320265
52320266
52320267
52320268
52320269
52320270
52320271
52320272
52320273
52320274
52320275
52320276
52320277
52320278
52320279
52320280
52320281
52320282
52320283
52320284
52320285
52320286
52320287
52320288
52320289
52320290
52320291
52320292
52320293
52320294
52320295
52320296
52320297
52320298
52320299
52320300
52320301
52320302
52320303
52320304
52320305
52320306
52320307
52320308
52320309
52320310
52320311
52320312
52320313
52320314
52320315
52320316
52320317
52320318
52320319
52320320
52320321
52320322
52320323
52320324
52320325
52320326
52320327
52320328
52320329
52320330
52320331
52320332
52320333
52320334
52320335
52320336
52320337
52320338
52320339
52320340
52320341
52320342
52320343
52320344
52320345
52320346
52320347
52320348
52320349
52320350
52320351
52320352
52320353
52320354
52320355
52320356
52320357
52320358
52320359
52320360
52320361
52320362
52320363
52320364
52320365
52320366
52320367
52320368
52320369
52320370
52320371
52320372
52320373
52320374
52320375
52320376
52320377
52320378
52320379
52320380
52320381
52320382
52320383
52320384
52320385
52320386
52320387
52320388
52320389
52320390
52320391
52320392
52320393
52320394
52320395
52320396
52320397
52320398
52320399
52320400
52320401
52320402
52320403
52320404
52320405
52320406
52320407
52320408
52320409
52320410
52320411
52320412
52320413
52320414
52320415
52320416
52320417
52320418
52320419
52320420
52320421
52320422
52320423
52320424
52320425
52320426
52320427
52320428
52320429
52320430
52320431
52320432
52320433
52320434
52320435
52320436
52320437
52320438
52320439
52320440
52320441
52320442
52320443
52320444
52320445
52320446
52320447
52320448
52320449
52320450
52320451
52320452
52320453
52320454
52320455
52320456
52320457
52320458
52320459
52320460
52320461
52320462
52320463
52320464
52320465
52320466
52320467
52320468
52320469
52320470
52320471
52320472
52320473
52320474
52320475
52320476
52320477
52320478
52320479
52320480
52320481
52320482
52320483
52320484
52320485
52320486
52320487
52320488
52320489
52320490
52320491
52320492
52320493
52320494
52320495
52320496
52320497
52320498
52320499
52320500
52320501
52320502
52320503
52320504
52320505
52320506
52320507
52320508
52320509
52320510
52320511
52320512
52320513
52320514
52320515
52320516
52320517
52320518
52320519
52320520
52320521
52320522
52320523
52320524
52320525
52320526
52320527
52320528
52320529
52320530
52320531
52320532
52320533
52320534
52320535
52320536
52320537
52320538
52320539
52320540
52320541
52320542
52320543
52320544
52320545
52320546
52320547
52320548
52320549
52320550
52320551
52320552
52320553
52320554
52320555
52320556
52320557
52320558
52320559
52320560
52320561
52320562
52320563
52320564
52320565
52320566
52320567
52320568
52320569
52320570
52320571
52320572
52320573
52320574
52320575
52320576
52320577
52320578
52320579
52320580
52320581
52320582
52320583
52320584
52320585
52320586
52320587
52320588
52320589
52320590
52320591
52320592
52320593
52320594
52320595
52320596
52320597
52320598
52320599
52320600
52320601
52320602
52320603
52320604
52320605
52320606
52320607
52320608
52320609
52320610
52320611
52320612
52320613
52320614
52320615
52320616
52320617
52320618
52320619
52320620
52320621
52320622
52320623
52320624
52320625
52320626
52320627
52320628
52320629
52320630
52320631
52320632
52320633
52320634
52320635
52320636
52320637
52320638
52320639
52320640
52320641
52320642
52320643
52320644
52320645
52320646
52320647
52320648
52320649
52320650
52320651
52320652
52320653
52320654
52320655
52320656
52320657
52320658
52320659
52320660
52320661
52320662
52320663
52320664
52320665
52320666
52320667
52320668
52320669
52320670
52320671
52320672
52320673
52320674
52320675
52320676
52320677
52320678
52320679
52320680
52320681
52320682
52320683
52320684
52320685
52320686
52320687
52320688
52320689
52320690
52320691
52320692
52320693
52320694
52320695
52320696
52320697
52320698
52320699
52320700
52320701
52320702
52320703
52320704
52320705
52320706
52320707
52320708
52320709
52320710
52320711
52320712
52320713
52320714
52320715
52320716
52320717
52320718
52320719
52320720
52320721
52320722
52320723
52320724
52320725
52320726
52320727
52320728
52320729
52320730
52320731
52320732
52320733
52320734
52320735
52320736
52320737
52320738
52320739
52320740
52320741
52320742
52320743
52320744
52320745
52320746
52320747
52320748
52320749
52320750
52320751
52320752
52320753
52320754
52320755
52320756
52320757
52320758
52320759
52320760
52320761
52320762
52320763
52320764
52320765
52320766
52320767
52320768
52320769
52320770
52320771
52320772
52320773
52320774
52320775
52320776
52320777
52320778
52320779
52320780
52320781
52320782
52320783
52320784
52320785
52320786
52320787
52320788
52320789
52320790
52320791
52320792
52320793
52320794
52320795
52320796
52320797
52320798
52320799
52320800
52320801
52320802
52320803
52320804
52320805
52320806
52320807
52320808
52320809
52320810
52320811
52320812
52320813
52320814
52320815
52320816
52320817
52320818
52320819
52320820
52320821
52320822
52320823
52320824
52320825
52320826
52320827
52320828
52320829
52320830
52320831
52320832
52320833
52320834
52320835
52320836
52320837
52320838
52320839
52320840
52320841
52320842
52320843
52320844
52320845
52320846
52320847
52320848
52320849
52320850
52320851
52320852
52320853
52320854
52320855
52320856
52320857
52320858
52320859
52320860
52320861
52320862
52320863
52320864
52320865
52320866
52320867
52320868
52320869
52320870
52320871
52320872
52320873
52320874
52320875
52320876
52320877
52320878
52320879
52320880
52320881
52320882
52320883
52320884
52320885
52320886
52320887
52320888
52320889
52320890
52320891
52320892
52320893
52320894
52320895
52320896
52320897
52320898
52320899
52320900
52320901
52320902
52320903
52320904
52320905
52320906
52320907
52320908
52320909
52320910
52320911
52320912
52320913
52320914
52320915
52320916
52320917
52320918
52320919
52320920
52320921
52320922
52320923
52320924
52320925
52320926
52320927
52320928
52320929
52320930
52320931
52320932
52320933
52320934
52320935
52320936
52320937
52320938
52320939
52320940
52320941
52320942
52320943
52320944
52320945
52320946
52320947
52320948
52320949
52320950
52320951
52320952
52320953
52320954
52320955
52320956
52320957
52320958
52320959
52320960
52320961
52320962
52320963
52320964
52320965
52320966
52320967
52320968
52320969
52320970
52320971
52320972
52320973
52320974
52320975
52320976
52320977
52320978
52320979
52320980
52320981
52320982
52320983
52320984
52320985
52320986
52320987
52320988
52320989
52320990
52320991
52320992
52320993
52320994
52320995
52320996
52320997
52320998
52320999
52321000
52321001
52321002
52321003
52321004
52321005
52321006
52321007
52321008
52321009
52321010
52321011
52321012
52321013
52321014
52321015
52321016
52321017
52321018
52321019
52321020
52321021
52321022
52321023
52321024
52321025
52321026
52321027
52321028
52321029
52321030
52321031
52321032
52321033
52321034
52321035
52321036
52321037
52321038
52321039
52321040
52321041
52321042
52321043
52321044
52321045
52321046
52321047
52321048
52321049
52321050
52321051
52321052
52321053
52321054
52321055
52321056
52321057
52321058
52321059
52321060
52321061
52321062
52321063
52321064
52321065
52321066
52321067
52321068
52321069
52321070
52321071
52321072
52321073
52321074
52321075
52321076
52321077
52321078
52321079
52321080
52321081
52321082
52321083
52321084
52321085
52321086
52321087
52321088
52321089
52321090
52321091
52321092
52321093
52321094
52321095
52321096
52321097
52321098
52321099
52321100
52321101
52321102
52321103
52321104
52321105
52321106
52321107
52321108
52321109
52321110
52321111
52321112
52321113
52321114
52321115
52321116
52321117
52321118
52321119
52321120
52321121
52321122
52321123
52321124
52321125
52321126
52321127
52321128
52321129
52321130
52321131
52321132
52321133
52321134
52321135
52321136
52321137
52321138
52321139
52321140
52321141
52321142
52321143
52321144
52321145
52321146
52321147
52321148
52321149
52321150
52321151
52321152
52321153
52321154
52321155
52321156
52321157
52321158
52321159
52321160
52321161
52321162
52321163
52321164
52321165
52321166
52321167
52321168
52321169
52321170
52321171
52321172
52321173
52321174
52321175
52321176
52321177
52321178
52321179
52321180
52321181
52321182
52321183
52321184
52321185
52321186
52321187
52321188
52321189
52321190
52321191
52321192
52321193
52321194
52321195
52321196
52321197
52321198
52321199
52321200
52321201
52321202
52321203
52321204
52321205
52321206
52321207
52321208
52321209
52321210
52321211
52321212
52321213
52321214
52321215
52321216
52321217
52321218
52321219
52321220
52321221
52321222
52321223
52321224
52321225
52321226
52321227
52321228
52321229
52321230
52321231
52321232
52321233
52321234
52321235
52321236
52321237
52321238
52321239
52321240
52321241
52321242
52321243
52321244
52321245
52321246
52321247
52321248
52321249
52321250
52321251
52321252
52321253
52321254
52321255
52321256
52321257
52321258
52321259
52321260
52321261
52321262
52321263
52321264
52321265
52321266
52321267
52321268
52321269
52321270
52321271
52321272
52321273
52321274
52321275
52321276
52321277
52321278
52321279
52321280
52321281
52321282
52321283
52321284
52321285
52321286
52321287
52321288
52321289
52321290
52321291
52321292
52321293
52321294
52321295
52321296
52321297
52321298
52321299
52321300
52321301
52321302
52321303
52321304
52321305
52321306
52321307
52321308
52321309
52321310
52321311
52321312
52321313
52321314
52321315
52321316
52321317
52321318
52321319
52321320
52321321
52321322
52321323
52321324
52321325
52321326
52321327
52321328
52321329
52321330
52321331
52321332
52321333
52321334
52321335
52321336
52321337
52321338
52321339
52321340
52321341
52321342
52321343
52321344
52321345
52321346
52321347
52321348
52321349
52321350
52321351
52321352
52321353
52321354
52321355
52321356
52321357
52321358
52321359
52321360
52321361
52321362
52321363
52321364
52321365
52321366
52321367
52321368
52321369
52321370
52321371
52321372
52321373
52321374
52321375
52321376
52321377
52321378
52321379
52321380
52321381
52321382
52321383
52321384
52321385
52321386
52321387
52321388
52321389
52321390
52321391
52321392
52321393
52321394
52321395
52321396
52321397
52321398
52321399
52321400
52321401
52321402
52321403
52321404
52321405
52321406
52321407
52321408
52321409
52321410
52321411
52321412
52321413
52321414
52321415
52321416
52321417
52321418
52321419
52321420
52321421
52321422
52321423
52321424
52321425
52321426
52321427
52321428
52321429
52321430
52321431
52321432
52321433
52321434
52321435
52321436
52321437
52321438
52321439
52321440
52321441
52321442
52321443
52321444
52321445
52321446
52321447
52321448
52321449
52321450
52321451
52321452
52321453
52321454
52321455
52321456
52321457
52321458
52321459
52321460
52321461
52321462
52321463
52321464
52321465
52321466
52321467
52321468
52321469
52321470
52321471
52321472
52321473
52321474
52321475
52321476
52321477
52321478
52321479
52321480
52321481
52321482
52321483
52321484
52321485
52321486
52321487
52321488
52321489
52321490
52321491
52321492
52321493
52321494
52321495
52321496
52321497
52321498
52321499
52321500
52321501
52321502
52321503
52321504
52321505
52321506
52321507
52321508
52321509
52321510
52321511
52321512
52321513
52321514
52321515
52321516
52321517
52321518
52321519
52321520
52321521
52321522
52321523
52321524
52321525
52321526
52321527
52321528
52321529
52321530
52321531
52321532
52321533
52321534
52321535
52321536
52321537
52321538
52321539
52321540
52321541
52321542
52321543
52321544
52321545
52321546
52321547
52321548
52321549
52321550
52321551
52321552
52321553
52321554
52321555
52321556
52321557
52321558
52321559
52321560
52321561
52321562
52321563
52321564
52321565
52321566
52321567
52321568
52321569
52321570
52321571
52321572
52321573
52321574
52321575
52321576
52321577
52321578
52321579
52321580
52321581
52321582
52321583
52321584
52321585
52321586
52321587
52321588
52321589
52321590
52321591
52321592
52321593
52321594
52321595
52321596
52321597
52321598
52321599
52321600
52321601
52321602
52321603
52321604
52321605
52321606
52321607
52321608
52321609
52321610
52321611
52321612
52321613
52321614
52321615
52321616
52321617
52321618
52321619
52321620
52321621
52321622
52321623
52321624
52321625
52321626
52321627
52321628
52321629
52321630
52321631
52321632
52321633
52321634
52321635
52321636
52321637
52321638
52321639
52321640
52321641
52321642
52321643
52321644
52321645
52321646
52321647
52321648
52321649
52321650
52321651
52321652
52321653
52321654
52321655
52321656
52321657
52321658
52321659
52321660
52321661
52321662
52321663
52321664
52321665
52321666
52321667
52321668
52321669
52321670
52321671
52321672
52321673
52321674
52321675
52321676
52321677
52321678
52321679
52321680
52321681
52321682
52321683
52321684
52321685
52321686
52321687
52321688
52321689
52321690
52321691
52321692
52321693
52321694
52321695
52321696
52321697
52321698
52321699
52321700
52321701
52321702
52321703
52321704
52321705
52321706
52321707
52321708
52321709
52321710
52321711
52321712
52321713
52321714
52321715
52321716
52321717
52321718
52321719
52321720
52321721
52321722
52321723
52321724
52321725
52321726
52321727
52321728
52321729
52321730
52321731
52321732
52321733
52321734
52321735
52321736
52321737
52321738
52321739
52321740
52321741
52321742
52321743
52321744
52321745
52321746
52321747
52321748
52321749
52321750
52321751
52321752
52321753
52321754
52321755
52321756
52321757
52321758
52321759
52321760
52321761
52321762
52321763
52321764
52321765
52321766
52321767
52321768
52321769
52321770
52321771
52321772
52321773
52321774
52321775
52321776
52321777
52321778
52321779
52321780
52321781
52321782
52321783
52321784
52321785
52321786
52321787
52321788
52321789
52321790
52321791
52321792
52321793
52321794
52321795
52321796
52321797
52321798
52321799
52321800
52321801
52321802
52321803
52321804
52321805
52321806
52321807
52321808
52321809
52321810
52321811
52321812
52321813
52321814
52321815
52321816
52321817
52321818
52321819
52321820
52321821
52321822
52321823
52321824
52321825
52321826
52321827
52321828
52321829
52321830
52321831
52321832
52321833
52321834
52321835
52321836
52321837
52321838
52321839
52321840
52321841
52321842
52321843
52321844
52321845
52321846
52321847
52321848
52321849
52321850
52321851
52321852
52321853
52321854
52321855
52321856
52321857
52321858
52321859
52321860
52321861
52321862
52321863
52321864
52321865
52321866
52321867
52321868
52321869
52321870
52321871
52321872
52321873
52321874
52321875
52321876
52321877
52321878
52321879
52321880
52321881
52321882
52321883
52321884
52321885
52321886
52321887
52321888
52321889
52321890
52321891
52321892
52321893
52321894
52321895
52321896
52321897
52321898
52321899
52321900
52321901
52321902
52321903
52321904
52321905
52321906
52321907
52321908
52321909
52321910
52321911
52321912
52321913
52321914
52321915
52321916
52321917
52321918
52321919
52321920
52321921
52321922
52321923
52321924
52321925
52321926
52321927
52321928
52321929
52321930
52321931
52321932
52321933
52321934
52321935
52321936
52321937
52321938
52321939
52321940
52321941
52321942
52321943
52321944
52321945
52321946
52321947
52321948
52321949
52321950
52321951
52321952
52321953
52321954
52321955
52321956
52321957
52321958
52321959
52321960
52321961
52321962
52321963
52321964
52321965
52321966
52321967
52321968
52321969
52321970
52321971
52321972
52321973
52321974
52321975
52321976
52321977
52321978
52321979
52321980
52321981
52321982
52321983
52321984
52321985
52321986
52321987
52321988
52321989
52321990
52321991
52321992
52321993
52321994
52321995
52321996
52321997
52321998
52321999
52322000
52322001
52322002
52322003
52322004
52322005
52322006
52322007
52322008
52322009
52322010
52322011
52322012
52322013
52322014
52322015
52322016
52322017
52322018
52322019
52322020
52322021
52322022
52322023
52322024
52322025
52322026
52322027
52322028
52322029
52322030
52322031
52322032
52322033
52322034
52322035
52322036
52322037
52322038
52322039
52322040
52322041
52322042
52322043
52322044
52322045
52322046
52322047
52322048
52322049
52322050
52322051
52322052
52322053
52322054
52322055
52322056
52322057
52322058
52322059
52322060
52322061
52322062
52322063
52322064
52322065
52322066
52322067
52322068
52322069
52322070
52322071
52322072
52322073
52322074
52322075
52322076
52322077
52322078
52322079
52322080
52322081
52322082
52322083
52322084
52322085
52322086
52322087
52322088
52322089
52322090
52322091
52322092
52322093
52322094
52322095
52322096
52322097
52322098
52322099
52322100
52322101
52322102
52322103
52322104
52322105
52322106
52322107
52322108
52322109
52322110
52322111
52322112
52322113
52322114
52322115
52322116
52322117
52322118
52322119
52322120
52322121
52322122
52322123
52322124
52322125
52322126
52322127
52322128
52322129
52322130
52322131
52322132
52322133
52322134
52322135
52322136
52322137
52322138
52322139
52322140
52322141
52322142
52322143
52322144
52322145
52322146
52322147
52322148
52322149
52322150
52322151
52322152
52322153
52322154
52322155
52322156
52322157
52322158
52322159
52322160
52322161
52322162
52322163
52322164
52322165
52322166
52322167
52322168
52322169
52322170
52322171
52322172
52322173
52322174
52322175
52322176
52322177
52322178
52322179
52322180
52322181
52322182
52322183
52322184
52322185
52322186
52322187
52322188
52322189
52322190
52322191
52322192
52322193
52322194
52322195
52322196
52322197
52322198
52322199
52322200
52322201
52322202
52322203
52322204
52322205
52322206
52322207
52322208
52322209
52322210
52322211
52322212
52322213
52322214
52322215
52322216
52322217
52322218
52322219
52322220
52322221
52322222
52322223
52322224
52322225
52322226
52322227
52322228
52322229
52322230
52322231
52322232
52322233
52322234
52322235
52322236
52322237
52322238
52322239
52322240
52322241
52322242
52322243
52322244
52322245
52322246
52322247
52322248
52322249
52322250
52322251
52322252
52322253
52322254
52322255
52322256
52322257
52322258
52322259
52322260
52322261
52322262
52322263
52322264
52322265
52322266
52322267
52322268
52322269
52322270
52322271
52322272
52322273
52322274
52322275
52322276
52322277
52322278
52322279
52322280
52322281
52322282
52322283
52322284
52322285
52322286
52322287
52322288
52322289
52322290
52322291
52322292
52322293
52322294
52322295
52322296
52322297
52322298
52322299
52322300
52322301
52322302
52322303
52322304
52322305
52322306
52322307
52322308
52322309
52322310
52322311
52322312
52322313
52322314
52322315
52322316
52322317
52322318
52322319
52322320
52322321
52322322
52322323
52322324
52322325
52322326
52322327
52322328
52322329
52322330
52322331
52322332
52322333
52322334
52322335
52322336
52322337
52322338
52322339
52322340
52322341
52322342
52322343
52322344
52322345
52322346
52322347
52322348
52322349
52322350
52322351
52322352
52322353
52322354
52322355
52322356
52322357
52322358
52322359
52322360
52322361
52322362
52322363
52322364
52322365
52322366
52322367
52322368
52322369
52322370
52322371
52322372
52322373
52322374
52322375
52322376
52322377
52322378
52322379
52322380
52322381
52322382
52322383
52322384
52322385
52322386
52322387
52322388
52322389
52322390
52322391
52322392
52322393
52322394
52322395
52322396
52322397
52322398
52322399
52322400
52322401
52322402
52322403
52322404
52322405
52322406
52322407
52322408
52322409
52322410
52322411
52322412
52322413
52322414
52322415
52322416
52322417
52322418
52322419
52322420
52322421
52322422
52322423
52322424
52322425
52322426
52322427
52322428
52322429
52322430
52322431
52322432
52322433
52322434
52322435
52322436
52322437
52322438
52322439
52322440
52322441
52322442
52322443
52322444
52322445
52322446
52322447
52322448
52322449
52322450
52322451
52322452
52322453
52322454
52322455
52322456
52322457
52322458
52322459
52322460
52322461
52322462
52322463
52322464
52322465
52322466
52322467
52322468
52322469
52322470
52322471
52322472
52322473
52322474
52322475
52322476
52322477
52322478
52322479
52322480
52322481
52322482
52322483
52322484
52322485
52322486
52322487
52322488
52322489
52322490
52322491
52322492
52322493
52322494
52322495
52322496
52322497
52322498
52322499
52322500
52322501
52322502
52322503
52322504
52322505
52322506
52322507
52322508
52322509
52322510
52322511
52322512
52322513
52322514
52322515
52322516
52322517
52322518
52322519
52322520
52322521
52322522
52322523
52322524
52322525
52322526
52322527
52322528
52322529
52322530
52322531
52322532
52322533
52322534
52322535
52322536
52322537
52322538
52322539
52322540
52322541
52322542
52322543
52322544
52322545
52322546
52322547
52322548
52322549
52322550
52322551
52322552
52322553
52322554
52322555
52322556
52322557
52322558
52322559
52322560
52322561
52322562
52322563
52322564
52322565
52322566
52322567
52322568
52322569
52322570
52322571
52322572
52322573
52322574
52322575
52322576
52322577
52322578
52322579
52322580
52322581
52322582
52322583
52322584
52322585
52322586
52322587
52322588
52322589
52322590
52322591
52322592
52322593
52322594
52322595
52322596
52322597
52322598
52322599
52322600
52322601
52322602
52322603
52322604
52322605
52322606
52322607
52322608
52322609
52322610
52322611
52322612
52322613
52322614
52322615
52322616
52322617
52322618
52322619
52322620
52322621
52322622
52322623
52322624
52322625
52322626
52322627
52322628
52322629
52322630
52322631
52322632
52322633
52322634
52322635
52322636
52322637
52322638
52322639
52322640
52322641
52322642
52322643
52322644
52322645
52322646
52322647
52322648
52322649
52322650
52322651
52322652
52322653
52322654
52322655
52322656
52322657
52322658
52322659
52322660
52322661
52322662
52322663
52322664
52322665
52322666
52322667
52322668
52322669
52322670
52322671
52322672
52322673
52322674
52322675
52322676
52322677
52322678
52322679
52322680
52322681
52322682
52322683
52322684
52322685
52322686
52322687
52322688
52322689
52322690
52322691
52322692
52322693
52322694
52322695
52322696
52322697
52322698
52322699
52322700
52322701
52322702
52322703
52322704
52322705
52322706
52322707
52322708
52322709
52322710
52322711
52322712
52322713
52322714
52322715
52322716
52322717
52322718
52322719
52322720
52322721
52322722
52322723
52322724
52322725
52322726
52322727
52322728
52322729
52322730
52322731
52322732
52322733
52322734
52322735
52322736
52322737
52322738
52322739
52322740
52322741
52322742
52322743
52322744
52322745
52322746
52322747
52322748
52322749
52322750
52322751
52322752
52322753
52322754
52322755
52322756
52322757
52322758
52322759
52322760
52322761
52322762
52322763
52322764
52322765
52322766
52322767
52322768
52322769
52322770
52322771
52322772
52322773
52322774
52322775
52322776
52322777
52322778
52322779
52322780
52322781
52322782
52322783
52322784
52322785
52322786
52322787
52322788
52322789
52322790
52322791
52322792
52322793
52322794
52322795
52322796
52322797
52322798
52322799
52322800
52322801
52322802
52322803
52322804
52322805
52322806
52322807
52322808
52322809
52322810
52322811
52322812
52322813
52322814
52322815
52322816
52322817
52322818
52322819
52322820
52322821
52322822
52322823
52322824
52322825
52322826
52322827
52322828
52322829
52322830
52322831
52322832
52322833
52322834
52322835
52322836
52322837
52322838
52322839
52322840
52322841
52322842
52322843
52322844
52322845
52322846
52322847
52322848
52322849
52322850
52322851
52322852
52322853
52322854
52322855
52322856
52322857
52322858
52322859
52322860
52322861
52322862
52322863
52322864
52322865
52322866
52322867
52322868
52322869
52322870
52322871
52322872
52322873
52322874
52322875
52322876
52322877
52322878
52322879
52322880
52322881
52322882
52322883
52322884
52322885
52322886
52322887
52322888
52322889
52322890
52322891
52322892
52322893
52322894
52322895
52322896
52322897
52322898
52322899
52322900
52322901
52322902
52322903
52322904
52322905
52322906
52322907
52322908
52322909
52322910
52322911
52322912
52322913
52322914
52322915
52322916
52322917
52322918
52322919
52322920
52322921
52322922
52322923
52322924
52322925
52322926
52322927
52322928
52322929
52322930
52322931
52322932
52322933
52322934
52322935
52322936
52322937
52322938
52322939
52322940
52322941
52322942
52322943
52322944
52322945
52322946
52322947
52322948
52322949
52322950
52322951
52322952
52322953
52322954
52322955
52322956
52322957
52322958
52322959
52322960
52322961
52322962
52322963
52322964
52322965
52322966
52322967
52322968
52322969
52322970
52322971
52322972
52322973
52322974
52322975
52322976
52322977
52322978
52322979
52322980
52322981
52322982
52322983
52322984
52322985
52322986
52322987
52322988
52322989
52322990
52322991
52322992
52322993
52322994
52322995
52322996
52322997
52322998
52322999
52323000
52323001
52323002
52323003
52323004
52323005
52323006
52323007
52323008
52323009
52323010
52323011
52323012
52323013
52323014
52323015
52323016
52323017
52323018
52323019
52323020
52323021
52323022
52323023
52323024
52323025
52323026
52323027
52323028
52323029
52323030
52323031
52323032
52323033
52323034
52323035
52323036
52323037
52323038
52323039
52323040
52323041
52323042
52323043
52323044
52323045
52323046
52323047
52323048
52323049
52323050
52323051
52323052
52323053
52323054
52323055
52323056
52323057
52323058
52323059
52323060
52323061
52323062
52323063
52323064
52323065
52323066
52323067
52323068
52323069
52323070
52323071
52323072
52323073
52323074
52323075
52323076
52323077
52323078
52323079
52323080
52323081
52323082
52323083
52323084
52323085
52323086
52323087
52323088
52323089
52323090
52323091
52323092
52323093
52323094
52323095
52323096
52323097
52323098
52323099
52323100
52323101
52323102
52323103
52323104
52323105
52323106
52323107
52323108
52323109
52323110
52323111
52323112
52323113
52323114
52323115
52323116
52323117
52323118
52323119
52323120
52323121
52323122
52323123
52323124
52323125
52323126
52323127
52323128
52323129
52323130
52323131
52323132
52323133
52323134
52323135
52323136
52323137
52323138
52323139
52323140
52323141
52323142
52323143
52323144
52323145
52323146
52323147
52323148
52323149
52323150
52323151
52323152
52323153
52323154
52323155
52323156
52323157
52323158
52323159
52323160
52323161
52323162
52323163
52323164
52323165
52323166
52323167
52323168
52323169
52323170
52323171
52323172
52323173
52323174
52323175
52323176
52323177
52323178
52323179
52323180
52323181
52323182
52323183
52323184
52323185
52323186
52323187
52323188
52323189
52323190
52323191
52323192
52323193
52323194
52323195
52323196
52323197
52323198
52323199
52323200
52323201
52323202
52323203
52323204
52323205
52323206
52323207
52323208
52323209
52323210
52323211
52323212
52323213
52323214
52323215
52323216
52323217
52323218
52323219
52323220
52323221
52323222
52323223
52323224
52323225
52323226
52323227
52323228
52323229
52323230
52323231
52323232
52323233
52323234
52323235
52323236
52323237
52323238
52323239
52323240
52323241
52323242
52323243
52323244
52323245
52323246
52323247
52323248
52323249
52323250
52323251
52323252
52323253
52323254
52323255
52323256
52323257
52323258
52323259
52323260
52323261
52323262
52323263
52323264
52323265
52323266
52323267
52323268
52323269
52323270
52323271
52323272
52323273
52323274
52323275
52323276
52323277
52323278
52323279
52323280
52323281
52323282
52323283
52323284
52323285
52323286
52323287
52323288
52323289
52323290
52323291
52323292
52323293
52323294
52323295
52323296
52323297
52323298
52323299
52323300
52323301
52323302
52323303
52323304
52323305
52323306
52323307
52323308
52323309
52323310
52323311
52323312
52323313
52323314
52323315
52323316
52323317
52323318
52323319
52323320
52323321
52323322
52323323
52323324
52323325
52323326
52323327
52323328
52323329
52323330
52323331
52323332
52323333
52323334
52323335
52323336
52323337
52323338
52323339
52323340
52323341
52323342
52323343
52323344
52323345
52323346
52323347
52323348
52323349
52323350
52323351
52323352
52323353
52323354
52323355
52323356
52323357
52323358
52323359
52323360
52323361
52323362
52323363
52323364
52323365
52323366
52323367
52323368
52323369
52323370
52323371
52323372
52323373
52323374
52323375
52323376
52323377
52323378
52323379
52323380
52323381
52323382
52323383
52323384
52323385
52323386
52323387
52323388
52323389
52323390
52323391
52323392
52323393
52323394
52323395
52323396
52323397
52323398
52323399
52323400
52323401
52323402
52323403
52323404
52323405
52323406
52323407
52323408
52323409
52323410
52323411
52323412
52323413
52323414
52323415
52323416
52323417
52323418
52323419
52323420
52323421
52323422
52323423
52323424
52323425
52323426
52323427
52323428
52323429
52323430
52323431
52323432
52323433
52323434
52323435
52323436
52323437
52323438
52323439
52323440
52323441
52323442
52323443
52323444
52323445
52323446
52323447
52323448
52323449
52323450
52323451
52323452
52323453
52323454
52323455
52323456
52323457
52323458
52323459
52323460
52323461
52323462
52323463
52323464
52323465
52323466
52323467
52323468
52323469
52323470
52323471
52323472
52323473
52323474
52323475
52323476
52323477
52323478
52323479
52323480
52323481
52323482
52323483
52323484
52323485
52323486
52323487
52323488
52323489
52323490
52323491
52323492
52323493
52323494
52323495
52323496
52323497
52323498
52323499
52323500
52323501
52323502
52323503
52323504
52323505
52323506
52323507
52323508
52323509
52323510
52323511
52323512
52323513
52323514
52323515
52323516
52323517
52323518
52323519
52323520
52323521
52323522
52323523
52323524
52323525
52323526
52323527
52323528
52323529
52323530
52323531
52323532
52323533
52323534
52323535
52323536
52323537
52323538
52323539
52323540
52323541
52323542
52323543
52323544
52323545
52323546
52323547
52323548
52323549
52323550
52323551
52323552
52323553
52323554
52323555
52323556
52323557
52323558
52323559
52323560
52323561
52323562
52323563
52323564
52323565
52323566
52323567
52323568
52323569
52323570
52323571
52323572
52323573
52323574
52323575
52323576
52323577
52323578
52323579
52323580
52323581
52323582
52323583
52323584
52323585
52323586
52323587
52323588
52323589
52323590
52323591
52323592
52323593
52323594
52323595
52323596
52323597
52323598
52323599
52323600
52323601
52323602
52323603
52323604
52323605
52323606
52323607
52323608
52323609
52323610
52323611
52323612
52323613
52323614
52323615
52323616
52323617
52323618
52323619
52323620
52323621
52323622
52323623
52323624
52323625
52323626
52323627
52323628
52323629
52323630
52323631
52323632
52323633
52323634
52323635
52323636
52323637
52323638
52323639
52323640
52323641
52323642
52323643
52323644
52323645
52323646
52323647
52323648
52323649
52323650
52323651
52323652
52323653
52323654
52323655
52323656
52323657
52323658
52323659
52323660
52323661
52323662
52323663
52323664
52323665
52323666
52323667
52323668
52323669
52323670
52323671
52323672
52323673
52323674
52323675
52323676
52323677
52323678
52323679
52323680
52323681
52323682
52323683
52323684
52323685
52323686
52323687
52323688
52323689
52323690
52323691
52323692
52323693
52323694
52323695
52323696
52323697
52323698
52323699
52323700
52323701
52323702
52323703
52323704
52323705
52323706
52323707
52323708
52323709
52323710
52323711
52323712
52323713
52323714
52323715
52323716
52323717
52323718
52323719
52323720
52323721
52323722
52323723
52323724
52323725
52323726
52323727
52323728
52323729
52323730
52323731
52323732
52323733
52323734
52323735
52323736
52323737
52323738
52323739
52323740
52323741
52323742
52323743
52323744
52323745
52323746
52323747
52323748
52323749
52323750
52323751
52323752
52323753
52323754
52323755
52323756
52323757
52323758
52323759
52323760
52323761
52323762
52323763
52323764
52323765
52323766
52323767
52323768
52323769
52323770
52323771
52323772
52323773
52323774
52323775
52323776
52323777
52323778
52323779
52323780
52323781
52323782
52323783
52323784
52323785
52323786
52323787
52323788
52323789
52323790
52323791
52323792
52323793
52323794
52323795
52323796
52323797
52323798
52323799
52323800
52323801
52323802
52323803
52323804
52323805
52323806
52323807
52323808
52323809
52323810
52323811
52323812
52323813
52323814
52323815
52323816
52323817
52323818
52323819
52323820
52323821
52323822
52323823
52323824
52323825
52323826
52323827
52323828
52323829
52323830
52323831
52323832
52323833
52323834
52323835
52323836
52323837
52323838
52323839
52323840
52323841
52323842
52323843
52323844
52323845
52323846
52323847
52323848
52323849
52323850
52323851
52323852
52323853
52323854
52323855
52323856
52323857
52323858
52323859
52323860
52323861
52323862
52323863
52323864
52323865
52323866
52323867
52323868
52323869
52323870
52323871
52323872
52323873
52323874
52323875
52323876
52323877
52323878
52323879
52323880
52323881
52323882
52323883
52323884
52323885
52323886
52323887
52323888
52323889
52323890
52323891
52323892
52323893
52323894
52323895
52323896
52323897
52323898
52323899
52323900
52323901
52323902
52323903
52323904
52323905
52323906
52323907
52323908
52323909
52323910
52323911
52323912
52323913
52323914
52323915
52323916
52323917
52323918
52323919
52323920
52323921
52323922
52323923
52323924
52323925
52323926
52323927
52323928
52323929
52323930
52323931
52323932
52323933
52323934
52323935
52323936
52323937
52323938
52323939
52323940
52323941
52323942
52323943
52323944
52323945
52323946
52323947
52323948
52323949
52323950
52323951
52323952
52323953
52323954
52323955
52323956
52323957
52323958
52323959
52323960
52323961
52323962
52323963
52323964
52323965
52323966
52323967
52323968
52323969
52323970
52323971
52323972
52323973
52323974
52323975
52323976
52323977
52323978
52323979
52323980
52323981
52323982
52323983
52323984
52323985
52323986
52323987
52323988
52323989
52323990
52323991
52323992
52323993
52323994
52323995
52323996
52323997
52323998
52323999
52324000
52324001
52324002
52324003
52324004
52324005
52324006
52324007
52324008
52324009
52324010
52324011
52324012
52324013
52324014
52324015
52324016
52324017
52324018
52324019
52324020
52324021
52324022
52324023
52324024
52324025
52324026
52324027
52324028
52324029
52324030
52324031
52324032
52324033
52324034
52324035
52324036
52324037
52324038
52324039
52324040
52324041
52324042
52324043
52324044
52324045
52324046
52324047
52324048
52324049
52324050
52324051
52324052
52324053
52324054
52324055
52324056
52324057
52324058
52324059
52324060
52324061
52324062
52324063
52324064
52324065
52324066
52324067
52324068
52324069
52324070
52324071
52324072
52324073
52324074
52324075
52324076
52324077
52324078
52324079
52324080
52324081
52324082
52324083
52324084
52324085
52324086
52324087
52324088
52324089
52324090
52324091
52324092
52324093
52324094
52324095
52324096
52324097
52324098
52324099
52324100
52324101
52324102
52324103
52324104
52324105
52324106
52324107
52324108
52324109
52324110
52324111
52324112
52324113
52324114
52324115
52324116
52324117
52324118
52324119
52324120
52324121
52324122
52324123
52324124
52324125
52324126
52324127
52324128
52324129
52324130
52324131
52324132
52324133
52324134
52324135
52324136
52324137
52324138
52324139
52324140
52324141
52324142
52324143
52324144
52324145
52324146
52324147
52324148
52324149
52324150
52324151
52324152
52324153
52324154
52324155
52324156
52324157
52324158
52324159
52324160
52324161
52324162
52324163
52324164
52324165
52324166
52324167
52324168
52324169
52324170
52324171
52324172
52324173
52324174
52324175
52324176
52324177
52324178
52324179
52324180
52324181
52324182
52324183
52324184
52324185
52324186
52324187
52324188
52324189
52324190
52324191
52324192
52324193
52324194
52324195
52324196
52324197
52324198
52324199
52324200
52324201
52324202
52324203
52324204
52324205
52324206
52324207
52324208
52324209
52324210
52324211
52324212
52324213
52324214
52324215
52324216
52324217
52324218
52324219
52324220
52324221
52324222
52324223
52324224
52324225
52324226
52324227
52324228
52324229
52324230
52324231
52324232
52324233
52324234
52324235
52324236
52324237
52324238
52324239
52324240
52324241
52324242
52324243
52324244
52324245
52324246
52324247
52324248
52324249
52324250
52324251
52324252
52324253
52324254
52324255
52324256
52324257
52324258
52324259
52324260
52324261
52324262
52324263
52324264
52324265
52324266
52324267
52324268
52324269
52324270
52324271
52324272
52324273
52324274
52324275
52324276
52324277
52324278
52324279
52324280
52324281
52324282
52324283
52324284
52324285
52324286
52324287
52324288
52324289
52324290
52324291
52324292
52324293
52324294
52324295
52324296
52324297
52324298
52324299
52324300
52324301
52324302
52324303
52324304
52324305
52324306
52324307
52324308
52324309
52324310
52324311
52324312
52324313
52324314
52324315
52324316
52324317
52324318
52324319
52324320
52324321
52324322
52324323
52324324
52324325
52324326
52324327
52324328
52324329
52324330
52324331
52324332
52324333
52324334
52324335
52324336
52324337
52324338
52324339
52324340
52324341
52324342
52324343
52324344
52324345
52324346
52324347
52324348
52324349
52324350
52324351
52324352
52324353
52324354
52324355
52324356
52324357
52324358
52324359
52324360
52324361
52324362
52324363
52324364
52324365
52324366
52324367
52324368
52324369
52324370
52324371
52324372
52324373
52324374
52324375
52324376
52324377
52324378
52324379
52324380
52324381
52324382
52324383
52324384
52324385
52324386
52324387
52324388
52324389
52324390
52324391
52324392
52324393
52324394
52324395
52324396
52324397
52324398
52324399
52324400
52324401
52324402
52324403
52324404
52324405
52324406
52324407
52324408
52324409
52324410
52324411
52324412
52324413
52324414
52324415
52324416
52324417
52324418
52324419
52324420
52324421
52324422
52324423
52324424
52324425
52324426
52324427
52324428
52324429
52324430
52324431
52324432
52324433
52324434
52324435
52324436
52324437
52324438
52324439
52324440
52324441
52324442
52324443
52324444
52324445
52324446
52324447
52324448
52324449
52324450
52324451
52324452
52324453
52324454
52324455
52324456
52324457
52324458
52324459
52324460
52324461
52324462
52324463
52324464
52324465
52324466
52324467
52324468
52324469
52324470
52324471
52324472
52324473
52324474
52324475
52324476
52324477
52324478
52324479
52324480
52324481
52324482
52324483
52324484
52324485
52324486
52324487
52324488
52324489
52324490
52324491
52324492
52324493
52324494
52324495
52324496
52324497
52324498
52324499
52324500
52324501
52324502
52324503
52324504
52324505
52324506
52324507
52324508
52324509
52324510
52324511
52324512
52324513
52324514
52324515
52324516
52324517
52324518
52324519
52324520
52324521
52324522
52324523
52324524
52324525
52324526
52324527
52324528
52324529
52324530
52324531
52324532
52324533
52324534
52324535
52324536
52324537
52324538
52324539
52324540
52324541
52324542
52324543
52324544
52324545
52324546
52324547
52324548
52324549
52324550
52324551
52324552
52324553
52324554
52324555
52324556
52324557
52324558
52324559
52324560
52324561
52324562
52324563
52324564
52324565
52324566
52324567
52324568
52324569
52324570
52324571
52324572
52324573
52324574
52324575
52324576
52324577
52324578
52324579
52324580
52324581
52324582
52324583
52324584
52324585
52324586
52324587
52324588
52324589
52324590
52324591
52324592
52324593
52324594
52324595
52324596
52324597
52324598
52324599
52324600
52324601
52324602
52324603
52324604
52324605
52324606
52324607
52324608
52324609
52324610
52324611
52324612
52324613
52324614
52324615
52324616
52324617
52324618
52324619
52324620
52324621
52324622
52324623
52324624
52324625
52324626
52324627
52324628
52324629
52324630
52324631
52324632
52324633
52324634
52324635
52324636
52324637
52324638
52324639
52324640
52324641
52324642
52324643
52324644
52324645
52324646
52324647
52324648
52324649
52324650
52324651
52324652
52324653
52324654
52324655
52324656
52324657
52324658
52324659
52324660
52324661
52324662
52324663
52324664
52324665
52324666
52324667
52324668
52324669
52324670
52324671
52324672
52324673
52324674
52324675
52324676
52324677
52324678
52324679
52324680
52324681
52324682
52324683
52324684
52324685
52324686
52324687
52324688
52324689
52324690
52324691
52324692
52324693
52324694
52324695
52324696
52324697
52324698
52324699
52324700
52324701
52324702
52324703
52324704
52324705
52324706
52324707
52324708
52324709
52324710
52324711
52324712
52324713
52324714
52324715
52324716
52324717
52324718
52324719
52324720
52324721
52324722
52324723
52324724
52324725
52324726
52324727
52324728
52324729
52324730
52324731
52324732
52324733
52324734
52324735
52324736
52324737
52324738
52324739
52324740
52324741
52324742
52324743
52324744
52324745
52324746
52324747
52324748
52324749
52324750
52324751
52324752
52324753
52324754
52324755
52324756
52324757
52324758
52324759
52324760
52324761
52324762
52324763
52324764
52324765
52324766
52324767
52324768
52324769
52324770
52324771
52324772
52324773
52324774
52324775
52324776
52324777
52324778
52324779
52324780
52324781
52324782
52324783
52324784
52324785
52324786
52324787
52324788
52324789
52324790
52324791
52324792
52324793
52324794
52324795
52324796
52324797
52324798
52324799
52324800
52324801
52324802
52324803
52324804
52324805
52324806
52324807
52324808
52324809
52324810
52324811
52324812
52324813
52324814
52324815
52324816
52324817
52324818
52324819
52324820
52324821
52324822
52324823
52324824
52324825
52324826
52324827
52324828
52324829
52324830
52324831
52324832
52324833
52324834
52324835
52324836
52324837
52324838
52324839
52324840
52324841
52324842
52324843
52324844
52324845
52324846
52324847
52324848
52324849
52324850
52324851
52324852
52324853
52324854
52324855
52324856
52324857
52324858
52324859
52324860
52324861
52324862
52324863
52324864
52324865
52324866
52324867
52324868
52324869
52324870
52324871
52324872
52324873
52324874
52324875
52324876
52324877
52324878
52324879
52324880
52324881
52324882
52324883
52324884
52324885
52324886
52324887
52324888
52324889
52324890
52324891
52324892
52324893
52324894
52324895
52324896
52324897
52324898
52324899
52324900
52324901
52324902
52324903
52324904
52324905
52324906
52324907
52324908
52324909
52324910
52324911
52324912
52324913
52324914
52324915
52324916
52324917
52324918
52324919
52324920
52324921
52324922
52324923
52324924
52324925
52324926
52324927
52324928
52324929
52324930
52324931
52324932
52324933
52324934
52324935
52324936
52324937
52324938
52324939
52324940
52324941
52324942
52324943
52324944
52324945
52324946
52324947
52324948
52324949
52324950
52324951
52324952
52324953
52324954
52324955
52324956
52324957
52324958
52324959
52324960
52324961
52324962
52324963
52324964
52324965
52324966
52324967
52324968
52324969
52324970
52324971
52324972
52324973
52324974
52324975
52324976
52324977
52324978
52324979
52324980
52324981
52324982
52324983
52324984
52324985
52324986
52324987
52324988
52324989
52324990
52324991
52324992
52324993
52324994
52324995
52324996
52324997
52324998
52324999
52325000
52325001
52325002
52325003
52325004
52325005
52325006
52325007
52325008
52325009
52325010
52325011
52325012
52325013
52325014
52325015
52325016
52325017
52325018
52325019
52325020
52325021
52325022
52325023
52325024
52325025
52325026
52325027
52325028
52325029
52325030
52325031
52325032
52325033
52325034
52325035
52325036
52325037
52325038
52325039
52325040
52325041
52325042
52325043
52325044
52325045
52325046
52325047
52325048
52325049
52325050
52325051
52325052
52325053
52325054
52325055
52325056
52325057
52325058
52325059
52325060
52325061
52325062
52325063
52325064
52325065
52325066
52325067
52325068
52325069
52325070
52325071
52325072
52325073
52325074
52325075
52325076
52325077
52325078
52325079
52325080
52325081
52325082
52325083
52325084
52325085
52325086
52325087
52325088
52325089
52325090
52325091
52325092
52325093
52325094
52325095
52325096
52325097
52325098
52325099
52325100
52325101
52325102
52325103
52325104
52325105
52325106
52325107
52325108
52325109
52325110
52325111
52325112
52325113
52325114
52325115
52325116
52325117
52325118
52325119
52325120
52325121
52325122
52325123
52325124
52325125
52325126
52325127
52325128
52325129
52325130
52325131
52325132
52325133
52325134
52325135
52325136
52325137
52325138
52325139
52325140
52325141
52325142
52325143
52325144
52325145
52325146
52325147
52325148
52325149
52325150
52325151
52325152
52325153
52325154
52325155
52325156
52325157
52325158
52325159
52325160
52325161
52325162
52325163
52325164
52325165
52325166
52325167
52325168
52325169
52325170
52325171
52325172
52325173
52325174
52325175
52325176
52325177
52325178
52325179
52325180
52325181
52325182
52325183
52325184
52325185
52325186
52325187
52325188
52325189
52325190
52325191
52325192
52325193
52325194
52325195
52325196
52325197
52325198
52325199
52325200
52325201
52325202
52325203
52325204
52325205
52325206
52325207
52325208
52325209
52325210
52325211
52325212
52325213
52325214
52325215
52325216
52325217
52325218
52325219
52325220
52325221
52325222
52325223
52325224
52325225
52325226
52325227
52325228
52325229
52325230
52325231
52325232
52325233
52325234
52325235
52325236
52325237
52325238
52325239
52325240
52325241
52325242
52325243
52325244
52325245
52325246
52325247
52325248
52325249
52325250
52325251
52325252
52325253
52325254
52325255
52325256
52325257
52325258
52325259
52325260
52325261
52325262
52325263
52325264
52325265
52325266
52325267
52325268
52325269
52325270
52325271
52325272
52325273
52325274
52325275
52325276
52325277
52325278
52325279
52325280
52325281
52325282
52325283
52325284
52325285
52325286
52325287
52325288
52325289
52325290
52325291
52325292
52325293
52325294
52325295
52325296
52325297
52325298
52325299
52325300
52325301
52325302
52325303
52325304
52325305
52325306
52325307
52325308
52325309
52325310
52325311
52325312
52325313
52325314
52325315
52325316
52325317
52325318
52325319
52325320
52325321
52325322
52325323
52325324
52325325
52325326
52325327
52325328
52325329
52325330
52325331
52325332
52325333
52325334
52325335
52325336
52325337
52325338
52325339
52325340
52325341
52325342
52325343
52325344
52325345
52325346
52325347
52325348
52325349
52325350
52325351
52325352
52325353
52325354
52325355
52325356
52325357
52325358
52325359
52325360
52325361
52325362
52325363
52325364
52325365
52325366
52325367
52325368
52325369
52325370
52325371
52325372
52325373
52325374
52325375
52325376
52325377
52325378
52325379
52325380
52325381
52325382
52325383
52325384
52325385
52325386
52325387
52325388
52325389
52325390
52325391
52325392
52325393
52325394
52325395
52325396
52325397
52325398
52325399
52325400
52325401
52325402
52325403
52325404
52325405
52325406
52325407
52325408
52325409
52325410
52325411
52325412
52325413
52325414
52325415
52325416
52325417
52325418
52325419
52325420
52325421
52325422
52325423
52325424
52325425
52325426
52325427
52325428
52325429
52325430
52325431
52325432
52325433
52325434
52325435
52325436
52325437
52325438
52325439
52325440
52325441
52325442
52325443
52325444
52325445
52325446
52325447
52325448
52325449
52325450
52325451
52325452
52325453
52325454
52325455
52325456
52325457
52325458
52325459
52325460
52325461
52325462
52325463
52325464
52325465
52325466
52325467
52325468
52325469
52325470
52325471
52325472
52325473
52325474
52325475
52325476
52325477
52325478
52325479
52325480
52325481
52325482
52325483
52325484
52325485
52325486
52325487
52325488
52325489
52325490
52325491
52325492
52325493
52325494
52325495
52325496
52325497
52325498
52325499
52325500
52325501
52325502
52325503
52325504
52325505
52325506
52325507
52325508
52325509
52325510
52325511
52325512
52325513
52325514
52325515
52325516
52325517
52325518
52325519
52325520
52325521
52325522
52325523
52325524
52325525
52325526
52325527
52325528
52325529
52325530
52325531
52325532
52325533
52325534
52325535
52325536
52325537
52325538
52325539
52325540
52325541
52325542
52325543
52325544
52325545
52325546
52325547
52325548
52325549
52325550
52325551
52325552
52325553
52325554
52325555
52325556
52325557
52325558
52325559
52325560
52325561
52325562
52325563
52325564
52325565
52325566
52325567
52325568
52325569
52325570
52325571
52325572
52325573
52325574
52325575
52325576
52325577
52325578
52325579
52325580
52325581
52325582
52325583
52325584
52325585
52325586
52325587
52325588
52325589
52325590
52325591
52325592
52325593
52325594
52325595
52325596
52325597
52325598
52325599
52325600
52325601
52325602
52325603
52325604
52325605
52325606
52325607
52325608
52325609
52325610
52325611
52325612
52325613
52325614
52325615
52325616
52325617
52325618
52325619
52325620
52325621
52325622
52325623
52325624
52325625
52325626
52325627
52325628
52325629
52325630
52325631
52325632
52325633
52325634
52325635
52325636
52325637
52325638
52325639
52325640
52325641
52325642
52325643
52325644
52325645
52325646
52325647
52325648
52325649
52325650
52325651
52325652
52325653
52325654
52325655
52325656
52325657
52325658
52325659
52325660
52325661
52325662
52325663
52325664
52325665
52325666
52325667
52325668
52325669
52325670
52325671
52325672
52325673
52325674
52325675
52325676
52325677
52325678
52325679
52325680
52325681
52325682
52325683
52325684
52325685
52325686
52325687
52325688
52325689
52325690
52325691
52325692
52325693
52325694
52325695
52325696
52325697
52325698
52325699
52325700
52325701
52325702
52325703
52325704
52325705
52325706
52325707
52325708
52325709
52325710
52325711
52325712
52325713
52325714
52325715
52325716
52325717
52325718
52325719
52325720
52325721
52325722
52325723
52325724
52325725
52325726
52325727
52325728
52325729
52325730
52325731
52325732
52325733
52325734
52325735
52325736
52325737
52325738
52325739
52325740
52325741
52325742
52325743
52325744
52325745
52325746
52325747
52325748
52325749
52325750
52325751
52325752
52325753
52325754
52325755
52325756
52325757
52325758
52325759
52325760
52325761
52325762
52325763
52325764
52325765
52325766
52325767
52325768
52325769
52325770
52325771
52325772
52325773
52325774
52325775
52325776
52325777
52325778
52325779
52325780
52325781
52325782
52325783
52325784
52325785
52325786
52325787
52325788
52325789
52325790
52325791
52325792
52325793
52325794
52325795
52325796
52325797
52325798
52325799
52325800
52325801
52325802
52325803
52325804
52325805
52325806
52325807
52325808
52325809
52325810
52325811
52325812
52325813
52325814
52325815
52325816
52325817
52325818
52325819
52325820
52325821
52325822
52325823
52325824
52325825
52325826
52325827
52325828
52325829
52325830
52325831
52325832
52325833
52325834
52325835
52325836
52325837
52325838
52325839
52325840
52325841
52325842
52325843
52325844
52325845
52325846
52325847
52325848
52325849
52325850
52325851
52325852
52325853
52325854
52325855
52325856
52325857
52325858
52325859
52325860
52325861
52325862
52325863
52325864
52325865
52325866
52325867
52325868
52325869
52325870
52325871
52325872
52325873
52325874
52325875
52325876
52325877
52325878
52325879
52325880
52325881
52325882
52325883
52325884
52325885
52325886
52325887
52325888
52325889
52325890
52325891
52325892
52325893
52325894
52325895
52325896
52325897
52325898
52325899
52325900
52325901
52325902
52325903
52325904
52325905
52325906
52325907
52325908
52325909
52325910
52325911
52325912
52325913
52325914
52325915
52325916
52325917
52325918
52325919
52325920
52325921
52325922
52325923
52325924
52325925
52325926
52325927
52325928
52325929
52325930
52325931
52325932
52325933
52325934
52325935
52325936
52325937
52325938
52325939
52325940
52325941
52325942
52325943
52325944
52325945
52325946
52325947
52325948
52325949
52325950
52325951
52325952
52325953
52325954
52325955
52325956
52325957
52325958
52325959
52325960
52325961
52325962
52325963
52325964
52325965
52325966
52325967
52325968
52325969
52325970
52325971
52325972
52325973
52325974
52325975
52325976
52325977
52325978
52325979
52325980
52325981
52325982
52325983
52325984
52325985
52325986
52325987
52325988
52325989
52325990
52325991
52325992
52325993
52325994
52325995
52325996
52325997
52325998
52325999
52326000
52326001
52326002
52326003
52326004
52326005
52326006
52326007
52326008
52326009
52326010
52326011
52326012
52326013
52326014
52326015
52326016
52326017
52326018
52326019
52326020
52326021
52326022
52326023
52326024
52326025
52326026
52326027
52326028
52326029
52326030
52326031
52326032
52326033
52326034
52326035
52326036
52326037
52326038
52326039
52326040
52326041
52326042
52326043
52326044
52326045
52326046
52326047
52326048
52326049
52326050
52326051
52326052
52326053
52326054
52326055
52326056
52326057
52326058
52326059
52326060
52326061
52326062
52326063
52326064
52326065
52326066
52326067
52326068
52326069
52326070
52326071
52326072
52326073
52326074
52326075
52326076
52326077
52326078
52326079
52326080
52326081
52326082
52326083
52326084
52326085
52326086
52326087
52326088
52326089
52326090
52326091
52326092
52326093
52326094
52326095
52326096
52326097
52326098
52326099
52326100
52326101
52326102
52326103
52326104
52326105
52326106
52326107
52326108
52326109
52326110
52326111
52326112
52326113
52326114
52326115
52326116
52326117
52326118
52326119
52326120
52326121
52326122
52326123
52326124
52326125
52326126
52326127
52326128
52326129
52326130
52326131
52326132
52326133
52326134
52326135
52326136
52326137
52326138
52326139
52326140
52326141
52326142
52326143
52326144
52326145
52326146
52326147
52326148
52326149
52326150
52326151
52326152
52326153
52326154
52326155
52326156
52326157
52326158
52326159
52326160
52326161
52326162
52326163
52326164
52326165
52326166
52326167
52326168
52326169
52326170
52326171
52326172
52326173
52326174
52326175
52326176
52326177
52326178
52326179
52326180
52326181
52326182
52326183
52326184
52326185
52326186
52326187
52326188
52326189
52326190
52326191
52326192
52326193
52326194
52326195
52326196
52326197
52326198
52326199
52326200
52326201
52326202
52326203
52326204
52326205
52326206
52326207
52326208
52326209
52326210
52326211
52326212
52326213
52326214
52326215
52326216
52326217
52326218
52326219
52326220
52326221
52326222
52326223
52326224
52326225
52326226
52326227
52326228
52326229
52326230
52326231
52326232
52326233
52326234
52326235
52326236
52326237
52326238
52326239
52326240
52326241
52326242
52326243
52326244
52326245
52326246
52326247
52326248
52326249
52326250
52326251
52326252
52326253
52326254
52326255
52326256
52326257
52326258
52326259
52326260
52326261
52326262
52326263
52326264
52326265
52326266
52326267
52326268
52326269
52326270
52326271
52326272
52326273
52326274
52326275
52326276
52326277
52326278
52326279
52326280
52326281
52326282
52326283
52326284
52326285
52326286
52326287
52326288
52326289
52326290
52326291
52326292
52326293
52326294
52326295
52326296
52326297
52326298
52326299
52326300
52326301
52326302
52326303
52326304
52326305
52326306
52326307
52326308
52326309
52326310
52326311
52326312
52326313
52326314
52326315
52326316
52326317
52326318
52326319
52326320
52326321
52326322
52326323
52326324
52326325
52326326
52326327
52326328
52326329
52326330
52326331
52326332
52326333
52326334
52326335
52326336
52326337
52326338
52326339
52326340
52326341
52326342
52326343
52326344
52326345
52326346
52326347
52326348
52326349
52326350
52326351
52326352
52326353
52326354
52326355
52326356
52326357
52326358
52326359
52326360
52326361
52326362
52326363
52326364
52326365
52326366
52326367
52326368
52326369
52326370
52326371
52326372
52326373
52326374
52326375
52326376
52326377
52326378
52326379
52326380
52326381
52326382
52326383
52326384
52326385
52326386
52326387
52326388
52326389
52326390
52326391
52326392
52326393
52326394
52326395
52326396
52326397
52326398
52326399
52326400
52326401
52326402
52326403
52326404
52326405
52326406
52326407
52326408
52326409
52326410
52326411
52326412
52326413
52326414
52326415
52326416
52326417
52326418
52326419
52326420
52326421
52326422
52326423
52326424
52326425
52326426
52326427
52326428
52326429
52326430
52326431
52326432
52326433
52326434
52326435
52326436
52326437
52326438
52326439
52326440
52326441
52326442
52326443
52326444
52326445
52326446
52326447
52326448
52326449
52326450
52326451
52326452
52326453
52326454
52326455
52326456
52326457
52326458
52326459
52326460
52326461
52326462
52326463
52326464
52326465
52326466
52326467
52326468
52326469
52326470
52326471
52326472
52326473
52326474
52326475
52326476
52326477
52326478
52326479
52326480
52326481
52326482
52326483
52326484
52326485
52326486
52326487
52326488
52326489
52326490
52326491
52326492
52326493
52326494
52326495
52326496
52326497
52326498
52326499
52326500
52326501
52326502
52326503
52326504
52326505
52326506
52326507
52326508
52326509
52326510
52326511
52326512
52326513
52326514
52326515
52326516
52326517
52326518
52326519
52326520
52326521
52326522
52326523
52326524
52326525
52326526
52326527
52326528
52326529
52326530
52326531
52326532
52326533
52326534
52326535
52326536
52326537
52326538
52326539
52326540
52326541
52326542
52326543
52326544
52326545
52326546
52326547
52326548
52326549
52326550
52326551
52326552
52326553
52326554
52326555
52326556
52326557
52326558
52326559
52326560
52326561
52326562
52326563
52326564
52326565
52326566
52326567
52326568
52326569
52326570
52326571
52326572
52326573
52326574
52326575
52326576
52326577
52326578
52326579
52326580
52326581
52326582
52326583
52326584
52326585
52326586
52326587
52326588
52326589
52326590
52326591
52326592
52326593
52326594
52326595
52326596
52326597
52326598
52326599
52326600
52326601
52326602
52326603
52326604
52326605
52326606
52326607
52326608
52326609
52326610
52326611
52326612
52326613
52326614
52326615
52326616
52326617
52326618
52326619
52326620
52326621
52326622
52326623
52326624
52326625
52326626
52326627
52326628
52326629
52326630
52326631
52326632
52326633
52326634
52326635
52326636
52326637
52326638
52326639
52326640
52326641
52326642
52326643
52326644
52326645
52326646
52326647
52326648
52326649
52326650
52326651
52326652
52326653
52326654
52326655
52326656
52326657
52326658
52326659
52326660
52326661
52326662
52326663
52326664
52326665
52326666
52326667
52326668
52326669
52326670
52326671
52326672
52326673
52326674
52326675
52326676
52326677
52326678
52326679
52326680
52326681
52326682
52326683
52326684
52326685
52326686
52326687
52326688
52326689
52326690
52326691
52326692
52326693
52326694
52326695
52326696
52326697
52326698
52326699
52326700
52326701
52326702
52326703
52326704
52326705
52326706
52326707
52326708
52326709
52326710
52326711
52326712
52326713
52326714
52326715
52326716
52326717
52326718
52326719
52326720
52326721
52326722
52326723
52326724
52326725
52326726
52326727
52326728
52326729
52326730
52326731
52326732
52326733
52326734
52326735
52326736
52326737
52326738
52326739
52326740
52326741
52326742
52326743
52326744
52326745
52326746
52326747
52326748
52326749
52326750
52326751
52326752
52326753
52326754
52326755
52326756
52326757
52326758
52326759
52326760
52326761
52326762
52326763
52326764
52326765
52326766
52326767
52326768
52326769
52326770
52326771
52326772
52326773
52326774
52326775
52326776
52326777
52326778
52326779
52326780
52326781
52326782
52326783
52326784
52326785
52326786
52326787
52326788
52326789
52326790
52326791
52326792
52326793
52326794
52326795
52326796
52326797
52326798
52326799
52326800
52326801
52326802
52326803
52326804
52326805
52326806
52326807
52326808
52326809
52326810
52326811
52326812
52326813
52326814
52326815
52326816
52326817
52326818
52326819
52326820
52326821
52326822
52326823
52326824
52326825
52326826
52326827
52326828
52326829
52326830
52326831
52326832
52326833
52326834
52326835
52326836
52326837
52326838
52326839
52326840
52326841
52326842
52326843
52326844
52326845
52326846
52326847
52326848
52326849
52326850
52326851
52326852
52326853
52326854
52326855
52326856
52326857
52326858
52326859
52326860
52326861
52326862
52326863
52326864
52326865
52326866
52326867
52326868
52326869
52326870
52326871
52326872
52326873
52326874
52326875
52326876
52326877
52326878
52326879
52326880
52326881
52326882
52326883
52326884
52326885
52326886
52326887
52326888
52326889
52326890
52326891
52326892
52326893
52326894
52326895
52326896
52326897
52326898
52326899
52326900
52326901
52326902
52326903
52326904
52326905
52326906
52326907
52326908
52326909
52326910
52326911
52326912
52326913
52326914
52326915
52326916
52326917
52326918
52326919
52326920
52326921
52326922
52326923
52326924
52326925
52326926
52326927
52326928
52326929
52326930
52326931
52326932
52326933
52326934
52326935
52326936
52326937
52326938
52326939
52326940
52326941
52326942
52326943
52326944
52326945
52326946
52326947
52326948
52326949
52326950
52326951
52326952
52326953
52326954
52326955
52326956
52326957
52326958
52326959
52326960
52326961
52326962
52326963
52326964
52326965
52326966
52326967
52326968
52326969
52326970
52326971
52326972
52326973
52326974
52326975
52326976
52326977
52326978
52326979
52326980
52326981
52326982
52326983
52326984
52326985
52326986
52326987
52326988
52326989
52326990
52326991
52326992
52326993
52326994
52326995
52326996
52326997
52326998
52326999
52327000
52327001
52327002
52327003
52327004
52327005
52327006
52327007
52327008
52327009
52327010
52327011
52327012
52327013
52327014
52327015
52327016
52327017
52327018
52327019
52327020
52327021
52327022
52327023
52327024
52327025
52327026
52327027
52327028
52327029
52327030
52327031
52327032
52327033
52327034
52327035
52327036
52327037
52327038
52327039
52327040
52327041
52327042
52327043
52327044
52327045
52327046
52327047
52327048
52327049
52327050
52327051
52327052
52327053
52327054
52327055
52327056
52327057
52327058
52327059
52327060
52327061
52327062
52327063
52327064
52327065
52327066
52327067
52327068
52327069
52327070
52327071
52327072
52327073
52327074
52327075
52327076
52327077
52327078
52327079
52327080
52327081
52327082
52327083
52327084
52327085
52327086
52327087
52327088
52327089
52327090
52327091
52327092
52327093
52327094
52327095
52327096
52327097
52327098
52327099
52327100
52327101
52327102
52327103
52327104
52327105
52327106
52327107
52327108
52327109
52327110
52327111
52327112
52327113
52327114
52327115
52327116
52327117
52327118
52327119
52327120
52327121
52327122
52327123
52327124
52327125
52327126
52327127
52327128
52327129
52327130
52327131
52327132
52327133
52327134
52327135
52327136
52327137
52327138
52327139
52327140
52327141
52327142
52327143
52327144
52327145
52327146
52327147
52327148
52327149
52327150
52327151
52327152
52327153
52327154
52327155
52327156
52327157
52327158
52327159
52327160
52327161
52327162
52327163
52327164
52327165
52327166
52327167
52327168
52327169
52327170
52327171
52327172
52327173
52327174
52327175
52327176
52327177
52327178
52327179
52327180
52327181
52327182
52327183
52327184
52327185
52327186
52327187
52327188
52327189
52327190
52327191
52327192
52327193
52327194
52327195
52327196
52327197
52327198
52327199
52327200
52327201
52327202
52327203
52327204
52327205
52327206
52327207
52327208
52327209
52327210
52327211
52327212
52327213
52327214
52327215
52327216
52327217
52327218
52327219
52327220
52327221
52327222
52327223
52327224
52327225
52327226
52327227
52327228
52327229
52327230
52327231
52327232
52327233
52327234
52327235
52327236
52327237
52327238
52327239
52327240
52327241
52327242
52327243
52327244
52327245
52327246
52327247
52327248
52327249
52327250
52327251
52327252
52327253
52327254
52327255
52327256
52327257
52327258
52327259
52327260
52327261
52327262
52327263
52327264
52327265
52327266
52327267
52327268
52327269
52327270
52327271
52327272
52327273
52327274
52327275
52327276
52327277
52327278
52327279
52327280
52327281
52327282
52327283
52327284
52327285
52327286
52327287
52327288
52327289
52327290
52327291
52327292
52327293
52327294
52327295
52327296
52327297
52327298
52327299
52327300
52327301
52327302
52327303
52327304
52327305
52327306
52327307
52327308
52327309
52327310
52327311
52327312
52327313
52327314
52327315
52327316
52327317
52327318
52327319
52327320
52327321
52327322
52327323
52327324
52327325
52327326
52327327
52327328
52327329
52327330
52327331
52327332
52327333
52327334
52327335
52327336
52327337
52327338
52327339
52327340
52327341
52327342
52327343
52327344
52327345
52327346
52327347
52327348
52327349
52327350
52327351
52327352
52327353
52327354
52327355
52327356
52327357
52327358
52327359
52327360
52327361
52327362
52327363
52327364
52327365
52327366
52327367
52327368
52327369
52327370
52327371
52327372
52327373
52327374
52327375
52327376
52327377
52327378
52327379
52327380
52327381
52327382
52327383
52327384
52327385
52327386
52327387
52327388
52327389
52327390
52327391
52327392
52327393
52327394
52327395
52327396
52327397
52327398
52327399
52327400
52327401
52327402
52327403
52327404
52327405
52327406
52327407
52327408
52327409
52327410
52327411
52327412
52327413
52327414
52327415
52327416
52327417
52327418
52327419
52327420
52327421
52327422
52327423
52327424
52327425
52327426
52327427
52327428
52327429
52327430
52327431
52327432
52327433
52327434
52327435
52327436
52327437
52327438
52327439
52327440
52327441
52327442
52327443
52327444
52327445
52327446
52327447
52327448
52327449
52327450
52327451
52327452
52327453
52327454
52327455
52327456
52327457
52327458
52327459
52327460
52327461
52327462
52327463
52327464
52327465
52327466
52327467
52327468
52327469
52327470
52327471
52327472
52327473
52327474
52327475
52327476
52327477
52327478
52327479
52327480
52327481
52327482
52327483
52327484
52327485
52327486
52327487
52327488
52327489
52327490
52327491
52327492
52327493
52327494
52327495
52327496
52327497
52327498
52327499
52327500
52327501
52327502
52327503
52327504
52327505
52327506
52327507
52327508
52327509
52327510
52327511
52327512
52327513
52327514
52327515
52327516
52327517
52327518
52327519
52327520
52327521
52327522
52327523
52327524
52327525
52327526
52327527
52327528
52327529
52327530
52327531
52327532
52327533
52327534
52327535
52327536
52327537
52327538
52327539
52327540
52327541
52327542
52327543
52327544
52327545
52327546
52327547
52327548
52327549
52327550
52327551
52327552
52327553
52327554
52327555
52327556
52327557
52327558
52327559
52327560
52327561
52327562
52327563
52327564
52327565
52327566
52327567
52327568
52327569
52327570
52327571
52327572
52327573
52327574
52327575
52327576
52327577
52327578
52327579
52327580
52327581
52327582
52327583
52327584
52327585
52327586
52327587
52327588
52327589
52327590
52327591
52327592
52327593
52327594
52327595
52327596
52327597
52327598
52327599
52327600
52327601
52327602
52327603
52327604
52327605
52327606
52327607
52327608
52327609
52327610
52327611
52327612
52327613
52327614
52327615
52327616
52327617
52327618
52327619
52327620
52327621
52327622
52327623
52327624
52327625
52327626
52327627
52327628
52327629
52327630
52327631
52327632
52327633
52327634
52327635
52327636
52327637
52327638
52327639
52327640
52327641
52327642
52327643
52327644
52327645
52327646
52327647
52327648
52327649
52327650
52327651
52327652
52327653
52327654
52327655
52327656
52327657
52327658
52327659
52327660
52327661
52327662
52327663
52327664
52327665
52327666
52327667
52327668
52327669
52327670
52327671
52327672
52327673
52327674
52327675
52327676
52327677
52327678
52327679
52327680
52327681
52327682
52327683
52327684
52327685
52327686
52327687
52327688
52327689
52327690
52327691
52327692
52327693
52327694
52327695
52327696
52327697
52327698
52327699
52327700
52327701
52327702
52327703
52327704
52327705
52327706
52327707
52327708
52327709
52327710
52327711
52327712
52327713
52327714
52327715
52327716
52327717
52327718
52327719
52327720
52327721
52327722
52327723
52327724
52327725
52327726
52327727
52327728
52327729
52327730
52327731
52327732
52327733
52327734
52327735
52327736
52327737
52327738
52327739
52327740
52327741
52327742
52327743
52327744
52327745
52327746
52327747
52327748
52327749
52327750
52327751
52327752
52327753
52327754
52327755
52327756
52327757
52327758
52327759
52327760
52327761
52327762
52327763
52327764
52327765
52327766
52327767
52327768
52327769
52327770
52327771
52327772
52327773
52327774
52327775
52327776
52327777
52327778
52327779
52327780
52327781
52327782
52327783
52327784
52327785
52327786
52327787
52327788
52327789
52327790
52327791
52327792
52327793
52327794
52327795
52327796
52327797
52327798
52327799
52327800
52327801
52327802
52327803
52327804
52327805
52327806
52327807
52327808
52327809
52327810
52327811
52327812
52327813
52327814
52327815
52327816
52327817
52327818
52327819
52327820
52327821
52327822
52327823
52327824
52327825
52327826
52327827
52327828
52327829
52327830
52327831
52327832
52327833
52327834
52327835
52327836
52327837
52327838
52327839
52327840
52327841
52327842
52327843
52327844
52327845
52327846
52327847
52327848
52327849
52327850
52327851
52327852
52327853
52327854
52327855
52327856
52327857
52327858
52327859
52327860
52327861
52327862
52327863
52327864
52327865
52327866
52327867
52327868
52327869
52327870
52327871
52327872
52327873
52327874
52327875
52327876
52327877
52327878
52327879
52327880
52327881
52327882
52327883
52327884
52327885
52327886
52327887
52327888
52327889
52327890
52327891
52327892
52327893
52327894
52327895
52327896
52327897
52327898
52327899
52327900
52327901
52327902
52327903
52327904
52327905
52327906
52327907
52327908
52327909
52327910
52327911
52327912
52327913
52327914
52327915
52327916
52327917
52327918
52327919
52327920
52327921
52327922
52327923
52327924
52327925
52327926
52327927
52327928
52327929
52327930
52327931
52327932
52327933
52327934
52327935
52327936
52327937
52327938
52327939
52327940
52327941
52327942
52327943
52327944
52327945
52327946
52327947
52327948
52327949
52327950
52327951
52327952
52327953
52327954
52327955
52327956
52327957
52327958
52327959
52327960
52327961
52327962
52327963
52327964
52327965
52327966
52327967
52327968
52327969
52327970
52327971
52327972
52327973
52327974
52327975
52327976
52327977
52327978
52327979
52327980
52327981
52327982
52327983
52327984
52327985
52327986
52327987
52327988
52327989
52327990
52327991
52327992
52327993
52327994
52327995
52327996
52327997
52327998
52327999
52328000
52328001
52328002
52328003
52328004
52328005
52328006
52328007
52328008
52328009
52328010
52328011
52328012
52328013
52328014
52328015
52328016
52328017
52328018
52328019
52328020
52328021
52328022
52328023
52328024
52328025
52328026
52328027
52328028
52328029
52328030
52328031
52328032
52328033
52328034
52328035
52328036
52328037
52328038
52328039
52328040
52328041
52328042
52328043
52328044
52328045
52328046
52328047
52328048
52328049
52328050
52328051
52328052
52328053
52328054
52328055
52328056
52328057
52328058
52328059
52328060
52328061
52328062
52328063
52328064
52328065
52328066
52328067
52328068
52328069
52328070
52328071
52328072
52328073
52328074
52328075
52328076
52328077
52328078
52328079
52328080
52328081
52328082
52328083
52328084
52328085
52328086
52328087
52328088
52328089
52328090
52328091
52328092
52328093
52328094
52328095
52328096
52328097
52328098
52328099
52328100
52328101
52328102
52328103
52328104
52328105
52328106
52328107
52328108
52328109
52328110
52328111
52328112
52328113
52328114
52328115
52328116
52328117
52328118
52328119
52328120
52328121
52328122
52328123
52328124
52328125
52328126
52328127
52328128
52328129
52328130
52328131
52328132
52328133
52328134
52328135
52328136
52328137
52328138
52328139
52328140
52328141
52328142
52328143
52328144
52328145
52328146
52328147
52328148
52328149
52328150
52328151
52328152
52328153
52328154
52328155
52328156
52328157
52328158
52328159
52328160
52328161
52328162
52328163
52328164
52328165
52328166
52328167
52328168
52328169
52328170
52328171
52328172
52328173
52328174
52328175
52328176
52328177
52328178
52328179
52328180
52328181
52328182
52328183
52328184
52328185
52328186
52328187
52328188
52328189
52328190
52328191
52328192
52328193
52328194
52328195
52328196
52328197
52328198
52328199
52328200
52328201
52328202
52328203
52328204
52328205
52328206
52328207
52328208
52328209
52328210
52328211
52328212
52328213
52328214
52328215
52328216
52328217
52328218
52328219
52328220
52328221
52328222
52328223
52328224
52328225
52328226
52328227
52328228
52328229
52328230
52328231
52328232
52328233
52328234
52328235
52328236
52328237
52328238
52328239
52328240
52328241
52328242
52328243
52328244
52328245
52328246
52328247
52328248
52328249
52328250
52328251
52328252
52328253
52328254
52328255
52328256
52328257
52328258
52328259
52328260
52328261
52328262
52328263
52328264
52328265
52328266
52328267
52328268
52328269
52328270
52328271
52328272
52328273
52328274
52328275
52328276
52328277
52328278
52328279
52328280
52328281
52328282
52328283
52328284
52328285
52328286
52328287
52328288
52328289
52328290
52328291
52328292
52328293
52328294
52328295
52328296
52328297
52328298
52328299
52328300
52328301
52328302
52328303
52328304
52328305
52328306
52328307
52328308
52328309
52328310
52328311
52328312
52328313
52328314
52328315
52328316
52328317
52328318
52328319
52328320
52328321
52328322
52328323
52328324
52328325
52328326
52328327
52328328
52328329
52328330
52328331
52328332
52328333
52328334
52328335
52328336
52328337
52328338
52328339
52328340
52328341
52328342
52328343
52328344
52328345
52328346
52328347
52328348
52328349
52328350
52328351
52328352
52328353
52328354
52328355
52328356
52328357
52328358
52328359
52328360
52328361
52328362
52328363
52328364
52328365
52328366
52328367
52328368
52328369
52328370
52328371
52328372
52328373
52328374
52328375
52328376
52328377
52328378
52328379
52328380
52328381
52328382
52328383
52328384
52328385
52328386
52328387
52328388
52328389
52328390
52328391
52328392
52328393
52328394
52328395
52328396
52328397
52328398
52328399
52328400
52328401
52328402
52328403
52328404
52328405
52328406
52328407
52328408
52328409
52328410
52328411
52328412
52328413
52328414
52328415
52328416
52328417
52328418
52328419
52328420
52328421
52328422
52328423
52328424
52328425
52328426
52328427
52328428
52328429
52328430
52328431
52328432
52328433
52328434
52328435
52328436
52328437
52328438
52328439
52328440
52328441
52328442
52328443
52328444
52328445
52328446
52328447
52328448
52328449
52328450
52328451
52328452
52328453
52328454
52328455
52328456
52328457
52328458
52328459
52328460
52328461
52328462
52328463
52328464
52328465
52328466
52328467
52328468
52328469
52328470
52328471
52328472
52328473
52328474
52328475
52328476
52328477
52328478
52328479
52328480
52328481
52328482
52328483
52328484
52328485
52328486
52328487
52328488
52328489
52328490
52328491
52328492
52328493
52328494
52328495
52328496
52328497
52328498
52328499
52328500
52328501
52328502
52328503
52328504
52328505
52328506
52328507
52328508
52328509
52328510
52328511
52328512
52328513
52328514
52328515
52328516
52328517
52328518
52328519
52328520
52328521
52328522
52328523
52328524
52328525
52328526
52328527
52328528
52328529
52328530
52328531
52328532
52328533
52328534
52328535
52328536
52328537
52328538
52328539
52328540
52328541
52328542
52328543
52328544
52328545
52328546
52328547
52328548
52328549
52328550
52328551
52328552
52328553
52328554
52328555
52328556
52328557
52328558
52328559
52328560
52328561
52328562
52328563
52328564
52328565
52328566
52328567
52328568
52328569
52328570
52328571
52328572
52328573
52328574
52328575
52328576
52328577
52328578
52328579
52328580
52328581
52328582
52328583
52328584
52328585
52328586
52328587
52328588
52328589
52328590
52328591
52328592
52328593
52328594
52328595
52328596
52328597
52328598
52328599
52328600
52328601
52328602
52328603
52328604
52328605
52328606
52328607
52328608
52328609
52328610
52328611
52328612
52328613
52328614
52328615
52328616
52328617
52328618
52328619
52328620
52328621
52328622
52328623
52328624
52328625
52328626
52328627
52328628
52328629
52328630
52328631
52328632
52328633
52328634
52328635
52328636
52328637
52328638
52328639
52328640
52328641
52328642
52328643
52328644
52328645
52328646
52328647
52328648
52328649
52328650
52328651
52328652
52328653
52328654
52328655
52328656
52328657
52328658
52328659
52328660
52328661
52328662
52328663
52328664
52328665
52328666
52328667
52328668
52328669
52328670
52328671
52328672
52328673
52328674
52328675
52328676
52328677
52328678
52328679
52328680
52328681
52328682
52328683
52328684
52328685
52328686
52328687
52328688
52328689
52328690
52328691
52328692
52328693
52328694
52328695
52328696
52328697
52328698
52328699
52328700
52328701
52328702
52328703
52328704
52328705
52328706
52328707
52328708
52328709
52328710
52328711
52328712
52328713
52328714
52328715
52328716
52328717
52328718
52328719
52328720
52328721
52328722
52328723
52328724
52328725
52328726
52328727
52328728
52328729
52328730
52328731
52328732
52328733
52328734
52328735
52328736
52328737
52328738
52328739
52328740
52328741
52328742
52328743
52328744
52328745
52328746
52328747
52328748
52328749
52328750
52328751
52328752
52328753
52328754
52328755
52328756
52328757
52328758
52328759
52328760
52328761
52328762
52328763
52328764
52328765
52328766
52328767
52328768
52328769
52328770
52328771
52328772
52328773
52328774
52328775
52328776
52328777
52328778
52328779
52328780
52328781
52328782
52328783
52328784
52328785
52328786
52328787
52328788
52328789
52328790
52328791
52328792
52328793
52328794
52328795
52328796
52328797
52328798
52328799
52328800
52328801
52328802
52328803
52328804
52328805
52328806
52328807
52328808
52328809
52328810
52328811
52328812
52328813
52328814
52328815
52328816
52328817
52328818
52328819
52328820
52328821
52328822
52328823
52328824
52328825
52328826
52328827
52328828
52328829
52328830
52328831
52328832
52328833
52328834
52328835
52328836
52328837
52328838
52328839
52328840
52328841
52328842
52328843
52328844
52328845
52328846
52328847
52328848
52328849
52328850
52328851
52328852
52328853
52328854
52328855
52328856
52328857
52328858
52328859
52328860
52328861
52328862
52328863
52328864
52328865
52328866
52328867
52328868
52328869
52328870
52328871
52328872
52328873
52328874
52328875
52328876
52328877
52328878
52328879
52328880
52328881
52328882
52328883
52328884
52328885
52328886
52328887
52328888
52328889
