54048890
54048891
54048892
54048893
54048894
54048895
54048896
54048897
54048898
54048899
54048900
54048901
54048902
54048903
54048904
54048905
54048906
54048907
54048908
54048909
54048910
54048911
54048912
54048913
54048914
54048915
54048916
54048917
54048918
54048919
54048920
54048921
54048922
54048923
54048924
54048925
54048926
54048927
54048928
54048929
54048930
54048931
54048932
54048933
54048934
54048935
54048936
54048937
54048938
54048939
54048940
54048941
54048942
54048943
54048944
54048945
54048946
54048947
54048948
54048949
54048950
54048951
54048952
54048953
54048954
54048955
54048956
54048957
54048958
54048959
54048960
54048961
54048962
54048963
54048964
54048965
54048966
54048967
54048968
54048969
54048970
54048971
54048972
54048973
54048974
54048975
54048976
54048977
54048978
54048979
54048980
54048981
54048982
54048983
54048984
54048985
54048986
54048987
54048988
54048989
54048990
54048991
54048992
54048993
54048994
54048995
54048996
54048997
54048998
54048999
54049000
54049001
54049002
54049003
54049004
54049005
54049006
54049007
54049008
54049009
54049010
54049011
54049012
54049013
54049014
54049015
54049016
54049017
54049018
54049019
54049020
54049021
54049022
54049023
54049024
54049025
54049026
54049027
54049028
54049029
54049030
54049031
54049032
54049033
54049034
54049035
54049036
54049037
54049038
54049039
54049040
54049041
54049042
54049043
54049044
54049045
54049046
54049047
54049048
54049049
54049050
54049051
54049052
54049053
54049054
54049055
54049056
54049057
54049058
54049059
54049060
54049061
54049062
54049063
54049064
54049065
54049066
54049067
54049068
54049069
54049070
54049071
54049072
54049073
54049074
54049075
54049076
54049077
54049078
54049079
54049080
54049081
54049082
54049083
54049084
54049085
54049086
54049087
54049088
54049089
54049090
54049091
54049092
54049093
54049094
54049095
54049096
54049097
54049098
54049099
54049100
54049101
54049102
54049103
54049104
54049105
54049106
54049107
54049108
54049109
54049110
54049111
54049112
54049113
54049114
54049115
54049116
54049117
54049118
54049119
54049120
54049121
54049122
54049123
54049124
54049125
54049126
54049127
54049128
54049129
54049130
54049131
54049132
54049133
54049134
54049135
54049136
54049137
54049138
54049139
54049140
54049141
54049142
54049143
54049144
54049145
54049146
54049147
54049148
54049149
54049150
54049151
54049152
54049153
54049154
54049155
54049156
54049157
54049158
54049159
54049160
54049161
54049162
54049163
54049164
54049165
54049166
54049167
54049168
54049169
54049170
54049171
54049172
54049173
54049174
54049175
54049176
54049177
54049178
54049179
54049180
54049181
54049182
54049183
54049184
54049185
54049186
54049187
54049188
54049189
54049190
54049191
54049192
54049193
54049194
54049195
54049196
54049197
54049198
54049199
54049200
54049201
54049202
54049203
54049204
54049205
54049206
54049207
54049208
54049209
54049210
54049211
54049212
54049213
54049214
54049215
54049216
54049217
54049218
54049219
54049220
54049221
54049222
54049223
54049224
54049225
54049226
54049227
54049228
54049229
54049230
54049231
54049232
54049233
54049234
54049235
54049236
54049237
54049238
54049239
54049240
54049241
54049242
54049243
54049244
54049245
54049246
54049247
54049248
54049249
54049250
54049251
54049252
54049253
54049254
54049255
54049256
54049257
54049258
54049259
54049260
54049261
54049262
54049263
54049264
54049265
54049266
54049267
54049268
54049269
54049270
54049271
54049272
54049273
54049274
54049275
54049276
54049277
54049278
54049279
54049280
54049281
54049282
54049283
54049284
54049285
54049286
54049287
54049288
54049289
54049290
54049291
54049292
54049293
54049294
54049295
54049296
54049297
54049298
54049299
54049300
54049301
54049302
54049303
54049304
54049305
54049306
54049307
54049308
54049309
54049310
54049311
54049312
54049313
54049314
54049315
54049316
54049317
54049318
54049319
54049320
54049321
54049322
54049323
54049324
54049325
54049326
54049327
54049328
54049329
54049330
54049331
54049332
54049333
54049334
54049335
54049336
54049337
54049338
54049339
54049340
54049341
54049342
54049343
54049344
54049345
54049346
54049347
54049348
54049349
54049350
54049351
54049352
54049353
54049354
54049355
54049356
54049357
54049358
54049359
54049360
54049361
54049362
54049363
54049364
54049365
54049366
54049367
54049368
54049369
54049370
54049371
54049372
54049373
54049374
54049375
54049376
54049377
54049378
54049379
54049380
54049381
54049382
54049383
54049384
54049385
54049386
54049387
54049388
54049389
54049390
54049391
54049392
54049393
54049394
54049395
54049396
54049397
54049398
54049399
54049400
54049401
54049402
54049403
54049404
54049405
54049406
54049407
54049408
54049409
54049410
54049411
54049412
54049413
54049414
54049415
54049416
54049417
54049418
54049419
54049420
54049421
54049422
54049423
54049424
54049425
54049426
54049427
54049428
54049429
54049430
54049431
54049432
54049433
54049434
54049435
54049436
54049437
54049438
54049439
54049440
54049441
54049442
54049443
54049444
54049445
54049446
54049447
54049448
54049449
54049450
54049451
54049452
54049453
54049454
54049455
54049456
54049457
54049458
54049459
54049460
54049461
54049462
54049463
54049464
54049465
54049466
54049467
54049468
54049469
54049470
54049471
54049472
54049473
54049474
54049475
54049476
54049477
54049478
54049479
54049480
54049481
54049482
54049483
54049484
54049485
54049486
54049487
54049488
54049489
54049490
54049491
54049492
54049493
54049494
54049495
54049496
54049497
54049498
54049499
54049500
54049501
54049502
54049503
54049504
54049505
54049506
54049507
54049508
54049509
54049510
54049511
54049512
54049513
54049514
54049515
54049516
54049517
54049518
54049519
54049520
54049521
54049522
54049523
54049524
54049525
54049526
54049527
54049528
54049529
54049530
54049531
54049532
54049533
54049534
54049535
54049536
54049537
54049538
54049539
54049540
54049541
54049542
54049543
54049544
54049545
54049546
54049547
54049548
54049549
54049550
54049551
54049552
54049553
54049554
54049555
54049556
54049557
54049558
54049559
54049560
54049561
54049562
54049563
54049564
54049565
54049566
54049567
54049568
54049569
54049570
54049571
54049572
54049573
54049574
54049575
54049576
54049577
54049578
54049579
54049580
54049581
54049582
54049583
54049584
54049585
54049586
54049587
54049588
54049589
54049590
54049591
54049592
54049593
54049594
54049595
54049596
54049597
54049598
54049599
54049600
54049601
54049602
54049603
54049604
54049605
54049606
54049607
54049608
54049609
54049610
54049611
54049612
54049613
54049614
54049615
54049616
54049617
54049618
54049619
54049620
54049621
54049622
54049623
54049624
54049625
54049626
54049627
54049628
54049629
54049630
54049631
54049632
54049633
54049634
54049635
54049636
54049637
54049638
54049639
54049640
54049641
54049642
54049643
54049644
54049645
54049646
54049647
54049648
54049649
54049650
54049651
54049652
54049653
54049654
54049655
54049656
54049657
54049658
54049659
54049660
54049661
54049662
54049663
54049664
54049665
54049666
54049667
54049668
54049669
54049670
54049671
54049672
54049673
54049674
54049675
54049676
54049677
54049678
54049679
54049680
54049681
54049682
54049683
54049684
54049685
54049686
54049687
54049688
54049689
54049690
54049691
54049692
54049693
54049694
54049695
54049696
54049697
54049698
54049699
54049700
54049701
54049702
54049703
54049704
54049705
54049706
54049707
54049708
54049709
54049710
54049711
54049712
54049713
54049714
54049715
54049716
54049717
54049718
54049719
54049720
54049721
54049722
54049723
54049724
54049725
54049726
54049727
54049728
54049729
54049730
54049731
54049732
54049733
54049734
54049735
54049736
54049737
54049738
54049739
54049740
54049741
54049742
54049743
54049744
54049745
54049746
54049747
54049748
54049749
54049750
54049751
54049752
54049753
54049754
54049755
54049756
54049757
54049758
54049759
54049760
54049761
54049762
54049763
54049764
54049765
54049766
54049767
54049768
54049769
54049770
54049771
54049772
54049773
54049774
54049775
54049776
54049777
54049778
54049779
54049780
54049781
54049782
54049783
54049784
54049785
54049786
54049787
54049788
54049789
54049790
54049791
54049792
54049793
54049794
54049795
54049796
54049797
54049798
54049799
54049800
54049801
54049802
54049803
54049804
54049805
54049806
54049807
54049808
54049809
54049810
54049811
54049812
54049813
54049814
54049815
54049816
54049817
54049818
54049819
54049820
54049821
54049822
54049823
54049824
54049825
54049826
54049827
54049828
54049829
54049830
54049831
54049832
54049833
54049834
54049835
54049836
54049837
54049838
54049839
54049840
54049841
54049842
54049843
54049844
54049845
54049846
54049847
54049848
54049849
54049850
54049851
54049852
54049853
54049854
54049855
54049856
54049857
54049858
54049859
54049860
54049861
54049862
54049863
54049864
54049865
54049866
54049867
54049868
54049869
54049870
54049871
54049872
54049873
54049874
54049875
54049876
54049877
54049878
54049879
54049880
54049881
54049882
54049883
54049884
54049885
54049886
54049887
54049888
54049889
54049890
54049891
54049892
54049893
54049894
54049895
54049896
54049897
54049898
54049899
54049900
54049901
54049902
54049903
54049904
54049905
54049906
54049907
54049908
54049909
54049910
54049911
54049912
54049913
54049914
54049915
54049916
54049917
54049918
54049919
54049920
54049921
54049922
54049923
54049924
54049925
54049926
54049927
54049928
54049929
54049930
54049931
54049932
54049933
54049934
54049935
54049936
54049937
54049938
54049939
54049940
54049941
54049942
54049943
54049944
54049945
54049946
54049947
54049948
54049949
54049950
54049951
54049952
54049953
54049954
54049955
54049956
54049957
54049958
54049959
54049960
54049961
54049962
54049963
54049964
54049965
54049966
54049967
54049968
54049969
54049970
54049971
54049972
54049973
54049974
54049975
54049976
54049977
54049978
54049979
54049980
54049981
54049982
54049983
54049984
54049985
54049986
54049987
54049988
54049989
54049990
54049991
54049992
54049993
54049994
54049995
54049996
54049997
54049998
54049999
54050000
54050001
54050002
54050003
54050004
54050005
54050006
54050007
54050008
54050009
54050010
54050011
54050012
54050013
54050014
54050015
54050016
54050017
54050018
54050019
54050020
54050021
54050022
54050023
54050024
54050025
54050026
54050027
54050028
54050029
54050030
54050031
54050032
54050033
54050034
54050035
54050036
54050037
54050038
54050039
54050040
54050041
54050042
54050043
54050044
54050045
54050046
54050047
54050048
54050049
54050050
54050051
54050052
54050053
54050054
54050055
54050056
54050057
54050058
54050059
54050060
54050061
54050062
54050063
54050064
54050065
54050066
54050067
54050068
54050069
54050070
54050071
54050072
54050073
54050074
54050075
54050076
54050077
54050078
54050079
54050080
54050081
54050082
54050083
54050084
54050085
54050086
54050087
54050088
54050089
54050090
54050091
54050092
54050093
54050094
54050095
54050096
54050097
54050098
54050099
54050100
54050101
54050102
54050103
54050104
54050105
54050106
54050107
54050108
54050109
54050110
54050111
54050112
54050113
54050114
54050115
54050116
54050117
54050118
54050119
54050120
54050121
54050122
54050123
54050124
54050125
54050126
54050127
54050128
54050129
54050130
54050131
54050132
54050133
54050134
54050135
54050136
54050137
54050138
54050139
54050140
54050141
54050142
54050143
54050144
54050145
54050146
54050147
54050148
54050149
54050150
54050151
54050152
54050153
54050154
54050155
54050156
54050157
54050158
54050159
54050160
54050161
54050162
54050163
54050164
54050165
54050166
54050167
54050168
54050169
54050170
54050171
54050172
54050173
54050174
54050175
54050176
54050177
54050178
54050179
54050180
54050181
54050182
54050183
54050184
54050185
54050186
54050187
54050188
54050189
54050190
54050191
54050192
54050193
54050194
54050195
54050196
54050197
54050198
54050199
54050200
54050201
54050202
54050203
54050204
54050205
54050206
54050207
54050208
54050209
54050210
54050211
54050212
54050213
54050214
54050215
54050216
54050217
54050218
54050219
54050220
54050221
54050222
54050223
54050224
54050225
54050226
54050227
54050228
54050229
54050230
54050231
54050232
54050233
54050234
54050235
54050236
54050237
54050238
54050239
54050240
54050241
54050242
54050243
54050244
54050245
54050246
54050247
54050248
54050249
54050250
54050251
54050252
54050253
54050254
54050255
54050256
54050257
54050258
54050259
54050260
54050261
54050262
54050263
54050264
54050265
54050266
54050267
54050268
54050269
54050270
54050271
54050272
54050273
54050274
54050275
54050276
54050277
54050278
54050279
54050280
54050281
54050282
54050283
54050284
54050285
54050286
54050287
54050288
54050289
54050290
54050291
54050292
54050293
54050294
54050295
54050296
54050297
54050298
54050299
54050300
54050301
54050302
54050303
54050304
54050305
54050306
54050307
54050308
54050309
54050310
54050311
54050312
54050313
54050314
54050315
54050316
54050317
54050318
54050319
54050320
54050321
54050322
54050323
54050324
54050325
54050326
54050327
54050328
54050329
54050330
54050331
54050332
54050333
54050334
54050335
54050336
54050337
54050338
54050339
54050340
54050341
54050342
54050343
54050344
54050345
54050346
54050347
54050348
54050349
54050350
54050351
54050352
54050353
54050354
54050355
54050356
54050357
54050358
54050359
54050360
54050361
54050362
54050363
54050364
54050365
54050366
54050367
54050368
54050369
54050370
54050371
54050372
54050373
54050374
54050375
54050376
54050377
54050378
54050379
54050380
54050381
54050382
54050383
54050384
54050385
54050386
54050387
54050388
54050389
54050390
54050391
54050392
54050393
54050394
54050395
54050396
54050397
54050398
54050399
54050400
54050401
54050402
54050403
54050404
54050405
54050406
54050407
54050408
54050409
54050410
54050411
54050412
54050413
54050414
54050415
54050416
54050417
54050418
54050419
54050420
54050421
54050422
54050423
54050424
54050425
54050426
54050427
54050428
54050429
54050430
54050431
54050432
54050433
54050434
54050435
54050436
54050437
54050438
54050439
54050440
54050441
54050442
54050443
54050444
54050445
54050446
54050447
54050448
54050449
54050450
54050451
54050452
54050453
54050454
54050455
54050456
54050457
54050458
54050459
54050460
54050461
54050462
54050463
54050464
54050465
54050466
54050467
54050468
54050469
54050470
54050471
54050472
54050473
54050474
54050475
54050476
54050477
54050478
54050479
54050480
54050481
54050482
54050483
54050484
54050485
54050486
54050487
54050488
54050489
54050490
54050491
54050492
54050493
54050494
54050495
54050496
54050497
54050498
54050499
54050500
54050501
54050502
54050503
54050504
54050505
54050506
54050507
54050508
54050509
54050510
54050511
54050512
54050513
54050514
54050515
54050516
54050517
54050518
54050519
54050520
54050521
54050522
54050523
54050524
54050525
54050526
54050527
54050528
54050529
54050530
54050531
54050532
54050533
54050534
54050535
54050536
54050537
54050538
54050539
54050540
54050541
54050542
54050543
54050544
54050545
54050546
54050547
54050548
54050549
54050550
54050551
54050552
54050553
54050554
54050555
54050556
54050557
54050558
54050559
54050560
54050561
54050562
54050563
54050564
54050565
54050566
54050567
54050568
54050569
54050570
54050571
54050572
54050573
54050574
54050575
54050576
54050577
54050578
54050579
54050580
54050581
54050582
54050583
54050584
54050585
54050586
54050587
54050588
54050589
54050590
54050591
54050592
54050593
54050594
54050595
54050596
54050597
54050598
54050599
54050600
54050601
54050602
54050603
54050604
54050605
54050606
54050607
54050608
54050609
54050610
54050611
54050612
54050613
54050614
54050615
54050616
54050617
54050618
54050619
54050620
54050621
54050622
54050623
54050624
54050625
54050626
54050627
54050628
54050629
54050630
54050631
54050632
54050633
54050634
54050635
54050636
54050637
54050638
54050639
54050640
54050641
54050642
54050643
54050644
54050645
54050646
54050647
54050648
54050649
54050650
54050651
54050652
54050653
54050654
54050655
54050656
54050657
54050658
54050659
54050660
54050661
54050662
54050663
54050664
54050665
54050666
54050667
54050668
54050669
54050670
54050671
54050672
54050673
54050674
54050675
54050676
54050677
54050678
54050679
54050680
54050681
54050682
54050683
54050684
54050685
54050686
54050687
54050688
54050689
54050690
54050691
54050692
54050693
54050694
54050695
54050696
54050697
54050698
54050699
54050700
54050701
54050702
54050703
54050704
54050705
54050706
54050707
54050708
54050709
54050710
54050711
54050712
54050713
54050714
54050715
54050716
54050717
54050718
54050719
54050720
54050721
54050722
54050723
54050724
54050725
54050726
54050727
54050728
54050729
54050730
54050731
54050732
54050733
54050734
54050735
54050736
54050737
54050738
54050739
54050740
54050741
54050742
54050743
54050744
54050745
54050746
54050747
54050748
54050749
54050750
54050751
54050752
54050753
54050754
54050755
54050756
54050757
54050758
54050759
54050760
54050761
54050762
54050763
54050764
54050765
54050766
54050767
54050768
54050769
54050770
54050771
54050772
54050773
54050774
54050775
54050776
54050777
54050778
54050779
54050780
54050781
54050782
54050783
54050784
54050785
54050786
54050787
54050788
54050789
54050790
54050791
54050792
54050793
54050794
54050795
54050796
54050797
54050798
54050799
54050800
54050801
54050802
54050803
54050804
54050805
54050806
54050807
54050808
54050809
54050810
54050811
54050812
54050813
54050814
54050815
54050816
54050817
54050818
54050819
54050820
54050821
54050822
54050823
54050824
54050825
54050826
54050827
54050828
54050829
54050830
54050831
54050832
54050833
54050834
54050835
54050836
54050837
54050838
54050839
54050840
54050841
54050842
54050843
54050844
54050845
54050846
54050847
54050848
54050849
54050850
54050851
54050852
54050853
54050854
54050855
54050856
54050857
54050858
54050859
54050860
54050861
54050862
54050863
54050864
54050865
54050866
54050867
54050868
54050869
54050870
54050871
54050872
54050873
54050874
54050875
54050876
54050877
54050878
54050879
54050880
54050881
54050882
54050883
54050884
54050885
54050886
54050887
54050888
54050889
54050890
54050891
54050892
54050893
54050894
54050895
54050896
54050897
54050898
54050899
54050900
54050901
54050902
54050903
54050904
54050905
54050906
54050907
54050908
54050909
54050910
54050911
54050912
54050913
54050914
54050915
54050916
54050917
54050918
54050919
54050920
54050921
54050922
54050923
54050924
54050925
54050926
54050927
54050928
54050929
54050930
54050931
54050932
54050933
54050934
54050935
54050936
54050937
54050938
54050939
54050940
54050941
54050942
54050943
54050944
54050945
54050946
54050947
54050948
54050949
54050950
54050951
54050952
54050953
54050954
54050955
54050956
54050957
54050958
54050959
54050960
54050961
54050962
54050963
54050964
54050965
54050966
54050967
54050968
54050969
54050970
54050971
54050972
54050973
54050974
54050975
54050976
54050977
54050978
54050979
54050980
54050981
54050982
54050983
54050984
54050985
54050986
54050987
54050988
54050989
54050990
54050991
54050992
54050993
54050994
54050995
54050996
54050997
54050998
54050999
54051000
54051001
54051002
54051003
54051004
54051005
54051006
54051007
54051008
54051009
54051010
54051011
54051012
54051013
54051014
54051015
54051016
54051017
54051018
54051019
54051020
54051021
54051022
54051023
54051024
54051025
54051026
54051027
54051028
54051029
54051030
54051031
54051032
54051033
54051034
54051035
54051036
54051037
54051038
54051039
54051040
54051041
54051042
54051043
54051044
54051045
54051046
54051047
54051048
54051049
54051050
54051051
54051052
54051053
54051054
54051055
54051056
54051057
54051058
54051059
54051060
54051061
54051062
54051063
54051064
54051065
54051066
54051067
54051068
54051069
54051070
54051071
54051072
54051073
54051074
54051075
54051076
54051077
54051078
54051079
54051080
54051081
54051082
54051083
54051084
54051085
54051086
54051087
54051088
54051089
54051090
54051091
54051092
54051093
54051094
54051095
54051096
54051097
54051098
54051099
54051100
54051101
54051102
54051103
54051104
54051105
54051106
54051107
54051108
54051109
54051110
54051111
54051112
54051113
54051114
54051115
54051116
54051117
54051118
54051119
54051120
54051121
54051122
54051123
54051124
54051125
54051126
54051127
54051128
54051129
54051130
54051131
54051132
54051133
54051134
54051135
54051136
54051137
54051138
54051139
54051140
54051141
54051142
54051143
54051144
54051145
54051146
54051147
54051148
54051149
54051150
54051151
54051152
54051153
54051154
54051155
54051156
54051157
54051158
54051159
54051160
54051161
54051162
54051163
54051164
54051165
54051166
54051167
54051168
54051169
54051170
54051171
54051172
54051173
54051174
54051175
54051176
54051177
54051178
54051179
54051180
54051181
54051182
54051183
54051184
54051185
54051186
54051187
54051188
54051189
54051190
54051191
54051192
54051193
54051194
54051195
54051196
54051197
54051198
54051199
54051200
54051201
54051202
54051203
54051204
54051205
54051206
54051207
54051208
54051209
54051210
54051211
54051212
54051213
54051214
54051215
54051216
54051217
54051218
54051219
54051220
54051221
54051222
54051223
54051224
54051225
54051226
54051227
54051228
54051229
54051230
54051231
54051232
54051233
54051234
54051235
54051236
54051237
54051238
54051239
54051240
54051241
54051242
54051243
54051244
54051245
54051246
54051247
54051248
54051249
54051250
54051251
54051252
54051253
54051254
54051255
54051256
54051257
54051258
54051259
54051260
54051261
54051262
54051263
54051264
54051265
54051266
54051267
54051268
54051269
54051270
54051271
54051272
54051273
54051274
54051275
54051276
54051277
54051278
54051279
54051280
54051281
54051282
54051283
54051284
54051285
54051286
54051287
54051288
54051289
54051290
54051291
54051292
54051293
54051294
54051295
54051296
54051297
54051298
54051299
54051300
54051301
54051302
54051303
54051304
54051305
54051306
54051307
54051308
54051309
54051310
54051311
54051312
54051313
54051314
54051315
54051316
54051317
54051318
54051319
54051320
54051321
54051322
54051323
54051324
54051325
54051326
54051327
54051328
54051329
54051330
54051331
54051332
54051333
54051334
54051335
54051336
54051337
54051338
54051339
54051340
54051341
54051342
54051343
54051344
54051345
54051346
54051347
54051348
54051349
54051350
54051351
54051352
54051353
54051354
54051355
54051356
54051357
54051358
54051359
54051360
54051361
54051362
54051363
54051364
54051365
54051366
54051367
54051368
54051369
54051370
54051371
54051372
54051373
54051374
54051375
54051376
54051377
54051378
54051379
54051380
54051381
54051382
54051383
54051384
54051385
54051386
54051387
54051388
54051389
54051390
54051391
54051392
54051393
54051394
54051395
54051396
54051397
54051398
54051399
54051400
54051401
54051402
54051403
54051404
54051405
54051406
54051407
54051408
54051409
54051410
54051411
54051412
54051413
54051414
54051415
54051416
54051417
54051418
54051419
54051420
54051421
54051422
54051423
54051424
54051425
54051426
54051427
54051428
54051429
54051430
54051431
54051432
54051433
54051434
54051435
54051436
54051437
54051438
54051439
54051440
54051441
54051442
54051443
54051444
54051445
54051446
54051447
54051448
54051449
54051450
54051451
54051452
54051453
54051454
54051455
54051456
54051457
54051458
54051459
54051460
54051461
54051462
54051463
54051464
54051465
54051466
54051467
54051468
54051469
54051470
54051471
54051472
54051473
54051474
54051475
54051476
54051477
54051478
54051479
54051480
54051481
54051482
54051483
54051484
54051485
54051486
54051487
54051488
54051489
54051490
54051491
54051492
54051493
54051494
54051495
54051496
54051497
54051498
54051499
54051500
54051501
54051502
54051503
54051504
54051505
54051506
54051507
54051508
54051509
54051510
54051511
54051512
54051513
54051514
54051515
54051516
54051517
54051518
54051519
54051520
54051521
54051522
54051523
54051524
54051525
54051526
54051527
54051528
54051529
54051530
54051531
54051532
54051533
54051534
54051535
54051536
54051537
54051538
54051539
54051540
54051541
54051542
54051543
54051544
54051545
54051546
54051547
54051548
54051549
54051550
54051551
54051552
54051553
54051554
54051555
54051556
54051557
54051558
54051559
54051560
54051561
54051562
54051563
54051564
54051565
54051566
54051567
54051568
54051569
54051570
54051571
54051572
54051573
54051574
54051575
54051576
54051577
54051578
54051579
54051580
54051581
54051582
54051583
54051584
54051585
54051586
54051587
54051588
54051589
54051590
54051591
54051592
54051593
54051594
54051595
54051596
54051597
54051598
54051599
54051600
54051601
54051602
54051603
54051604
54051605
54051606
54051607
54051608
54051609
54051610
54051611
54051612
54051613
54051614
54051615
54051616
54051617
54051618
54051619
54051620
54051621
54051622
54051623
54051624
54051625
54051626
54051627
54051628
54051629
54051630
54051631
54051632
54051633
54051634
54051635
54051636
54051637
54051638
54051639
54051640
54051641
54051642
54051643
54051644
54051645
54051646
54051647
54051648
54051649
54051650
54051651
54051652
54051653
54051654
54051655
54051656
54051657
54051658
54051659
54051660
54051661
54051662
54051663
54051664
54051665
54051666
54051667
54051668
54051669
54051670
54051671
54051672
54051673
54051674
54051675
54051676
54051677
54051678
54051679
54051680
54051681
54051682
54051683
54051684
54051685
54051686
54051687
54051688
54051689
54051690
54051691
54051692
54051693
54051694
54051695
54051696
54051697
54051698
54051699
54051700
54051701
54051702
54051703
54051704
54051705
54051706
54051707
54051708
54051709
54051710
54051711
54051712
54051713
54051714
54051715
54051716
54051717
54051718
54051719
54051720
54051721
54051722
54051723
54051724
54051725
54051726
54051727
54051728
54051729
54051730
54051731
54051732
54051733
54051734
54051735
54051736
54051737
54051738
54051739
54051740
54051741
54051742
54051743
54051744
54051745
54051746
54051747
54051748
54051749
54051750
54051751
54051752
54051753
54051754
54051755
54051756
54051757
54051758
54051759
54051760
54051761
54051762
54051763
54051764
54051765
54051766
54051767
54051768
54051769
54051770
54051771
54051772
54051773
54051774
54051775
54051776
54051777
54051778
54051779
54051780
54051781
54051782
54051783
54051784
54051785
54051786
54051787
54051788
54051789
54051790
54051791
54051792
54051793
54051794
54051795
54051796
54051797
54051798
54051799
54051800
54051801
54051802
54051803
54051804
54051805
54051806
54051807
54051808
54051809
54051810
54051811
54051812
54051813
54051814
54051815
54051816
54051817
54051818
54051819
54051820
54051821
54051822
54051823
54051824
54051825
54051826
54051827
54051828
54051829
54051830
54051831
54051832
54051833
54051834
54051835
54051836
54051837
54051838
54051839
54051840
54051841
54051842
54051843
54051844
54051845
54051846
54051847
54051848
54051849
54051850
54051851
54051852
54051853
54051854
54051855
54051856
54051857
54051858
54051859
54051860
54051861
54051862
54051863
54051864
54051865
54051866
54051867
54051868
54051869
54051870
54051871
54051872
54051873
54051874
54051875
54051876
54051877
54051878
54051879
54051880
54051881
54051882
54051883
54051884
54051885
54051886
54051887
54051888
54051889
54051890
54051891
54051892
54051893
54051894
54051895
54051896
54051897
54051898
54051899
54051900
54051901
54051902
54051903
54051904
54051905
54051906
54051907
54051908
54051909
54051910
54051911
54051912
54051913
54051914
54051915
54051916
54051917
54051918
54051919
54051920
54051921
54051922
54051923
54051924
54051925
54051926
54051927
54051928
54051929
54051930
54051931
54051932
54051933
54051934
54051935
54051936
54051937
54051938
54051939
54051940
54051941
54051942
54051943
54051944
54051945
54051946
54051947
54051948
54051949
54051950
54051951
54051952
54051953
54051954
54051955
54051956
54051957
54051958
54051959
54051960
54051961
54051962
54051963
54051964
54051965
54051966
54051967
54051968
54051969
54051970
54051971
54051972
54051973
54051974
54051975
54051976
54051977
54051978
54051979
54051980
54051981
54051982
54051983
54051984
54051985
54051986
54051987
54051988
54051989
54051990
54051991
54051992
54051993
54051994
54051995
54051996
54051997
54051998
54051999
54052000
54052001
54052002
54052003
54052004
54052005
54052006
54052007
54052008
54052009
54052010
54052011
54052012
54052013
54052014
54052015
54052016
54052017
54052018
54052019
54052020
54052021
54052022
54052023
54052024
54052025
54052026
54052027
54052028
54052029
54052030
54052031
54052032
54052033
54052034
54052035
54052036
54052037
54052038
54052039
54052040
54052041
54052042
54052043
54052044
54052045
54052046
54052047
54052048
54052049
54052050
54052051
54052052
54052053
54052054
54052055
54052056
54052057
54052058
54052059
54052060
54052061
54052062
54052063
54052064
54052065
54052066
54052067
54052068
54052069
54052070
54052071
54052072
54052073
54052074
54052075
54052076
54052077
54052078
54052079
54052080
54052081
54052082
54052083
54052084
54052085
54052086
54052087
54052088
54052089
54052090
54052091
54052092
54052093
54052094
54052095
54052096
54052097
54052098
54052099
54052100
54052101
54052102
54052103
54052104
54052105
54052106
54052107
54052108
54052109
54052110
54052111
54052112
54052113
54052114
54052115
54052116
54052117
54052118
54052119
54052120
54052121
54052122
54052123
54052124
54052125
54052126
54052127
54052128
54052129
54052130
54052131
54052132
54052133
54052134
54052135
54052136
54052137
54052138
54052139
54052140
54052141
54052142
54052143
54052144
54052145
54052146
54052147
54052148
54052149
54052150
54052151
54052152
54052153
54052154
54052155
54052156
54052157
54052158
54052159
54052160
54052161
54052162
54052163
54052164
54052165
54052166
54052167
54052168
54052169
54052170
54052171
54052172
54052173
54052174
54052175
54052176
54052177
54052178
54052179
54052180
54052181
54052182
54052183
54052184
54052185
54052186
54052187
54052188
54052189
54052190
54052191
54052192
54052193
54052194
54052195
54052196
54052197
54052198
54052199
54052200
54052201
54052202
54052203
54052204
54052205
54052206
54052207
54052208
54052209
54052210
54052211
54052212
54052213
54052214
54052215
54052216
54052217
54052218
54052219
54052220
54052221
54052222
54052223
54052224
54052225
54052226
54052227
54052228
54052229
54052230
54052231
54052232
54052233
54052234
54052235
54052236
54052237
54052238
54052239
54052240
54052241
54052242
54052243
54052244
54052245
54052246
54052247
54052248
54052249
54052250
54052251
54052252
54052253
54052254
54052255
54052256
54052257
54052258
54052259
54052260
54052261
54052262
54052263
54052264
54052265
54052266
54052267
54052268
54052269
54052270
54052271
54052272
54052273
54052274
54052275
54052276
54052277
54052278
54052279
54052280
54052281
54052282
54052283
54052284
54052285
54052286
54052287
54052288
54052289
54052290
54052291
54052292
54052293
54052294
54052295
54052296
54052297
54052298
54052299
54052300
54052301
54052302
54052303
54052304
54052305
54052306
54052307
54052308
54052309
54052310
54052311
54052312
54052313
54052314
54052315
54052316
54052317
54052318
54052319
54052320
54052321
54052322
54052323
54052324
54052325
54052326
54052327
54052328
54052329
54052330
54052331
54052332
54052333
54052334
54052335
54052336
54052337
54052338
54052339
54052340
54052341
54052342
54052343
54052344
54052345
54052346
54052347
54052348
54052349
54052350
54052351
54052352
54052353
54052354
54052355
54052356
54052357
54052358
54052359
54052360
54052361
54052362
54052363
54052364
54052365
54052366
54052367
54052368
54052369
54052370
54052371
54052372
54052373
54052374
54052375
54052376
54052377
54052378
54052379
54052380
54052381
54052382
54052383
54052384
54052385
54052386
54052387
54052388
54052389
54052390
54052391
54052392
54052393
54052394
54052395
54052396
54052397
54052398
54052399
54052400
54052401
54052402
54052403
54052404
54052405
54052406
54052407
54052408
54052409
54052410
54052411
54052412
54052413
54052414
54052415
54052416
54052417
54052418
54052419
54052420
54052421
54052422
54052423
54052424
54052425
54052426
54052427
54052428
54052429
54052430
54052431
54052432
54052433
54052434
54052435
54052436
54052437
54052438
54052439
54052440
54052441
54052442
54052443
54052444
54052445
54052446
54052447
54052448
54052449
54052450
54052451
54052452
54052453
54052454
54052455
54052456
54052457
54052458
54052459
54052460
54052461
54052462
54052463
54052464
54052465
54052466
54052467
54052468
54052469
54052470
54052471
54052472
54052473
54052474
54052475
54052476
54052477
54052478
54052479
54052480
54052481
54052482
54052483
54052484
54052485
54052486
54052487
54052488
54052489
54052490
54052491
54052492
54052493
54052494
54052495
54052496
54052497
54052498
54052499
54052500
54052501
54052502
54052503
54052504
54052505
54052506
54052507
54052508
54052509
54052510
54052511
54052512
54052513
54052514
54052515
54052516
54052517
54052518
54052519
54052520
54052521
54052522
54052523
54052524
54052525
54052526
54052527
54052528
54052529
54052530
54052531
54052532
54052533
54052534
54052535
54052536
54052537
54052538
54052539
54052540
54052541
54052542
54052543
54052544
54052545
54052546
54052547
54052548
54052549
54052550
54052551
54052552
54052553
54052554
54052555
54052556
54052557
54052558
54052559
54052560
54052561
54052562
54052563
54052564
54052565
54052566
54052567
54052568
54052569
54052570
54052571
54052572
54052573
54052574
54052575
54052576
54052577
54052578
54052579
54052580
54052581
54052582
54052583
54052584
54052585
54052586
54052587
54052588
54052589
54052590
54052591
54052592
54052593
54052594
54052595
54052596
54052597
54052598
54052599
54052600
54052601
54052602
54052603
54052604
54052605
54052606
54052607
54052608
54052609
54052610
54052611
54052612
54052613
54052614
54052615
54052616
54052617
54052618
54052619
54052620
54052621
54052622
54052623
54052624
54052625
54052626
54052627
54052628
54052629
54052630
54052631
54052632
54052633
54052634
54052635
54052636
54052637
54052638
54052639
54052640
54052641
54052642
54052643
54052644
54052645
54052646
54052647
54052648
54052649
54052650
54052651
54052652
54052653
54052654
54052655
54052656
54052657
54052658
54052659
54052660
54052661
54052662
54052663
54052664
54052665
54052666
54052667
54052668
54052669
54052670
54052671
54052672
54052673
54052674
54052675
54052676
54052677
54052678
54052679
54052680
54052681
54052682
54052683
54052684
54052685
54052686
54052687
54052688
54052689
54052690
54052691
54052692
54052693
54052694
54052695
54052696
54052697
54052698
54052699
54052700
54052701
54052702
54052703
54052704
54052705
54052706
54052707
54052708
54052709
54052710
54052711
54052712
54052713
54052714
54052715
54052716
54052717
54052718
54052719
54052720
54052721
54052722
54052723
54052724
54052725
54052726
54052727
54052728
54052729
54052730
54052731
54052732
54052733
54052734
54052735
54052736
54052737
54052738
54052739
54052740
54052741
54052742
54052743
54052744
54052745
54052746
54052747
54052748
54052749
54052750
54052751
54052752
54052753
54052754
54052755
54052756
54052757
54052758
54052759
54052760
54052761
54052762
54052763
54052764
54052765
54052766
54052767
54052768
54052769
54052770
54052771
54052772
54052773
54052774
54052775
54052776
54052777
54052778
54052779
54052780
54052781
54052782
54052783
54052784
54052785
54052786
54052787
54052788
54052789
54052790
54052791
54052792
54052793
54052794
54052795
54052796
54052797
54052798
54052799
54052800
54052801
54052802
54052803
54052804
54052805
54052806
54052807
54052808
54052809
54052810
54052811
54052812
54052813
54052814
54052815
54052816
54052817
54052818
54052819
54052820
54052821
54052822
54052823
54052824
54052825
54052826
54052827
54052828
54052829
54052830
54052831
54052832
54052833
54052834
54052835
54052836
54052837
54052838
54052839
54052840
54052841
54052842
54052843
54052844
54052845
54052846
54052847
54052848
54052849
54052850
54052851
54052852
54052853
54052854
54052855
54052856
54052857
54052858
54052859
54052860
54052861
54052862
54052863
54052864
54052865
54052866
54052867
54052868
54052869
54052870
54052871
54052872
54052873
54052874
54052875
54052876
54052877
54052878
54052879
54052880
54052881
54052882
54052883
54052884
54052885
54052886
54052887
54052888
54052889
54052890
54052891
54052892
54052893
54052894
54052895
54052896
54052897
54052898
54052899
54052900
54052901
54052902
54052903
54052904
54052905
54052906
54052907
54052908
54052909
54052910
54052911
54052912
54052913
54052914
54052915
54052916
54052917
54052918
54052919
54052920
54052921
54052922
54052923
54052924
54052925
54052926
54052927
54052928
54052929
54052930
54052931
54052932
54052933
54052934
54052935
54052936
54052937
54052938
54052939
54052940
54052941
54052942
54052943
54052944
54052945
54052946
54052947
54052948
54052949
54052950
54052951
54052952
54052953
54052954
54052955
54052956
54052957
54052958
54052959
54052960
54052961
54052962
54052963
54052964
54052965
54052966
54052967
54052968
54052969
54052970
54052971
54052972
54052973
54052974
54052975
54052976
54052977
54052978
54052979
54052980
54052981
54052982
54052983
54052984
54052985
54052986
54052987
54052988
54052989
54052990
54052991
54052992
54052993
54052994
54052995
54052996
54052997
54052998
54052999
54053000
54053001
54053002
54053003
54053004
54053005
54053006
54053007
54053008
54053009
54053010
54053011
54053012
54053013
54053014
54053015
54053016
54053017
54053018
54053019
54053020
54053021
54053022
54053023
54053024
54053025
54053026
54053027
54053028
54053029
54053030
54053031
54053032
54053033
54053034
54053035
54053036
54053037
54053038
54053039
54053040
54053041
54053042
54053043
54053044
54053045
54053046
54053047
54053048
54053049
54053050
54053051
54053052
54053053
54053054
54053055
54053056
54053057
54053058
54053059
54053060
54053061
54053062
54053063
54053064
54053065
54053066
54053067
54053068
54053069
54053070
54053071
54053072
54053073
54053074
54053075
54053076
54053077
54053078
54053079
54053080
54053081
54053082
54053083
54053084
54053085
54053086
54053087
54053088
54053089
54053090
54053091
54053092
54053093
54053094
54053095
54053096
54053097
54053098
54053099
54053100
54053101
54053102
54053103
54053104
54053105
54053106
54053107
54053108
54053109
54053110
54053111
54053112
54053113
54053114
54053115
54053116
54053117
54053118
54053119
54053120
54053121
54053122
54053123
54053124
54053125
54053126
54053127
54053128
54053129
54053130
54053131
54053132
54053133
54053134
54053135
54053136
54053137
54053138
54053139
54053140
54053141
54053142
54053143
54053144
54053145
54053146
54053147
54053148
54053149
54053150
54053151
54053152
54053153
54053154
54053155
54053156
54053157
54053158
54053159
54053160
54053161
54053162
54053163
54053164
54053165
54053166
54053167
54053168
54053169
54053170
54053171
54053172
54053173
54053174
54053175
54053176
54053177
54053178
54053179
54053180
54053181
54053182
54053183
54053184
54053185
54053186
54053187
54053188
54053189
54053190
54053191
54053192
54053193
54053194
54053195
54053196
54053197
54053198
54053199
54053200
54053201
54053202
54053203
54053204
54053205
54053206
54053207
54053208
54053209
54053210
54053211
54053212
54053213
54053214
54053215
54053216
54053217
54053218
54053219
54053220
54053221
54053222
54053223
54053224
54053225
54053226
54053227
54053228
54053229
54053230
54053231
54053232
54053233
54053234
54053235
54053236
54053237
54053238
54053239
54053240
54053241
54053242
54053243
54053244
54053245
54053246
54053247
54053248
54053249
54053250
54053251
54053252
54053253
54053254
54053255
54053256
54053257
54053258
54053259
54053260
54053261
54053262
54053263
54053264
54053265
54053266
54053267
54053268
54053269
54053270
54053271
54053272
54053273
54053274
54053275
54053276
54053277
54053278
54053279
54053280
54053281
54053282
54053283
54053284
54053285
54053286
54053287
54053288
54053289
54053290
54053291
54053292
54053293
54053294
54053295
54053296
54053297
54053298
54053299
54053300
54053301
54053302
54053303
54053304
54053305
54053306
54053307
54053308
54053309
54053310
54053311
54053312
54053313
54053314
54053315
54053316
54053317
54053318
54053319
54053320
54053321
54053322
54053323
54053324
54053325
54053326
54053327
54053328
54053329
54053330
54053331
54053332
54053333
54053334
54053335
54053336
54053337
54053338
54053339
54053340
54053341
54053342
54053343
54053344
54053345
54053346
54053347
54053348
54053349
54053350
54053351
54053352
54053353
54053354
54053355
54053356
54053357
54053358
54053359
54053360
54053361
54053362
54053363
54053364
54053365
54053366
54053367
54053368
54053369
54053370
54053371
54053372
54053373
54053374
54053375
54053376
54053377
54053378
54053379
54053380
54053381
54053382
54053383
54053384
54053385
54053386
54053387
54053388
54053389
54053390
54053391
54053392
54053393
54053394
54053395
54053396
54053397
54053398
54053399
54053400
54053401
54053402
54053403
54053404
54053405
54053406
54053407
54053408
54053409
54053410
54053411
54053412
54053413
54053414
54053415
54053416
54053417
54053418
54053419
54053420
54053421
54053422
54053423
54053424
54053425
54053426
54053427
54053428
54053429
54053430
54053431
54053432
54053433
54053434
54053435
54053436
54053437
54053438
54053439
54053440
54053441
54053442
54053443
54053444
54053445
54053446
54053447
54053448
54053449
54053450
54053451
54053452
54053453
54053454
54053455
54053456
54053457
54053458
54053459
54053460
54053461
54053462
54053463
54053464
54053465
54053466
54053467
54053468
54053469
54053470
54053471
54053472
54053473
54053474
54053475
54053476
54053477
54053478
54053479
54053480
54053481
54053482
54053483
54053484
54053485
54053486
54053487
54053488
54053489
54053490
54053491
54053492
54053493
54053494
54053495
54053496
54053497
54053498
54053499
54053500
54053501
54053502
54053503
54053504
54053505
54053506
54053507
54053508
54053509
54053510
54053511
54053512
54053513
54053514
54053515
54053516
54053517
54053518
54053519
54053520
54053521
54053522
54053523
54053524
54053525
54053526
54053527
54053528
54053529
54053530
54053531
54053532
54053533
54053534
54053535
54053536
54053537
54053538
54053539
54053540
54053541
54053542
54053543
54053544
54053545
54053546
54053547
54053548
54053549
54053550
54053551
54053552
54053553
54053554
54053555
54053556
54053557
54053558
54053559
54053560
54053561
54053562
54053563
54053564
54053565
54053566
54053567
54053568
54053569
54053570
54053571
54053572
54053573
54053574
54053575
54053576
54053577
54053578
54053579
54053580
54053581
54053582
54053583
54053584
54053585
54053586
54053587
54053588
54053589
54053590
54053591
54053592
54053593
54053594
54053595
54053596
54053597
54053598
54053599
54053600
54053601
54053602
54053603
54053604
54053605
54053606
54053607
54053608
54053609
54053610
54053611
54053612
54053613
54053614
54053615
54053616
54053617
54053618
54053619
54053620
54053621
54053622
54053623
54053624
54053625
54053626
54053627
54053628
54053629
54053630
54053631
54053632
54053633
54053634
54053635
54053636
54053637
54053638
54053639
54053640
54053641
54053642
54053643
54053644
54053645
54053646
54053647
54053648
54053649
54053650
54053651
54053652
54053653
54053654
54053655
54053656
54053657
54053658
54053659
54053660
54053661
54053662
54053663
54053664
54053665
54053666
54053667
54053668
54053669
54053670
54053671
54053672
54053673
54053674
54053675
54053676
54053677
54053678
54053679
54053680
54053681
54053682
54053683
54053684
54053685
54053686
54053687
54053688
54053689
54053690
54053691
54053692
54053693
54053694
54053695
54053696
54053697
54053698
54053699
54053700
54053701
54053702
54053703
54053704
54053705
54053706
54053707
54053708
54053709
54053710
54053711
54053712
54053713
54053714
54053715
54053716
54053717
54053718
54053719
54053720
54053721
54053722
54053723
54053724
54053725
54053726
54053727
54053728
54053729
54053730
54053731
54053732
54053733
54053734
54053735
54053736
54053737
54053738
54053739
54053740
54053741
54053742
54053743
54053744
54053745
54053746
54053747
54053748
54053749
54053750
54053751
54053752
54053753
54053754
54053755
54053756
54053757
54053758
54053759
54053760
54053761
54053762
54053763
54053764
54053765
54053766
54053767
54053768
54053769
54053770
54053771
54053772
54053773
54053774
54053775
54053776
54053777
54053778
54053779
54053780
54053781
54053782
54053783
54053784
54053785
54053786
54053787
54053788
54053789
54053790
54053791
54053792
54053793
54053794
54053795
54053796
54053797
54053798
54053799
54053800
54053801
54053802
54053803
54053804
54053805
54053806
54053807
54053808
54053809
54053810
54053811
54053812
54053813
54053814
54053815
54053816
54053817
54053818
54053819
54053820
54053821
54053822
54053823
54053824
54053825
54053826
54053827
54053828
54053829
54053830
54053831
54053832
54053833
54053834
54053835
54053836
54053837
54053838
54053839
54053840
54053841
54053842
54053843
54053844
54053845
54053846
54053847
54053848
54053849
54053850
54053851
54053852
54053853
54053854
54053855
54053856
54053857
54053858
54053859
54053860
54053861
54053862
54053863
54053864
54053865
54053866
54053867
54053868
54053869
54053870
54053871
54053872
54053873
54053874
54053875
54053876
54053877
54053878
54053879
54053880
54053881
54053882
54053883
54053884
54053885
54053886
54053887
54053888
54053889
54053890
54053891
54053892
54053893
54053894
54053895
54053896
54053897
54053898
54053899
54053900
54053901
54053902
54053903
54053904
54053905
54053906
54053907
54053908
54053909
54053910
54053911
54053912
54053913
54053914
54053915
54053916
54053917
54053918
54053919
54053920
54053921
54053922
54053923
54053924
54053925
54053926
54053927
54053928
54053929
54053930
54053931
54053932
54053933
54053934
54053935
54053936
54053937
54053938
54053939
54053940
54053941
54053942
54053943
54053944
54053945
54053946
54053947
54053948
54053949
54053950
54053951
54053952
54053953
54053954
54053955
54053956
54053957
54053958
54053959
54053960
54053961
54053962
54053963
54053964
54053965
54053966
54053967
54053968
54053969
54053970
54053971
54053972
54053973
54053974
54053975
54053976
54053977
54053978
54053979
54053980
54053981
54053982
54053983
54053984
54053985
54053986
54053987
54053988
54053989
54053990
54053991
54053992
54053993
54053994
54053995
54053996
54053997
54053998
54053999
54054000
54054001
54054002
54054003
54054004
54054005
54054006
54054007
54054008
54054009
54054010
54054011
54054012
54054013
54054014
54054015
54054016
54054017
54054018
54054019
54054020
54054021
54054022
54054023
54054024
54054025
54054026
54054027
54054028
54054029
54054030
54054031
54054032
54054033
54054034
54054035
54054036
54054037
54054038
54054039
54054040
54054041
54054042
54054043
54054044
54054045
54054046
54054047
54054048
54054049
54054050
54054051
54054052
54054053
54054054
54054055
54054056
54054057
54054058
54054059
54054060
54054061
54054062
54054063
54054064
54054065
54054066
54054067
54054068
54054069
54054070
54054071
54054072
54054073
54054074
54054075
54054076
54054077
54054078
54054079
54054080
54054081
54054082
54054083
54054084
54054085
54054086
54054087
54054088
54054089
54054090
54054091
54054092
54054093
54054094
54054095
54054096
54054097
54054098
54054099
54054100
54054101
54054102
54054103
54054104
54054105
54054106
54054107
54054108
54054109
54054110
54054111
54054112
54054113
54054114
54054115
54054116
54054117
54054118
54054119
54054120
54054121
54054122
54054123
54054124
54054125
54054126
54054127
54054128
54054129
54054130
54054131
54054132
54054133
54054134
54054135
54054136
54054137
54054138
54054139
54054140
54054141
54054142
54054143
54054144
54054145
54054146
54054147
54054148
54054149
54054150
54054151
54054152
54054153
54054154
54054155
54054156
54054157
54054158
54054159
54054160
54054161
54054162
54054163
54054164
54054165
54054166
54054167
54054168
54054169
54054170
54054171
54054172
54054173
54054174
54054175
54054176
54054177
54054178
54054179
54054180
54054181
54054182
54054183
54054184
54054185
54054186
54054187
54054188
54054189
54054190
54054191
54054192
54054193
54054194
54054195
54054196
54054197
54054198
54054199
54054200
54054201
54054202
54054203
54054204
54054205
54054206
54054207
54054208
54054209
54054210
54054211
54054212
54054213
54054214
54054215
54054216
54054217
54054218
54054219
54054220
54054221
54054222
54054223
54054224
54054225
54054226
54054227
54054228
54054229
54054230
54054231
54054232
54054233
54054234
54054235
54054236
54054237
54054238
54054239
54054240
54054241
54054242
54054243
54054244
54054245
54054246
54054247
54054248
54054249
54054250
54054251
54054252
54054253
54054254
54054255
54054256
54054257
54054258
54054259
54054260
54054261
54054262
54054263
54054264
54054265
54054266
54054267
54054268
54054269
54054270
54054271
54054272
54054273
54054274
54054275
54054276
54054277
54054278
54054279
54054280
54054281
54054282
54054283
54054284
54054285
54054286
54054287
54054288
54054289
54054290
54054291
54054292
54054293
54054294
54054295
54054296
54054297
54054298
54054299
54054300
54054301
54054302
54054303
54054304
54054305
54054306
54054307
54054308
54054309
54054310
54054311
54054312
54054313
54054314
54054315
54054316
54054317
54054318
54054319
54054320
54054321
54054322
54054323
54054324
54054325
54054326
54054327
54054328
54054329
54054330
54054331
54054332
54054333
54054334
54054335
54054336
54054337
54054338
54054339
54054340
54054341
54054342
54054343
54054344
54054345
54054346
54054347
54054348
54054349
54054350
54054351
54054352
54054353
54054354
54054355
54054356
54054357
54054358
54054359
54054360
54054361
54054362
54054363
54054364
54054365
54054366
54054367
54054368
54054369
54054370
54054371
54054372
54054373
54054374
54054375
54054376
54054377
54054378
54054379
54054380
54054381
54054382
54054383
54054384
54054385
54054386
54054387
54054388
54054389
54054390
54054391
54054392
54054393
54054394
54054395
54054396
54054397
54054398
54054399
54054400
54054401
54054402
54054403
54054404
54054405
54054406
54054407
54054408
54054409
54054410
54054411
54054412
54054413
54054414
54054415
54054416
54054417
54054418
54054419
54054420
54054421
54054422
54054423
54054424
54054425
54054426
54054427
54054428
54054429
54054430
54054431
54054432
54054433
54054434
54054435
54054436
54054437
54054438
54054439
54054440
54054441
54054442
54054443
54054444
54054445
54054446
54054447
54054448
54054449
54054450
54054451
54054452
54054453
54054454
54054455
54054456
54054457
54054458
54054459
54054460
54054461
54054462
54054463
54054464
54054465
54054466
54054467
54054468
54054469
54054470
54054471
54054472
54054473
54054474
54054475
54054476
54054477
54054478
54054479
54054480
54054481
54054482
54054483
54054484
54054485
54054486
54054487
54054488
54054489
54054490
54054491
54054492
54054493
54054494
54054495
54054496
54054497
54054498
54054499
54054500
54054501
54054502
54054503
54054504
54054505
54054506
54054507
54054508
54054509
54054510
54054511
54054512
54054513
54054514
54054515
54054516
54054517
54054518
54054519
54054520
54054521
54054522
54054523
54054524
54054525
54054526
54054527
54054528
54054529
54054530
54054531
54054532
54054533
54054534
54054535
54054536
54054537
54054538
54054539
54054540
54054541
54054542
54054543
54054544
54054545
54054546
54054547
54054548
54054549
54054550
54054551
54054552
54054553
54054554
54054555
54054556
54054557
54054558
54054559
54054560
54054561
54054562
54054563
54054564
54054565
54054566
54054567
54054568
54054569
54054570
54054571
54054572
54054573
54054574
54054575
54054576
54054577
54054578
54054579
54054580
54054581
54054582
54054583
54054584
54054585
54054586
54054587
54054588
54054589
54054590
54054591
54054592
54054593
54054594
54054595
54054596
54054597
54054598
54054599
54054600
54054601
54054602
54054603
54054604
54054605
54054606
54054607
54054608
54054609
54054610
54054611
54054612
54054613
54054614
54054615
54054616
54054617
54054618
54054619
54054620
54054621
54054622
54054623
54054624
54054625
54054626
54054627
54054628
54054629
54054630
54054631
54054632
54054633
54054634
54054635
54054636
54054637
54054638
54054639
54054640
54054641
54054642
54054643
54054644
54054645
54054646
54054647
54054648
54054649
54054650
54054651
54054652
54054653
54054654
54054655
54054656
54054657
54054658
54054659
54054660
54054661
54054662
54054663
54054664
54054665
54054666
54054667
54054668
54054669
54054670
54054671
54054672
54054673
54054674
54054675
54054676
54054677
54054678
54054679
54054680
54054681
54054682
54054683
54054684
54054685
54054686
54054687
54054688
54054689
54054690
54054691
54054692
54054693
54054694
54054695
54054696
54054697
54054698
54054699
54054700
54054701
54054702
54054703
54054704
54054705
54054706
54054707
54054708
54054709
54054710
54054711
54054712
54054713
54054714
54054715
54054716
54054717
54054718
54054719
54054720
54054721
54054722
54054723
54054724
54054725
54054726
54054727
54054728
54054729
54054730
54054731
54054732
54054733
54054734
54054735
54054736
54054737
54054738
54054739
54054740
54054741
54054742
54054743
54054744
54054745
54054746
54054747
54054748
54054749
54054750
54054751
54054752
54054753
54054754
54054755
54054756
54054757
54054758
54054759
54054760
54054761
54054762
54054763
54054764
54054765
54054766
54054767
54054768
54054769
54054770
54054771
54054772
54054773
54054774
54054775
54054776
54054777
54054778
54054779
54054780
54054781
54054782
54054783
54054784
54054785
54054786
54054787
54054788
54054789
54054790
54054791
54054792
54054793
54054794
54054795
54054796
54054797
54054798
54054799
54054800
54054801
54054802
54054803
54054804
54054805
54054806
54054807
54054808
54054809
54054810
54054811
54054812
54054813
54054814
54054815
54054816
54054817
54054818
54054819
54054820
54054821
54054822
54054823
54054824
54054825
54054826
54054827
54054828
54054829
54054830
54054831
54054832
54054833
54054834
54054835
54054836
54054837
54054838
54054839
54054840
54054841
54054842
54054843
54054844
54054845
54054846
54054847
54054848
54054849
54054850
54054851
54054852
54054853
54054854
54054855
54054856
54054857
54054858
54054859
54054860
54054861
54054862
54054863
54054864
54054865
54054866
54054867
54054868
54054869
54054870
54054871
54054872
54054873
54054874
54054875
54054876
54054877
54054878
54054879
54054880
54054881
54054882
54054883
54054884
54054885
54054886
54054887
54054888
54054889
54054890
54054891
54054892
54054893
54054894
54054895
54054896
54054897
54054898
54054899
54054900
54054901
54054902
54054903
54054904
54054905
54054906
54054907
54054908
54054909
54054910
54054911
54054912
54054913
54054914
54054915
54054916
54054917
54054918
54054919
54054920
54054921
54054922
54054923
54054924
54054925
54054926
54054927
54054928
54054929
54054930
54054931
54054932
54054933
54054934
54054935
54054936
54054937
54054938
54054939
54054940
54054941
54054942
54054943
54054944
54054945
54054946
54054947
54054948
54054949
54054950
54054951
54054952
54054953
54054954
54054955
54054956
54054957
54054958
54054959
54054960
54054961
54054962
54054963
54054964
54054965
54054966
54054967
54054968
54054969
54054970
54054971
54054972
54054973
54054974
54054975
54054976
54054977
54054978
54054979
54054980
54054981
54054982
54054983
54054984
54054985
54054986
54054987
54054988
54054989
54054990
54054991
54054992
54054993
54054994
54054995
54054996
54054997
54054998
54054999
54055000
54055001
54055002
54055003
54055004
54055005
54055006
54055007
54055008
54055009
54055010
54055011
54055012
54055013
54055014
54055015
54055016
54055017
54055018
54055019
54055020
54055021
54055022
54055023
54055024
54055025
54055026
54055027
54055028
54055029
54055030
54055031
54055032
54055033
54055034
54055035
54055036
54055037
54055038
54055039
54055040
54055041
54055042
54055043
54055044
54055045
54055046
54055047
54055048
54055049
54055050
54055051
54055052
54055053
54055054
54055055
54055056
54055057
54055058
54055059
54055060
54055061
54055062
54055063
54055064
54055065
54055066
54055067
54055068
54055069
54055070
54055071
54055072
54055073
54055074
54055075
54055076
54055077
54055078
54055079
54055080
54055081
54055082
54055083
54055084
54055085
54055086
54055087
54055088
54055089
54055090
54055091
54055092
54055093
54055094
54055095
54055096
54055097
54055098
54055099
54055100
54055101
54055102
54055103
54055104
54055105
54055106
54055107
54055108
54055109
54055110
54055111
54055112
54055113
54055114
54055115
54055116
54055117
54055118
54055119
54055120
54055121
54055122
54055123
54055124
54055125
54055126
54055127
54055128
54055129
54055130
54055131
54055132
54055133
54055134
54055135
54055136
54055137
54055138
54055139
54055140
54055141
54055142
54055143
54055144
54055145
54055146
54055147
54055148
54055149
54055150
54055151
54055152
54055153
54055154
54055155
54055156
54055157
54055158
54055159
54055160
54055161
54055162
54055163
54055164
54055165
54055166
54055167
54055168
54055169
54055170
54055171
54055172
54055173
54055174
54055175
54055176
54055177
54055178
54055179
54055180
54055181
54055182
54055183
54055184
54055185
54055186
54055187
54055188
54055189
54055190
54055191
54055192
54055193
54055194
54055195
54055196
54055197
54055198
54055199
54055200
54055201
54055202
54055203
54055204
54055205
54055206
54055207
54055208
54055209
54055210
54055211
54055212
54055213
54055214
54055215
54055216
54055217
54055218
54055219
54055220
54055221
54055222
54055223
54055224
54055225
54055226
54055227
54055228
54055229
54055230
54055231
54055232
54055233
54055234
54055235
54055236
54055237
54055238
54055239
54055240
54055241
54055242
54055243
54055244
54055245
54055246
54055247
54055248
54055249
54055250
54055251
54055252
54055253
54055254
54055255
54055256
54055257
54055258
54055259
54055260
54055261
54055262
54055263
54055264
54055265
54055266
54055267
54055268
54055269
54055270
54055271
54055272
54055273
54055274
54055275
54055276
54055277
54055278
54055279
54055280
54055281
54055282
54055283
54055284
54055285
54055286
54055287
54055288
54055289
54055290
54055291
54055292
54055293
54055294
54055295
54055296
54055297
54055298
54055299
54055300
54055301
54055302
54055303
54055304
54055305
54055306
54055307
54055308
54055309
54055310
54055311
54055312
54055313
54055314
54055315
54055316
54055317
54055318
54055319
54055320
54055321
54055322
54055323
54055324
54055325
54055326
54055327
54055328
54055329
54055330
54055331
54055332
54055333
54055334
54055335
54055336
54055337
54055338
54055339
54055340
54055341
54055342
54055343
54055344
54055345
54055346
54055347
54055348
54055349
54055350
54055351
54055352
54055353
54055354
54055355
54055356
54055357
54055358
54055359
54055360
54055361
54055362
54055363
54055364
54055365
54055366
54055367
54055368
54055369
54055370
54055371
54055372
54055373
54055374
54055375
54055376
54055377
54055378
54055379
54055380
54055381
54055382
54055383
54055384
54055385
54055386
54055387
54055388
54055389
54055390
54055391
54055392
54055393
54055394
54055395
54055396
54055397
54055398
54055399
54055400
54055401
54055402
54055403
54055404
54055405
54055406
54055407
54055408
54055409
54055410
54055411
54055412
54055413
54055414
54055415
54055416
54055417
54055418
54055419
54055420
54055421
54055422
54055423
54055424
54055425
54055426
54055427
54055428
54055429
54055430
54055431
54055432
54055433
54055434
54055435
54055436
54055437
54055438
54055439
54055440
54055441
54055442
54055443
54055444
54055445
54055446
54055447
54055448
54055449
54055450
54055451
54055452
54055453
54055454
54055455
54055456
54055457
54055458
54055459
54055460
54055461
54055462
54055463
54055464
54055465
54055466
54055467
54055468
54055469
54055470
54055471
54055472
54055473
54055474
54055475
54055476
54055477
54055478
54055479
54055480
54055481
54055482
54055483
54055484
54055485
54055486
54055487
54055488
54055489
54055490
54055491
54055492
54055493
54055494
54055495
54055496
54055497
54055498
54055499
54055500
54055501
54055502
54055503
54055504
54055505
54055506
54055507
54055508
54055509
54055510
54055511
54055512
54055513
54055514
54055515
54055516
54055517
54055518
54055519
54055520
54055521
54055522
54055523
54055524
54055525
54055526
54055527
54055528
54055529
54055530
54055531
54055532
54055533
54055534
54055535
54055536
54055537
54055538
54055539
54055540
54055541
54055542
54055543
54055544
54055545
54055546
54055547
54055548
54055549
54055550
54055551
54055552
54055553
54055554
54055555
54055556
54055557
54055558
54055559
54055560
54055561
54055562
54055563
54055564
54055565
54055566
54055567
54055568
54055569
54055570
54055571
54055572
54055573
54055574
54055575
54055576
54055577
54055578
54055579
54055580
54055581
54055582
54055583
54055584
54055585
54055586
54055587
54055588
54055589
54055590
54055591
54055592
54055593
54055594
54055595
54055596
54055597
54055598
54055599
54055600
54055601
54055602
54055603
54055604
54055605
54055606
54055607
54055608
54055609
54055610
54055611
54055612
54055613
54055614
54055615
54055616
54055617
54055618
54055619
54055620
54055621
54055622
54055623
54055624
54055625
54055626
54055627
54055628
54055629
54055630
54055631
54055632
54055633
54055634
54055635
54055636
54055637
54055638
54055639
54055640
54055641
54055642
54055643
54055644
54055645
54055646
54055647
54055648
54055649
54055650
54055651
54055652
54055653
54055654
54055655
54055656
54055657
54055658
54055659
54055660
54055661
54055662
54055663
54055664
54055665
54055666
54055667
54055668
54055669
54055670
54055671
54055672
54055673
54055674
54055675
54055676
54055677
54055678
54055679
54055680
54055681
54055682
54055683
54055684
54055685
54055686
54055687
54055688
54055689
54055690
54055691
54055692
54055693
54055694
54055695
54055696
54055697
54055698
54055699
54055700
54055701
54055702
54055703
54055704
54055705
54055706
54055707
54055708
54055709
54055710
54055711
54055712
54055713
54055714
54055715
54055716
54055717
54055718
54055719
54055720
54055721
54055722
54055723
54055724
54055725
54055726
54055727
54055728
54055729
54055730
54055731
54055732
54055733
54055734
54055735
54055736
54055737
54055738
54055739
54055740
54055741
54055742
54055743
54055744
54055745
54055746
54055747
54055748
54055749
54055750
54055751
54055752
54055753
54055754
54055755
54055756
54055757
54055758
54055759
54055760
54055761
54055762
54055763
54055764
54055765
54055766
54055767
54055768
54055769
54055770
54055771
54055772
54055773
54055774
54055775
54055776
54055777
54055778
54055779
54055780
54055781
54055782
54055783
54055784
54055785
54055786
54055787
54055788
54055789
54055790
54055791
54055792
54055793
54055794
54055795
54055796
54055797
54055798
54055799
54055800
54055801
54055802
54055803
54055804
54055805
54055806
54055807
54055808
54055809
54055810
54055811
54055812
54055813
54055814
54055815
54055816
54055817
54055818
54055819
54055820
54055821
54055822
54055823
54055824
54055825
54055826
54055827
54055828
54055829
54055830
54055831
54055832
54055833
54055834
54055835
54055836
54055837
54055838
54055839
54055840
54055841
54055842
54055843
54055844
54055845
54055846
54055847
54055848
54055849
54055850
54055851
54055852
54055853
54055854
54055855
54055856
54055857
54055858
54055859
54055860
54055861
54055862
54055863
54055864
54055865
54055866
54055867
54055868
54055869
54055870
54055871
54055872
54055873
54055874
54055875
54055876
54055877
54055878
54055879
54055880
54055881
54055882
54055883
54055884
54055885
54055886
54055887
54055888
54055889
54055890
54055891
54055892
54055893
54055894
54055895
54055896
54055897
54055898
54055899
54055900
54055901
54055902
54055903
54055904
54055905
54055906
54055907
54055908
54055909
54055910
54055911
54055912
54055913
54055914
54055915
54055916
54055917
54055918
54055919
54055920
54055921
54055922
54055923
54055924
54055925
54055926
54055927
54055928
54055929
54055930
54055931
54055932
54055933
54055934
54055935
54055936
54055937
54055938
54055939
54055940
54055941
54055942
54055943
54055944
54055945
54055946
54055947
54055948
54055949
54055950
54055951
54055952
54055953
54055954
54055955
54055956
54055957
54055958
54055959
54055960
54055961
54055962
54055963
54055964
54055965
54055966
54055967
54055968
54055969
54055970
54055971
54055972
54055973
54055974
54055975
54055976
54055977
54055978
54055979
54055980
54055981
54055982
54055983
54055984
54055985
54055986
54055987
54055988
54055989
54055990
54055991
54055992
54055993
54055994
54055995
54055996
54055997
54055998
54055999
54056000
54056001
54056002
54056003
54056004
54056005
54056006
54056007
54056008
54056009
54056010
54056011
54056012
54056013
54056014
54056015
54056016
54056017
54056018
54056019
54056020
54056021
54056022
54056023
54056024
54056025
54056026
54056027
54056028
54056029
54056030
54056031
54056032
54056033
54056034
54056035
54056036
54056037
54056038
54056039
54056040
54056041
54056042
54056043
54056044
54056045
54056046
54056047
54056048
54056049
54056050
54056051
54056052
54056053
54056054
54056055
54056056
54056057
54056058
54056059
54056060
54056061
54056062
54056063
54056064
54056065
54056066
54056067
54056068
54056069
54056070
54056071
54056072
54056073
54056074
54056075
54056076
54056077
54056078
54056079
54056080
54056081
54056082
54056083
54056084
54056085
54056086
54056087
54056088
54056089
54056090
54056091
54056092
54056093
54056094
54056095
54056096
54056097
54056098
54056099
54056100
54056101
54056102
54056103
54056104
54056105
54056106
54056107
54056108
54056109
54056110
54056111
54056112
54056113
54056114
54056115
54056116
54056117
54056118
54056119
54056120
54056121
54056122
54056123
54056124
54056125
54056126
54056127
54056128
54056129
54056130
54056131
54056132
54056133
54056134
54056135
54056136
54056137
54056138
54056139
54056140
54056141
54056142
54056143
54056144
54056145
54056146
54056147
54056148
54056149
54056150
54056151
54056152
54056153
54056154
54056155
54056156
54056157
54056158
54056159
54056160
54056161
54056162
54056163
54056164
54056165
54056166
54056167
54056168
54056169
54056170
54056171
54056172
54056173
54056174
54056175
54056176
54056177
54056178
54056179
54056180
54056181
54056182
54056183
54056184
54056185
54056186
54056187
54056188
54056189
54056190
54056191
54056192
54056193
54056194
54056195
54056196
54056197
54056198
54056199
54056200
54056201
54056202
54056203
54056204
54056205
54056206
54056207
54056208
54056209
54056210
54056211
54056212
54056213
54056214
54056215
54056216
54056217
54056218
54056219
54056220
54056221
54056222
54056223
54056224
54056225
54056226
54056227
54056228
54056229
54056230
54056231
54056232
54056233
54056234
54056235
54056236
54056237
54056238
54056239
54056240
54056241
54056242
54056243
54056244
54056245
54056246
54056247
54056248
54056249
54056250
54056251
54056252
54056253
54056254
54056255
54056256
54056257
54056258
54056259
54056260
54056261
54056262
54056263
54056264
54056265
54056266
54056267
54056268
54056269
54056270
54056271
54056272
54056273
54056274
54056275
54056276
54056277
54056278
54056279
54056280
54056281
54056282
54056283
54056284
54056285
54056286
54056287
54056288
54056289
54056290
54056291
54056292
54056293
54056294
54056295
54056296
54056297
54056298
54056299
54056300
54056301
54056302
54056303
54056304
54056305
54056306
54056307
54056308
54056309
54056310
54056311
54056312
54056313
54056314
54056315
54056316
54056317
54056318
54056319
54056320
54056321
54056322
54056323
54056324
54056325
54056326
54056327
54056328
54056329
54056330
54056331
54056332
54056333
54056334
54056335
54056336
54056337
54056338
54056339
54056340
54056341
54056342
54056343
54056344
54056345
54056346
54056347
54056348
54056349
54056350
54056351
54056352
54056353
54056354
54056355
54056356
54056357
54056358
54056359
54056360
54056361
54056362
54056363
54056364
54056365
54056366
54056367
54056368
54056369
54056370
54056371
54056372
54056373
54056374
54056375
54056376
54056377
54056378
54056379
54056380
54056381
54056382
54056383
54056384
54056385
54056386
54056387
54056388
54056389
54056390
54056391
54056392
54056393
54056394
54056395
54056396
54056397
54056398
54056399
54056400
54056401
54056402
54056403
54056404
54056405
54056406
54056407
54056408
54056409
54056410
54056411
54056412
54056413
54056414
54056415
54056416
54056417
54056418
54056419
54056420
54056421
54056422
54056423
54056424
54056425
54056426
54056427
54056428
54056429
54056430
54056431
54056432
54056433
54056434
54056435
54056436
54056437
54056438
54056439
54056440
54056441
54056442
54056443
54056444
54056445
54056446
54056447
54056448
54056449
54056450
54056451
54056452
54056453
54056454
54056455
54056456
54056457
54056458
54056459
54056460
54056461
54056462
54056463
54056464
54056465
54056466
54056467
54056468
54056469
54056470
54056471
54056472
54056473
54056474
54056475
54056476
54056477
54056478
54056479
54056480
54056481
54056482
54056483
54056484
54056485
54056486
54056487
54056488
54056489
54056490
54056491
54056492
54056493
54056494
54056495
54056496
54056497
54056498
54056499
54056500
54056501
54056502
54056503
54056504
54056505
54056506
54056507
54056508
54056509
54056510
54056511
54056512
54056513
54056514
54056515
54056516
54056517
54056518
54056519
54056520
54056521
54056522
54056523
54056524
54056525
54056526
54056527
54056528
54056529
54056530
54056531
54056532
54056533
54056534
54056535
54056536
54056537
54056538
54056539
54056540
54056541
54056542
54056543
54056544
54056545
54056546
54056547
54056548
54056549
54056550
54056551
54056552
54056553
54056554
54056555
54056556
54056557
54056558
54056559
54056560
54056561
54056562
54056563
54056564
54056565
54056566
54056567
54056568
54056569
54056570
54056571
54056572
54056573
54056574
54056575
54056576
54056577
54056578
54056579
54056580
54056581
54056582
54056583
54056584
54056585
54056586
54056587
54056588
54056589
54056590
54056591
54056592
54056593
54056594
54056595
54056596
54056597
54056598
54056599
54056600
54056601
54056602
54056603
54056604
54056605
54056606
54056607
54056608
54056609
54056610
54056611
54056612
54056613
54056614
54056615
54056616
54056617
54056618
54056619
54056620
54056621
54056622
54056623
54056624
54056625
54056626
54056627
54056628
54056629
54056630
54056631
54056632
54056633
54056634
54056635
54056636
54056637
54056638
54056639
54056640
54056641
54056642
54056643
54056644
54056645
54056646
54056647
54056648
54056649
54056650
54056651
54056652
54056653
54056654
54056655
54056656
54056657
54056658
54056659
54056660
54056661
54056662
54056663
54056664
54056665
54056666
54056667
54056668
54056669
54056670
54056671
54056672
54056673
54056674
54056675
54056676
54056677
54056678
54056679
54056680
54056681
54056682
54056683
54056684
54056685
54056686
54056687
54056688
54056689
54056690
54056691
54056692
54056693
54056694
54056695
54056696
54056697
54056698
54056699
54056700
54056701
54056702
54056703
54056704
54056705
54056706
54056707
54056708
54056709
54056710
54056711
54056712
54056713
54056714
54056715
54056716
54056717
54056718
54056719
54056720
54056721
54056722
54056723
54056724
54056725
54056726
54056727
54056728
54056729
54056730
54056731
54056732
54056733
54056734
54056735
54056736
54056737
54056738
54056739
54056740
54056741
54056742
54056743
54056744
54056745
54056746
54056747
54056748
54056749
54056750
54056751
54056752
54056753
54056754
54056755
54056756
54056757
54056758
54056759
54056760
54056761
54056762
54056763
54056764
54056765
54056766
54056767
54056768
54056769
54056770
54056771
54056772
54056773
54056774
54056775
54056776
54056777
54056778
54056779
54056780
54056781
54056782
54056783
54056784
54056785
54056786
54056787
54056788
54056789
54056790
54056791
54056792
54056793
54056794
54056795
54056796
54056797
54056798
54056799
54056800
54056801
54056802
54056803
54056804
54056805
54056806
54056807
54056808
54056809
54056810
54056811
54056812
54056813
54056814
54056815
54056816
54056817
54056818
54056819
54056820
54056821
54056822
54056823
54056824
54056825
54056826
54056827
54056828
54056829
54056830
54056831
54056832
54056833
54056834
54056835
54056836
54056837
54056838
54056839
54056840
54056841
54056842
54056843
54056844
54056845
54056846
54056847
54056848
54056849
54056850
54056851
54056852
54056853
54056854
54056855
54056856
54056857
54056858
54056859
54056860
54056861
54056862
54056863
54056864
54056865
54056866
54056867
54056868
54056869
54056870
54056871
54056872
54056873
54056874
54056875
54056876
54056877
54056878
54056879
54056880
54056881
54056882
54056883
54056884
54056885
54056886
54056887
54056888
54056889
54056890
54056891
54056892
54056893
54056894
54056895
54056896
54056897
54056898
54056899
54056900
54056901
54056902
54056903
54056904
54056905
54056906
54056907
54056908
54056909
54056910
54056911
54056912
54056913
54056914
54056915
54056916
54056917
54056918
54056919
54056920
54056921
54056922
54056923
54056924
54056925
54056926
54056927
54056928
54056929
54056930
54056931
54056932
54056933
54056934
54056935
54056936
54056937
54056938
54056939
54056940
54056941
54056942
54056943
54056944
54056945
54056946
54056947
54056948
54056949
54056950
54056951
54056952
54056953
54056954
54056955
54056956
54056957
54056958
54056959
54056960
54056961
54056962
54056963
54056964
54056965
54056966
54056967
54056968
54056969
54056970
54056971
54056972
54056973
54056974
54056975
54056976
54056977
54056978
54056979
54056980
54056981
54056982
54056983
54056984
54056985
54056986
54056987
54056988
54056989
54056990
54056991
54056992
54056993
54056994
54056995
54056996
54056997
54056998
54056999
54057000
54057001
54057002
54057003
54057004
54057005
54057006
54057007
54057008
54057009
54057010
54057011
54057012
54057013
54057014
54057015
54057016
54057017
54057018
54057019
54057020
54057021
54057022
54057023
54057024
54057025
54057026
54057027
54057028
54057029
54057030
54057031
54057032
54057033
54057034
54057035
54057036
54057037
54057038
54057039
54057040
54057041
54057042
54057043
54057044
54057045
54057046
54057047
54057048
54057049
54057050
54057051
54057052
54057053
54057054
54057055
54057056
54057057
54057058
54057059
54057060
54057061
54057062
54057063
54057064
54057065
54057066
54057067
54057068
54057069
54057070
54057071
54057072
54057073
54057074
54057075
54057076
54057077
54057078
54057079
54057080
54057081
54057082
54057083
54057084
54057085
54057086
54057087
54057088
54057089
54057090
54057091
54057092
54057093
54057094
54057095
54057096
54057097
54057098
54057099
54057100
54057101
54057102
54057103
54057104
54057105
54057106
54057107
54057108
54057109
54057110
54057111
54057112
54057113
54057114
54057115
54057116
54057117
54057118
54057119
54057120
54057121
54057122
54057123
54057124
54057125
54057126
54057127
54057128
54057129
54057130
54057131
54057132
54057133
54057134
54057135
54057136
54057137
54057138
54057139
54057140
54057141
54057142
54057143
54057144
54057145
54057146
54057147
54057148
54057149
54057150
54057151
54057152
54057153
54057154
54057155
54057156
54057157
54057158
54057159
54057160
54057161
54057162
54057163
54057164
54057165
54057166
54057167
54057168
54057169
54057170
54057171
54057172
54057173
54057174
54057175
54057176
54057177
54057178
54057179
54057180
54057181
54057182
54057183
54057184
54057185
54057186
54057187
54057188
54057189
54057190
54057191
54057192
54057193
54057194
54057195
54057196
54057197
54057198
54057199
54057200
54057201
54057202
54057203
54057204
54057205
54057206
54057207
54057208
54057209
54057210
54057211
54057212
54057213
54057214
54057215
54057216
54057217
54057218
54057219
54057220
54057221
54057222
54057223
54057224
54057225
54057226
54057227
54057228
54057229
54057230
54057231
54057232
54057233
54057234
54057235
54057236
54057237
54057238
54057239
54057240
54057241
54057242
54057243
54057244
54057245
54057246
54057247
54057248
54057249
54057250
54057251
54057252
54057253
54057254
54057255
54057256
54057257
54057258
54057259
54057260
54057261
54057262
54057263
54057264
54057265
54057266
54057267
54057268
54057269
54057270
54057271
54057272
54057273
54057274
54057275
54057276
54057277
54057278
54057279
54057280
54057281
54057282
54057283
54057284
54057285
54057286
54057287
54057288
54057289
54057290
54057291
54057292
54057293
54057294
54057295
54057296
54057297
54057298
54057299
54057300
54057301
54057302
54057303
54057304
54057305
54057306
54057307
54057308
54057309
54057310
54057311
54057312
54057313
54057314
54057315
54057316
54057317
54057318
54057319
54057320
54057321
54057322
54057323
54057324
54057325
54057326
54057327
54057328
54057329
54057330
54057331
54057332
54057333
54057334
54057335
54057336
54057337
54057338
54057339
54057340
54057341
54057342
54057343
54057344
54057345
54057346
54057347
54057348
54057349
54057350
54057351
54057352
54057353
54057354
54057355
54057356
54057357
54057358
54057359
54057360
54057361
54057362
54057363
54057364
54057365
54057366
54057367
54057368
54057369
54057370
54057371
54057372
54057373
54057374
54057375
54057376
54057377
54057378
54057379
54057380
54057381
54057382
54057383
54057384
54057385
54057386
54057387
54057388
54057389
54057390
54057391
54057392
54057393
54057394
54057395
54057396
54057397
54057398
54057399
54057400
54057401
54057402
54057403
54057404
54057405
54057406
54057407
54057408
54057409
54057410
54057411
54057412
54057413
54057414
54057415
54057416
54057417
54057418
54057419
54057420
54057421
54057422
54057423
54057424
54057425
54057426
54057427
54057428
54057429
54057430
54057431
54057432
54057433
54057434
54057435
54057436
54057437
54057438
54057439
54057440
54057441
54057442
54057443
54057444
54057445
54057446
54057447
54057448
54057449
54057450
54057451
54057452
54057453
54057454
54057455
54057456
54057457
54057458
54057459
54057460
54057461
54057462
54057463
54057464
54057465
54057466
54057467
54057468
54057469
54057470
54057471
54057472
54057473
54057474
54057475
54057476
54057477
54057478
54057479
54057480
54057481
54057482
54057483
54057484
54057485
54057486
54057487
54057488
54057489
54057490
54057491
54057492
54057493
54057494
54057495
54057496
54057497
54057498
54057499
54057500
54057501
54057502
54057503
54057504
54057505
54057506
54057507
54057508
54057509
54057510
54057511
54057512
54057513
54057514
54057515
54057516
54057517
54057518
54057519
54057520
54057521
54057522
54057523
54057524
54057525
54057526
54057527
54057528
54057529
54057530
54057531
54057532
54057533
54057534
54057535
54057536
54057537
54057538
54057539
54057540
54057541
54057542
54057543
54057544
54057545
54057546
54057547
54057548
54057549
54057550
54057551
54057552
54057553
54057554
54057555
54057556
54057557
54057558
54057559
54057560
54057561
54057562
54057563
54057564
54057565
54057566
54057567
54057568
54057569
54057570
54057571
54057572
54057573
54057574
54057575
54057576
54057577
54057578
54057579
54057580
54057581
54057582
54057583
54057584
54057585
54057586
54057587
54057588
54057589
54057590
54057591
54057592
54057593
54057594
54057595
54057596
54057597
54057598
54057599
54057600
54057601
54057602
54057603
54057604
54057605
54057606
54057607
54057608
54057609
54057610
54057611
54057612
54057613
54057614
54057615
54057616
54057617
54057618
54057619
54057620
54057621
54057622
54057623
54057624
54057625
54057626
54057627
54057628
54057629
54057630
54057631
54057632
54057633
54057634
54057635
54057636
54057637
54057638
54057639
54057640
54057641
54057642
54057643
54057644
54057645
54057646
54057647
54057648
54057649
54057650
54057651
54057652
54057653
54057654
54057655
54057656
54057657
54057658
54057659
54057660
54057661
54057662
54057663
54057664
54057665
54057666
54057667
54057668
54057669
54057670
54057671
54057672
54057673
54057674
54057675
54057676
54057677
54057678
54057679
54057680
54057681
54057682
54057683
54057684
54057685
54057686
54057687
54057688
54057689
54057690
54057691
54057692
54057693
54057694
54057695
54057696
54057697
54057698
54057699
54057700
54057701
54057702
54057703
54057704
54057705
54057706
54057707
54057708
54057709
54057710
54057711
54057712
54057713
54057714
54057715
54057716
54057717
54057718
54057719
54057720
54057721
54057722
54057723
54057724
54057725
54057726
54057727
54057728
54057729
54057730
54057731
54057732
54057733
54057734
54057735
54057736
54057737
54057738
54057739
54057740
54057741
54057742
54057743
54057744
54057745
54057746
54057747
54057748
54057749
54057750
54057751
54057752
54057753
54057754
54057755
54057756
54057757
54057758
54057759
54057760
54057761
54057762
54057763
54057764
54057765
54057766
54057767
54057768
54057769
54057770
54057771
54057772
54057773
54057774
54057775
54057776
54057777
54057778
54057779
54057780
54057781
54057782
54057783
54057784
54057785
54057786
54057787
54057788
54057789
54057790
54057791
54057792
54057793
54057794
54057795
54057796
54057797
54057798
54057799
54057800
54057801
54057802
54057803
54057804
54057805
54057806
54057807
54057808
54057809
54057810
54057811
54057812
54057813
54057814
54057815
54057816
54057817
54057818
54057819
54057820
54057821
54057822
54057823
54057824
54057825
54057826
54057827
54057828
54057829
54057830
54057831
54057832
54057833
54057834
54057835
54057836
54057837
54057838
54057839
54057840
54057841
54057842
54057843
54057844
54057845
54057846
54057847
54057848
54057849
54057850
54057851
54057852
54057853
54057854
54057855
54057856
54057857
54057858
54057859
54057860
54057861
54057862
54057863
54057864
54057865
54057866
54057867
54057868
54057869
54057870
54057871
54057872
54057873
54057874
54057875
54057876
54057877
54057878
54057879
54057880
54057881
54057882
54057883
54057884
54057885
54057886
54057887
54057888
54057889
54057890
54057891
54057892
54057893
54057894
54057895
54057896
54057897
54057898
54057899
54057900
54057901
54057902
54057903
54057904
54057905
54057906
54057907
54057908
54057909
54057910
54057911
54057912
54057913
54057914
54057915
54057916
54057917
54057918
54057919
54057920
54057921
54057922
54057923
54057924
54057925
54057926
54057927
54057928
54057929
54057930
54057931
54057932
54057933
54057934
54057935
54057936
54057937
54057938
54057939
54057940
54057941
54057942
54057943
54057944
54057945
54057946
54057947
54057948
54057949
54057950
54057951
54057952
54057953
54057954
54057955
54057956
54057957
54057958
54057959
54057960
54057961
54057962
54057963
54057964
54057965
54057966
54057967
54057968
54057969
54057970
54057971
54057972
54057973
54057974
54057975
54057976
54057977
54057978
54057979
54057980
54057981
54057982
54057983
54057984
54057985
54057986
54057987
54057988
54057989
54057990
54057991
54057992
54057993
54057994
54057995
54057996
54057997
54057998
54057999
54058000
54058001
54058002
54058003
54058004
54058005
54058006
54058007
54058008
54058009
54058010
54058011
54058012
54058013
54058014
54058015
54058016
54058017
54058018
54058019
54058020
54058021
54058022
54058023
54058024
54058025
54058026
54058027
54058028
54058029
54058030
54058031
54058032
54058033
54058034
54058035
54058036
54058037
54058038
54058039
54058040
54058041
54058042
54058043
54058044
54058045
54058046
54058047
54058048
54058049
54058050
54058051
54058052
54058053
54058054
54058055
54058056
54058057
54058058
54058059
54058060
54058061
54058062
54058063
54058064
54058065
54058066
54058067
54058068
54058069
54058070
54058071
54058072
54058073
54058074
54058075
54058076
54058077
54058078
54058079
54058080
54058081
54058082
54058083
54058084
54058085
54058086
54058087
54058088
54058089
54058090
54058091
54058092
54058093
54058094
54058095
54058096
54058097
54058098
54058099
54058100
54058101
54058102
54058103
54058104
54058105
54058106
54058107
54058108
54058109
54058110
54058111
54058112
54058113
54058114
54058115
54058116
54058117
54058118
54058119
54058120
54058121
54058122
54058123
54058124
54058125
54058126
54058127
54058128
54058129
54058130
54058131
54058132
54058133
54058134
54058135
54058136
54058137
54058138
54058139
54058140
54058141
54058142
54058143
54058144
54058145
54058146
54058147
54058148
54058149
54058150
54058151
54058152
54058153
54058154
54058155
54058156
54058157
54058158
54058159
54058160
54058161
54058162
54058163
54058164
54058165
54058166
54058167
54058168
54058169
54058170
54058171
54058172
54058173
54058174
54058175
54058176
54058177
54058178
54058179
54058180
54058181
54058182
54058183
54058184
54058185
54058186
54058187
54058188
54058189
54058190
54058191
54058192
54058193
54058194
54058195
54058196
54058197
54058198
54058199
54058200
54058201
54058202
54058203
54058204
54058205
54058206
54058207
54058208
54058209
54058210
54058211
54058212
54058213
54058214
54058215
54058216
54058217
54058218
54058219
54058220
54058221
54058222
54058223
54058224
54058225
54058226
54058227
54058228
54058229
54058230
54058231
54058232
54058233
54058234
54058235
54058236
54058237
54058238
54058239
54058240
54058241
54058242
54058243
54058244
54058245
54058246
54058247
54058248
54058249
54058250
54058251
54058252
54058253
54058254
54058255
54058256
54058257
54058258
54058259
54058260
54058261
54058262
54058263
54058264
54058265
54058266
54058267
54058268
54058269
54058270
54058271
54058272
54058273
54058274
54058275
54058276
54058277
54058278
54058279
54058280
54058281
54058282
54058283
54058284
54058285
54058286
54058287
54058288
54058289
54058290
54058291
54058292
54058293
54058294
54058295
54058296
54058297
54058298
54058299
54058300
54058301
54058302
54058303
54058304
54058305
54058306
54058307
54058308
54058309
54058310
54058311
54058312
54058313
54058314
54058315
54058316
54058317
54058318
54058319
54058320
54058321
54058322
54058323
54058324
54058325
54058326
54058327
54058328
54058329
54058330
54058331
54058332
54058333
54058334
54058335
54058336
54058337
54058338
54058339
54058340
54058341
54058342
54058343
54058344
54058345
54058346
54058347
54058348
54058349
54058350
54058351
54058352
54058353
54058354
54058355
54058356
54058357
54058358
54058359
54058360
54058361
54058362
54058363
54058364
54058365
54058366
54058367
54058368
54058369
54058370
54058371
54058372
54058373
54058374
54058375
54058376
54058377
54058378
54058379
54058380
54058381
54058382
54058383
54058384
54058385
54058386
54058387
54058388
54058389
54058390
54058391
54058392
54058393
54058394
54058395
54058396
54058397
54058398
54058399
54058400
54058401
54058402
54058403
54058404
54058405
54058406
54058407
54058408
54058409
54058410
54058411
54058412
54058413
54058414
54058415
54058416
54058417
54058418
54058419
54058420
54058421
54058422
54058423
54058424
54058425
54058426
54058427
54058428
54058429
54058430
54058431
54058432
54058433
54058434
54058435
54058436
54058437
54058438
54058439
54058440
54058441
54058442
54058443
54058444
54058445
54058446
54058447
54058448
54058449
54058450
54058451
54058452
54058453
54058454
54058455
54058456
54058457
54058458
54058459
54058460
54058461
54058462
54058463
54058464
54058465
54058466
54058467
54058468
54058469
54058470
54058471
54058472
54058473
54058474
54058475
54058476
54058477
54058478
54058479
54058480
54058481
54058482
54058483
54058484
54058485
54058486
54058487
54058488
54058489
54058490
54058491
54058492
54058493
54058494
54058495
54058496
54058497
54058498
54058499
54058500
54058501
54058502
54058503
54058504
54058505
54058506
54058507
54058508
54058509
54058510
54058511
54058512
54058513
54058514
54058515
54058516
54058517
54058518
54058519
54058520
54058521
54058522
54058523
54058524
54058525
54058526
54058527
54058528
54058529
54058530
54058531
54058532
54058533
54058534
54058535
54058536
54058537
54058538
54058539
54058540
54058541
54058542
54058543
54058544
54058545
54058546
54058547
54058548
54058549
54058550
54058551
54058552
54058553
54058554
54058555
54058556
54058557
54058558
54058559
54058560
54058561
54058562
54058563
54058564
54058565
54058566
54058567
54058568
54058569
54058570
54058571
54058572
54058573
54058574
54058575
54058576
54058577
54058578
54058579
54058580
54058581
54058582
54058583
54058584
54058585
54058586
54058587
54058588
54058589
54058590
54058591
54058592
54058593
54058594
54058595
54058596
54058597
54058598
54058599
54058600
54058601
54058602
54058603
54058604
54058605
54058606
54058607
54058608
54058609
54058610
54058611
54058612
54058613
54058614
54058615
54058616
54058617
54058618
54058619
54058620
54058621
54058622
54058623
54058624
54058625
54058626
54058627
54058628
54058629
54058630
54058631
54058632
54058633
54058634
54058635
54058636
54058637
54058638
54058639
54058640
54058641
54058642
54058643
54058644
54058645
54058646
54058647
54058648
54058649
54058650
54058651
54058652
54058653
54058654
54058655
54058656
54058657
54058658
54058659
54058660
54058661
54058662
54058663
54058664
54058665
54058666
54058667
54058668
54058669
54058670
54058671
54058672
54058673
54058674
54058675
54058676
54058677
54058678
54058679
54058680
54058681
54058682
54058683
54058684
54058685
54058686
54058687
54058688
54058689
54058690
54058691
54058692
54058693
54058694
54058695
54058696
54058697
54058698
54058699
54058700
54058701
54058702
54058703
54058704
54058705
54058706
54058707
54058708
54058709
54058710
54058711
54058712
54058713
54058714
54058715
54058716
54058717
54058718
54058719
54058720
54058721
54058722
54058723
54058724
54058725
54058726
54058727
54058728
54058729
54058730
54058731
54058732
54058733
54058734
54058735
54058736
54058737
54058738
54058739
54058740
54058741
54058742
54058743
54058744
54058745
54058746
54058747
54058748
54058749
54058750
54058751
54058752
54058753
54058754
54058755
54058756
54058757
54058758
54058759
54058760
54058761
54058762
54058763
54058764
54058765
54058766
54058767
54058768
54058769
54058770
54058771
54058772
54058773
54058774
54058775
54058776
54058777
54058778
54058779
54058780
54058781
54058782
54058783
54058784
54058785
54058786
54058787
54058788
54058789
54058790
54058791
54058792
54058793
54058794
54058795
54058796
54058797
54058798
54058799
54058800
54058801
54058802
54058803
54058804
54058805
54058806
54058807
54058808
54058809
54058810
54058811
54058812
54058813
54058814
54058815
54058816
54058817
54058818
54058819
54058820
54058821
54058822
54058823
54058824
54058825
54058826
54058827
54058828
54058829
54058830
54058831
54058832
54058833
54058834
54058835
54058836
54058837
54058838
54058839
54058840
54058841
54058842
54058843
54058844
54058845
54058846
54058847
54058848
54058849
54058850
54058851
54058852
54058853
54058854
54058855
54058856
54058857
54058858
54058859
54058860
54058861
54058862
54058863
54058864
54058865
54058866
54058867
54058868
54058869
54058870
54058871
54058872
54058873
54058874
54058875
54058876
54058877
54058878
54058879
54058880
54058881
54058882
54058883
54058884
54058885
54058886
54058887
54058888
54058889
