56118890
56118891
56118892
56118893
56118894
56118895
56118896
56118897
56118898
56118899
56118900
56118901
56118902
56118903
56118904
56118905
56118906
56118907
56118908
56118909
56118910
56118911
56118912
56118913
56118914
56118915
56118916
56118917
56118918
56118919
56118920
56118921
56118922
56118923
56118924
56118925
56118926
56118927
56118928
56118929
56118930
56118931
56118932
56118933
56118934
56118935
56118936
56118937
56118938
56118939
56118940
56118941
56118942
56118943
56118944
56118945
56118946
56118947
56118948
56118949
56118950
56118951
56118952
56118953
56118954
56118955
56118956
56118957
56118958
56118959
56118960
56118961
56118962
56118963
56118964
56118965
56118966
56118967
56118968
56118969
56118970
56118971
56118972
56118973
56118974
56118975
56118976
56118977
56118978
56118979
56118980
56118981
56118982
56118983
56118984
56118985
56118986
56118987
56118988
56118989
56118990
56118991
56118992
56118993
56118994
56118995
56118996
56118997
56118998
56118999
56119000
56119001
56119002
56119003
56119004
56119005
56119006
56119007
56119008
56119009
56119010
56119011
56119012
56119013
56119014
56119015
56119016
56119017
56119018
56119019
56119020
56119021
56119022
56119023
56119024
56119025
56119026
56119027
56119028
56119029
56119030
56119031
56119032
56119033
56119034
56119035
56119036
56119037
56119038
56119039
56119040
56119041
56119042
56119043
56119044
56119045
56119046
56119047
56119048
56119049
56119050
56119051
56119052
56119053
56119054
56119055
56119056
56119057
56119058
56119059
56119060
56119061
56119062
56119063
56119064
56119065
56119066
56119067
56119068
56119069
56119070
56119071
56119072
56119073
56119074
56119075
56119076
56119077
56119078
56119079
56119080
56119081
56119082
56119083
56119084
56119085
56119086
56119087
56119088
56119089
56119090
56119091
56119092
56119093
56119094
56119095
56119096
56119097
56119098
56119099
56119100
56119101
56119102
56119103
56119104
56119105
56119106
56119107
56119108
56119109
56119110
56119111
56119112
56119113
56119114
56119115
56119116
56119117
56119118
56119119
56119120
56119121
56119122
56119123
56119124
56119125
56119126
56119127
56119128
56119129
56119130
56119131
56119132
56119133
56119134
56119135
56119136
56119137
56119138
56119139
56119140
56119141
56119142
56119143
56119144
56119145
56119146
56119147
56119148
56119149
56119150
56119151
56119152
56119153
56119154
56119155
56119156
56119157
56119158
56119159
56119160
56119161
56119162
56119163
56119164
56119165
56119166
56119167
56119168
56119169
56119170
56119171
56119172
56119173
56119174
56119175
56119176
56119177
56119178
56119179
56119180
56119181
56119182
56119183
56119184
56119185
56119186
56119187
56119188
56119189
56119190
56119191
56119192
56119193
56119194
56119195
56119196
56119197
56119198
56119199
56119200
56119201
56119202
56119203
56119204
56119205
56119206
56119207
56119208
56119209
56119210
56119211
56119212
56119213
56119214
56119215
56119216
56119217
56119218
56119219
56119220
56119221
56119222
56119223
56119224
56119225
56119226
56119227
56119228
56119229
56119230
56119231
56119232
56119233
56119234
56119235
56119236
56119237
56119238
56119239
56119240
56119241
56119242
56119243
56119244
56119245
56119246
56119247
56119248
56119249
56119250
56119251
56119252
56119253
56119254
56119255
56119256
56119257
56119258
56119259
56119260
56119261
56119262
56119263
56119264
56119265
56119266
56119267
56119268
56119269
56119270
56119271
56119272
56119273
56119274
56119275
56119276
56119277
56119278
56119279
56119280
56119281
56119282
56119283
56119284
56119285
56119286
56119287
56119288
56119289
56119290
56119291
56119292
56119293
56119294
56119295
56119296
56119297
56119298
56119299
56119300
56119301
56119302
56119303
56119304
56119305
56119306
56119307
56119308
56119309
56119310
56119311
56119312
56119313
56119314
56119315
56119316
56119317
56119318
56119319
56119320
56119321
56119322
56119323
56119324
56119325
56119326
56119327
56119328
56119329
56119330
56119331
56119332
56119333
56119334
56119335
56119336
56119337
56119338
56119339
56119340
56119341
56119342
56119343
56119344
56119345
56119346
56119347
56119348
56119349
56119350
56119351
56119352
56119353
56119354
56119355
56119356
56119357
56119358
56119359
56119360
56119361
56119362
56119363
56119364
56119365
56119366
56119367
56119368
56119369
56119370
56119371
56119372
56119373
56119374
56119375
56119376
56119377
56119378
56119379
56119380
56119381
56119382
56119383
56119384
56119385
56119386
56119387
56119388
56119389
56119390
56119391
56119392
56119393
56119394
56119395
56119396
56119397
56119398
56119399
56119400
56119401
56119402
56119403
56119404
56119405
56119406
56119407
56119408
56119409
56119410
56119411
56119412
56119413
56119414
56119415
56119416
56119417
56119418
56119419
56119420
56119421
56119422
56119423
56119424
56119425
56119426
56119427
56119428
56119429
56119430
56119431
56119432
56119433
56119434
56119435
56119436
56119437
56119438
56119439
56119440
56119441
56119442
56119443
56119444
56119445
56119446
56119447
56119448
56119449
56119450
56119451
56119452
56119453
56119454
56119455
56119456
56119457
56119458
56119459
56119460
56119461
56119462
56119463
56119464
56119465
56119466
56119467
56119468
56119469
56119470
56119471
56119472
56119473
56119474
56119475
56119476
56119477
56119478
56119479
56119480
56119481
56119482
56119483
56119484
56119485
56119486
56119487
56119488
56119489
56119490
56119491
56119492
56119493
56119494
56119495
56119496
56119497
56119498
56119499
56119500
56119501
56119502
56119503
56119504
56119505
56119506
56119507
56119508
56119509
56119510
56119511
56119512
56119513
56119514
56119515
56119516
56119517
56119518
56119519
56119520
56119521
56119522
56119523
56119524
56119525
56119526
56119527
56119528
56119529
56119530
56119531
56119532
56119533
56119534
56119535
56119536
56119537
56119538
56119539
56119540
56119541
56119542
56119543
56119544
56119545
56119546
56119547
56119548
56119549
56119550
56119551
56119552
56119553
56119554
56119555
56119556
56119557
56119558
56119559
56119560
56119561
56119562
56119563
56119564
56119565
56119566
56119567
56119568
56119569
56119570
56119571
56119572
56119573
56119574
56119575
56119576
56119577
56119578
56119579
56119580
56119581
56119582
56119583
56119584
56119585
56119586
56119587
56119588
56119589
56119590
56119591
56119592
56119593
56119594
56119595
56119596
56119597
56119598
56119599
56119600
56119601
56119602
56119603
56119604
56119605
56119606
56119607
56119608
56119609
56119610
56119611
56119612
56119613
56119614
56119615
56119616
56119617
56119618
56119619
56119620
56119621
56119622
56119623
56119624
56119625
56119626
56119627
56119628
56119629
56119630
56119631
56119632
56119633
56119634
56119635
56119636
56119637
56119638
56119639
56119640
56119641
56119642
56119643
56119644
56119645
56119646
56119647
56119648
56119649
56119650
56119651
56119652
56119653
56119654
56119655
56119656
56119657
56119658
56119659
56119660
56119661
56119662
56119663
56119664
56119665
56119666
56119667
56119668
56119669
56119670
56119671
56119672
56119673
56119674
56119675
56119676
56119677
56119678
56119679
56119680
56119681
56119682
56119683
56119684
56119685
56119686
56119687
56119688
56119689
56119690
56119691
56119692
56119693
56119694
56119695
56119696
56119697
56119698
56119699
56119700
56119701
56119702
56119703
56119704
56119705
56119706
56119707
56119708
56119709
56119710
56119711
56119712
56119713
56119714
56119715
56119716
56119717
56119718
56119719
56119720
56119721
56119722
56119723
56119724
56119725
56119726
56119727
56119728
56119729
56119730
56119731
56119732
56119733
56119734
56119735
56119736
56119737
56119738
56119739
56119740
56119741
56119742
56119743
56119744
56119745
56119746
56119747
56119748
56119749
56119750
56119751
56119752
56119753
56119754
56119755
56119756
56119757
56119758
56119759
56119760
56119761
56119762
56119763
56119764
56119765
56119766
56119767
56119768
56119769
56119770
56119771
56119772
56119773
56119774
56119775
56119776
56119777
56119778
56119779
56119780
56119781
56119782
56119783
56119784
56119785
56119786
56119787
56119788
56119789
56119790
56119791
56119792
56119793
56119794
56119795
56119796
56119797
56119798
56119799
56119800
56119801
56119802
56119803
56119804
56119805
56119806
56119807
56119808
56119809
56119810
56119811
56119812
56119813
56119814
56119815
56119816
56119817
56119818
56119819
56119820
56119821
56119822
56119823
56119824
56119825
56119826
56119827
56119828
56119829
56119830
56119831
56119832
56119833
56119834
56119835
56119836
56119837
56119838
56119839
56119840
56119841
56119842
56119843
56119844
56119845
56119846
56119847
56119848
56119849
56119850
56119851
56119852
56119853
56119854
56119855
56119856
56119857
56119858
56119859
56119860
56119861
56119862
56119863
56119864
56119865
56119866
56119867
56119868
56119869
56119870
56119871
56119872
56119873
56119874
56119875
56119876
56119877
56119878
56119879
56119880
56119881
56119882
56119883
56119884
56119885
56119886
56119887
56119888
56119889
56119890
56119891
56119892
56119893
56119894
56119895
56119896
56119897
56119898
56119899
56119900
56119901
56119902
56119903
56119904
56119905
56119906
56119907
56119908
56119909
56119910
56119911
56119912
56119913
56119914
56119915
56119916
56119917
56119918
56119919
56119920
56119921
56119922
56119923
56119924
56119925
56119926
56119927
56119928
56119929
56119930
56119931
56119932
56119933
56119934
56119935
56119936
56119937
56119938
56119939
56119940
56119941
56119942
56119943
56119944
56119945
56119946
56119947
56119948
56119949
56119950
56119951
56119952
56119953
56119954
56119955
56119956
56119957
56119958
56119959
56119960
56119961
56119962
56119963
56119964
56119965
56119966
56119967
56119968
56119969
56119970
56119971
56119972
56119973
56119974
56119975
56119976
56119977
56119978
56119979
56119980
56119981
56119982
56119983
56119984
56119985
56119986
56119987
56119988
56119989
56119990
56119991
56119992
56119993
56119994
56119995
56119996
56119997
56119998
56119999
56120000
56120001
56120002
56120003
56120004
56120005
56120006
56120007
56120008
56120009
56120010
56120011
56120012
56120013
56120014
56120015
56120016
56120017
56120018
56120019
56120020
56120021
56120022
56120023
56120024
56120025
56120026
56120027
56120028
56120029
56120030
56120031
56120032
56120033
56120034
56120035
56120036
56120037
56120038
56120039
56120040
56120041
56120042
56120043
56120044
56120045
56120046
56120047
56120048
56120049
56120050
56120051
56120052
56120053
56120054
56120055
56120056
56120057
56120058
56120059
56120060
56120061
56120062
56120063
56120064
56120065
56120066
56120067
56120068
56120069
56120070
56120071
56120072
56120073
56120074
56120075
56120076
56120077
56120078
56120079
56120080
56120081
56120082
56120083
56120084
56120085
56120086
56120087
56120088
56120089
56120090
56120091
56120092
56120093
56120094
56120095
56120096
56120097
56120098
56120099
56120100
56120101
56120102
56120103
56120104
56120105
56120106
56120107
56120108
56120109
56120110
56120111
56120112
56120113
56120114
56120115
56120116
56120117
56120118
56120119
56120120
56120121
56120122
56120123
56120124
56120125
56120126
56120127
56120128
56120129
56120130
56120131
56120132
56120133
56120134
56120135
56120136
56120137
56120138
56120139
56120140
56120141
56120142
56120143
56120144
56120145
56120146
56120147
56120148
56120149
56120150
56120151
56120152
56120153
56120154
56120155
56120156
56120157
56120158
56120159
56120160
56120161
56120162
56120163
56120164
56120165
56120166
56120167
56120168
56120169
56120170
56120171
56120172
56120173
56120174
56120175
56120176
56120177
56120178
56120179
56120180
56120181
56120182
56120183
56120184
56120185
56120186
56120187
56120188
56120189
56120190
56120191
56120192
56120193
56120194
56120195
56120196
56120197
56120198
56120199
56120200
56120201
56120202
56120203
56120204
56120205
56120206
56120207
56120208
56120209
56120210
56120211
56120212
56120213
56120214
56120215
56120216
56120217
56120218
56120219
56120220
56120221
56120222
56120223
56120224
56120225
56120226
56120227
56120228
56120229
56120230
56120231
56120232
56120233
56120234
56120235
56120236
56120237
56120238
56120239
56120240
56120241
56120242
56120243
56120244
56120245
56120246
56120247
56120248
56120249
56120250
56120251
56120252
56120253
56120254
56120255
56120256
56120257
56120258
56120259
56120260
56120261
56120262
56120263
56120264
56120265
56120266
56120267
56120268
56120269
56120270
56120271
56120272
56120273
56120274
56120275
56120276
56120277
56120278
56120279
56120280
56120281
56120282
56120283
56120284
56120285
56120286
56120287
56120288
56120289
56120290
56120291
56120292
56120293
56120294
56120295
56120296
56120297
56120298
56120299
56120300
56120301
56120302
56120303
56120304
56120305
56120306
56120307
56120308
56120309
56120310
56120311
56120312
56120313
56120314
56120315
56120316
56120317
56120318
56120319
56120320
56120321
56120322
56120323
56120324
56120325
56120326
56120327
56120328
56120329
56120330
56120331
56120332
56120333
56120334
56120335
56120336
56120337
56120338
56120339
56120340
56120341
56120342
56120343
56120344
56120345
56120346
56120347
56120348
56120349
56120350
56120351
56120352
56120353
56120354
56120355
56120356
56120357
56120358
56120359
56120360
56120361
56120362
56120363
56120364
56120365
56120366
56120367
56120368
56120369
56120370
56120371
56120372
56120373
56120374
56120375
56120376
56120377
56120378
56120379
56120380
56120381
56120382
56120383
56120384
56120385
56120386
56120387
56120388
56120389
56120390
56120391
56120392
56120393
56120394
56120395
56120396
56120397
56120398
56120399
56120400
56120401
56120402
56120403
56120404
56120405
56120406
56120407
56120408
56120409
56120410
56120411
56120412
56120413
56120414
56120415
56120416
56120417
56120418
56120419
56120420
56120421
56120422
56120423
56120424
56120425
56120426
56120427
56120428
56120429
56120430
56120431
56120432
56120433
56120434
56120435
56120436
56120437
56120438
56120439
56120440
56120441
56120442
56120443
56120444
56120445
56120446
56120447
56120448
56120449
56120450
56120451
56120452
56120453
56120454
56120455
56120456
56120457
56120458
56120459
56120460
56120461
56120462
56120463
56120464
56120465
56120466
56120467
56120468
56120469
56120470
56120471
56120472
56120473
56120474
56120475
56120476
56120477
56120478
56120479
56120480
56120481
56120482
56120483
56120484
56120485
56120486
56120487
56120488
56120489
56120490
56120491
56120492
56120493
56120494
56120495
56120496
56120497
56120498
56120499
56120500
56120501
56120502
56120503
56120504
56120505
56120506
56120507
56120508
56120509
56120510
56120511
56120512
56120513
56120514
56120515
56120516
56120517
56120518
56120519
56120520
56120521
56120522
56120523
56120524
56120525
56120526
56120527
56120528
56120529
56120530
56120531
56120532
56120533
56120534
56120535
56120536
56120537
56120538
56120539
56120540
56120541
56120542
56120543
56120544
56120545
56120546
56120547
56120548
56120549
56120550
56120551
56120552
56120553
56120554
56120555
56120556
56120557
56120558
56120559
56120560
56120561
56120562
56120563
56120564
56120565
56120566
56120567
56120568
56120569
56120570
56120571
56120572
56120573
56120574
56120575
56120576
56120577
56120578
56120579
56120580
56120581
56120582
56120583
56120584
56120585
56120586
56120587
56120588
56120589
56120590
56120591
56120592
56120593
56120594
56120595
56120596
56120597
56120598
56120599
56120600
56120601
56120602
56120603
56120604
56120605
56120606
56120607
56120608
56120609
56120610
56120611
56120612
56120613
56120614
56120615
56120616
56120617
56120618
56120619
56120620
56120621
56120622
56120623
56120624
56120625
56120626
56120627
56120628
56120629
56120630
56120631
56120632
56120633
56120634
56120635
56120636
56120637
56120638
56120639
56120640
56120641
56120642
56120643
56120644
56120645
56120646
56120647
56120648
56120649
56120650
56120651
56120652
56120653
56120654
56120655
56120656
56120657
56120658
56120659
56120660
56120661
56120662
56120663
56120664
56120665
56120666
56120667
56120668
56120669
56120670
56120671
56120672
56120673
56120674
56120675
56120676
56120677
56120678
56120679
56120680
56120681
56120682
56120683
56120684
56120685
56120686
56120687
56120688
56120689
56120690
56120691
56120692
56120693
56120694
56120695
56120696
56120697
56120698
56120699
56120700
56120701
56120702
56120703
56120704
56120705
56120706
56120707
56120708
56120709
56120710
56120711
56120712
56120713
56120714
56120715
56120716
56120717
56120718
56120719
56120720
56120721
56120722
56120723
56120724
56120725
56120726
56120727
56120728
56120729
56120730
56120731
56120732
56120733
56120734
56120735
56120736
56120737
56120738
56120739
56120740
56120741
56120742
56120743
56120744
56120745
56120746
56120747
56120748
56120749
56120750
56120751
56120752
56120753
56120754
56120755
56120756
56120757
56120758
56120759
56120760
56120761
56120762
56120763
56120764
56120765
56120766
56120767
56120768
56120769
56120770
56120771
56120772
56120773
56120774
56120775
56120776
56120777
56120778
56120779
56120780
56120781
56120782
56120783
56120784
56120785
56120786
56120787
56120788
56120789
56120790
56120791
56120792
56120793
56120794
56120795
56120796
56120797
56120798
56120799
56120800
56120801
56120802
56120803
56120804
56120805
56120806
56120807
56120808
56120809
56120810
56120811
56120812
56120813
56120814
56120815
56120816
56120817
56120818
56120819
56120820
56120821
56120822
56120823
56120824
56120825
56120826
56120827
56120828
56120829
56120830
56120831
56120832
56120833
56120834
56120835
56120836
56120837
56120838
56120839
56120840
56120841
56120842
56120843
56120844
56120845
56120846
56120847
56120848
56120849
56120850
56120851
56120852
56120853
56120854
56120855
56120856
56120857
56120858
56120859
56120860
56120861
56120862
56120863
56120864
56120865
56120866
56120867
56120868
56120869
56120870
56120871
56120872
56120873
56120874
56120875
56120876
56120877
56120878
56120879
56120880
56120881
56120882
56120883
56120884
56120885
56120886
56120887
56120888
56120889
56120890
56120891
56120892
56120893
56120894
56120895
56120896
56120897
56120898
56120899
56120900
56120901
56120902
56120903
56120904
56120905
56120906
56120907
56120908
56120909
56120910
56120911
56120912
56120913
56120914
56120915
56120916
56120917
56120918
56120919
56120920
56120921
56120922
56120923
56120924
56120925
56120926
56120927
56120928
56120929
56120930
56120931
56120932
56120933
56120934
56120935
56120936
56120937
56120938
56120939
56120940
56120941
56120942
56120943
56120944
56120945
56120946
56120947
56120948
56120949
56120950
56120951
56120952
56120953
56120954
56120955
56120956
56120957
56120958
56120959
56120960
56120961
56120962
56120963
56120964
56120965
56120966
56120967
56120968
56120969
56120970
56120971
56120972
56120973
56120974
56120975
56120976
56120977
56120978
56120979
56120980
56120981
56120982
56120983
56120984
56120985
56120986
56120987
56120988
56120989
56120990
56120991
56120992
56120993
56120994
56120995
56120996
56120997
56120998
56120999
56121000
56121001
56121002
56121003
56121004
56121005
56121006
56121007
56121008
56121009
56121010
56121011
56121012
56121013
56121014
56121015
56121016
56121017
56121018
56121019
56121020
56121021
56121022
56121023
56121024
56121025
56121026
56121027
56121028
56121029
56121030
56121031
56121032
56121033
56121034
56121035
56121036
56121037
56121038
56121039
56121040
56121041
56121042
56121043
56121044
56121045
56121046
56121047
56121048
56121049
56121050
56121051
56121052
56121053
56121054
56121055
56121056
56121057
56121058
56121059
56121060
56121061
56121062
56121063
56121064
56121065
56121066
56121067
56121068
56121069
56121070
56121071
56121072
56121073
56121074
56121075
56121076
56121077
56121078
56121079
56121080
56121081
56121082
56121083
56121084
56121085
56121086
56121087
56121088
56121089
56121090
56121091
56121092
56121093
56121094
56121095
56121096
56121097
56121098
56121099
56121100
56121101
56121102
56121103
56121104
56121105
56121106
56121107
56121108
56121109
56121110
56121111
56121112
56121113
56121114
56121115
56121116
56121117
56121118
56121119
56121120
56121121
56121122
56121123
56121124
56121125
56121126
56121127
56121128
56121129
56121130
56121131
56121132
56121133
56121134
56121135
56121136
56121137
56121138
56121139
56121140
56121141
56121142
56121143
56121144
56121145
56121146
56121147
56121148
56121149
56121150
56121151
56121152
56121153
56121154
56121155
56121156
56121157
56121158
56121159
56121160
56121161
56121162
56121163
56121164
56121165
56121166
56121167
56121168
56121169
56121170
56121171
56121172
56121173
56121174
56121175
56121176
56121177
56121178
56121179
56121180
56121181
56121182
56121183
56121184
56121185
56121186
56121187
56121188
56121189
56121190
56121191
56121192
56121193
56121194
56121195
56121196
56121197
56121198
56121199
56121200
56121201
56121202
56121203
56121204
56121205
56121206
56121207
56121208
56121209
56121210
56121211
56121212
56121213
56121214
56121215
56121216
56121217
56121218
56121219
56121220
56121221
56121222
56121223
56121224
56121225
56121226
56121227
56121228
56121229
56121230
56121231
56121232
56121233
56121234
56121235
56121236
56121237
56121238
56121239
56121240
56121241
56121242
56121243
56121244
56121245
56121246
56121247
56121248
56121249
56121250
56121251
56121252
56121253
56121254
56121255
56121256
56121257
56121258
56121259
56121260
56121261
56121262
56121263
56121264
56121265
56121266
56121267
56121268
56121269
56121270
56121271
56121272
56121273
56121274
56121275
56121276
56121277
56121278
56121279
56121280
56121281
56121282
56121283
56121284
56121285
56121286
56121287
56121288
56121289
56121290
56121291
56121292
56121293
56121294
56121295
56121296
56121297
56121298
56121299
56121300
56121301
56121302
56121303
56121304
56121305
56121306
56121307
56121308
56121309
56121310
56121311
56121312
56121313
56121314
56121315
56121316
56121317
56121318
56121319
56121320
56121321
56121322
56121323
56121324
56121325
56121326
56121327
56121328
56121329
56121330
56121331
56121332
56121333
56121334
56121335
56121336
56121337
56121338
56121339
56121340
56121341
56121342
56121343
56121344
56121345
56121346
56121347
56121348
56121349
56121350
56121351
56121352
56121353
56121354
56121355
56121356
56121357
56121358
56121359
56121360
56121361
56121362
56121363
56121364
56121365
56121366
56121367
56121368
56121369
56121370
56121371
56121372
56121373
56121374
56121375
56121376
56121377
56121378
56121379
56121380
56121381
56121382
56121383
56121384
56121385
56121386
56121387
56121388
56121389
56121390
56121391
56121392
56121393
56121394
56121395
56121396
56121397
56121398
56121399
56121400
56121401
56121402
56121403
56121404
56121405
56121406
56121407
56121408
56121409
56121410
56121411
56121412
56121413
56121414
56121415
56121416
56121417
56121418
56121419
56121420
56121421
56121422
56121423
56121424
56121425
56121426
56121427
56121428
56121429
56121430
56121431
56121432
56121433
56121434
56121435
56121436
56121437
56121438
56121439
56121440
56121441
56121442
56121443
56121444
56121445
56121446
56121447
56121448
56121449
56121450
56121451
56121452
56121453
56121454
56121455
56121456
56121457
56121458
56121459
56121460
56121461
56121462
56121463
56121464
56121465
56121466
56121467
56121468
56121469
56121470
56121471
56121472
56121473
56121474
56121475
56121476
56121477
56121478
56121479
56121480
56121481
56121482
56121483
56121484
56121485
56121486
56121487
56121488
56121489
56121490
56121491
56121492
56121493
56121494
56121495
56121496
56121497
56121498
56121499
56121500
56121501
56121502
56121503
56121504
56121505
56121506
56121507
56121508
56121509
56121510
56121511
56121512
56121513
56121514
56121515
56121516
56121517
56121518
56121519
56121520
56121521
56121522
56121523
56121524
56121525
56121526
56121527
56121528
56121529
56121530
56121531
56121532
56121533
56121534
56121535
56121536
56121537
56121538
56121539
56121540
56121541
56121542
56121543
56121544
56121545
56121546
56121547
56121548
56121549
56121550
56121551
56121552
56121553
56121554
56121555
56121556
56121557
56121558
56121559
56121560
56121561
56121562
56121563
56121564
56121565
56121566
56121567
56121568
56121569
56121570
56121571
56121572
56121573
56121574
56121575
56121576
56121577
56121578
56121579
56121580
56121581
56121582
56121583
56121584
56121585
56121586
56121587
56121588
56121589
56121590
56121591
56121592
56121593
56121594
56121595
56121596
56121597
56121598
56121599
56121600
56121601
56121602
56121603
56121604
56121605
56121606
56121607
56121608
56121609
56121610
56121611
56121612
56121613
56121614
56121615
56121616
56121617
56121618
56121619
56121620
56121621
56121622
56121623
56121624
56121625
56121626
56121627
56121628
56121629
56121630
56121631
56121632
56121633
56121634
56121635
56121636
56121637
56121638
56121639
56121640
56121641
56121642
56121643
56121644
56121645
56121646
56121647
56121648
56121649
56121650
56121651
56121652
56121653
56121654
56121655
56121656
56121657
56121658
56121659
56121660
56121661
56121662
56121663
56121664
56121665
56121666
56121667
56121668
56121669
56121670
56121671
56121672
56121673
56121674
56121675
56121676
56121677
56121678
56121679
56121680
56121681
56121682
56121683
56121684
56121685
56121686
56121687
56121688
56121689
56121690
56121691
56121692
56121693
56121694
56121695
56121696
56121697
56121698
56121699
56121700
56121701
56121702
56121703
56121704
56121705
56121706
56121707
56121708
56121709
56121710
56121711
56121712
56121713
56121714
56121715
56121716
56121717
56121718
56121719
56121720
56121721
56121722
56121723
56121724
56121725
56121726
56121727
56121728
56121729
56121730
56121731
56121732
56121733
56121734
56121735
56121736
56121737
56121738
56121739
56121740
56121741
56121742
56121743
56121744
56121745
56121746
56121747
56121748
56121749
56121750
56121751
56121752
56121753
56121754
56121755
56121756
56121757
56121758
56121759
56121760
56121761
56121762
56121763
56121764
56121765
56121766
56121767
56121768
56121769
56121770
56121771
56121772
56121773
56121774
56121775
56121776
56121777
56121778
56121779
56121780
56121781
56121782
56121783
56121784
56121785
56121786
56121787
56121788
56121789
56121790
56121791
56121792
56121793
56121794
56121795
56121796
56121797
56121798
56121799
56121800
56121801
56121802
56121803
56121804
56121805
56121806
56121807
56121808
56121809
56121810
56121811
56121812
56121813
56121814
56121815
56121816
56121817
56121818
56121819
56121820
56121821
56121822
56121823
56121824
56121825
56121826
56121827
56121828
56121829
56121830
56121831
56121832
56121833
56121834
56121835
56121836
56121837
56121838
56121839
56121840
56121841
56121842
56121843
56121844
56121845
56121846
56121847
56121848
56121849
56121850
56121851
56121852
56121853
56121854
56121855
56121856
56121857
56121858
56121859
56121860
56121861
56121862
56121863
56121864
56121865
56121866
56121867
56121868
56121869
56121870
56121871
56121872
56121873
56121874
56121875
56121876
56121877
56121878
56121879
56121880
56121881
56121882
56121883
56121884
56121885
56121886
56121887
56121888
56121889
56121890
56121891
56121892
56121893
56121894
56121895
56121896
56121897
56121898
56121899
56121900
56121901
56121902
56121903
56121904
56121905
56121906
56121907
56121908
56121909
56121910
56121911
56121912
56121913
56121914
56121915
56121916
56121917
56121918
56121919
56121920
56121921
56121922
56121923
56121924
56121925
56121926
56121927
56121928
56121929
56121930
56121931
56121932
56121933
56121934
56121935
56121936
56121937
56121938
56121939
56121940
56121941
56121942
56121943
56121944
56121945
56121946
56121947
56121948
56121949
56121950
56121951
56121952
56121953
56121954
56121955
56121956
56121957
56121958
56121959
56121960
56121961
56121962
56121963
56121964
56121965
56121966
56121967
56121968
56121969
56121970
56121971
56121972
56121973
56121974
56121975
56121976
56121977
56121978
56121979
56121980
56121981
56121982
56121983
56121984
56121985
56121986
56121987
56121988
56121989
56121990
56121991
56121992
56121993
56121994
56121995
56121996
56121997
56121998
56121999
56122000
56122001
56122002
56122003
56122004
56122005
56122006
56122007
56122008
56122009
56122010
56122011
56122012
56122013
56122014
56122015
56122016
56122017
56122018
56122019
56122020
56122021
56122022
56122023
56122024
56122025
56122026
56122027
56122028
56122029
56122030
56122031
56122032
56122033
56122034
56122035
56122036
56122037
56122038
56122039
56122040
56122041
56122042
56122043
56122044
56122045
56122046
56122047
56122048
56122049
56122050
56122051
56122052
56122053
56122054
56122055
56122056
56122057
56122058
56122059
56122060
56122061
56122062
56122063
56122064
56122065
56122066
56122067
56122068
56122069
56122070
56122071
56122072
56122073
56122074
56122075
56122076
56122077
56122078
56122079
56122080
56122081
56122082
56122083
56122084
56122085
56122086
56122087
56122088
56122089
56122090
56122091
56122092
56122093
56122094
56122095
56122096
56122097
56122098
56122099
56122100
56122101
56122102
56122103
56122104
56122105
56122106
56122107
56122108
56122109
56122110
56122111
56122112
56122113
56122114
56122115
56122116
56122117
56122118
56122119
56122120
56122121
56122122
56122123
56122124
56122125
56122126
56122127
56122128
56122129
56122130
56122131
56122132
56122133
56122134
56122135
56122136
56122137
56122138
56122139
56122140
56122141
56122142
56122143
56122144
56122145
56122146
56122147
56122148
56122149
56122150
56122151
56122152
56122153
56122154
56122155
56122156
56122157
56122158
56122159
56122160
56122161
56122162
56122163
56122164
56122165
56122166
56122167
56122168
56122169
56122170
56122171
56122172
56122173
56122174
56122175
56122176
56122177
56122178
56122179
56122180
56122181
56122182
56122183
56122184
56122185
56122186
56122187
56122188
56122189
56122190
56122191
56122192
56122193
56122194
56122195
56122196
56122197
56122198
56122199
56122200
56122201
56122202
56122203
56122204
56122205
56122206
56122207
56122208
56122209
56122210
56122211
56122212
56122213
56122214
56122215
56122216
56122217
56122218
56122219
56122220
56122221
56122222
56122223
56122224
56122225
56122226
56122227
56122228
56122229
56122230
56122231
56122232
56122233
56122234
56122235
56122236
56122237
56122238
56122239
56122240
56122241
56122242
56122243
56122244
56122245
56122246
56122247
56122248
56122249
56122250
56122251
56122252
56122253
56122254
56122255
56122256
56122257
56122258
56122259
56122260
56122261
56122262
56122263
56122264
56122265
56122266
56122267
56122268
56122269
56122270
56122271
56122272
56122273
56122274
56122275
56122276
56122277
56122278
56122279
56122280
56122281
56122282
56122283
56122284
56122285
56122286
56122287
56122288
56122289
56122290
56122291
56122292
56122293
56122294
56122295
56122296
56122297
56122298
56122299
56122300
56122301
56122302
56122303
56122304
56122305
56122306
56122307
56122308
56122309
56122310
56122311
56122312
56122313
56122314
56122315
56122316
56122317
56122318
56122319
56122320
56122321
56122322
56122323
56122324
56122325
56122326
56122327
56122328
56122329
56122330
56122331
56122332
56122333
56122334
56122335
56122336
56122337
56122338
56122339
56122340
56122341
56122342
56122343
56122344
56122345
56122346
56122347
56122348
56122349
56122350
56122351
56122352
56122353
56122354
56122355
56122356
56122357
56122358
56122359
56122360
56122361
56122362
56122363
56122364
56122365
56122366
56122367
56122368
56122369
56122370
56122371
56122372
56122373
56122374
56122375
56122376
56122377
56122378
56122379
56122380
56122381
56122382
56122383
56122384
56122385
56122386
56122387
56122388
56122389
56122390
56122391
56122392
56122393
56122394
56122395
56122396
56122397
56122398
56122399
56122400
56122401
56122402
56122403
56122404
56122405
56122406
56122407
56122408
56122409
56122410
56122411
56122412
56122413
56122414
56122415
56122416
56122417
56122418
56122419
56122420
56122421
56122422
56122423
56122424
56122425
56122426
56122427
56122428
56122429
56122430
56122431
56122432
56122433
56122434
56122435
56122436
56122437
56122438
56122439
56122440
56122441
56122442
56122443
56122444
56122445
56122446
56122447
56122448
56122449
56122450
56122451
56122452
56122453
56122454
56122455
56122456
56122457
56122458
56122459
56122460
56122461
56122462
56122463
56122464
56122465
56122466
56122467
56122468
56122469
56122470
56122471
56122472
56122473
56122474
56122475
56122476
56122477
56122478
56122479
56122480
56122481
56122482
56122483
56122484
56122485
56122486
56122487
56122488
56122489
56122490
56122491
56122492
56122493
56122494
56122495
56122496
56122497
56122498
56122499
56122500
56122501
56122502
56122503
56122504
56122505
56122506
56122507
56122508
56122509
56122510
56122511
56122512
56122513
56122514
56122515
56122516
56122517
56122518
56122519
56122520
56122521
56122522
56122523
56122524
56122525
56122526
56122527
56122528
56122529
56122530
56122531
56122532
56122533
56122534
56122535
56122536
56122537
56122538
56122539
56122540
56122541
56122542
56122543
56122544
56122545
56122546
56122547
56122548
56122549
56122550
56122551
56122552
56122553
56122554
56122555
56122556
56122557
56122558
56122559
56122560
56122561
56122562
56122563
56122564
56122565
56122566
56122567
56122568
56122569
56122570
56122571
56122572
56122573
56122574
56122575
56122576
56122577
56122578
56122579
56122580
56122581
56122582
56122583
56122584
56122585
56122586
56122587
56122588
56122589
56122590
56122591
56122592
56122593
56122594
56122595
56122596
56122597
56122598
56122599
56122600
56122601
56122602
56122603
56122604
56122605
56122606
56122607
56122608
56122609
56122610
56122611
56122612
56122613
56122614
56122615
56122616
56122617
56122618
56122619
56122620
56122621
56122622
56122623
56122624
56122625
56122626
56122627
56122628
56122629
56122630
56122631
56122632
56122633
56122634
56122635
56122636
56122637
56122638
56122639
56122640
56122641
56122642
56122643
56122644
56122645
56122646
56122647
56122648
56122649
56122650
56122651
56122652
56122653
56122654
56122655
56122656
56122657
56122658
56122659
56122660
56122661
56122662
56122663
56122664
56122665
56122666
56122667
56122668
56122669
56122670
56122671
56122672
56122673
56122674
56122675
56122676
56122677
56122678
56122679
56122680
56122681
56122682
56122683
56122684
56122685
56122686
56122687
56122688
56122689
56122690
56122691
56122692
56122693
56122694
56122695
56122696
56122697
56122698
56122699
56122700
56122701
56122702
56122703
56122704
56122705
56122706
56122707
56122708
56122709
56122710
56122711
56122712
56122713
56122714
56122715
56122716
56122717
56122718
56122719
56122720
56122721
56122722
56122723
56122724
56122725
56122726
56122727
56122728
56122729
56122730
56122731
56122732
56122733
56122734
56122735
56122736
56122737
56122738
56122739
56122740
56122741
56122742
56122743
56122744
56122745
56122746
56122747
56122748
56122749
56122750
56122751
56122752
56122753
56122754
56122755
56122756
56122757
56122758
56122759
56122760
56122761
56122762
56122763
56122764
56122765
56122766
56122767
56122768
56122769
56122770
56122771
56122772
56122773
56122774
56122775
56122776
56122777
56122778
56122779
56122780
56122781
56122782
56122783
56122784
56122785
56122786
56122787
56122788
56122789
56122790
56122791
56122792
56122793
56122794
56122795
56122796
56122797
56122798
56122799
56122800
56122801
56122802
56122803
56122804
56122805
56122806
56122807
56122808
56122809
56122810
56122811
56122812
56122813
56122814
56122815
56122816
56122817
56122818
56122819
56122820
56122821
56122822
56122823
56122824
56122825
56122826
56122827
56122828
56122829
56122830
56122831
56122832
56122833
56122834
56122835
56122836
56122837
56122838
56122839
56122840
56122841
56122842
56122843
56122844
56122845
56122846
56122847
56122848
56122849
56122850
56122851
56122852
56122853
56122854
56122855
56122856
56122857
56122858
56122859
56122860
56122861
56122862
56122863
56122864
56122865
56122866
56122867
56122868
56122869
56122870
56122871
56122872
56122873
56122874
56122875
56122876
56122877
56122878
56122879
56122880
56122881
56122882
56122883
56122884
56122885
56122886
56122887
56122888
56122889
56122890
56122891
56122892
56122893
56122894
56122895
56122896
56122897
56122898
56122899
56122900
56122901
56122902
56122903
56122904
56122905
56122906
56122907
56122908
56122909
56122910
56122911
56122912
56122913
56122914
56122915
56122916
56122917
56122918
56122919
56122920
56122921
56122922
56122923
56122924
56122925
56122926
56122927
56122928
56122929
56122930
56122931
56122932
56122933
56122934
56122935
56122936
56122937
56122938
56122939
56122940
56122941
56122942
56122943
56122944
56122945
56122946
56122947
56122948
56122949
56122950
56122951
56122952
56122953
56122954
56122955
56122956
56122957
56122958
56122959
56122960
56122961
56122962
56122963
56122964
56122965
56122966
56122967
56122968
56122969
56122970
56122971
56122972
56122973
56122974
56122975
56122976
56122977
56122978
56122979
56122980
56122981
56122982
56122983
56122984
56122985
56122986
56122987
56122988
56122989
56122990
56122991
56122992
56122993
56122994
56122995
56122996
56122997
56122998
56122999
56123000
56123001
56123002
56123003
56123004
56123005
56123006
56123007
56123008
56123009
56123010
56123011
56123012
56123013
56123014
56123015
56123016
56123017
56123018
56123019
56123020
56123021
56123022
56123023
56123024
56123025
56123026
56123027
56123028
56123029
56123030
56123031
56123032
56123033
56123034
56123035
56123036
56123037
56123038
56123039
56123040
56123041
56123042
56123043
56123044
56123045
56123046
56123047
56123048
56123049
56123050
56123051
56123052
56123053
56123054
56123055
56123056
56123057
56123058
56123059
56123060
56123061
56123062
56123063
56123064
56123065
56123066
56123067
56123068
56123069
56123070
56123071
56123072
56123073
56123074
56123075
56123076
56123077
56123078
56123079
56123080
56123081
56123082
56123083
56123084
56123085
56123086
56123087
56123088
56123089
56123090
56123091
56123092
56123093
56123094
56123095
56123096
56123097
56123098
56123099
56123100
56123101
56123102
56123103
56123104
56123105
56123106
56123107
56123108
56123109
56123110
56123111
56123112
56123113
56123114
56123115
56123116
56123117
56123118
56123119
56123120
56123121
56123122
56123123
56123124
56123125
56123126
56123127
56123128
56123129
56123130
56123131
56123132
56123133
56123134
56123135
56123136
56123137
56123138
56123139
56123140
56123141
56123142
56123143
56123144
56123145
56123146
56123147
56123148
56123149
56123150
56123151
56123152
56123153
56123154
56123155
56123156
56123157
56123158
56123159
56123160
56123161
56123162
56123163
56123164
56123165
56123166
56123167
56123168
56123169
56123170
56123171
56123172
56123173
56123174
56123175
56123176
56123177
56123178
56123179
56123180
56123181
56123182
56123183
56123184
56123185
56123186
56123187
56123188
56123189
56123190
56123191
56123192
56123193
56123194
56123195
56123196
56123197
56123198
56123199
56123200
56123201
56123202
56123203
56123204
56123205
56123206
56123207
56123208
56123209
56123210
56123211
56123212
56123213
56123214
56123215
56123216
56123217
56123218
56123219
56123220
56123221
56123222
56123223
56123224
56123225
56123226
56123227
56123228
56123229
56123230
56123231
56123232
56123233
56123234
56123235
56123236
56123237
56123238
56123239
56123240
56123241
56123242
56123243
56123244
56123245
56123246
56123247
56123248
56123249
56123250
56123251
56123252
56123253
56123254
56123255
56123256
56123257
56123258
56123259
56123260
56123261
56123262
56123263
56123264
56123265
56123266
56123267
56123268
56123269
56123270
56123271
56123272
56123273
56123274
56123275
56123276
56123277
56123278
56123279
56123280
56123281
56123282
56123283
56123284
56123285
56123286
56123287
56123288
56123289
56123290
56123291
56123292
56123293
56123294
56123295
56123296
56123297
56123298
56123299
56123300
56123301
56123302
56123303
56123304
56123305
56123306
56123307
56123308
56123309
56123310
56123311
56123312
56123313
56123314
56123315
56123316
56123317
56123318
56123319
56123320
56123321
56123322
56123323
56123324
56123325
56123326
56123327
56123328
56123329
56123330
56123331
56123332
56123333
56123334
56123335
56123336
56123337
56123338
56123339
56123340
56123341
56123342
56123343
56123344
56123345
56123346
56123347
56123348
56123349
56123350
56123351
56123352
56123353
56123354
56123355
56123356
56123357
56123358
56123359
56123360
56123361
56123362
56123363
56123364
56123365
56123366
56123367
56123368
56123369
56123370
56123371
56123372
56123373
56123374
56123375
56123376
56123377
56123378
56123379
56123380
56123381
56123382
56123383
56123384
56123385
56123386
56123387
56123388
56123389
56123390
56123391
56123392
56123393
56123394
56123395
56123396
56123397
56123398
56123399
56123400
56123401
56123402
56123403
56123404
56123405
56123406
56123407
56123408
56123409
56123410
56123411
56123412
56123413
56123414
56123415
56123416
56123417
56123418
56123419
56123420
56123421
56123422
56123423
56123424
56123425
56123426
56123427
56123428
56123429
56123430
56123431
56123432
56123433
56123434
56123435
56123436
56123437
56123438
56123439
56123440
56123441
56123442
56123443
56123444
56123445
56123446
56123447
56123448
56123449
56123450
56123451
56123452
56123453
56123454
56123455
56123456
56123457
56123458
56123459
56123460
56123461
56123462
56123463
56123464
56123465
56123466
56123467
56123468
56123469
56123470
56123471
56123472
56123473
56123474
56123475
56123476
56123477
56123478
56123479
56123480
56123481
56123482
56123483
56123484
56123485
56123486
56123487
56123488
56123489
56123490
56123491
56123492
56123493
56123494
56123495
56123496
56123497
56123498
56123499
56123500
56123501
56123502
56123503
56123504
56123505
56123506
56123507
56123508
56123509
56123510
56123511
56123512
56123513
56123514
56123515
56123516
56123517
56123518
56123519
56123520
56123521
56123522
56123523
56123524
56123525
56123526
56123527
56123528
56123529
56123530
56123531
56123532
56123533
56123534
56123535
56123536
56123537
56123538
56123539
56123540
56123541
56123542
56123543
56123544
56123545
56123546
56123547
56123548
56123549
56123550
56123551
56123552
56123553
56123554
56123555
56123556
56123557
56123558
56123559
56123560
56123561
56123562
56123563
56123564
56123565
56123566
56123567
56123568
56123569
56123570
56123571
56123572
56123573
56123574
56123575
56123576
56123577
56123578
56123579
56123580
56123581
56123582
56123583
56123584
56123585
56123586
56123587
56123588
56123589
56123590
56123591
56123592
56123593
56123594
56123595
56123596
56123597
56123598
56123599
56123600
56123601
56123602
56123603
56123604
56123605
56123606
56123607
56123608
56123609
56123610
56123611
56123612
56123613
56123614
56123615
56123616
56123617
56123618
56123619
56123620
56123621
56123622
56123623
56123624
56123625
56123626
56123627
56123628
56123629
56123630
56123631
56123632
56123633
56123634
56123635
56123636
56123637
56123638
56123639
56123640
56123641
56123642
56123643
56123644
56123645
56123646
56123647
56123648
56123649
56123650
56123651
56123652
56123653
56123654
56123655
56123656
56123657
56123658
56123659
56123660
56123661
56123662
56123663
56123664
56123665
56123666
56123667
56123668
56123669
56123670
56123671
56123672
56123673
56123674
56123675
56123676
56123677
56123678
56123679
56123680
56123681
56123682
56123683
56123684
56123685
56123686
56123687
56123688
56123689
56123690
56123691
56123692
56123693
56123694
56123695
56123696
56123697
56123698
56123699
56123700
56123701
56123702
56123703
56123704
56123705
56123706
56123707
56123708
56123709
56123710
56123711
56123712
56123713
56123714
56123715
56123716
56123717
56123718
56123719
56123720
56123721
56123722
56123723
56123724
56123725
56123726
56123727
56123728
56123729
56123730
56123731
56123732
56123733
56123734
56123735
56123736
56123737
56123738
56123739
56123740
56123741
56123742
56123743
56123744
56123745
56123746
56123747
56123748
56123749
56123750
56123751
56123752
56123753
56123754
56123755
56123756
56123757
56123758
56123759
56123760
56123761
56123762
56123763
56123764
56123765
56123766
56123767
56123768
56123769
56123770
56123771
56123772
56123773
56123774
56123775
56123776
56123777
56123778
56123779
56123780
56123781
56123782
56123783
56123784
56123785
56123786
56123787
56123788
56123789
56123790
56123791
56123792
56123793
56123794
56123795
56123796
56123797
56123798
56123799
56123800
56123801
56123802
56123803
56123804
56123805
56123806
56123807
56123808
56123809
56123810
56123811
56123812
56123813
56123814
56123815
56123816
56123817
56123818
56123819
56123820
56123821
56123822
56123823
56123824
56123825
56123826
56123827
56123828
56123829
56123830
56123831
56123832
56123833
56123834
56123835
56123836
56123837
56123838
56123839
56123840
56123841
56123842
56123843
56123844
56123845
56123846
56123847
56123848
56123849
56123850
56123851
56123852
56123853
56123854
56123855
56123856
56123857
56123858
56123859
56123860
56123861
56123862
56123863
56123864
56123865
56123866
56123867
56123868
56123869
56123870
56123871
56123872
56123873
56123874
56123875
56123876
56123877
56123878
56123879
56123880
56123881
56123882
56123883
56123884
56123885
56123886
56123887
56123888
56123889
56123890
56123891
56123892
56123893
56123894
56123895
56123896
56123897
56123898
56123899
56123900
56123901
56123902
56123903
56123904
56123905
56123906
56123907
56123908
56123909
56123910
56123911
56123912
56123913
56123914
56123915
56123916
56123917
56123918
56123919
56123920
56123921
56123922
56123923
56123924
56123925
56123926
56123927
56123928
56123929
56123930
56123931
56123932
56123933
56123934
56123935
56123936
56123937
56123938
56123939
56123940
56123941
56123942
56123943
56123944
56123945
56123946
56123947
56123948
56123949
56123950
56123951
56123952
56123953
56123954
56123955
56123956
56123957
56123958
56123959
56123960
56123961
56123962
56123963
56123964
56123965
56123966
56123967
56123968
56123969
56123970
56123971
56123972
56123973
56123974
56123975
56123976
56123977
56123978
56123979
56123980
56123981
56123982
56123983
56123984
56123985
56123986
56123987
56123988
56123989
56123990
56123991
56123992
56123993
56123994
56123995
56123996
56123997
56123998
56123999
56124000
56124001
56124002
56124003
56124004
56124005
56124006
56124007
56124008
56124009
56124010
56124011
56124012
56124013
56124014
56124015
56124016
56124017
56124018
56124019
56124020
56124021
56124022
56124023
56124024
56124025
56124026
56124027
56124028
56124029
56124030
56124031
56124032
56124033
56124034
56124035
56124036
56124037
56124038
56124039
56124040
56124041
56124042
56124043
56124044
56124045
56124046
56124047
56124048
56124049
56124050
56124051
56124052
56124053
56124054
56124055
56124056
56124057
56124058
56124059
56124060
56124061
56124062
56124063
56124064
56124065
56124066
56124067
56124068
56124069
56124070
56124071
56124072
56124073
56124074
56124075
56124076
56124077
56124078
56124079
56124080
56124081
56124082
56124083
56124084
56124085
56124086
56124087
56124088
56124089
56124090
56124091
56124092
56124093
56124094
56124095
56124096
56124097
56124098
56124099
56124100
56124101
56124102
56124103
56124104
56124105
56124106
56124107
56124108
56124109
56124110
56124111
56124112
56124113
56124114
56124115
56124116
56124117
56124118
56124119
56124120
56124121
56124122
56124123
56124124
56124125
56124126
56124127
56124128
56124129
56124130
56124131
56124132
56124133
56124134
56124135
56124136
56124137
56124138
56124139
56124140
56124141
56124142
56124143
56124144
56124145
56124146
56124147
56124148
56124149
56124150
56124151
56124152
56124153
56124154
56124155
56124156
56124157
56124158
56124159
56124160
56124161
56124162
56124163
56124164
56124165
56124166
56124167
56124168
56124169
56124170
56124171
56124172
56124173
56124174
56124175
56124176
56124177
56124178
56124179
56124180
56124181
56124182
56124183
56124184
56124185
56124186
56124187
56124188
56124189
56124190
56124191
56124192
56124193
56124194
56124195
56124196
56124197
56124198
56124199
56124200
56124201
56124202
56124203
56124204
56124205
56124206
56124207
56124208
56124209
56124210
56124211
56124212
56124213
56124214
56124215
56124216
56124217
56124218
56124219
56124220
56124221
56124222
56124223
56124224
56124225
56124226
56124227
56124228
56124229
56124230
56124231
56124232
56124233
56124234
56124235
56124236
56124237
56124238
56124239
56124240
56124241
56124242
56124243
56124244
56124245
56124246
56124247
56124248
56124249
56124250
56124251
56124252
56124253
56124254
56124255
56124256
56124257
56124258
56124259
56124260
56124261
56124262
56124263
56124264
56124265
56124266
56124267
56124268
56124269
56124270
56124271
56124272
56124273
56124274
56124275
56124276
56124277
56124278
56124279
56124280
56124281
56124282
56124283
56124284
56124285
56124286
56124287
56124288
56124289
56124290
56124291
56124292
56124293
56124294
56124295
56124296
56124297
56124298
56124299
56124300
56124301
56124302
56124303
56124304
56124305
56124306
56124307
56124308
56124309
56124310
56124311
56124312
56124313
56124314
56124315
56124316
56124317
56124318
56124319
56124320
56124321
56124322
56124323
56124324
56124325
56124326
56124327
56124328
56124329
56124330
56124331
56124332
56124333
56124334
56124335
56124336
56124337
56124338
56124339
56124340
56124341
56124342
56124343
56124344
56124345
56124346
56124347
56124348
56124349
56124350
56124351
56124352
56124353
56124354
56124355
56124356
56124357
56124358
56124359
56124360
56124361
56124362
56124363
56124364
56124365
56124366
56124367
56124368
56124369
56124370
56124371
56124372
56124373
56124374
56124375
56124376
56124377
56124378
56124379
56124380
56124381
56124382
56124383
56124384
56124385
56124386
56124387
56124388
56124389
56124390
56124391
56124392
56124393
56124394
56124395
56124396
56124397
56124398
56124399
56124400
56124401
56124402
56124403
56124404
56124405
56124406
56124407
56124408
56124409
56124410
56124411
56124412
56124413
56124414
56124415
56124416
56124417
56124418
56124419
56124420
56124421
56124422
56124423
56124424
56124425
56124426
56124427
56124428
56124429
56124430
56124431
56124432
56124433
56124434
56124435
56124436
56124437
56124438
56124439
56124440
56124441
56124442
56124443
56124444
56124445
56124446
56124447
56124448
56124449
56124450
56124451
56124452
56124453
56124454
56124455
56124456
56124457
56124458
56124459
56124460
56124461
56124462
56124463
56124464
56124465
56124466
56124467
56124468
56124469
56124470
56124471
56124472
56124473
56124474
56124475
56124476
56124477
56124478
56124479
56124480
56124481
56124482
56124483
56124484
56124485
56124486
56124487
56124488
56124489
56124490
56124491
56124492
56124493
56124494
56124495
56124496
56124497
56124498
56124499
56124500
56124501
56124502
56124503
56124504
56124505
56124506
56124507
56124508
56124509
56124510
56124511
56124512
56124513
56124514
56124515
56124516
56124517
56124518
56124519
56124520
56124521
56124522
56124523
56124524
56124525
56124526
56124527
56124528
56124529
56124530
56124531
56124532
56124533
56124534
56124535
56124536
56124537
56124538
56124539
56124540
56124541
56124542
56124543
56124544
56124545
56124546
56124547
56124548
56124549
56124550
56124551
56124552
56124553
56124554
56124555
56124556
56124557
56124558
56124559
56124560
56124561
56124562
56124563
56124564
56124565
56124566
56124567
56124568
56124569
56124570
56124571
56124572
56124573
56124574
56124575
56124576
56124577
56124578
56124579
56124580
56124581
56124582
56124583
56124584
56124585
56124586
56124587
56124588
56124589
56124590
56124591
56124592
56124593
56124594
56124595
56124596
56124597
56124598
56124599
56124600
56124601
56124602
56124603
56124604
56124605
56124606
56124607
56124608
56124609
56124610
56124611
56124612
56124613
56124614
56124615
56124616
56124617
56124618
56124619
56124620
56124621
56124622
56124623
56124624
56124625
56124626
56124627
56124628
56124629
56124630
56124631
56124632
56124633
56124634
56124635
56124636
56124637
56124638
56124639
56124640
56124641
56124642
56124643
56124644
56124645
56124646
56124647
56124648
56124649
56124650
56124651
56124652
56124653
56124654
56124655
56124656
56124657
56124658
56124659
56124660
56124661
56124662
56124663
56124664
56124665
56124666
56124667
56124668
56124669
56124670
56124671
56124672
56124673
56124674
56124675
56124676
56124677
56124678
56124679
56124680
56124681
56124682
56124683
56124684
56124685
56124686
56124687
56124688
56124689
56124690
56124691
56124692
56124693
56124694
56124695
56124696
56124697
56124698
56124699
56124700
56124701
56124702
56124703
56124704
56124705
56124706
56124707
56124708
56124709
56124710
56124711
56124712
56124713
56124714
56124715
56124716
56124717
56124718
56124719
56124720
56124721
56124722
56124723
56124724
56124725
56124726
56124727
56124728
56124729
56124730
56124731
56124732
56124733
56124734
56124735
56124736
56124737
56124738
56124739
56124740
56124741
56124742
56124743
56124744
56124745
56124746
56124747
56124748
56124749
56124750
56124751
56124752
56124753
56124754
56124755
56124756
56124757
56124758
56124759
56124760
56124761
56124762
56124763
56124764
56124765
56124766
56124767
56124768
56124769
56124770
56124771
56124772
56124773
56124774
56124775
56124776
56124777
56124778
56124779
56124780
56124781
56124782
56124783
56124784
56124785
56124786
56124787
56124788
56124789
56124790
56124791
56124792
56124793
56124794
56124795
56124796
56124797
56124798
56124799
56124800
56124801
56124802
56124803
56124804
56124805
56124806
56124807
56124808
56124809
56124810
56124811
56124812
56124813
56124814
56124815
56124816
56124817
56124818
56124819
56124820
56124821
56124822
56124823
56124824
56124825
56124826
56124827
56124828
56124829
56124830
56124831
56124832
56124833
56124834
56124835
56124836
56124837
56124838
56124839
56124840
56124841
56124842
56124843
56124844
56124845
56124846
56124847
56124848
56124849
56124850
56124851
56124852
56124853
56124854
56124855
56124856
56124857
56124858
56124859
56124860
56124861
56124862
56124863
56124864
56124865
56124866
56124867
56124868
56124869
56124870
56124871
56124872
56124873
56124874
56124875
56124876
56124877
56124878
56124879
56124880
56124881
56124882
56124883
56124884
56124885
56124886
56124887
56124888
56124889
56124890
56124891
56124892
56124893
56124894
56124895
56124896
56124897
56124898
56124899
56124900
56124901
56124902
56124903
56124904
56124905
56124906
56124907
56124908
56124909
56124910
56124911
56124912
56124913
56124914
56124915
56124916
56124917
56124918
56124919
56124920
56124921
56124922
56124923
56124924
56124925
56124926
56124927
56124928
56124929
56124930
56124931
56124932
56124933
56124934
56124935
56124936
56124937
56124938
56124939
56124940
56124941
56124942
56124943
56124944
56124945
56124946
56124947
56124948
56124949
56124950
56124951
56124952
56124953
56124954
56124955
56124956
56124957
56124958
56124959
56124960
56124961
56124962
56124963
56124964
56124965
56124966
56124967
56124968
56124969
56124970
56124971
56124972
56124973
56124974
56124975
56124976
56124977
56124978
56124979
56124980
56124981
56124982
56124983
56124984
56124985
56124986
56124987
56124988
56124989
56124990
56124991
56124992
56124993
56124994
56124995
56124996
56124997
56124998
56124999
56125000
56125001
56125002
56125003
56125004
56125005
56125006
56125007
56125008
56125009
56125010
56125011
56125012
56125013
56125014
56125015
56125016
56125017
56125018
56125019
56125020
56125021
56125022
56125023
56125024
56125025
56125026
56125027
56125028
56125029
56125030
56125031
56125032
56125033
56125034
56125035
56125036
56125037
56125038
56125039
56125040
56125041
56125042
56125043
56125044
56125045
56125046
56125047
56125048
56125049
56125050
56125051
56125052
56125053
56125054
56125055
56125056
56125057
56125058
56125059
56125060
56125061
56125062
56125063
56125064
56125065
56125066
56125067
56125068
56125069
56125070
56125071
56125072
56125073
56125074
56125075
56125076
56125077
56125078
56125079
56125080
56125081
56125082
56125083
56125084
56125085
56125086
56125087
56125088
56125089
56125090
56125091
56125092
56125093
56125094
56125095
56125096
56125097
56125098
56125099
56125100
56125101
56125102
56125103
56125104
56125105
56125106
56125107
56125108
56125109
56125110
56125111
56125112
56125113
56125114
56125115
56125116
56125117
56125118
56125119
56125120
56125121
56125122
56125123
56125124
56125125
56125126
56125127
56125128
56125129
56125130
56125131
56125132
56125133
56125134
56125135
56125136
56125137
56125138
56125139
56125140
56125141
56125142
56125143
56125144
56125145
56125146
56125147
56125148
56125149
56125150
56125151
56125152
56125153
56125154
56125155
56125156
56125157
56125158
56125159
56125160
56125161
56125162
56125163
56125164
56125165
56125166
56125167
56125168
56125169
56125170
56125171
56125172
56125173
56125174
56125175
56125176
56125177
56125178
56125179
56125180
56125181
56125182
56125183
56125184
56125185
56125186
56125187
56125188
56125189
56125190
56125191
56125192
56125193
56125194
56125195
56125196
56125197
56125198
56125199
56125200
56125201
56125202
56125203
56125204
56125205
56125206
56125207
56125208
56125209
56125210
56125211
56125212
56125213
56125214
56125215
56125216
56125217
56125218
56125219
56125220
56125221
56125222
56125223
56125224
56125225
56125226
56125227
56125228
56125229
56125230
56125231
56125232
56125233
56125234
56125235
56125236
56125237
56125238
56125239
56125240
56125241
56125242
56125243
56125244
56125245
56125246
56125247
56125248
56125249
56125250
56125251
56125252
56125253
56125254
56125255
56125256
56125257
56125258
56125259
56125260
56125261
56125262
56125263
56125264
56125265
56125266
56125267
56125268
56125269
56125270
56125271
56125272
56125273
56125274
56125275
56125276
56125277
56125278
56125279
56125280
56125281
56125282
56125283
56125284
56125285
56125286
56125287
56125288
56125289
56125290
56125291
56125292
56125293
56125294
56125295
56125296
56125297
56125298
56125299
56125300
56125301
56125302
56125303
56125304
56125305
56125306
56125307
56125308
56125309
56125310
56125311
56125312
56125313
56125314
56125315
56125316
56125317
56125318
56125319
56125320
56125321
56125322
56125323
56125324
56125325
56125326
56125327
56125328
56125329
56125330
56125331
56125332
56125333
56125334
56125335
56125336
56125337
56125338
56125339
56125340
56125341
56125342
56125343
56125344
56125345
56125346
56125347
56125348
56125349
56125350
56125351
56125352
56125353
56125354
56125355
56125356
56125357
56125358
56125359
56125360
56125361
56125362
56125363
56125364
56125365
56125366
56125367
56125368
56125369
56125370
56125371
56125372
56125373
56125374
56125375
56125376
56125377
56125378
56125379
56125380
56125381
56125382
56125383
56125384
56125385
56125386
56125387
56125388
56125389
56125390
56125391
56125392
56125393
56125394
56125395
56125396
56125397
56125398
56125399
56125400
56125401
56125402
56125403
56125404
56125405
56125406
56125407
56125408
56125409
56125410
56125411
56125412
56125413
56125414
56125415
56125416
56125417
56125418
56125419
56125420
56125421
56125422
56125423
56125424
56125425
56125426
56125427
56125428
56125429
56125430
56125431
56125432
56125433
56125434
56125435
56125436
56125437
56125438
56125439
56125440
56125441
56125442
56125443
56125444
56125445
56125446
56125447
56125448
56125449
56125450
56125451
56125452
56125453
56125454
56125455
56125456
56125457
56125458
56125459
56125460
56125461
56125462
56125463
56125464
56125465
56125466
56125467
56125468
56125469
56125470
56125471
56125472
56125473
56125474
56125475
56125476
56125477
56125478
56125479
56125480
56125481
56125482
56125483
56125484
56125485
56125486
56125487
56125488
56125489
56125490
56125491
56125492
56125493
56125494
56125495
56125496
56125497
56125498
56125499
56125500
56125501
56125502
56125503
56125504
56125505
56125506
56125507
56125508
56125509
56125510
56125511
56125512
56125513
56125514
56125515
56125516
56125517
56125518
56125519
56125520
56125521
56125522
56125523
56125524
56125525
56125526
56125527
56125528
56125529
56125530
56125531
56125532
56125533
56125534
56125535
56125536
56125537
56125538
56125539
56125540
56125541
56125542
56125543
56125544
56125545
56125546
56125547
56125548
56125549
56125550
56125551
56125552
56125553
56125554
56125555
56125556
56125557
56125558
56125559
56125560
56125561
56125562
56125563
56125564
56125565
56125566
56125567
56125568
56125569
56125570
56125571
56125572
56125573
56125574
56125575
56125576
56125577
56125578
56125579
56125580
56125581
56125582
56125583
56125584
56125585
56125586
56125587
56125588
56125589
56125590
56125591
56125592
56125593
56125594
56125595
56125596
56125597
56125598
56125599
56125600
56125601
56125602
56125603
56125604
56125605
56125606
56125607
56125608
56125609
56125610
56125611
56125612
56125613
56125614
56125615
56125616
56125617
56125618
56125619
56125620
56125621
56125622
56125623
56125624
56125625
56125626
56125627
56125628
56125629
56125630
56125631
56125632
56125633
56125634
56125635
56125636
56125637
56125638
56125639
56125640
56125641
56125642
56125643
56125644
56125645
56125646
56125647
56125648
56125649
56125650
56125651
56125652
56125653
56125654
56125655
56125656
56125657
56125658
56125659
56125660
56125661
56125662
56125663
56125664
56125665
56125666
56125667
56125668
56125669
56125670
56125671
56125672
56125673
56125674
56125675
56125676
56125677
56125678
56125679
56125680
56125681
56125682
56125683
56125684
56125685
56125686
56125687
56125688
56125689
56125690
56125691
56125692
56125693
56125694
56125695
56125696
56125697
56125698
56125699
56125700
56125701
56125702
56125703
56125704
56125705
56125706
56125707
56125708
56125709
56125710
56125711
56125712
56125713
56125714
56125715
56125716
56125717
56125718
56125719
56125720
56125721
56125722
56125723
56125724
56125725
56125726
56125727
56125728
56125729
56125730
56125731
56125732
56125733
56125734
56125735
56125736
56125737
56125738
56125739
56125740
56125741
56125742
56125743
56125744
56125745
56125746
56125747
56125748
56125749
56125750
56125751
56125752
56125753
56125754
56125755
56125756
56125757
56125758
56125759
56125760
56125761
56125762
56125763
56125764
56125765
56125766
56125767
56125768
56125769
56125770
56125771
56125772
56125773
56125774
56125775
56125776
56125777
56125778
56125779
56125780
56125781
56125782
56125783
56125784
56125785
56125786
56125787
56125788
56125789
56125790
56125791
56125792
56125793
56125794
56125795
56125796
56125797
56125798
56125799
56125800
56125801
56125802
56125803
56125804
56125805
56125806
56125807
56125808
56125809
56125810
56125811
56125812
56125813
56125814
56125815
56125816
56125817
56125818
56125819
56125820
56125821
56125822
56125823
56125824
56125825
56125826
56125827
56125828
56125829
56125830
56125831
56125832
56125833
56125834
56125835
56125836
56125837
56125838
56125839
56125840
56125841
56125842
56125843
56125844
56125845
56125846
56125847
56125848
56125849
56125850
56125851
56125852
56125853
56125854
56125855
56125856
56125857
56125858
56125859
56125860
56125861
56125862
56125863
56125864
56125865
56125866
56125867
56125868
56125869
56125870
56125871
56125872
56125873
56125874
56125875
56125876
56125877
56125878
56125879
56125880
56125881
56125882
56125883
56125884
56125885
56125886
56125887
56125888
56125889
56125890
56125891
56125892
56125893
56125894
56125895
56125896
56125897
56125898
56125899
56125900
56125901
56125902
56125903
56125904
56125905
56125906
56125907
56125908
56125909
56125910
56125911
56125912
56125913
56125914
56125915
56125916
56125917
56125918
56125919
56125920
56125921
56125922
56125923
56125924
56125925
56125926
56125927
56125928
56125929
56125930
56125931
56125932
56125933
56125934
56125935
56125936
56125937
56125938
56125939
56125940
56125941
56125942
56125943
56125944
56125945
56125946
56125947
56125948
56125949
56125950
56125951
56125952
56125953
56125954
56125955
56125956
56125957
56125958
56125959
56125960
56125961
56125962
56125963
56125964
56125965
56125966
56125967
56125968
56125969
56125970
56125971
56125972
56125973
56125974
56125975
56125976
56125977
56125978
56125979
56125980
56125981
56125982
56125983
56125984
56125985
56125986
56125987
56125988
56125989
56125990
56125991
56125992
56125993
56125994
56125995
56125996
56125997
56125998
56125999
56126000
56126001
56126002
56126003
56126004
56126005
56126006
56126007
56126008
56126009
56126010
56126011
56126012
56126013
56126014
56126015
56126016
56126017
56126018
56126019
56126020
56126021
56126022
56126023
56126024
56126025
56126026
56126027
56126028
56126029
56126030
56126031
56126032
56126033
56126034
56126035
56126036
56126037
56126038
56126039
56126040
56126041
56126042
56126043
56126044
56126045
56126046
56126047
56126048
56126049
56126050
56126051
56126052
56126053
56126054
56126055
56126056
56126057
56126058
56126059
56126060
56126061
56126062
56126063
56126064
56126065
56126066
56126067
56126068
56126069
56126070
56126071
56126072
56126073
56126074
56126075
56126076
56126077
56126078
56126079
56126080
56126081
56126082
56126083
56126084
56126085
56126086
56126087
56126088
56126089
56126090
56126091
56126092
56126093
56126094
56126095
56126096
56126097
56126098
56126099
56126100
56126101
56126102
56126103
56126104
56126105
56126106
56126107
56126108
56126109
56126110
56126111
56126112
56126113
56126114
56126115
56126116
56126117
56126118
56126119
56126120
56126121
56126122
56126123
56126124
56126125
56126126
56126127
56126128
56126129
56126130
56126131
56126132
56126133
56126134
56126135
56126136
56126137
56126138
56126139
56126140
56126141
56126142
56126143
56126144
56126145
56126146
56126147
56126148
56126149
56126150
56126151
56126152
56126153
56126154
56126155
56126156
56126157
56126158
56126159
56126160
56126161
56126162
56126163
56126164
56126165
56126166
56126167
56126168
56126169
56126170
56126171
56126172
56126173
56126174
56126175
56126176
56126177
56126178
56126179
56126180
56126181
56126182
56126183
56126184
56126185
56126186
56126187
56126188
56126189
56126190
56126191
56126192
56126193
56126194
56126195
56126196
56126197
56126198
56126199
56126200
56126201
56126202
56126203
56126204
56126205
56126206
56126207
56126208
56126209
56126210
56126211
56126212
56126213
56126214
56126215
56126216
56126217
56126218
56126219
56126220
56126221
56126222
56126223
56126224
56126225
56126226
56126227
56126228
56126229
56126230
56126231
56126232
56126233
56126234
56126235
56126236
56126237
56126238
56126239
56126240
56126241
56126242
56126243
56126244
56126245
56126246
56126247
56126248
56126249
56126250
56126251
56126252
56126253
56126254
56126255
56126256
56126257
56126258
56126259
56126260
56126261
56126262
56126263
56126264
56126265
56126266
56126267
56126268
56126269
56126270
56126271
56126272
56126273
56126274
56126275
56126276
56126277
56126278
56126279
56126280
56126281
56126282
56126283
56126284
56126285
56126286
56126287
56126288
56126289
56126290
56126291
56126292
56126293
56126294
56126295
56126296
56126297
56126298
56126299
56126300
56126301
56126302
56126303
56126304
56126305
56126306
56126307
56126308
56126309
56126310
56126311
56126312
56126313
56126314
56126315
56126316
56126317
56126318
56126319
56126320
56126321
56126322
56126323
56126324
56126325
56126326
56126327
56126328
56126329
56126330
56126331
56126332
56126333
56126334
56126335
56126336
56126337
56126338
56126339
56126340
56126341
56126342
56126343
56126344
56126345
56126346
56126347
56126348
56126349
56126350
56126351
56126352
56126353
56126354
56126355
56126356
56126357
56126358
56126359
56126360
56126361
56126362
56126363
56126364
56126365
56126366
56126367
56126368
56126369
56126370
56126371
56126372
56126373
56126374
56126375
56126376
56126377
56126378
56126379
56126380
56126381
56126382
56126383
56126384
56126385
56126386
56126387
56126388
56126389
56126390
56126391
56126392
56126393
56126394
56126395
56126396
56126397
56126398
56126399
56126400
56126401
56126402
56126403
56126404
56126405
56126406
56126407
56126408
56126409
56126410
56126411
56126412
56126413
56126414
56126415
56126416
56126417
56126418
56126419
56126420
56126421
56126422
56126423
56126424
56126425
56126426
56126427
56126428
56126429
56126430
56126431
56126432
56126433
56126434
56126435
56126436
56126437
56126438
56126439
56126440
56126441
56126442
56126443
56126444
56126445
56126446
56126447
56126448
56126449
56126450
56126451
56126452
56126453
56126454
56126455
56126456
56126457
56126458
56126459
56126460
56126461
56126462
56126463
56126464
56126465
56126466
56126467
56126468
56126469
56126470
56126471
56126472
56126473
56126474
56126475
56126476
56126477
56126478
56126479
56126480
56126481
56126482
56126483
56126484
56126485
56126486
56126487
56126488
56126489
56126490
56126491
56126492
56126493
56126494
56126495
56126496
56126497
56126498
56126499
56126500
56126501
56126502
56126503
56126504
56126505
56126506
56126507
56126508
56126509
56126510
56126511
56126512
56126513
56126514
56126515
56126516
56126517
56126518
56126519
56126520
56126521
56126522
56126523
56126524
56126525
56126526
56126527
56126528
56126529
56126530
56126531
56126532
56126533
56126534
56126535
56126536
56126537
56126538
56126539
56126540
56126541
56126542
56126543
56126544
56126545
56126546
56126547
56126548
56126549
56126550
56126551
56126552
56126553
56126554
56126555
56126556
56126557
56126558
56126559
56126560
56126561
56126562
56126563
56126564
56126565
56126566
56126567
56126568
56126569
56126570
56126571
56126572
56126573
56126574
56126575
56126576
56126577
56126578
56126579
56126580
56126581
56126582
56126583
56126584
56126585
56126586
56126587
56126588
56126589
56126590
56126591
56126592
56126593
56126594
56126595
56126596
56126597
56126598
56126599
56126600
56126601
56126602
56126603
56126604
56126605
56126606
56126607
56126608
56126609
56126610
56126611
56126612
56126613
56126614
56126615
56126616
56126617
56126618
56126619
56126620
56126621
56126622
56126623
56126624
56126625
56126626
56126627
56126628
56126629
56126630
56126631
56126632
56126633
56126634
56126635
56126636
56126637
56126638
56126639
56126640
56126641
56126642
56126643
56126644
56126645
56126646
56126647
56126648
56126649
56126650
56126651
56126652
56126653
56126654
56126655
56126656
56126657
56126658
56126659
56126660
56126661
56126662
56126663
56126664
56126665
56126666
56126667
56126668
56126669
56126670
56126671
56126672
56126673
56126674
56126675
56126676
56126677
56126678
56126679
56126680
56126681
56126682
56126683
56126684
56126685
56126686
56126687
56126688
56126689
56126690
56126691
56126692
56126693
56126694
56126695
56126696
56126697
56126698
56126699
56126700
56126701
56126702
56126703
56126704
56126705
56126706
56126707
56126708
56126709
56126710
56126711
56126712
56126713
56126714
56126715
56126716
56126717
56126718
56126719
56126720
56126721
56126722
56126723
56126724
56126725
56126726
56126727
56126728
56126729
56126730
56126731
56126732
56126733
56126734
56126735
56126736
56126737
56126738
56126739
56126740
56126741
56126742
56126743
56126744
56126745
56126746
56126747
56126748
56126749
56126750
56126751
56126752
56126753
56126754
56126755
56126756
56126757
56126758
56126759
56126760
56126761
56126762
56126763
56126764
56126765
56126766
56126767
56126768
56126769
56126770
56126771
56126772
56126773
56126774
56126775
56126776
56126777
56126778
56126779
56126780
56126781
56126782
56126783
56126784
56126785
56126786
56126787
56126788
56126789
56126790
56126791
56126792
56126793
56126794
56126795
56126796
56126797
56126798
56126799
56126800
56126801
56126802
56126803
56126804
56126805
56126806
56126807
56126808
56126809
56126810
56126811
56126812
56126813
56126814
56126815
56126816
56126817
56126818
56126819
56126820
56126821
56126822
56126823
56126824
56126825
56126826
56126827
56126828
56126829
56126830
56126831
56126832
56126833
56126834
56126835
56126836
56126837
56126838
56126839
56126840
56126841
56126842
56126843
56126844
56126845
56126846
56126847
56126848
56126849
56126850
56126851
56126852
56126853
56126854
56126855
56126856
56126857
56126858
56126859
56126860
56126861
56126862
56126863
56126864
56126865
56126866
56126867
56126868
56126869
56126870
56126871
56126872
56126873
56126874
56126875
56126876
56126877
56126878
56126879
56126880
56126881
56126882
56126883
56126884
56126885
56126886
56126887
56126888
56126889
56126890
56126891
56126892
56126893
56126894
56126895
56126896
56126897
56126898
56126899
56126900
56126901
56126902
56126903
56126904
56126905
56126906
56126907
56126908
56126909
56126910
56126911
56126912
56126913
56126914
56126915
56126916
56126917
56126918
56126919
56126920
56126921
56126922
56126923
56126924
56126925
56126926
56126927
56126928
56126929
56126930
56126931
56126932
56126933
56126934
56126935
56126936
56126937
56126938
56126939
56126940
56126941
56126942
56126943
56126944
56126945
56126946
56126947
56126948
56126949
56126950
56126951
56126952
56126953
56126954
56126955
56126956
56126957
56126958
56126959
56126960
56126961
56126962
56126963
56126964
56126965
56126966
56126967
56126968
56126969
56126970
56126971
56126972
56126973
56126974
56126975
56126976
56126977
56126978
56126979
56126980
56126981
56126982
56126983
56126984
56126985
56126986
56126987
56126988
56126989
56126990
56126991
56126992
56126993
56126994
56126995
56126996
56126997
56126998
56126999
56127000
56127001
56127002
56127003
56127004
56127005
56127006
56127007
56127008
56127009
56127010
56127011
56127012
56127013
56127014
56127015
56127016
56127017
56127018
56127019
56127020
56127021
56127022
56127023
56127024
56127025
56127026
56127027
56127028
56127029
56127030
56127031
56127032
56127033
56127034
56127035
56127036
56127037
56127038
56127039
56127040
56127041
56127042
56127043
56127044
56127045
56127046
56127047
56127048
56127049
56127050
56127051
56127052
56127053
56127054
56127055
56127056
56127057
56127058
56127059
56127060
56127061
56127062
56127063
56127064
56127065
56127066
56127067
56127068
56127069
56127070
56127071
56127072
56127073
56127074
56127075
56127076
56127077
56127078
56127079
56127080
56127081
56127082
56127083
56127084
56127085
56127086
56127087
56127088
56127089
56127090
56127091
56127092
56127093
56127094
56127095
56127096
56127097
56127098
56127099
56127100
56127101
56127102
56127103
56127104
56127105
56127106
56127107
56127108
56127109
56127110
56127111
56127112
56127113
56127114
56127115
56127116
56127117
56127118
56127119
56127120
56127121
56127122
56127123
56127124
56127125
56127126
56127127
56127128
56127129
56127130
56127131
56127132
56127133
56127134
56127135
56127136
56127137
56127138
56127139
56127140
56127141
56127142
56127143
56127144
56127145
56127146
56127147
56127148
56127149
56127150
56127151
56127152
56127153
56127154
56127155
56127156
56127157
56127158
56127159
56127160
56127161
56127162
56127163
56127164
56127165
56127166
56127167
56127168
56127169
56127170
56127171
56127172
56127173
56127174
56127175
56127176
56127177
56127178
56127179
56127180
56127181
56127182
56127183
56127184
56127185
56127186
56127187
56127188
56127189
56127190
56127191
56127192
56127193
56127194
56127195
56127196
56127197
56127198
56127199
56127200
56127201
56127202
56127203
56127204
56127205
56127206
56127207
56127208
56127209
56127210
56127211
56127212
56127213
56127214
56127215
56127216
56127217
56127218
56127219
56127220
56127221
56127222
56127223
56127224
56127225
56127226
56127227
56127228
56127229
56127230
56127231
56127232
56127233
56127234
56127235
56127236
56127237
56127238
56127239
56127240
56127241
56127242
56127243
56127244
56127245
56127246
56127247
56127248
56127249
56127250
56127251
56127252
56127253
56127254
56127255
56127256
56127257
56127258
56127259
56127260
56127261
56127262
56127263
56127264
56127265
56127266
56127267
56127268
56127269
56127270
56127271
56127272
56127273
56127274
56127275
56127276
56127277
56127278
56127279
56127280
56127281
56127282
56127283
56127284
56127285
56127286
56127287
56127288
56127289
56127290
56127291
56127292
56127293
56127294
56127295
56127296
56127297
56127298
56127299
56127300
56127301
56127302
56127303
56127304
56127305
56127306
56127307
56127308
56127309
56127310
56127311
56127312
56127313
56127314
56127315
56127316
56127317
56127318
56127319
56127320
56127321
56127322
56127323
56127324
56127325
56127326
56127327
56127328
56127329
56127330
56127331
56127332
56127333
56127334
56127335
56127336
56127337
56127338
56127339
56127340
56127341
56127342
56127343
56127344
56127345
56127346
56127347
56127348
56127349
56127350
56127351
56127352
56127353
56127354
56127355
56127356
56127357
56127358
56127359
56127360
56127361
56127362
56127363
56127364
56127365
56127366
56127367
56127368
56127369
56127370
56127371
56127372
56127373
56127374
56127375
56127376
56127377
56127378
56127379
56127380
56127381
56127382
56127383
56127384
56127385
56127386
56127387
56127388
56127389
56127390
56127391
56127392
56127393
56127394
56127395
56127396
56127397
56127398
56127399
56127400
56127401
56127402
56127403
56127404
56127405
56127406
56127407
56127408
56127409
56127410
56127411
56127412
56127413
56127414
56127415
56127416
56127417
56127418
56127419
56127420
56127421
56127422
56127423
56127424
56127425
56127426
56127427
56127428
56127429
56127430
56127431
56127432
56127433
56127434
56127435
56127436
56127437
56127438
56127439
56127440
56127441
56127442
56127443
56127444
56127445
56127446
56127447
56127448
56127449
56127450
56127451
56127452
56127453
56127454
56127455
56127456
56127457
56127458
56127459
56127460
56127461
56127462
56127463
56127464
56127465
56127466
56127467
56127468
56127469
56127470
56127471
56127472
56127473
56127474
56127475
56127476
56127477
56127478
56127479
56127480
56127481
56127482
56127483
56127484
56127485
56127486
56127487
56127488
56127489
56127490
56127491
56127492
56127493
56127494
56127495
56127496
56127497
56127498
56127499
56127500
56127501
56127502
56127503
56127504
56127505
56127506
56127507
56127508
56127509
56127510
56127511
56127512
56127513
56127514
56127515
56127516
56127517
56127518
56127519
56127520
56127521
56127522
56127523
56127524
56127525
56127526
56127527
56127528
56127529
56127530
56127531
56127532
56127533
56127534
56127535
56127536
56127537
56127538
56127539
56127540
56127541
56127542
56127543
56127544
56127545
56127546
56127547
56127548
56127549
56127550
56127551
56127552
56127553
56127554
56127555
56127556
56127557
56127558
56127559
56127560
56127561
56127562
56127563
56127564
56127565
56127566
56127567
56127568
56127569
56127570
56127571
56127572
56127573
56127574
56127575
56127576
56127577
56127578
56127579
56127580
56127581
56127582
56127583
56127584
56127585
56127586
56127587
56127588
56127589
56127590
56127591
56127592
56127593
56127594
56127595
56127596
56127597
56127598
56127599
56127600
56127601
56127602
56127603
56127604
56127605
56127606
56127607
56127608
56127609
56127610
56127611
56127612
56127613
56127614
56127615
56127616
56127617
56127618
56127619
56127620
56127621
56127622
56127623
56127624
56127625
56127626
56127627
56127628
56127629
56127630
56127631
56127632
56127633
56127634
56127635
56127636
56127637
56127638
56127639
56127640
56127641
56127642
56127643
56127644
56127645
56127646
56127647
56127648
56127649
56127650
56127651
56127652
56127653
56127654
56127655
56127656
56127657
56127658
56127659
56127660
56127661
56127662
56127663
56127664
56127665
56127666
56127667
56127668
56127669
56127670
56127671
56127672
56127673
56127674
56127675
56127676
56127677
56127678
56127679
56127680
56127681
56127682
56127683
56127684
56127685
56127686
56127687
56127688
56127689
56127690
56127691
56127692
56127693
56127694
56127695
56127696
56127697
56127698
56127699
56127700
56127701
56127702
56127703
56127704
56127705
56127706
56127707
56127708
56127709
56127710
56127711
56127712
56127713
56127714
56127715
56127716
56127717
56127718
56127719
56127720
56127721
56127722
56127723
56127724
56127725
56127726
56127727
56127728
56127729
56127730
56127731
56127732
56127733
56127734
56127735
56127736
56127737
56127738
56127739
56127740
56127741
56127742
56127743
56127744
56127745
56127746
56127747
56127748
56127749
56127750
56127751
56127752
56127753
56127754
56127755
56127756
56127757
56127758
56127759
56127760
56127761
56127762
56127763
56127764
56127765
56127766
56127767
56127768
56127769
56127770
56127771
56127772
56127773
56127774
56127775
56127776
56127777
56127778
56127779
56127780
56127781
56127782
56127783
56127784
56127785
56127786
56127787
56127788
56127789
56127790
56127791
56127792
56127793
56127794
56127795
56127796
56127797
56127798
56127799
56127800
56127801
56127802
56127803
56127804
56127805
56127806
56127807
56127808
56127809
56127810
56127811
56127812
56127813
56127814
56127815
56127816
56127817
56127818
56127819
56127820
56127821
56127822
56127823
56127824
56127825
56127826
56127827
56127828
56127829
56127830
56127831
56127832
56127833
56127834
56127835
56127836
56127837
56127838
56127839
56127840
56127841
56127842
56127843
56127844
56127845
56127846
56127847
56127848
56127849
56127850
56127851
56127852
56127853
56127854
56127855
56127856
56127857
56127858
56127859
56127860
56127861
56127862
56127863
56127864
56127865
56127866
56127867
56127868
56127869
56127870
56127871
56127872
56127873
56127874
56127875
56127876
56127877
56127878
56127879
56127880
56127881
56127882
56127883
56127884
56127885
56127886
56127887
56127888
56127889
56127890
56127891
56127892
56127893
56127894
56127895
56127896
56127897
56127898
56127899
56127900
56127901
56127902
56127903
56127904
56127905
56127906
56127907
56127908
56127909
56127910
56127911
56127912
56127913
56127914
56127915
56127916
56127917
56127918
56127919
56127920
56127921
56127922
56127923
56127924
56127925
56127926
56127927
56127928
56127929
56127930
56127931
56127932
56127933
56127934
56127935
56127936
56127937
56127938
56127939
56127940
56127941
56127942
56127943
56127944
56127945
56127946
56127947
56127948
56127949
56127950
56127951
56127952
56127953
56127954
56127955
56127956
56127957
56127958
56127959
56127960
56127961
56127962
56127963
56127964
56127965
56127966
56127967
56127968
56127969
56127970
56127971
56127972
56127973
56127974
56127975
56127976
56127977
56127978
56127979
56127980
56127981
56127982
56127983
56127984
56127985
56127986
56127987
56127988
56127989
56127990
56127991
56127992
56127993
56127994
56127995
56127996
56127997
56127998
56127999
56128000
56128001
56128002
56128003
56128004
56128005
56128006
56128007
56128008
56128009
56128010
56128011
56128012
56128013
56128014
56128015
56128016
56128017
56128018
56128019
56128020
56128021
56128022
56128023
56128024
56128025
56128026
56128027
56128028
56128029
56128030
56128031
56128032
56128033
56128034
56128035
56128036
56128037
56128038
56128039
56128040
56128041
56128042
56128043
56128044
56128045
56128046
56128047
56128048
56128049
56128050
56128051
56128052
56128053
56128054
56128055
56128056
56128057
56128058
56128059
56128060
56128061
56128062
56128063
56128064
56128065
56128066
56128067
56128068
56128069
56128070
56128071
56128072
56128073
56128074
56128075
56128076
56128077
56128078
56128079
56128080
56128081
56128082
56128083
56128084
56128085
56128086
56128087
56128088
56128089
56128090
56128091
56128092
56128093
56128094
56128095
56128096
56128097
56128098
56128099
56128100
56128101
56128102
56128103
56128104
56128105
56128106
56128107
56128108
56128109
56128110
56128111
56128112
56128113
56128114
56128115
56128116
56128117
56128118
56128119
56128120
56128121
56128122
56128123
56128124
56128125
56128126
56128127
56128128
56128129
56128130
56128131
56128132
56128133
56128134
56128135
56128136
56128137
56128138
56128139
56128140
56128141
56128142
56128143
56128144
56128145
56128146
56128147
56128148
56128149
56128150
56128151
56128152
56128153
56128154
56128155
56128156
56128157
56128158
56128159
56128160
56128161
56128162
56128163
56128164
56128165
56128166
56128167
56128168
56128169
56128170
56128171
56128172
56128173
56128174
56128175
56128176
56128177
56128178
56128179
56128180
56128181
56128182
56128183
56128184
56128185
56128186
56128187
56128188
56128189
56128190
56128191
56128192
56128193
56128194
56128195
56128196
56128197
56128198
56128199
56128200
56128201
56128202
56128203
56128204
56128205
56128206
56128207
56128208
56128209
56128210
56128211
56128212
56128213
56128214
56128215
56128216
56128217
56128218
56128219
56128220
56128221
56128222
56128223
56128224
56128225
56128226
56128227
56128228
56128229
56128230
56128231
56128232
56128233
56128234
56128235
56128236
56128237
56128238
56128239
56128240
56128241
56128242
56128243
56128244
56128245
56128246
56128247
56128248
56128249
56128250
56128251
56128252
56128253
56128254
56128255
56128256
56128257
56128258
56128259
56128260
56128261
56128262
56128263
56128264
56128265
56128266
56128267
56128268
56128269
56128270
56128271
56128272
56128273
56128274
56128275
56128276
56128277
56128278
56128279
56128280
56128281
56128282
56128283
56128284
56128285
56128286
56128287
56128288
56128289
56128290
56128291
56128292
56128293
56128294
56128295
56128296
56128297
56128298
56128299
56128300
56128301
56128302
56128303
56128304
56128305
56128306
56128307
56128308
56128309
56128310
56128311
56128312
56128313
56128314
56128315
56128316
56128317
56128318
56128319
56128320
56128321
56128322
56128323
56128324
56128325
56128326
56128327
56128328
56128329
56128330
56128331
56128332
56128333
56128334
56128335
56128336
56128337
56128338
56128339
56128340
56128341
56128342
56128343
56128344
56128345
56128346
56128347
56128348
56128349
56128350
56128351
56128352
56128353
56128354
56128355
56128356
56128357
56128358
56128359
56128360
56128361
56128362
56128363
56128364
56128365
56128366
56128367
56128368
56128369
56128370
56128371
56128372
56128373
56128374
56128375
56128376
56128377
56128378
56128379
56128380
56128381
56128382
56128383
56128384
56128385
56128386
56128387
56128388
56128389
56128390
56128391
56128392
56128393
56128394
56128395
56128396
56128397
56128398
56128399
56128400
56128401
56128402
56128403
56128404
56128405
56128406
56128407
56128408
56128409
56128410
56128411
56128412
56128413
56128414
56128415
56128416
56128417
56128418
56128419
56128420
56128421
56128422
56128423
56128424
56128425
56128426
56128427
56128428
56128429
56128430
56128431
56128432
56128433
56128434
56128435
56128436
56128437
56128438
56128439
56128440
56128441
56128442
56128443
56128444
56128445
56128446
56128447
56128448
56128449
56128450
56128451
56128452
56128453
56128454
56128455
56128456
56128457
56128458
56128459
56128460
56128461
56128462
56128463
56128464
56128465
56128466
56128467
56128468
56128469
56128470
56128471
56128472
56128473
56128474
56128475
56128476
56128477
56128478
56128479
56128480
56128481
56128482
56128483
56128484
56128485
56128486
56128487
56128488
56128489
56128490
56128491
56128492
56128493
56128494
56128495
56128496
56128497
56128498
56128499
56128500
56128501
56128502
56128503
56128504
56128505
56128506
56128507
56128508
56128509
56128510
56128511
56128512
56128513
56128514
56128515
56128516
56128517
56128518
56128519
56128520
56128521
56128522
56128523
56128524
56128525
56128526
56128527
56128528
56128529
56128530
56128531
56128532
56128533
56128534
56128535
56128536
56128537
56128538
56128539
56128540
56128541
56128542
56128543
56128544
56128545
56128546
56128547
56128548
56128549
56128550
56128551
56128552
56128553
56128554
56128555
56128556
56128557
56128558
56128559
56128560
56128561
56128562
56128563
56128564
56128565
56128566
56128567
56128568
56128569
56128570
56128571
56128572
56128573
56128574
56128575
56128576
56128577
56128578
56128579
56128580
56128581
56128582
56128583
56128584
56128585
56128586
56128587
56128588
56128589
56128590
56128591
56128592
56128593
56128594
56128595
56128596
56128597
56128598
56128599
56128600
56128601
56128602
56128603
56128604
56128605
56128606
56128607
56128608
56128609
56128610
56128611
56128612
56128613
56128614
56128615
56128616
56128617
56128618
56128619
56128620
56128621
56128622
56128623
56128624
56128625
56128626
56128627
56128628
56128629
56128630
56128631
56128632
56128633
56128634
56128635
56128636
56128637
56128638
56128639
56128640
56128641
56128642
56128643
56128644
56128645
56128646
56128647
56128648
56128649
56128650
56128651
56128652
56128653
56128654
56128655
56128656
56128657
56128658
56128659
56128660
56128661
56128662
56128663
56128664
56128665
56128666
56128667
56128668
56128669
56128670
56128671
56128672
56128673
56128674
56128675
56128676
56128677
56128678
56128679
56128680
56128681
56128682
56128683
56128684
56128685
56128686
56128687
56128688
56128689
56128690
56128691
56128692
56128693
56128694
56128695
56128696
56128697
56128698
56128699
56128700
56128701
56128702
56128703
56128704
56128705
56128706
56128707
56128708
56128709
56128710
56128711
56128712
56128713
56128714
56128715
56128716
56128717
56128718
56128719
56128720
56128721
56128722
56128723
56128724
56128725
56128726
56128727
56128728
56128729
56128730
56128731
56128732
56128733
56128734
56128735
56128736
56128737
56128738
56128739
56128740
56128741
56128742
56128743
56128744
56128745
56128746
56128747
56128748
56128749
56128750
56128751
56128752
56128753
56128754
56128755
56128756
56128757
56128758
56128759
56128760
56128761
56128762
56128763
56128764
56128765
56128766
56128767
56128768
56128769
56128770
56128771
56128772
56128773
56128774
56128775
56128776
56128777
56128778
56128779
56128780
56128781
56128782
56128783
56128784
56128785
56128786
56128787
56128788
56128789
56128790
56128791
56128792
56128793
56128794
56128795
56128796
56128797
56128798
56128799
56128800
56128801
56128802
56128803
56128804
56128805
56128806
56128807
56128808
56128809
56128810
56128811
56128812
56128813
56128814
56128815
56128816
56128817
56128818
56128819
56128820
56128821
56128822
56128823
56128824
56128825
56128826
56128827
56128828
56128829
56128830
56128831
56128832
56128833
56128834
56128835
56128836
56128837
56128838
56128839
56128840
56128841
56128842
56128843
56128844
56128845
56128846
56128847
56128848
56128849
56128850
56128851
56128852
56128853
56128854
56128855
56128856
56128857
56128858
56128859
56128860
56128861
56128862
56128863
56128864
56128865
56128866
56128867
56128868
56128869
56128870
56128871
56128872
56128873
56128874
56128875
56128876
56128877
56128878
56128879
56128880
56128881
56128882
56128883
56128884
56128885
56128886
56128887
56128888
56128889
