56838890
56838891
56838892
56838893
56838894
56838895
56838896
56838897
56838898
56838899
56838900
56838901
56838902
56838903
56838904
56838905
56838906
56838907
56838908
56838909
56838910
56838911
56838912
56838913
56838914
56838915
56838916
56838917
56838918
56838919
56838920
56838921
56838922
56838923
56838924
56838925
56838926
56838927
56838928
56838929
56838930
56838931
56838932
56838933
56838934
56838935
56838936
56838937
56838938
56838939
56838940
56838941
56838942
56838943
56838944
56838945
56838946
56838947
56838948
56838949
56838950
56838951
56838952
56838953
56838954
56838955
56838956
56838957
56838958
56838959
56838960
56838961
56838962
56838963
56838964
56838965
56838966
56838967
56838968
56838969
56838970
56838971
56838972
56838973
56838974
56838975
56838976
56838977
56838978
56838979
56838980
56838981
56838982
56838983
56838984
56838985
56838986
56838987
56838988
56838989
56838990
56838991
56838992
56838993
56838994
56838995
56838996
56838997
56838998
56838999
56839000
56839001
56839002
56839003
56839004
56839005
56839006
56839007
56839008
56839009
56839010
56839011
56839012
56839013
56839014
56839015
56839016
56839017
56839018
56839019
56839020
56839021
56839022
56839023
56839024
56839025
56839026
56839027
56839028
56839029
56839030
56839031
56839032
56839033
56839034
56839035
56839036
56839037
56839038
56839039
56839040
56839041
56839042
56839043
56839044
56839045
56839046
56839047
56839048
56839049
56839050
56839051
56839052
56839053
56839054
56839055
56839056
56839057
56839058
56839059
56839060
56839061
56839062
56839063
56839064
56839065
56839066
56839067
56839068
56839069
56839070
56839071
56839072
56839073
56839074
56839075
56839076
56839077
56839078
56839079
56839080
56839081
56839082
56839083
56839084
56839085
56839086
56839087
56839088
56839089
56839090
56839091
56839092
56839093
56839094
56839095
56839096
56839097
56839098
56839099
56839100
56839101
56839102
56839103
56839104
56839105
56839106
56839107
56839108
56839109
56839110
56839111
56839112
56839113
56839114
56839115
56839116
56839117
56839118
56839119
56839120
56839121
56839122
56839123
56839124
56839125
56839126
56839127
56839128
56839129
56839130
56839131
56839132
56839133
56839134
56839135
56839136
56839137
56839138
56839139
56839140
56839141
56839142
56839143
56839144
56839145
56839146
56839147
56839148
56839149
56839150
56839151
56839152
56839153
56839154
56839155
56839156
56839157
56839158
56839159
56839160
56839161
56839162
56839163
56839164
56839165
56839166
56839167
56839168
56839169
56839170
56839171
56839172
56839173
56839174
56839175
56839176
56839177
56839178
56839179
56839180
56839181
56839182
56839183
56839184
56839185
56839186
56839187
56839188
56839189
56839190
56839191
56839192
56839193
56839194
56839195
56839196
56839197
56839198
56839199
56839200
56839201
56839202
56839203
56839204
56839205
56839206
56839207
56839208
56839209
56839210
56839211
56839212
56839213
56839214
56839215
56839216
56839217
56839218
56839219
56839220
56839221
56839222
56839223
56839224
56839225
56839226
56839227
56839228
56839229
56839230
56839231
56839232
56839233
56839234
56839235
56839236
56839237
56839238
56839239
56839240
56839241
56839242
56839243
56839244
56839245
56839246
56839247
56839248
56839249
56839250
56839251
56839252
56839253
56839254
56839255
56839256
56839257
56839258
56839259
56839260
56839261
56839262
56839263
56839264
56839265
56839266
56839267
56839268
56839269
56839270
56839271
56839272
56839273
56839274
56839275
56839276
56839277
56839278
56839279
56839280
56839281
56839282
56839283
56839284
56839285
56839286
56839287
56839288
56839289
56839290
56839291
56839292
56839293
56839294
56839295
56839296
56839297
56839298
56839299
56839300
56839301
56839302
56839303
56839304
56839305
56839306
56839307
56839308
56839309
56839310
56839311
56839312
56839313
56839314
56839315
56839316
56839317
56839318
56839319
56839320
56839321
56839322
56839323
56839324
56839325
56839326
56839327
56839328
56839329
56839330
56839331
56839332
56839333
56839334
56839335
56839336
56839337
56839338
56839339
56839340
56839341
56839342
56839343
56839344
56839345
56839346
56839347
56839348
56839349
56839350
56839351
56839352
56839353
56839354
56839355
56839356
56839357
56839358
56839359
56839360
56839361
56839362
56839363
56839364
56839365
56839366
56839367
56839368
56839369
56839370
56839371
56839372
56839373
56839374
56839375
56839376
56839377
56839378
56839379
56839380
56839381
56839382
56839383
56839384
56839385
56839386
56839387
56839388
56839389
56839390
56839391
56839392
56839393
56839394
56839395
56839396
56839397
56839398
56839399
56839400
56839401
56839402
56839403
56839404
56839405
56839406
56839407
56839408
56839409
56839410
56839411
56839412
56839413
56839414
56839415
56839416
56839417
56839418
56839419
56839420
56839421
56839422
56839423
56839424
56839425
56839426
56839427
56839428
56839429
56839430
56839431
56839432
56839433
56839434
56839435
56839436
56839437
56839438
56839439
56839440
56839441
56839442
56839443
56839444
56839445
56839446
56839447
56839448
56839449
56839450
56839451
56839452
56839453
56839454
56839455
56839456
56839457
56839458
56839459
56839460
56839461
56839462
56839463
56839464
56839465
56839466
56839467
56839468
56839469
56839470
56839471
56839472
56839473
56839474
56839475
56839476
56839477
56839478
56839479
56839480
56839481
56839482
56839483
56839484
56839485
56839486
56839487
56839488
56839489
56839490
56839491
56839492
56839493
56839494
56839495
56839496
56839497
56839498
56839499
56839500
56839501
56839502
56839503
56839504
56839505
56839506
56839507
56839508
56839509
56839510
56839511
56839512
56839513
56839514
56839515
56839516
56839517
56839518
56839519
56839520
56839521
56839522
56839523
56839524
56839525
56839526
56839527
56839528
56839529
56839530
56839531
56839532
56839533
56839534
56839535
56839536
56839537
56839538
56839539
56839540
56839541
56839542
56839543
56839544
56839545
56839546
56839547
56839548
56839549
56839550
56839551
56839552
56839553
56839554
56839555
56839556
56839557
56839558
56839559
56839560
56839561
56839562
56839563
56839564
56839565
56839566
56839567
56839568
56839569
56839570
56839571
56839572
56839573
56839574
56839575
56839576
56839577
56839578
56839579
56839580
56839581
56839582
56839583
56839584
56839585
56839586
56839587
56839588
56839589
56839590
56839591
56839592
56839593
56839594
56839595
56839596
56839597
56839598
56839599
56839600
56839601
56839602
56839603
56839604
56839605
56839606
56839607
56839608
56839609
56839610
56839611
56839612
56839613
56839614
56839615
56839616
56839617
56839618
56839619
56839620
56839621
56839622
56839623
56839624
56839625
56839626
56839627
56839628
56839629
56839630
56839631
56839632
56839633
56839634
56839635
56839636
56839637
56839638
56839639
56839640
56839641
56839642
56839643
56839644
56839645
56839646
56839647
56839648
56839649
56839650
56839651
56839652
56839653
56839654
56839655
56839656
56839657
56839658
56839659
56839660
56839661
56839662
56839663
56839664
56839665
56839666
56839667
56839668
56839669
56839670
56839671
56839672
56839673
56839674
56839675
56839676
56839677
56839678
56839679
56839680
56839681
56839682
56839683
56839684
56839685
56839686
56839687
56839688
56839689
56839690
56839691
56839692
56839693
56839694
56839695
56839696
56839697
56839698
56839699
56839700
56839701
56839702
56839703
56839704
56839705
56839706
56839707
56839708
56839709
56839710
56839711
56839712
56839713
56839714
56839715
56839716
56839717
56839718
56839719
56839720
56839721
56839722
56839723
56839724
56839725
56839726
56839727
56839728
56839729
56839730
56839731
56839732
56839733
56839734
56839735
56839736
56839737
56839738
56839739
56839740
56839741
56839742
56839743
56839744
56839745
56839746
56839747
56839748
56839749
56839750
56839751
56839752
56839753
56839754
56839755
56839756
56839757
56839758
56839759
56839760
56839761
56839762
56839763
56839764
56839765
56839766
56839767
56839768
56839769
56839770
56839771
56839772
56839773
56839774
56839775
56839776
56839777
56839778
56839779
56839780
56839781
56839782
56839783
56839784
56839785
56839786
56839787
56839788
56839789
56839790
56839791
56839792
56839793
56839794
56839795
56839796
56839797
56839798
56839799
56839800
56839801
56839802
56839803
56839804
56839805
56839806
56839807
56839808
56839809
56839810
56839811
56839812
56839813
56839814
56839815
56839816
56839817
56839818
56839819
56839820
56839821
56839822
56839823
56839824
56839825
56839826
56839827
56839828
56839829
56839830
56839831
56839832
56839833
56839834
56839835
56839836
56839837
56839838
56839839
56839840
56839841
56839842
56839843
56839844
56839845
56839846
56839847
56839848
56839849
56839850
56839851
56839852
56839853
56839854
56839855
56839856
56839857
56839858
56839859
56839860
56839861
56839862
56839863
56839864
56839865
56839866
56839867
56839868
56839869
56839870
56839871
56839872
56839873
56839874
56839875
56839876
56839877
56839878
56839879
56839880
56839881
56839882
56839883
56839884
56839885
56839886
56839887
56839888
56839889
56839890
56839891
56839892
56839893
56839894
56839895
56839896
56839897
56839898
56839899
56839900
56839901
56839902
56839903
56839904
56839905
56839906
56839907
56839908
56839909
56839910
56839911
56839912
56839913
56839914
56839915
56839916
56839917
56839918
56839919
56839920
56839921
56839922
56839923
56839924
56839925
56839926
56839927
56839928
56839929
56839930
56839931
56839932
56839933
56839934
56839935
56839936
56839937
56839938
56839939
56839940
56839941
56839942
56839943
56839944
56839945
56839946
56839947
56839948
56839949
56839950
56839951
56839952
56839953
56839954
56839955
56839956
56839957
56839958
56839959
56839960
56839961
56839962
56839963
56839964
56839965
56839966
56839967
56839968
56839969
56839970
56839971
56839972
56839973
56839974
56839975
56839976
56839977
56839978
56839979
56839980
56839981
56839982
56839983
56839984
56839985
56839986
56839987
56839988
56839989
56839990
56839991
56839992
56839993
56839994
56839995
56839996
56839997
56839998
56839999
56840000
56840001
56840002
56840003
56840004
56840005
56840006
56840007
56840008
56840009
56840010
56840011
56840012
56840013
56840014
56840015
56840016
56840017
56840018
56840019
56840020
56840021
56840022
56840023
56840024
56840025
56840026
56840027
56840028
56840029
56840030
56840031
56840032
56840033
56840034
56840035
56840036
56840037
56840038
56840039
56840040
56840041
56840042
56840043
56840044
56840045
56840046
56840047
56840048
56840049
56840050
56840051
56840052
56840053
56840054
56840055
56840056
56840057
56840058
56840059
56840060
56840061
56840062
56840063
56840064
56840065
56840066
56840067
56840068
56840069
56840070
56840071
56840072
56840073
56840074
56840075
56840076
56840077
56840078
56840079
56840080
56840081
56840082
56840083
56840084
56840085
56840086
56840087
56840088
56840089
56840090
56840091
56840092
56840093
56840094
56840095
56840096
56840097
56840098
56840099
56840100
56840101
56840102
56840103
56840104
56840105
56840106
56840107
56840108
56840109
56840110
56840111
56840112
56840113
56840114
56840115
56840116
56840117
56840118
56840119
56840120
56840121
56840122
56840123
56840124
56840125
56840126
56840127
56840128
56840129
56840130
56840131
56840132
56840133
56840134
56840135
56840136
56840137
56840138
56840139
56840140
56840141
56840142
56840143
56840144
56840145
56840146
56840147
56840148
56840149
56840150
56840151
56840152
56840153
56840154
56840155
56840156
56840157
56840158
56840159
56840160
56840161
56840162
56840163
56840164
56840165
56840166
56840167
56840168
56840169
56840170
56840171
56840172
56840173
56840174
56840175
56840176
56840177
56840178
56840179
56840180
56840181
56840182
56840183
56840184
56840185
56840186
56840187
56840188
56840189
56840190
56840191
56840192
56840193
56840194
56840195
56840196
56840197
56840198
56840199
56840200
56840201
56840202
56840203
56840204
56840205
56840206
56840207
56840208
56840209
56840210
56840211
56840212
56840213
56840214
56840215
56840216
56840217
56840218
56840219
56840220
56840221
56840222
56840223
56840224
56840225
56840226
56840227
56840228
56840229
56840230
56840231
56840232
56840233
56840234
56840235
56840236
56840237
56840238
56840239
56840240
56840241
56840242
56840243
56840244
56840245
56840246
56840247
56840248
56840249
56840250
56840251
56840252
56840253
56840254
56840255
56840256
56840257
56840258
56840259
56840260
56840261
56840262
56840263
56840264
56840265
56840266
56840267
56840268
56840269
56840270
56840271
56840272
56840273
56840274
56840275
56840276
56840277
56840278
56840279
56840280
56840281
56840282
56840283
56840284
56840285
56840286
56840287
56840288
56840289
56840290
56840291
56840292
56840293
56840294
56840295
56840296
56840297
56840298
56840299
56840300
56840301
56840302
56840303
56840304
56840305
56840306
56840307
56840308
56840309
56840310
56840311
56840312
56840313
56840314
56840315
56840316
56840317
56840318
56840319
56840320
56840321
56840322
56840323
56840324
56840325
56840326
56840327
56840328
56840329
56840330
56840331
56840332
56840333
56840334
56840335
56840336
56840337
56840338
56840339
56840340
56840341
56840342
56840343
56840344
56840345
56840346
56840347
56840348
56840349
56840350
56840351
56840352
56840353
56840354
56840355
56840356
56840357
56840358
56840359
56840360
56840361
56840362
56840363
56840364
56840365
56840366
56840367
56840368
56840369
56840370
56840371
56840372
56840373
56840374
56840375
56840376
56840377
56840378
56840379
56840380
56840381
56840382
56840383
56840384
56840385
56840386
56840387
56840388
56840389
56840390
56840391
56840392
56840393
56840394
56840395
56840396
56840397
56840398
56840399
56840400
56840401
56840402
56840403
56840404
56840405
56840406
56840407
56840408
56840409
56840410
56840411
56840412
56840413
56840414
56840415
56840416
56840417
56840418
56840419
56840420
56840421
56840422
56840423
56840424
56840425
56840426
56840427
56840428
56840429
56840430
56840431
56840432
56840433
56840434
56840435
56840436
56840437
56840438
56840439
56840440
56840441
56840442
56840443
56840444
56840445
56840446
56840447
56840448
56840449
56840450
56840451
56840452
56840453
56840454
56840455
56840456
56840457
56840458
56840459
56840460
56840461
56840462
56840463
56840464
56840465
56840466
56840467
56840468
56840469
56840470
56840471
56840472
56840473
56840474
56840475
56840476
56840477
56840478
56840479
56840480
56840481
56840482
56840483
56840484
56840485
56840486
56840487
56840488
56840489
56840490
56840491
56840492
56840493
56840494
56840495
56840496
56840497
56840498
56840499
56840500
56840501
56840502
56840503
56840504
56840505
56840506
56840507
56840508
56840509
56840510
56840511
56840512
56840513
56840514
56840515
56840516
56840517
56840518
56840519
56840520
56840521
56840522
56840523
56840524
56840525
56840526
56840527
56840528
56840529
56840530
56840531
56840532
56840533
56840534
56840535
56840536
56840537
56840538
56840539
56840540
56840541
56840542
56840543
56840544
56840545
56840546
56840547
56840548
56840549
56840550
56840551
56840552
56840553
56840554
56840555
56840556
56840557
56840558
56840559
56840560
56840561
56840562
56840563
56840564
56840565
56840566
56840567
56840568
56840569
56840570
56840571
56840572
56840573
56840574
56840575
56840576
56840577
56840578
56840579
56840580
56840581
56840582
56840583
56840584
56840585
56840586
56840587
56840588
56840589
56840590
56840591
56840592
56840593
56840594
56840595
56840596
56840597
56840598
56840599
56840600
56840601
56840602
56840603
56840604
56840605
56840606
56840607
56840608
56840609
56840610
56840611
56840612
56840613
56840614
56840615
56840616
56840617
56840618
56840619
56840620
56840621
56840622
56840623
56840624
56840625
56840626
56840627
56840628
56840629
56840630
56840631
56840632
56840633
56840634
56840635
56840636
56840637
56840638
56840639
56840640
56840641
56840642
56840643
56840644
56840645
56840646
56840647
56840648
56840649
56840650
56840651
56840652
56840653
56840654
56840655
56840656
56840657
56840658
56840659
56840660
56840661
56840662
56840663
56840664
56840665
56840666
56840667
56840668
56840669
56840670
56840671
56840672
56840673
56840674
56840675
56840676
56840677
56840678
56840679
56840680
56840681
56840682
56840683
56840684
56840685
56840686
56840687
56840688
56840689
56840690
56840691
56840692
56840693
56840694
56840695
56840696
56840697
56840698
56840699
56840700
56840701
56840702
56840703
56840704
56840705
56840706
56840707
56840708
56840709
56840710
56840711
56840712
56840713
56840714
56840715
56840716
56840717
56840718
56840719
56840720
56840721
56840722
56840723
56840724
56840725
56840726
56840727
56840728
56840729
56840730
56840731
56840732
56840733
56840734
56840735
56840736
56840737
56840738
56840739
56840740
56840741
56840742
56840743
56840744
56840745
56840746
56840747
56840748
56840749
56840750
56840751
56840752
56840753
56840754
56840755
56840756
56840757
56840758
56840759
56840760
56840761
56840762
56840763
56840764
56840765
56840766
56840767
56840768
56840769
56840770
56840771
56840772
56840773
56840774
56840775
56840776
56840777
56840778
56840779
56840780
56840781
56840782
56840783
56840784
56840785
56840786
56840787
56840788
56840789
56840790
56840791
56840792
56840793
56840794
56840795
56840796
56840797
56840798
56840799
56840800
56840801
56840802
56840803
56840804
56840805
56840806
56840807
56840808
56840809
56840810
56840811
56840812
56840813
56840814
56840815
56840816
56840817
56840818
56840819
56840820
56840821
56840822
56840823
56840824
56840825
56840826
56840827
56840828
56840829
56840830
56840831
56840832
56840833
56840834
56840835
56840836
56840837
56840838
56840839
56840840
56840841
56840842
56840843
56840844
56840845
56840846
56840847
56840848
56840849
56840850
56840851
56840852
56840853
56840854
56840855
56840856
56840857
56840858
56840859
56840860
56840861
56840862
56840863
56840864
56840865
56840866
56840867
56840868
56840869
56840870
56840871
56840872
56840873
56840874
56840875
56840876
56840877
56840878
56840879
56840880
56840881
56840882
56840883
56840884
56840885
56840886
56840887
56840888
56840889
56840890
56840891
56840892
56840893
56840894
56840895
56840896
56840897
56840898
56840899
56840900
56840901
56840902
56840903
56840904
56840905
56840906
56840907
56840908
56840909
56840910
56840911
56840912
56840913
56840914
56840915
56840916
56840917
56840918
56840919
56840920
56840921
56840922
56840923
56840924
56840925
56840926
56840927
56840928
56840929
56840930
56840931
56840932
56840933
56840934
56840935
56840936
56840937
56840938
56840939
56840940
56840941
56840942
56840943
56840944
56840945
56840946
56840947
56840948
56840949
56840950
56840951
56840952
56840953
56840954
56840955
56840956
56840957
56840958
56840959
56840960
56840961
56840962
56840963
56840964
56840965
56840966
56840967
56840968
56840969
56840970
56840971
56840972
56840973
56840974
56840975
56840976
56840977
56840978
56840979
56840980
56840981
56840982
56840983
56840984
56840985
56840986
56840987
56840988
56840989
56840990
56840991
56840992
56840993
56840994
56840995
56840996
56840997
56840998
56840999
56841000
56841001
56841002
56841003
56841004
56841005
56841006
56841007
56841008
56841009
56841010
56841011
56841012
56841013
56841014
56841015
56841016
56841017
56841018
56841019
56841020
56841021
56841022
56841023
56841024
56841025
56841026
56841027
56841028
56841029
56841030
56841031
56841032
56841033
56841034
56841035
56841036
56841037
56841038
56841039
56841040
56841041
56841042
56841043
56841044
56841045
56841046
56841047
56841048
56841049
56841050
56841051
56841052
56841053
56841054
56841055
56841056
56841057
56841058
56841059
56841060
56841061
56841062
56841063
56841064
56841065
56841066
56841067
56841068
56841069
56841070
56841071
56841072
56841073
56841074
56841075
56841076
56841077
56841078
56841079
56841080
56841081
56841082
56841083
56841084
56841085
56841086
56841087
56841088
56841089
56841090
56841091
56841092
56841093
56841094
56841095
56841096
56841097
56841098
56841099
56841100
56841101
56841102
56841103
56841104
56841105
56841106
56841107
56841108
56841109
56841110
56841111
56841112
56841113
56841114
56841115
56841116
56841117
56841118
56841119
56841120
56841121
56841122
56841123
56841124
56841125
56841126
56841127
56841128
56841129
56841130
56841131
56841132
56841133
56841134
56841135
56841136
56841137
56841138
56841139
56841140
56841141
56841142
56841143
56841144
56841145
56841146
56841147
56841148
56841149
56841150
56841151
56841152
56841153
56841154
56841155
56841156
56841157
56841158
56841159
56841160
56841161
56841162
56841163
56841164
56841165
56841166
56841167
56841168
56841169
56841170
56841171
56841172
56841173
56841174
56841175
56841176
56841177
56841178
56841179
56841180
56841181
56841182
56841183
56841184
56841185
56841186
56841187
56841188
56841189
56841190
56841191
56841192
56841193
56841194
56841195
56841196
56841197
56841198
56841199
56841200
56841201
56841202
56841203
56841204
56841205
56841206
56841207
56841208
56841209
56841210
56841211
56841212
56841213
56841214
56841215
56841216
56841217
56841218
56841219
56841220
56841221
56841222
56841223
56841224
56841225
56841226
56841227
56841228
56841229
56841230
56841231
56841232
56841233
56841234
56841235
56841236
56841237
56841238
56841239
56841240
56841241
56841242
56841243
56841244
56841245
56841246
56841247
56841248
56841249
56841250
56841251
56841252
56841253
56841254
56841255
56841256
56841257
56841258
56841259
56841260
56841261
56841262
56841263
56841264
56841265
56841266
56841267
56841268
56841269
56841270
56841271
56841272
56841273
56841274
56841275
56841276
56841277
56841278
56841279
56841280
56841281
56841282
56841283
56841284
56841285
56841286
56841287
56841288
56841289
56841290
56841291
56841292
56841293
56841294
56841295
56841296
56841297
56841298
56841299
56841300
56841301
56841302
56841303
56841304
56841305
56841306
56841307
56841308
56841309
56841310
56841311
56841312
56841313
56841314
56841315
56841316
56841317
56841318
56841319
56841320
56841321
56841322
56841323
56841324
56841325
56841326
56841327
56841328
56841329
56841330
56841331
56841332
56841333
56841334
56841335
56841336
56841337
56841338
56841339
56841340
56841341
56841342
56841343
56841344
56841345
56841346
56841347
56841348
56841349
56841350
56841351
56841352
56841353
56841354
56841355
56841356
56841357
56841358
56841359
56841360
56841361
56841362
56841363
56841364
56841365
56841366
56841367
56841368
56841369
56841370
56841371
56841372
56841373
56841374
56841375
56841376
56841377
56841378
56841379
56841380
56841381
56841382
56841383
56841384
56841385
56841386
56841387
56841388
56841389
56841390
56841391
56841392
56841393
56841394
56841395
56841396
56841397
56841398
56841399
56841400
56841401
56841402
56841403
56841404
56841405
56841406
56841407
56841408
56841409
56841410
56841411
56841412
56841413
56841414
56841415
56841416
56841417
56841418
56841419
56841420
56841421
56841422
56841423
56841424
56841425
56841426
56841427
56841428
56841429
56841430
56841431
56841432
56841433
56841434
56841435
56841436
56841437
56841438
56841439
56841440
56841441
56841442
56841443
56841444
56841445
56841446
56841447
56841448
56841449
56841450
56841451
56841452
56841453
56841454
56841455
56841456
56841457
56841458
56841459
56841460
56841461
56841462
56841463
56841464
56841465
56841466
56841467
56841468
56841469
56841470
56841471
56841472
56841473
56841474
56841475
56841476
56841477
56841478
56841479
56841480
56841481
56841482
56841483
56841484
56841485
56841486
56841487
56841488
56841489
56841490
56841491
56841492
56841493
56841494
56841495
56841496
56841497
56841498
56841499
56841500
56841501
56841502
56841503
56841504
56841505
56841506
56841507
56841508
56841509
56841510
56841511
56841512
56841513
56841514
56841515
56841516
56841517
56841518
56841519
56841520
56841521
56841522
56841523
56841524
56841525
56841526
56841527
56841528
56841529
56841530
56841531
56841532
56841533
56841534
56841535
56841536
56841537
56841538
56841539
56841540
56841541
56841542
56841543
56841544
56841545
56841546
56841547
56841548
56841549
56841550
56841551
56841552
56841553
56841554
56841555
56841556
56841557
56841558
56841559
56841560
56841561
56841562
56841563
56841564
56841565
56841566
56841567
56841568
56841569
56841570
56841571
56841572
56841573
56841574
56841575
56841576
56841577
56841578
56841579
56841580
56841581
56841582
56841583
56841584
56841585
56841586
56841587
56841588
56841589
56841590
56841591
56841592
56841593
56841594
56841595
56841596
56841597
56841598
56841599
56841600
56841601
56841602
56841603
56841604
56841605
56841606
56841607
56841608
56841609
56841610
56841611
56841612
56841613
56841614
56841615
56841616
56841617
56841618
56841619
56841620
56841621
56841622
56841623
56841624
56841625
56841626
56841627
56841628
56841629
56841630
56841631
56841632
56841633
56841634
56841635
56841636
56841637
56841638
56841639
56841640
56841641
56841642
56841643
56841644
56841645
56841646
56841647
56841648
56841649
56841650
56841651
56841652
56841653
56841654
56841655
56841656
56841657
56841658
56841659
56841660
56841661
56841662
56841663
56841664
56841665
56841666
56841667
56841668
56841669
56841670
56841671
56841672
56841673
56841674
56841675
56841676
56841677
56841678
56841679
56841680
56841681
56841682
56841683
56841684
56841685
56841686
56841687
56841688
56841689
56841690
56841691
56841692
56841693
56841694
56841695
56841696
56841697
56841698
56841699
56841700
56841701
56841702
56841703
56841704
56841705
56841706
56841707
56841708
56841709
56841710
56841711
56841712
56841713
56841714
56841715
56841716
56841717
56841718
56841719
56841720
56841721
56841722
56841723
56841724
56841725
56841726
56841727
56841728
56841729
56841730
56841731
56841732
56841733
56841734
56841735
56841736
56841737
56841738
56841739
56841740
56841741
56841742
56841743
56841744
56841745
56841746
56841747
56841748
56841749
56841750
56841751
56841752
56841753
56841754
56841755
56841756
56841757
56841758
56841759
56841760
56841761
56841762
56841763
56841764
56841765
56841766
56841767
56841768
56841769
56841770
56841771
56841772
56841773
56841774
56841775
56841776
56841777
56841778
56841779
56841780
56841781
56841782
56841783
56841784
56841785
56841786
56841787
56841788
56841789
56841790
56841791
56841792
56841793
56841794
56841795
56841796
56841797
56841798
56841799
56841800
56841801
56841802
56841803
56841804
56841805
56841806
56841807
56841808
56841809
56841810
56841811
56841812
56841813
56841814
56841815
56841816
56841817
56841818
56841819
56841820
56841821
56841822
56841823
56841824
56841825
56841826
56841827
56841828
56841829
56841830
56841831
56841832
56841833
56841834
56841835
56841836
56841837
56841838
56841839
56841840
56841841
56841842
56841843
56841844
56841845
56841846
56841847
56841848
56841849
56841850
56841851
56841852
56841853
56841854
56841855
56841856
56841857
56841858
56841859
56841860
56841861
56841862
56841863
56841864
56841865
56841866
56841867
56841868
56841869
56841870
56841871
56841872
56841873
56841874
56841875
56841876
56841877
56841878
56841879
56841880
56841881
56841882
56841883
56841884
56841885
56841886
56841887
56841888
56841889
56841890
56841891
56841892
56841893
56841894
56841895
56841896
56841897
56841898
56841899
56841900
56841901
56841902
56841903
56841904
56841905
56841906
56841907
56841908
56841909
56841910
56841911
56841912
56841913
56841914
56841915
56841916
56841917
56841918
56841919
56841920
56841921
56841922
56841923
56841924
56841925
56841926
56841927
56841928
56841929
56841930
56841931
56841932
56841933
56841934
56841935
56841936
56841937
56841938
56841939
56841940
56841941
56841942
56841943
56841944
56841945
56841946
56841947
56841948
56841949
56841950
56841951
56841952
56841953
56841954
56841955
56841956
56841957
56841958
56841959
56841960
56841961
56841962
56841963
56841964
56841965
56841966
56841967
56841968
56841969
56841970
56841971
56841972
56841973
56841974
56841975
56841976
56841977
56841978
56841979
56841980
56841981
56841982
56841983
56841984
56841985
56841986
56841987
56841988
56841989
56841990
56841991
56841992
56841993
56841994
56841995
56841996
56841997
56841998
56841999
56842000
56842001
56842002
56842003
56842004
56842005
56842006
56842007
56842008
56842009
56842010
56842011
56842012
56842013
56842014
56842015
56842016
56842017
56842018
56842019
56842020
56842021
56842022
56842023
56842024
56842025
56842026
56842027
56842028
56842029
56842030
56842031
56842032
56842033
56842034
56842035
56842036
56842037
56842038
56842039
56842040
56842041
56842042
56842043
56842044
56842045
56842046
56842047
56842048
56842049
56842050
56842051
56842052
56842053
56842054
56842055
56842056
56842057
56842058
56842059
56842060
56842061
56842062
56842063
56842064
56842065
56842066
56842067
56842068
56842069
56842070
56842071
56842072
56842073
56842074
56842075
56842076
56842077
56842078
56842079
56842080
56842081
56842082
56842083
56842084
56842085
56842086
56842087
56842088
56842089
56842090
56842091
56842092
56842093
56842094
56842095
56842096
56842097
56842098
56842099
56842100
56842101
56842102
56842103
56842104
56842105
56842106
56842107
56842108
56842109
56842110
56842111
56842112
56842113
56842114
56842115
56842116
56842117
56842118
56842119
56842120
56842121
56842122
56842123
56842124
56842125
56842126
56842127
56842128
56842129
56842130
56842131
56842132
56842133
56842134
56842135
56842136
56842137
56842138
56842139
56842140
56842141
56842142
56842143
56842144
56842145
56842146
56842147
56842148
56842149
56842150
56842151
56842152
56842153
56842154
56842155
56842156
56842157
56842158
56842159
56842160
56842161
56842162
56842163
56842164
56842165
56842166
56842167
56842168
56842169
56842170
56842171
56842172
56842173
56842174
56842175
56842176
56842177
56842178
56842179
56842180
56842181
56842182
56842183
56842184
56842185
56842186
56842187
56842188
56842189
56842190
56842191
56842192
56842193
56842194
56842195
56842196
56842197
56842198
56842199
56842200
56842201
56842202
56842203
56842204
56842205
56842206
56842207
56842208
56842209
56842210
56842211
56842212
56842213
56842214
56842215
56842216
56842217
56842218
56842219
56842220
56842221
56842222
56842223
56842224
56842225
56842226
56842227
56842228
56842229
56842230
56842231
56842232
56842233
56842234
56842235
56842236
56842237
56842238
56842239
56842240
56842241
56842242
56842243
56842244
56842245
56842246
56842247
56842248
56842249
56842250
56842251
56842252
56842253
56842254
56842255
56842256
56842257
56842258
56842259
56842260
56842261
56842262
56842263
56842264
56842265
56842266
56842267
56842268
56842269
56842270
56842271
56842272
56842273
56842274
56842275
56842276
56842277
56842278
56842279
56842280
56842281
56842282
56842283
56842284
56842285
56842286
56842287
56842288
56842289
56842290
56842291
56842292
56842293
56842294
56842295
56842296
56842297
56842298
56842299
56842300
56842301
56842302
56842303
56842304
56842305
56842306
56842307
56842308
56842309
56842310
56842311
56842312
56842313
56842314
56842315
56842316
56842317
56842318
56842319
56842320
56842321
56842322
56842323
56842324
56842325
56842326
56842327
56842328
56842329
56842330
56842331
56842332
56842333
56842334
56842335
56842336
56842337
56842338
56842339
56842340
56842341
56842342
56842343
56842344
56842345
56842346
56842347
56842348
56842349
56842350
56842351
56842352
56842353
56842354
56842355
56842356
56842357
56842358
56842359
56842360
56842361
56842362
56842363
56842364
56842365
56842366
56842367
56842368
56842369
56842370
56842371
56842372
56842373
56842374
56842375
56842376
56842377
56842378
56842379
56842380
56842381
56842382
56842383
56842384
56842385
56842386
56842387
56842388
56842389
56842390
56842391
56842392
56842393
56842394
56842395
56842396
56842397
56842398
56842399
56842400
56842401
56842402
56842403
56842404
56842405
56842406
56842407
56842408
56842409
56842410
56842411
56842412
56842413
56842414
56842415
56842416
56842417
56842418
56842419
56842420
56842421
56842422
56842423
56842424
56842425
56842426
56842427
56842428
56842429
56842430
56842431
56842432
56842433
56842434
56842435
56842436
56842437
56842438
56842439
56842440
56842441
56842442
56842443
56842444
56842445
56842446
56842447
56842448
56842449
56842450
56842451
56842452
56842453
56842454
56842455
56842456
56842457
56842458
56842459
56842460
56842461
56842462
56842463
56842464
56842465
56842466
56842467
56842468
56842469
56842470
56842471
56842472
56842473
56842474
56842475
56842476
56842477
56842478
56842479
56842480
56842481
56842482
56842483
56842484
56842485
56842486
56842487
56842488
56842489
56842490
56842491
56842492
56842493
56842494
56842495
56842496
56842497
56842498
56842499
56842500
56842501
56842502
56842503
56842504
56842505
56842506
56842507
56842508
56842509
56842510
56842511
56842512
56842513
56842514
56842515
56842516
56842517
56842518
56842519
56842520
56842521
56842522
56842523
56842524
56842525
56842526
56842527
56842528
56842529
56842530
56842531
56842532
56842533
56842534
56842535
56842536
56842537
56842538
56842539
56842540
56842541
56842542
56842543
56842544
56842545
56842546
56842547
56842548
56842549
56842550
56842551
56842552
56842553
56842554
56842555
56842556
56842557
56842558
56842559
56842560
56842561
56842562
56842563
56842564
56842565
56842566
56842567
56842568
56842569
56842570
56842571
56842572
56842573
56842574
56842575
56842576
56842577
56842578
56842579
56842580
56842581
56842582
56842583
56842584
56842585
56842586
56842587
56842588
56842589
56842590
56842591
56842592
56842593
56842594
56842595
56842596
56842597
56842598
56842599
56842600
56842601
56842602
56842603
56842604
56842605
56842606
56842607
56842608
56842609
56842610
56842611
56842612
56842613
56842614
56842615
56842616
56842617
56842618
56842619
56842620
56842621
56842622
56842623
56842624
56842625
56842626
56842627
56842628
56842629
56842630
56842631
56842632
56842633
56842634
56842635
56842636
56842637
56842638
56842639
56842640
56842641
56842642
56842643
56842644
56842645
56842646
56842647
56842648
56842649
56842650
56842651
56842652
56842653
56842654
56842655
56842656
56842657
56842658
56842659
56842660
56842661
56842662
56842663
56842664
56842665
56842666
56842667
56842668
56842669
56842670
56842671
56842672
56842673
56842674
56842675
56842676
56842677
56842678
56842679
56842680
56842681
56842682
56842683
56842684
56842685
56842686
56842687
56842688
56842689
56842690
56842691
56842692
56842693
56842694
56842695
56842696
56842697
56842698
56842699
56842700
56842701
56842702
56842703
56842704
56842705
56842706
56842707
56842708
56842709
56842710
56842711
56842712
56842713
56842714
56842715
56842716
56842717
56842718
56842719
56842720
56842721
56842722
56842723
56842724
56842725
56842726
56842727
56842728
56842729
56842730
56842731
56842732
56842733
56842734
56842735
56842736
56842737
56842738
56842739
56842740
56842741
56842742
56842743
56842744
56842745
56842746
56842747
56842748
56842749
56842750
56842751
56842752
56842753
56842754
56842755
56842756
56842757
56842758
56842759
56842760
56842761
56842762
56842763
56842764
56842765
56842766
56842767
56842768
56842769
56842770
56842771
56842772
56842773
56842774
56842775
56842776
56842777
56842778
56842779
56842780
56842781
56842782
56842783
56842784
56842785
56842786
56842787
56842788
56842789
56842790
56842791
56842792
56842793
56842794
56842795
56842796
56842797
56842798
56842799
56842800
56842801
56842802
56842803
56842804
56842805
56842806
56842807
56842808
56842809
56842810
56842811
56842812
56842813
56842814
56842815
56842816
56842817
56842818
56842819
56842820
56842821
56842822
56842823
56842824
56842825
56842826
56842827
56842828
56842829
56842830
56842831
56842832
56842833
56842834
56842835
56842836
56842837
56842838
56842839
56842840
56842841
56842842
56842843
56842844
56842845
56842846
56842847
56842848
56842849
56842850
56842851
56842852
56842853
56842854
56842855
56842856
56842857
56842858
56842859
56842860
56842861
56842862
56842863
56842864
56842865
56842866
56842867
56842868
56842869
56842870
56842871
56842872
56842873
56842874
56842875
56842876
56842877
56842878
56842879
56842880
56842881
56842882
56842883
56842884
56842885
56842886
56842887
56842888
56842889
56842890
56842891
56842892
56842893
56842894
56842895
56842896
56842897
56842898
56842899
56842900
56842901
56842902
56842903
56842904
56842905
56842906
56842907
56842908
56842909
56842910
56842911
56842912
56842913
56842914
56842915
56842916
56842917
56842918
56842919
56842920
56842921
56842922
56842923
56842924
56842925
56842926
56842927
56842928
56842929
56842930
56842931
56842932
56842933
56842934
56842935
56842936
56842937
56842938
56842939
56842940
56842941
56842942
56842943
56842944
56842945
56842946
56842947
56842948
56842949
56842950
56842951
56842952
56842953
56842954
56842955
56842956
56842957
56842958
56842959
56842960
56842961
56842962
56842963
56842964
56842965
56842966
56842967
56842968
56842969
56842970
56842971
56842972
56842973
56842974
56842975
56842976
56842977
56842978
56842979
56842980
56842981
56842982
56842983
56842984
56842985
56842986
56842987
56842988
56842989
56842990
56842991
56842992
56842993
56842994
56842995
56842996
56842997
56842998
56842999
56843000
56843001
56843002
56843003
56843004
56843005
56843006
56843007
56843008
56843009
56843010
56843011
56843012
56843013
56843014
56843015
56843016
56843017
56843018
56843019
56843020
56843021
56843022
56843023
56843024
56843025
56843026
56843027
56843028
56843029
56843030
56843031
56843032
56843033
56843034
56843035
56843036
56843037
56843038
56843039
56843040
56843041
56843042
56843043
56843044
56843045
56843046
56843047
56843048
56843049
56843050
56843051
56843052
56843053
56843054
56843055
56843056
56843057
56843058
56843059
56843060
56843061
56843062
56843063
56843064
56843065
56843066
56843067
56843068
56843069
56843070
56843071
56843072
56843073
56843074
56843075
56843076
56843077
56843078
56843079
56843080
56843081
56843082
56843083
56843084
56843085
56843086
56843087
56843088
56843089
56843090
56843091
56843092
56843093
56843094
56843095
56843096
56843097
56843098
56843099
56843100
56843101
56843102
56843103
56843104
56843105
56843106
56843107
56843108
56843109
56843110
56843111
56843112
56843113
56843114
56843115
56843116
56843117
56843118
56843119
56843120
56843121
56843122
56843123
56843124
56843125
56843126
56843127
56843128
56843129
56843130
56843131
56843132
56843133
56843134
56843135
56843136
56843137
56843138
56843139
56843140
56843141
56843142
56843143
56843144
56843145
56843146
56843147
56843148
56843149
56843150
56843151
56843152
56843153
56843154
56843155
56843156
56843157
56843158
56843159
56843160
56843161
56843162
56843163
56843164
56843165
56843166
56843167
56843168
56843169
56843170
56843171
56843172
56843173
56843174
56843175
56843176
56843177
56843178
56843179
56843180
56843181
56843182
56843183
56843184
56843185
56843186
56843187
56843188
56843189
56843190
56843191
56843192
56843193
56843194
56843195
56843196
56843197
56843198
56843199
56843200
56843201
56843202
56843203
56843204
56843205
56843206
56843207
56843208
56843209
56843210
56843211
56843212
56843213
56843214
56843215
56843216
56843217
56843218
56843219
56843220
56843221
56843222
56843223
56843224
56843225
56843226
56843227
56843228
56843229
56843230
56843231
56843232
56843233
56843234
56843235
56843236
56843237
56843238
56843239
56843240
56843241
56843242
56843243
56843244
56843245
56843246
56843247
56843248
56843249
56843250
56843251
56843252
56843253
56843254
56843255
56843256
56843257
56843258
56843259
56843260
56843261
56843262
56843263
56843264
56843265
56843266
56843267
56843268
56843269
56843270
56843271
56843272
56843273
56843274
56843275
56843276
56843277
56843278
56843279
56843280
56843281
56843282
56843283
56843284
56843285
56843286
56843287
56843288
56843289
56843290
56843291
56843292
56843293
56843294
56843295
56843296
56843297
56843298
56843299
56843300
56843301
56843302
56843303
56843304
56843305
56843306
56843307
56843308
56843309
56843310
56843311
56843312
56843313
56843314
56843315
56843316
56843317
56843318
56843319
56843320
56843321
56843322
56843323
56843324
56843325
56843326
56843327
56843328
56843329
56843330
56843331
56843332
56843333
56843334
56843335
56843336
56843337
56843338
56843339
56843340
56843341
56843342
56843343
56843344
56843345
56843346
56843347
56843348
56843349
56843350
56843351
56843352
56843353
56843354
56843355
56843356
56843357
56843358
56843359
56843360
56843361
56843362
56843363
56843364
56843365
56843366
56843367
56843368
56843369
56843370
56843371
56843372
56843373
56843374
56843375
56843376
56843377
56843378
56843379
56843380
56843381
56843382
56843383
56843384
56843385
56843386
56843387
56843388
56843389
56843390
56843391
56843392
56843393
56843394
56843395
56843396
56843397
56843398
56843399
56843400
56843401
56843402
56843403
56843404
56843405
56843406
56843407
56843408
56843409
56843410
56843411
56843412
56843413
56843414
56843415
56843416
56843417
56843418
56843419
56843420
56843421
56843422
56843423
56843424
56843425
56843426
56843427
56843428
56843429
56843430
56843431
56843432
56843433
56843434
56843435
56843436
56843437
56843438
56843439
56843440
56843441
56843442
56843443
56843444
56843445
56843446
56843447
56843448
56843449
56843450
56843451
56843452
56843453
56843454
56843455
56843456
56843457
56843458
56843459
56843460
56843461
56843462
56843463
56843464
56843465
56843466
56843467
56843468
56843469
56843470
56843471
56843472
56843473
56843474
56843475
56843476
56843477
56843478
56843479
56843480
56843481
56843482
56843483
56843484
56843485
56843486
56843487
56843488
56843489
56843490
56843491
56843492
56843493
56843494
56843495
56843496
56843497
56843498
56843499
56843500
56843501
56843502
56843503
56843504
56843505
56843506
56843507
56843508
56843509
56843510
56843511
56843512
56843513
56843514
56843515
56843516
56843517
56843518
56843519
56843520
56843521
56843522
56843523
56843524
56843525
56843526
56843527
56843528
56843529
56843530
56843531
56843532
56843533
56843534
56843535
56843536
56843537
56843538
56843539
56843540
56843541
56843542
56843543
56843544
56843545
56843546
56843547
56843548
56843549
56843550
56843551
56843552
56843553
56843554
56843555
56843556
56843557
56843558
56843559
56843560
56843561
56843562
56843563
56843564
56843565
56843566
56843567
56843568
56843569
56843570
56843571
56843572
56843573
56843574
56843575
56843576
56843577
56843578
56843579
56843580
56843581
56843582
56843583
56843584
56843585
56843586
56843587
56843588
56843589
56843590
56843591
56843592
56843593
56843594
56843595
56843596
56843597
56843598
56843599
56843600
56843601
56843602
56843603
56843604
56843605
56843606
56843607
56843608
56843609
56843610
56843611
56843612
56843613
56843614
56843615
56843616
56843617
56843618
56843619
56843620
56843621
56843622
56843623
56843624
56843625
56843626
56843627
56843628
56843629
56843630
56843631
56843632
56843633
56843634
56843635
56843636
56843637
56843638
56843639
56843640
56843641
56843642
56843643
56843644
56843645
56843646
56843647
56843648
56843649
56843650
56843651
56843652
56843653
56843654
56843655
56843656
56843657
56843658
56843659
56843660
56843661
56843662
56843663
56843664
56843665
56843666
56843667
56843668
56843669
56843670
56843671
56843672
56843673
56843674
56843675
56843676
56843677
56843678
56843679
56843680
56843681
56843682
56843683
56843684
56843685
56843686
56843687
56843688
56843689
56843690
56843691
56843692
56843693
56843694
56843695
56843696
56843697
56843698
56843699
56843700
56843701
56843702
56843703
56843704
56843705
56843706
56843707
56843708
56843709
56843710
56843711
56843712
56843713
56843714
56843715
56843716
56843717
56843718
56843719
56843720
56843721
56843722
56843723
56843724
56843725
56843726
56843727
56843728
56843729
56843730
56843731
56843732
56843733
56843734
56843735
56843736
56843737
56843738
56843739
56843740
56843741
56843742
56843743
56843744
56843745
56843746
56843747
56843748
56843749
56843750
56843751
56843752
56843753
56843754
56843755
56843756
56843757
56843758
56843759
56843760
56843761
56843762
56843763
56843764
56843765
56843766
56843767
56843768
56843769
56843770
56843771
56843772
56843773
56843774
56843775
56843776
56843777
56843778
56843779
56843780
56843781
56843782
56843783
56843784
56843785
56843786
56843787
56843788
56843789
56843790
56843791
56843792
56843793
56843794
56843795
56843796
56843797
56843798
56843799
56843800
56843801
56843802
56843803
56843804
56843805
56843806
56843807
56843808
56843809
56843810
56843811
56843812
56843813
56843814
56843815
56843816
56843817
56843818
56843819
56843820
56843821
56843822
56843823
56843824
56843825
56843826
56843827
56843828
56843829
56843830
56843831
56843832
56843833
56843834
56843835
56843836
56843837
56843838
56843839
56843840
56843841
56843842
56843843
56843844
56843845
56843846
56843847
56843848
56843849
56843850
56843851
56843852
56843853
56843854
56843855
56843856
56843857
56843858
56843859
56843860
56843861
56843862
56843863
56843864
56843865
56843866
56843867
56843868
56843869
56843870
56843871
56843872
56843873
56843874
56843875
56843876
56843877
56843878
56843879
56843880
56843881
56843882
56843883
56843884
56843885
56843886
56843887
56843888
56843889
56843890
56843891
56843892
56843893
56843894
56843895
56843896
56843897
56843898
56843899
56843900
56843901
56843902
56843903
56843904
56843905
56843906
56843907
56843908
56843909
56843910
56843911
56843912
56843913
56843914
56843915
56843916
56843917
56843918
56843919
56843920
56843921
56843922
56843923
56843924
56843925
56843926
56843927
56843928
56843929
56843930
56843931
56843932
56843933
56843934
56843935
56843936
56843937
56843938
56843939
56843940
56843941
56843942
56843943
56843944
56843945
56843946
56843947
56843948
56843949
56843950
56843951
56843952
56843953
56843954
56843955
56843956
56843957
56843958
56843959
56843960
56843961
56843962
56843963
56843964
56843965
56843966
56843967
56843968
56843969
56843970
56843971
56843972
56843973
56843974
56843975
56843976
56843977
56843978
56843979
56843980
56843981
56843982
56843983
56843984
56843985
56843986
56843987
56843988
56843989
56843990
56843991
56843992
56843993
56843994
56843995
56843996
56843997
56843998
56843999
56844000
56844001
56844002
56844003
56844004
56844005
56844006
56844007
56844008
56844009
56844010
56844011
56844012
56844013
56844014
56844015
56844016
56844017
56844018
56844019
56844020
56844021
56844022
56844023
56844024
56844025
56844026
56844027
56844028
56844029
56844030
56844031
56844032
56844033
56844034
56844035
56844036
56844037
56844038
56844039
56844040
56844041
56844042
56844043
56844044
56844045
56844046
56844047
56844048
56844049
56844050
56844051
56844052
56844053
56844054
56844055
56844056
56844057
56844058
56844059
56844060
56844061
56844062
56844063
56844064
56844065
56844066
56844067
56844068
56844069
56844070
56844071
56844072
56844073
56844074
56844075
56844076
56844077
56844078
56844079
56844080
56844081
56844082
56844083
56844084
56844085
56844086
56844087
56844088
56844089
56844090
56844091
56844092
56844093
56844094
56844095
56844096
56844097
56844098
56844099
56844100
56844101
56844102
56844103
56844104
56844105
56844106
56844107
56844108
56844109
56844110
56844111
56844112
56844113
56844114
56844115
56844116
56844117
56844118
56844119
56844120
56844121
56844122
56844123
56844124
56844125
56844126
56844127
56844128
56844129
56844130
56844131
56844132
56844133
56844134
56844135
56844136
56844137
56844138
56844139
56844140
56844141
56844142
56844143
56844144
56844145
56844146
56844147
56844148
56844149
56844150
56844151
56844152
56844153
56844154
56844155
56844156
56844157
56844158
56844159
56844160
56844161
56844162
56844163
56844164
56844165
56844166
56844167
56844168
56844169
56844170
56844171
56844172
56844173
56844174
56844175
56844176
56844177
56844178
56844179
56844180
56844181
56844182
56844183
56844184
56844185
56844186
56844187
56844188
56844189
56844190
56844191
56844192
56844193
56844194
56844195
56844196
56844197
56844198
56844199
56844200
56844201
56844202
56844203
56844204
56844205
56844206
56844207
56844208
56844209
56844210
56844211
56844212
56844213
56844214
56844215
56844216
56844217
56844218
56844219
56844220
56844221
56844222
56844223
56844224
56844225
56844226
56844227
56844228
56844229
56844230
56844231
56844232
56844233
56844234
56844235
56844236
56844237
56844238
56844239
56844240
56844241
56844242
56844243
56844244
56844245
56844246
56844247
56844248
56844249
56844250
56844251
56844252
56844253
56844254
56844255
56844256
56844257
56844258
56844259
56844260
56844261
56844262
56844263
56844264
56844265
56844266
56844267
56844268
56844269
56844270
56844271
56844272
56844273
56844274
56844275
56844276
56844277
56844278
56844279
56844280
56844281
56844282
56844283
56844284
56844285
56844286
56844287
56844288
56844289
56844290
56844291
56844292
56844293
56844294
56844295
56844296
56844297
56844298
56844299
56844300
56844301
56844302
56844303
56844304
56844305
56844306
56844307
56844308
56844309
56844310
56844311
56844312
56844313
56844314
56844315
56844316
56844317
56844318
56844319
56844320
56844321
56844322
56844323
56844324
56844325
56844326
56844327
56844328
56844329
56844330
56844331
56844332
56844333
56844334
56844335
56844336
56844337
56844338
56844339
56844340
56844341
56844342
56844343
56844344
56844345
56844346
56844347
56844348
56844349
56844350
56844351
56844352
56844353
56844354
56844355
56844356
56844357
56844358
56844359
56844360
56844361
56844362
56844363
56844364
56844365
56844366
56844367
56844368
56844369
56844370
56844371
56844372
56844373
56844374
56844375
56844376
56844377
56844378
56844379
56844380
56844381
56844382
56844383
56844384
56844385
56844386
56844387
56844388
56844389
56844390
56844391
56844392
56844393
56844394
56844395
56844396
56844397
56844398
56844399
56844400
56844401
56844402
56844403
56844404
56844405
56844406
56844407
56844408
56844409
56844410
56844411
56844412
56844413
56844414
56844415
56844416
56844417
56844418
56844419
56844420
56844421
56844422
56844423
56844424
56844425
56844426
56844427
56844428
56844429
56844430
56844431
56844432
56844433
56844434
56844435
56844436
56844437
56844438
56844439
56844440
56844441
56844442
56844443
56844444
56844445
56844446
56844447
56844448
56844449
56844450
56844451
56844452
56844453
56844454
56844455
56844456
56844457
56844458
56844459
56844460
56844461
56844462
56844463
56844464
56844465
56844466
56844467
56844468
56844469
56844470
56844471
56844472
56844473
56844474
56844475
56844476
56844477
56844478
56844479
56844480
56844481
56844482
56844483
56844484
56844485
56844486
56844487
56844488
56844489
56844490
56844491
56844492
56844493
56844494
56844495
56844496
56844497
56844498
56844499
56844500
56844501
56844502
56844503
56844504
56844505
56844506
56844507
56844508
56844509
56844510
56844511
56844512
56844513
56844514
56844515
56844516
56844517
56844518
56844519
56844520
56844521
56844522
56844523
56844524
56844525
56844526
56844527
56844528
56844529
56844530
56844531
56844532
56844533
56844534
56844535
56844536
56844537
56844538
56844539
56844540
56844541
56844542
56844543
56844544
56844545
56844546
56844547
56844548
56844549
56844550
56844551
56844552
56844553
56844554
56844555
56844556
56844557
56844558
56844559
56844560
56844561
56844562
56844563
56844564
56844565
56844566
56844567
56844568
56844569
56844570
56844571
56844572
56844573
56844574
56844575
56844576
56844577
56844578
56844579
56844580
56844581
56844582
56844583
56844584
56844585
56844586
56844587
56844588
56844589
56844590
56844591
56844592
56844593
56844594
56844595
56844596
56844597
56844598
56844599
56844600
56844601
56844602
56844603
56844604
56844605
56844606
56844607
56844608
56844609
56844610
56844611
56844612
56844613
56844614
56844615
56844616
56844617
56844618
56844619
56844620
56844621
56844622
56844623
56844624
56844625
56844626
56844627
56844628
56844629
56844630
56844631
56844632
56844633
56844634
56844635
56844636
56844637
56844638
56844639
56844640
56844641
56844642
56844643
56844644
56844645
56844646
56844647
56844648
56844649
56844650
56844651
56844652
56844653
56844654
56844655
56844656
56844657
56844658
56844659
56844660
56844661
56844662
56844663
56844664
56844665
56844666
56844667
56844668
56844669
56844670
56844671
56844672
56844673
56844674
56844675
56844676
56844677
56844678
56844679
56844680
56844681
56844682
56844683
56844684
56844685
56844686
56844687
56844688
56844689
56844690
56844691
56844692
56844693
56844694
56844695
56844696
56844697
56844698
56844699
56844700
56844701
56844702
56844703
56844704
56844705
56844706
56844707
56844708
56844709
56844710
56844711
56844712
56844713
56844714
56844715
56844716
56844717
56844718
56844719
56844720
56844721
56844722
56844723
56844724
56844725
56844726
56844727
56844728
56844729
56844730
56844731
56844732
56844733
56844734
56844735
56844736
56844737
56844738
56844739
56844740
56844741
56844742
56844743
56844744
56844745
56844746
56844747
56844748
56844749
56844750
56844751
56844752
56844753
56844754
56844755
56844756
56844757
56844758
56844759
56844760
56844761
56844762
56844763
56844764
56844765
56844766
56844767
56844768
56844769
56844770
56844771
56844772
56844773
56844774
56844775
56844776
56844777
56844778
56844779
56844780
56844781
56844782
56844783
56844784
56844785
56844786
56844787
56844788
56844789
56844790
56844791
56844792
56844793
56844794
56844795
56844796
56844797
56844798
56844799
56844800
56844801
56844802
56844803
56844804
56844805
56844806
56844807
56844808
56844809
56844810
56844811
56844812
56844813
56844814
56844815
56844816
56844817
56844818
56844819
56844820
56844821
56844822
56844823
56844824
56844825
56844826
56844827
56844828
56844829
56844830
56844831
56844832
56844833
56844834
56844835
56844836
56844837
56844838
56844839
56844840
56844841
56844842
56844843
56844844
56844845
56844846
56844847
56844848
56844849
56844850
56844851
56844852
56844853
56844854
56844855
56844856
56844857
56844858
56844859
56844860
56844861
56844862
56844863
56844864
56844865
56844866
56844867
56844868
56844869
56844870
56844871
56844872
56844873
56844874
56844875
56844876
56844877
56844878
56844879
56844880
56844881
56844882
56844883
56844884
56844885
56844886
56844887
56844888
56844889
56844890
56844891
56844892
56844893
56844894
56844895
56844896
56844897
56844898
56844899
56844900
56844901
56844902
56844903
56844904
56844905
56844906
56844907
56844908
56844909
56844910
56844911
56844912
56844913
56844914
56844915
56844916
56844917
56844918
56844919
56844920
56844921
56844922
56844923
56844924
56844925
56844926
56844927
56844928
56844929
56844930
56844931
56844932
56844933
56844934
56844935
56844936
56844937
56844938
56844939
56844940
56844941
56844942
56844943
56844944
56844945
56844946
56844947
56844948
56844949
56844950
56844951
56844952
56844953
56844954
56844955
56844956
56844957
56844958
56844959
56844960
56844961
56844962
56844963
56844964
56844965
56844966
56844967
56844968
56844969
56844970
56844971
56844972
56844973
56844974
56844975
56844976
56844977
56844978
56844979
56844980
56844981
56844982
56844983
56844984
56844985
56844986
56844987
56844988
56844989
56844990
56844991
56844992
56844993
56844994
56844995
56844996
56844997
56844998
56844999
56845000
56845001
56845002
56845003
56845004
56845005
56845006
56845007
56845008
56845009
56845010
56845011
56845012
56845013
56845014
56845015
56845016
56845017
56845018
56845019
56845020
56845021
56845022
56845023
56845024
56845025
56845026
56845027
56845028
56845029
56845030
56845031
56845032
56845033
56845034
56845035
56845036
56845037
56845038
56845039
56845040
56845041
56845042
56845043
56845044
56845045
56845046
56845047
56845048
56845049
56845050
56845051
56845052
56845053
56845054
56845055
56845056
56845057
56845058
56845059
56845060
56845061
56845062
56845063
56845064
56845065
56845066
56845067
56845068
56845069
56845070
56845071
56845072
56845073
56845074
56845075
56845076
56845077
56845078
56845079
56845080
56845081
56845082
56845083
56845084
56845085
56845086
56845087
56845088
56845089
56845090
56845091
56845092
56845093
56845094
56845095
56845096
56845097
56845098
56845099
56845100
56845101
56845102
56845103
56845104
56845105
56845106
56845107
56845108
56845109
56845110
56845111
56845112
56845113
56845114
56845115
56845116
56845117
56845118
56845119
56845120
56845121
56845122
56845123
56845124
56845125
56845126
56845127
56845128
56845129
56845130
56845131
56845132
56845133
56845134
56845135
56845136
56845137
56845138
56845139
56845140
56845141
56845142
56845143
56845144
56845145
56845146
56845147
56845148
56845149
56845150
56845151
56845152
56845153
56845154
56845155
56845156
56845157
56845158
56845159
56845160
56845161
56845162
56845163
56845164
56845165
56845166
56845167
56845168
56845169
56845170
56845171
56845172
56845173
56845174
56845175
56845176
56845177
56845178
56845179
56845180
56845181
56845182
56845183
56845184
56845185
56845186
56845187
56845188
56845189
56845190
56845191
56845192
56845193
56845194
56845195
56845196
56845197
56845198
56845199
56845200
56845201
56845202
56845203
56845204
56845205
56845206
56845207
56845208
56845209
56845210
56845211
56845212
56845213
56845214
56845215
56845216
56845217
56845218
56845219
56845220
56845221
56845222
56845223
56845224
56845225
56845226
56845227
56845228
56845229
56845230
56845231
56845232
56845233
56845234
56845235
56845236
56845237
56845238
56845239
56845240
56845241
56845242
56845243
56845244
56845245
56845246
56845247
56845248
56845249
56845250
56845251
56845252
56845253
56845254
56845255
56845256
56845257
56845258
56845259
56845260
56845261
56845262
56845263
56845264
56845265
56845266
56845267
56845268
56845269
56845270
56845271
56845272
56845273
56845274
56845275
56845276
56845277
56845278
56845279
56845280
56845281
56845282
56845283
56845284
56845285
56845286
56845287
56845288
56845289
56845290
56845291
56845292
56845293
56845294
56845295
56845296
56845297
56845298
56845299
56845300
56845301
56845302
56845303
56845304
56845305
56845306
56845307
56845308
56845309
56845310
56845311
56845312
56845313
56845314
56845315
56845316
56845317
56845318
56845319
56845320
56845321
56845322
56845323
56845324
56845325
56845326
56845327
56845328
56845329
56845330
56845331
56845332
56845333
56845334
56845335
56845336
56845337
56845338
56845339
56845340
56845341
56845342
56845343
56845344
56845345
56845346
56845347
56845348
56845349
56845350
56845351
56845352
56845353
56845354
56845355
56845356
56845357
56845358
56845359
56845360
56845361
56845362
56845363
56845364
56845365
56845366
56845367
56845368
56845369
56845370
56845371
56845372
56845373
56845374
56845375
56845376
56845377
56845378
56845379
56845380
56845381
56845382
56845383
56845384
56845385
56845386
56845387
56845388
56845389
56845390
56845391
56845392
56845393
56845394
56845395
56845396
56845397
56845398
56845399
56845400
56845401
56845402
56845403
56845404
56845405
56845406
56845407
56845408
56845409
56845410
56845411
56845412
56845413
56845414
56845415
56845416
56845417
56845418
56845419
56845420
56845421
56845422
56845423
56845424
56845425
56845426
56845427
56845428
56845429
56845430
56845431
56845432
56845433
56845434
56845435
56845436
56845437
56845438
56845439
56845440
56845441
56845442
56845443
56845444
56845445
56845446
56845447
56845448
56845449
56845450
56845451
56845452
56845453
56845454
56845455
56845456
56845457
56845458
56845459
56845460
56845461
56845462
56845463
56845464
56845465
56845466
56845467
56845468
56845469
56845470
56845471
56845472
56845473
56845474
56845475
56845476
56845477
56845478
56845479
56845480
56845481
56845482
56845483
56845484
56845485
56845486
56845487
56845488
56845489
56845490
56845491
56845492
56845493
56845494
56845495
56845496
56845497
56845498
56845499
56845500
56845501
56845502
56845503
56845504
56845505
56845506
56845507
56845508
56845509
56845510
56845511
56845512
56845513
56845514
56845515
56845516
56845517
56845518
56845519
56845520
56845521
56845522
56845523
56845524
56845525
56845526
56845527
56845528
56845529
56845530
56845531
56845532
56845533
56845534
56845535
56845536
56845537
56845538
56845539
56845540
56845541
56845542
56845543
56845544
56845545
56845546
56845547
56845548
56845549
56845550
56845551
56845552
56845553
56845554
56845555
56845556
56845557
56845558
56845559
56845560
56845561
56845562
56845563
56845564
56845565
56845566
56845567
56845568
56845569
56845570
56845571
56845572
56845573
56845574
56845575
56845576
56845577
56845578
56845579
56845580
56845581
56845582
56845583
56845584
56845585
56845586
56845587
56845588
56845589
56845590
56845591
56845592
56845593
56845594
56845595
56845596
56845597
56845598
56845599
56845600
56845601
56845602
56845603
56845604
56845605
56845606
56845607
56845608
56845609
56845610
56845611
56845612
56845613
56845614
56845615
56845616
56845617
56845618
56845619
56845620
56845621
56845622
56845623
56845624
56845625
56845626
56845627
56845628
56845629
56845630
56845631
56845632
56845633
56845634
56845635
56845636
56845637
56845638
56845639
56845640
56845641
56845642
56845643
56845644
56845645
56845646
56845647
56845648
56845649
56845650
56845651
56845652
56845653
56845654
56845655
56845656
56845657
56845658
56845659
56845660
56845661
56845662
56845663
56845664
56845665
56845666
56845667
56845668
56845669
56845670
56845671
56845672
56845673
56845674
56845675
56845676
56845677
56845678
56845679
56845680
56845681
56845682
56845683
56845684
56845685
56845686
56845687
56845688
56845689
56845690
56845691
56845692
56845693
56845694
56845695
56845696
56845697
56845698
56845699
56845700
56845701
56845702
56845703
56845704
56845705
56845706
56845707
56845708
56845709
56845710
56845711
56845712
56845713
56845714
56845715
56845716
56845717
56845718
56845719
56845720
56845721
56845722
56845723
56845724
56845725
56845726
56845727
56845728
56845729
56845730
56845731
56845732
56845733
56845734
56845735
56845736
56845737
56845738
56845739
56845740
56845741
56845742
56845743
56845744
56845745
56845746
56845747
56845748
56845749
56845750
56845751
56845752
56845753
56845754
56845755
56845756
56845757
56845758
56845759
56845760
56845761
56845762
56845763
56845764
56845765
56845766
56845767
56845768
56845769
56845770
56845771
56845772
56845773
56845774
56845775
56845776
56845777
56845778
56845779
56845780
56845781
56845782
56845783
56845784
56845785
56845786
56845787
56845788
56845789
56845790
56845791
56845792
56845793
56845794
56845795
56845796
56845797
56845798
56845799
56845800
56845801
56845802
56845803
56845804
56845805
56845806
56845807
56845808
56845809
56845810
56845811
56845812
56845813
56845814
56845815
56845816
56845817
56845818
56845819
56845820
56845821
56845822
56845823
56845824
56845825
56845826
56845827
56845828
56845829
56845830
56845831
56845832
56845833
56845834
56845835
56845836
56845837
56845838
56845839
56845840
56845841
56845842
56845843
56845844
56845845
56845846
56845847
56845848
56845849
56845850
56845851
56845852
56845853
56845854
56845855
56845856
56845857
56845858
56845859
56845860
56845861
56845862
56845863
56845864
56845865
56845866
56845867
56845868
56845869
56845870
56845871
56845872
56845873
56845874
56845875
56845876
56845877
56845878
56845879
56845880
56845881
56845882
56845883
56845884
56845885
56845886
56845887
56845888
56845889
56845890
56845891
56845892
56845893
56845894
56845895
56845896
56845897
56845898
56845899
56845900
56845901
56845902
56845903
56845904
56845905
56845906
56845907
56845908
56845909
56845910
56845911
56845912
56845913
56845914
56845915
56845916
56845917
56845918
56845919
56845920
56845921
56845922
56845923
56845924
56845925
56845926
56845927
56845928
56845929
56845930
56845931
56845932
56845933
56845934
56845935
56845936
56845937
56845938
56845939
56845940
56845941
56845942
56845943
56845944
56845945
56845946
56845947
56845948
56845949
56845950
56845951
56845952
56845953
56845954
56845955
56845956
56845957
56845958
56845959
56845960
56845961
56845962
56845963
56845964
56845965
56845966
56845967
56845968
56845969
56845970
56845971
56845972
56845973
56845974
56845975
56845976
56845977
56845978
56845979
56845980
56845981
56845982
56845983
56845984
56845985
56845986
56845987
56845988
56845989
56845990
56845991
56845992
56845993
56845994
56845995
56845996
56845997
56845998
56845999
56846000
56846001
56846002
56846003
56846004
56846005
56846006
56846007
56846008
56846009
56846010
56846011
56846012
56846013
56846014
56846015
56846016
56846017
56846018
56846019
56846020
56846021
56846022
56846023
56846024
56846025
56846026
56846027
56846028
56846029
56846030
56846031
56846032
56846033
56846034
56846035
56846036
56846037
56846038
56846039
56846040
56846041
56846042
56846043
56846044
56846045
56846046
56846047
56846048
56846049
56846050
56846051
56846052
56846053
56846054
56846055
56846056
56846057
56846058
56846059
56846060
56846061
56846062
56846063
56846064
56846065
56846066
56846067
56846068
56846069
56846070
56846071
56846072
56846073
56846074
56846075
56846076
56846077
56846078
56846079
56846080
56846081
56846082
56846083
56846084
56846085
56846086
56846087
56846088
56846089
56846090
56846091
56846092
56846093
56846094
56846095
56846096
56846097
56846098
56846099
56846100
56846101
56846102
56846103
56846104
56846105
56846106
56846107
56846108
56846109
56846110
56846111
56846112
56846113
56846114
56846115
56846116
56846117
56846118
56846119
56846120
56846121
56846122
56846123
56846124
56846125
56846126
56846127
56846128
56846129
56846130
56846131
56846132
56846133
56846134
56846135
56846136
56846137
56846138
56846139
56846140
56846141
56846142
56846143
56846144
56846145
56846146
56846147
56846148
56846149
56846150
56846151
56846152
56846153
56846154
56846155
56846156
56846157
56846158
56846159
56846160
56846161
56846162
56846163
56846164
56846165
56846166
56846167
56846168
56846169
56846170
56846171
56846172
56846173
56846174
56846175
56846176
56846177
56846178
56846179
56846180
56846181
56846182
56846183
56846184
56846185
56846186
56846187
56846188
56846189
56846190
56846191
56846192
56846193
56846194
56846195
56846196
56846197
56846198
56846199
56846200
56846201
56846202
56846203
56846204
56846205
56846206
56846207
56846208
56846209
56846210
56846211
56846212
56846213
56846214
56846215
56846216
56846217
56846218
56846219
56846220
56846221
56846222
56846223
56846224
56846225
56846226
56846227
56846228
56846229
56846230
56846231
56846232
56846233
56846234
56846235
56846236
56846237
56846238
56846239
56846240
56846241
56846242
56846243
56846244
56846245
56846246
56846247
56846248
56846249
56846250
56846251
56846252
56846253
56846254
56846255
56846256
56846257
56846258
56846259
56846260
56846261
56846262
56846263
56846264
56846265
56846266
56846267
56846268
56846269
56846270
56846271
56846272
56846273
56846274
56846275
56846276
56846277
56846278
56846279
56846280
56846281
56846282
56846283
56846284
56846285
56846286
56846287
56846288
56846289
56846290
56846291
56846292
56846293
56846294
56846295
56846296
56846297
56846298
56846299
56846300
56846301
56846302
56846303
56846304
56846305
56846306
56846307
56846308
56846309
56846310
56846311
56846312
56846313
56846314
56846315
56846316
56846317
56846318
56846319
56846320
56846321
56846322
56846323
56846324
56846325
56846326
56846327
56846328
56846329
56846330
56846331
56846332
56846333
56846334
56846335
56846336
56846337
56846338
56846339
56846340
56846341
56846342
56846343
56846344
56846345
56846346
56846347
56846348
56846349
56846350
56846351
56846352
56846353
56846354
56846355
56846356
56846357
56846358
56846359
56846360
56846361
56846362
56846363
56846364
56846365
56846366
56846367
56846368
56846369
56846370
56846371
56846372
56846373
56846374
56846375
56846376
56846377
56846378
56846379
56846380
56846381
56846382
56846383
56846384
56846385
56846386
56846387
56846388
56846389
56846390
56846391
56846392
56846393
56846394
56846395
56846396
56846397
56846398
56846399
56846400
56846401
56846402
56846403
56846404
56846405
56846406
56846407
56846408
56846409
56846410
56846411
56846412
56846413
56846414
56846415
56846416
56846417
56846418
56846419
56846420
56846421
56846422
56846423
56846424
56846425
56846426
56846427
56846428
56846429
56846430
56846431
56846432
56846433
56846434
56846435
56846436
56846437
56846438
56846439
56846440
56846441
56846442
56846443
56846444
56846445
56846446
56846447
56846448
56846449
56846450
56846451
56846452
56846453
56846454
56846455
56846456
56846457
56846458
56846459
56846460
56846461
56846462
56846463
56846464
56846465
56846466
56846467
56846468
56846469
56846470
56846471
56846472
56846473
56846474
56846475
56846476
56846477
56846478
56846479
56846480
56846481
56846482
56846483
56846484
56846485
56846486
56846487
56846488
56846489
56846490
56846491
56846492
56846493
56846494
56846495
56846496
56846497
56846498
56846499
56846500
56846501
56846502
56846503
56846504
56846505
56846506
56846507
56846508
56846509
56846510
56846511
56846512
56846513
56846514
56846515
56846516
56846517
56846518
56846519
56846520
56846521
56846522
56846523
56846524
56846525
56846526
56846527
56846528
56846529
56846530
56846531
56846532
56846533
56846534
56846535
56846536
56846537
56846538
56846539
56846540
56846541
56846542
56846543
56846544
56846545
56846546
56846547
56846548
56846549
56846550
56846551
56846552
56846553
56846554
56846555
56846556
56846557
56846558
56846559
56846560
56846561
56846562
56846563
56846564
56846565
56846566
56846567
56846568
56846569
56846570
56846571
56846572
56846573
56846574
56846575
56846576
56846577
56846578
56846579
56846580
56846581
56846582
56846583
56846584
56846585
56846586
56846587
56846588
56846589
56846590
56846591
56846592
56846593
56846594
56846595
56846596
56846597
56846598
56846599
56846600
56846601
56846602
56846603
56846604
56846605
56846606
56846607
56846608
56846609
56846610
56846611
56846612
56846613
56846614
56846615
56846616
56846617
56846618
56846619
56846620
56846621
56846622
56846623
56846624
56846625
56846626
56846627
56846628
56846629
56846630
56846631
56846632
56846633
56846634
56846635
56846636
56846637
56846638
56846639
56846640
56846641
56846642
56846643
56846644
56846645
56846646
56846647
56846648
56846649
56846650
56846651
56846652
56846653
56846654
56846655
56846656
56846657
56846658
56846659
56846660
56846661
56846662
56846663
56846664
56846665
56846666
56846667
56846668
56846669
56846670
56846671
56846672
56846673
56846674
56846675
56846676
56846677
56846678
56846679
56846680
56846681
56846682
56846683
56846684
56846685
56846686
56846687
56846688
56846689
56846690
56846691
56846692
56846693
56846694
56846695
56846696
56846697
56846698
56846699
56846700
56846701
56846702
56846703
56846704
56846705
56846706
56846707
56846708
56846709
56846710
56846711
56846712
56846713
56846714
56846715
56846716
56846717
56846718
56846719
56846720
56846721
56846722
56846723
56846724
56846725
56846726
56846727
56846728
56846729
56846730
56846731
56846732
56846733
56846734
56846735
56846736
56846737
56846738
56846739
56846740
56846741
56846742
56846743
56846744
56846745
56846746
56846747
56846748
56846749
56846750
56846751
56846752
56846753
56846754
56846755
56846756
56846757
56846758
56846759
56846760
56846761
56846762
56846763
56846764
56846765
56846766
56846767
56846768
56846769
56846770
56846771
56846772
56846773
56846774
56846775
56846776
56846777
56846778
56846779
56846780
56846781
56846782
56846783
56846784
56846785
56846786
56846787
56846788
56846789
56846790
56846791
56846792
56846793
56846794
56846795
56846796
56846797
56846798
56846799
56846800
56846801
56846802
56846803
56846804
56846805
56846806
56846807
56846808
56846809
56846810
56846811
56846812
56846813
56846814
56846815
56846816
56846817
56846818
56846819
56846820
56846821
56846822
56846823
56846824
56846825
56846826
56846827
56846828
56846829
56846830
56846831
56846832
56846833
56846834
56846835
56846836
56846837
56846838
56846839
56846840
56846841
56846842
56846843
56846844
56846845
56846846
56846847
56846848
56846849
56846850
56846851
56846852
56846853
56846854
56846855
56846856
56846857
56846858
56846859
56846860
56846861
56846862
56846863
56846864
56846865
56846866
56846867
56846868
56846869
56846870
56846871
56846872
56846873
56846874
56846875
56846876
56846877
56846878
56846879
56846880
56846881
56846882
56846883
56846884
56846885
56846886
56846887
56846888
56846889
56846890
56846891
56846892
56846893
56846894
56846895
56846896
56846897
56846898
56846899
56846900
56846901
56846902
56846903
56846904
56846905
56846906
56846907
56846908
56846909
56846910
56846911
56846912
56846913
56846914
56846915
56846916
56846917
56846918
56846919
56846920
56846921
56846922
56846923
56846924
56846925
56846926
56846927
56846928
56846929
56846930
56846931
56846932
56846933
56846934
56846935
56846936
56846937
56846938
56846939
56846940
56846941
56846942
56846943
56846944
56846945
56846946
56846947
56846948
56846949
56846950
56846951
56846952
56846953
56846954
56846955
56846956
56846957
56846958
56846959
56846960
56846961
56846962
56846963
56846964
56846965
56846966
56846967
56846968
56846969
56846970
56846971
56846972
56846973
56846974
56846975
56846976
56846977
56846978
56846979
56846980
56846981
56846982
56846983
56846984
56846985
56846986
56846987
56846988
56846989
56846990
56846991
56846992
56846993
56846994
56846995
56846996
56846997
56846998
56846999
56847000
56847001
56847002
56847003
56847004
56847005
56847006
56847007
56847008
56847009
56847010
56847011
56847012
56847013
56847014
56847015
56847016
56847017
56847018
56847019
56847020
56847021
56847022
56847023
56847024
56847025
56847026
56847027
56847028
56847029
56847030
56847031
56847032
56847033
56847034
56847035
56847036
56847037
56847038
56847039
56847040
56847041
56847042
56847043
56847044
56847045
56847046
56847047
56847048
56847049
56847050
56847051
56847052
56847053
56847054
56847055
56847056
56847057
56847058
56847059
56847060
56847061
56847062
56847063
56847064
56847065
56847066
56847067
56847068
56847069
56847070
56847071
56847072
56847073
56847074
56847075
56847076
56847077
56847078
56847079
56847080
56847081
56847082
56847083
56847084
56847085
56847086
56847087
56847088
56847089
56847090
56847091
56847092
56847093
56847094
56847095
56847096
56847097
56847098
56847099
56847100
56847101
56847102
56847103
56847104
56847105
56847106
56847107
56847108
56847109
56847110
56847111
56847112
56847113
56847114
56847115
56847116
56847117
56847118
56847119
56847120
56847121
56847122
56847123
56847124
56847125
56847126
56847127
56847128
56847129
56847130
56847131
56847132
56847133
56847134
56847135
56847136
56847137
56847138
56847139
56847140
56847141
56847142
56847143
56847144
56847145
56847146
56847147
56847148
56847149
56847150
56847151
56847152
56847153
56847154
56847155
56847156
56847157
56847158
56847159
56847160
56847161
56847162
56847163
56847164
56847165
56847166
56847167
56847168
56847169
56847170
56847171
56847172
56847173
56847174
56847175
56847176
56847177
56847178
56847179
56847180
56847181
56847182
56847183
56847184
56847185
56847186
56847187
56847188
56847189
56847190
56847191
56847192
56847193
56847194
56847195
56847196
56847197
56847198
56847199
56847200
56847201
56847202
56847203
56847204
56847205
56847206
56847207
56847208
56847209
56847210
56847211
56847212
56847213
56847214
56847215
56847216
56847217
56847218
56847219
56847220
56847221
56847222
56847223
56847224
56847225
56847226
56847227
56847228
56847229
56847230
56847231
56847232
56847233
56847234
56847235
56847236
56847237
56847238
56847239
56847240
56847241
56847242
56847243
56847244
56847245
56847246
56847247
56847248
56847249
56847250
56847251
56847252
56847253
56847254
56847255
56847256
56847257
56847258
56847259
56847260
56847261
56847262
56847263
56847264
56847265
56847266
56847267
56847268
56847269
56847270
56847271
56847272
56847273
56847274
56847275
56847276
56847277
56847278
56847279
56847280
56847281
56847282
56847283
56847284
56847285
56847286
56847287
56847288
56847289
56847290
56847291
56847292
56847293
56847294
56847295
56847296
56847297
56847298
56847299
56847300
56847301
56847302
56847303
56847304
56847305
56847306
56847307
56847308
56847309
56847310
56847311
56847312
56847313
56847314
56847315
56847316
56847317
56847318
56847319
56847320
56847321
56847322
56847323
56847324
56847325
56847326
56847327
56847328
56847329
56847330
56847331
56847332
56847333
56847334
56847335
56847336
56847337
56847338
56847339
56847340
56847341
56847342
56847343
56847344
56847345
56847346
56847347
56847348
56847349
56847350
56847351
56847352
56847353
56847354
56847355
56847356
56847357
56847358
56847359
56847360
56847361
56847362
56847363
56847364
56847365
56847366
56847367
56847368
56847369
56847370
56847371
56847372
56847373
56847374
56847375
56847376
56847377
56847378
56847379
56847380
56847381
56847382
56847383
56847384
56847385
56847386
56847387
56847388
56847389
56847390
56847391
56847392
56847393
56847394
56847395
56847396
56847397
56847398
56847399
56847400
56847401
56847402
56847403
56847404
56847405
56847406
56847407
56847408
56847409
56847410
56847411
56847412
56847413
56847414
56847415
56847416
56847417
56847418
56847419
56847420
56847421
56847422
56847423
56847424
56847425
56847426
56847427
56847428
56847429
56847430
56847431
56847432
56847433
56847434
56847435
56847436
56847437
56847438
56847439
56847440
56847441
56847442
56847443
56847444
56847445
56847446
56847447
56847448
56847449
56847450
56847451
56847452
56847453
56847454
56847455
56847456
56847457
56847458
56847459
56847460
56847461
56847462
56847463
56847464
56847465
56847466
56847467
56847468
56847469
56847470
56847471
56847472
56847473
56847474
56847475
56847476
56847477
56847478
56847479
56847480
56847481
56847482
56847483
56847484
56847485
56847486
56847487
56847488
56847489
56847490
56847491
56847492
56847493
56847494
56847495
56847496
56847497
56847498
56847499
56847500
56847501
56847502
56847503
56847504
56847505
56847506
56847507
56847508
56847509
56847510
56847511
56847512
56847513
56847514
56847515
56847516
56847517
56847518
56847519
56847520
56847521
56847522
56847523
56847524
56847525
56847526
56847527
56847528
56847529
56847530
56847531
56847532
56847533
56847534
56847535
56847536
56847537
56847538
56847539
56847540
56847541
56847542
56847543
56847544
56847545
56847546
56847547
56847548
56847549
56847550
56847551
56847552
56847553
56847554
56847555
56847556
56847557
56847558
56847559
56847560
56847561
56847562
56847563
56847564
56847565
56847566
56847567
56847568
56847569
56847570
56847571
56847572
56847573
56847574
56847575
56847576
56847577
56847578
56847579
56847580
56847581
56847582
56847583
56847584
56847585
56847586
56847587
56847588
56847589
56847590
56847591
56847592
56847593
56847594
56847595
56847596
56847597
56847598
56847599
56847600
56847601
56847602
56847603
56847604
56847605
56847606
56847607
56847608
56847609
56847610
56847611
56847612
56847613
56847614
56847615
56847616
56847617
56847618
56847619
56847620
56847621
56847622
56847623
56847624
56847625
56847626
56847627
56847628
56847629
56847630
56847631
56847632
56847633
56847634
56847635
56847636
56847637
56847638
56847639
56847640
56847641
56847642
56847643
56847644
56847645
56847646
56847647
56847648
56847649
56847650
56847651
56847652
56847653
56847654
56847655
56847656
56847657
56847658
56847659
56847660
56847661
56847662
56847663
56847664
56847665
56847666
56847667
56847668
56847669
56847670
56847671
56847672
56847673
56847674
56847675
56847676
56847677
56847678
56847679
56847680
56847681
56847682
56847683
56847684
56847685
56847686
56847687
56847688
56847689
56847690
56847691
56847692
56847693
56847694
56847695
56847696
56847697
56847698
56847699
56847700
56847701
56847702
56847703
56847704
56847705
56847706
56847707
56847708
56847709
56847710
56847711
56847712
56847713
56847714
56847715
56847716
56847717
56847718
56847719
56847720
56847721
56847722
56847723
56847724
56847725
56847726
56847727
56847728
56847729
56847730
56847731
56847732
56847733
56847734
56847735
56847736
56847737
56847738
56847739
56847740
56847741
56847742
56847743
56847744
56847745
56847746
56847747
56847748
56847749
56847750
56847751
56847752
56847753
56847754
56847755
56847756
56847757
56847758
56847759
56847760
56847761
56847762
56847763
56847764
56847765
56847766
56847767
56847768
56847769
56847770
56847771
56847772
56847773
56847774
56847775
56847776
56847777
56847778
56847779
56847780
56847781
56847782
56847783
56847784
56847785
56847786
56847787
56847788
56847789
56847790
56847791
56847792
56847793
56847794
56847795
56847796
56847797
56847798
56847799
56847800
56847801
56847802
56847803
56847804
56847805
56847806
56847807
56847808
56847809
56847810
56847811
56847812
56847813
56847814
56847815
56847816
56847817
56847818
56847819
56847820
56847821
56847822
56847823
56847824
56847825
56847826
56847827
56847828
56847829
56847830
56847831
56847832
56847833
56847834
56847835
56847836
56847837
56847838
56847839
56847840
56847841
56847842
56847843
56847844
56847845
56847846
56847847
56847848
56847849
56847850
56847851
56847852
56847853
56847854
56847855
56847856
56847857
56847858
56847859
56847860
56847861
56847862
56847863
56847864
56847865
56847866
56847867
56847868
56847869
56847870
56847871
56847872
56847873
56847874
56847875
56847876
56847877
56847878
56847879
56847880
56847881
56847882
56847883
56847884
56847885
56847886
56847887
56847888
56847889
56847890
56847891
56847892
56847893
56847894
56847895
56847896
56847897
56847898
56847899
56847900
56847901
56847902
56847903
56847904
56847905
56847906
56847907
56847908
56847909
56847910
56847911
56847912
56847913
56847914
56847915
56847916
56847917
56847918
56847919
56847920
56847921
56847922
56847923
56847924
56847925
56847926
56847927
56847928
56847929
56847930
56847931
56847932
56847933
56847934
56847935
56847936
56847937
56847938
56847939
56847940
56847941
56847942
56847943
56847944
56847945
56847946
56847947
56847948
56847949
56847950
56847951
56847952
56847953
56847954
56847955
56847956
56847957
56847958
56847959
56847960
56847961
56847962
56847963
56847964
56847965
56847966
56847967
56847968
56847969
56847970
56847971
56847972
56847973
56847974
56847975
56847976
56847977
56847978
56847979
56847980
56847981
56847982
56847983
56847984
56847985
56847986
56847987
56847988
56847989
56847990
56847991
56847992
56847993
56847994
56847995
56847996
56847997
56847998
56847999
56848000
56848001
56848002
56848003
56848004
56848005
56848006
56848007
56848008
56848009
56848010
56848011
56848012
56848013
56848014
56848015
56848016
56848017
56848018
56848019
56848020
56848021
56848022
56848023
56848024
56848025
56848026
56848027
56848028
56848029
56848030
56848031
56848032
56848033
56848034
56848035
56848036
56848037
56848038
56848039
56848040
56848041
56848042
56848043
56848044
56848045
56848046
56848047
56848048
56848049
56848050
56848051
56848052
56848053
56848054
56848055
56848056
56848057
56848058
56848059
56848060
56848061
56848062
56848063
56848064
56848065
56848066
56848067
56848068
56848069
56848070
56848071
56848072
56848073
56848074
56848075
56848076
56848077
56848078
56848079
56848080
56848081
56848082
56848083
56848084
56848085
56848086
56848087
56848088
56848089
56848090
56848091
56848092
56848093
56848094
56848095
56848096
56848097
56848098
56848099
56848100
56848101
56848102
56848103
56848104
56848105
56848106
56848107
56848108
56848109
56848110
56848111
56848112
56848113
56848114
56848115
56848116
56848117
56848118
56848119
56848120
56848121
56848122
56848123
56848124
56848125
56848126
56848127
56848128
56848129
56848130
56848131
56848132
56848133
56848134
56848135
56848136
56848137
56848138
56848139
56848140
56848141
56848142
56848143
56848144
56848145
56848146
56848147
56848148
56848149
56848150
56848151
56848152
56848153
56848154
56848155
56848156
56848157
56848158
56848159
56848160
56848161
56848162
56848163
56848164
56848165
56848166
56848167
56848168
56848169
56848170
56848171
56848172
56848173
56848174
56848175
56848176
56848177
56848178
56848179
56848180
56848181
56848182
56848183
56848184
56848185
56848186
56848187
56848188
56848189
56848190
56848191
56848192
56848193
56848194
56848195
56848196
56848197
56848198
56848199
56848200
56848201
56848202
56848203
56848204
56848205
56848206
56848207
56848208
56848209
56848210
56848211
56848212
56848213
56848214
56848215
56848216
56848217
56848218
56848219
56848220
56848221
56848222
56848223
56848224
56848225
56848226
56848227
56848228
56848229
56848230
56848231
56848232
56848233
56848234
56848235
56848236
56848237
56848238
56848239
56848240
56848241
56848242
56848243
56848244
56848245
56848246
56848247
56848248
56848249
56848250
56848251
56848252
56848253
56848254
56848255
56848256
56848257
56848258
56848259
56848260
56848261
56848262
56848263
56848264
56848265
56848266
56848267
56848268
56848269
56848270
56848271
56848272
56848273
56848274
56848275
56848276
56848277
56848278
56848279
56848280
56848281
56848282
56848283
56848284
56848285
56848286
56848287
56848288
56848289
56848290
56848291
56848292
56848293
56848294
56848295
56848296
56848297
56848298
56848299
56848300
56848301
56848302
56848303
56848304
56848305
56848306
56848307
56848308
56848309
56848310
56848311
56848312
56848313
56848314
56848315
56848316
56848317
56848318
56848319
56848320
56848321
56848322
56848323
56848324
56848325
56848326
56848327
56848328
56848329
56848330
56848331
56848332
56848333
56848334
56848335
56848336
56848337
56848338
56848339
56848340
56848341
56848342
56848343
56848344
56848345
56848346
56848347
56848348
56848349
56848350
56848351
56848352
56848353
56848354
56848355
56848356
56848357
56848358
56848359
56848360
56848361
56848362
56848363
56848364
56848365
56848366
56848367
56848368
56848369
56848370
56848371
56848372
56848373
56848374
56848375
56848376
56848377
56848378
56848379
56848380
56848381
56848382
56848383
56848384
56848385
56848386
56848387
56848388
56848389
56848390
56848391
56848392
56848393
56848394
56848395
56848396
56848397
56848398
56848399
56848400
56848401
56848402
56848403
56848404
56848405
56848406
56848407
56848408
56848409
56848410
56848411
56848412
56848413
56848414
56848415
56848416
56848417
56848418
56848419
56848420
56848421
56848422
56848423
56848424
56848425
56848426
56848427
56848428
56848429
56848430
56848431
56848432
56848433
56848434
56848435
56848436
56848437
56848438
56848439
56848440
56848441
56848442
56848443
56848444
56848445
56848446
56848447
56848448
56848449
56848450
56848451
56848452
56848453
56848454
56848455
56848456
56848457
56848458
56848459
56848460
56848461
56848462
56848463
56848464
56848465
56848466
56848467
56848468
56848469
56848470
56848471
56848472
56848473
56848474
56848475
56848476
56848477
56848478
56848479
56848480
56848481
56848482
56848483
56848484
56848485
56848486
56848487
56848488
56848489
56848490
56848491
56848492
56848493
56848494
56848495
56848496
56848497
56848498
56848499
56848500
56848501
56848502
56848503
56848504
56848505
56848506
56848507
56848508
56848509
56848510
56848511
56848512
56848513
56848514
56848515
56848516
56848517
56848518
56848519
56848520
56848521
56848522
56848523
56848524
56848525
56848526
56848527
56848528
56848529
56848530
56848531
56848532
56848533
56848534
56848535
56848536
56848537
56848538
56848539
56848540
56848541
56848542
56848543
56848544
56848545
56848546
56848547
56848548
56848549
56848550
56848551
56848552
56848553
56848554
56848555
56848556
56848557
56848558
56848559
56848560
56848561
56848562
56848563
56848564
56848565
56848566
56848567
56848568
56848569
56848570
56848571
56848572
56848573
56848574
56848575
56848576
56848577
56848578
56848579
56848580
56848581
56848582
56848583
56848584
56848585
56848586
56848587
56848588
56848589
56848590
56848591
56848592
56848593
56848594
56848595
56848596
56848597
56848598
56848599
56848600
56848601
56848602
56848603
56848604
56848605
56848606
56848607
56848608
56848609
56848610
56848611
56848612
56848613
56848614
56848615
56848616
56848617
56848618
56848619
56848620
56848621
56848622
56848623
56848624
56848625
56848626
56848627
56848628
56848629
56848630
56848631
56848632
56848633
56848634
56848635
56848636
56848637
56848638
56848639
56848640
56848641
56848642
56848643
56848644
56848645
56848646
56848647
56848648
56848649
56848650
56848651
56848652
56848653
56848654
56848655
56848656
56848657
56848658
56848659
56848660
56848661
56848662
56848663
56848664
56848665
56848666
56848667
56848668
56848669
56848670
56848671
56848672
56848673
56848674
56848675
56848676
56848677
56848678
56848679
56848680
56848681
56848682
56848683
56848684
56848685
56848686
56848687
56848688
56848689
56848690
56848691
56848692
56848693
56848694
56848695
56848696
56848697
56848698
56848699
56848700
56848701
56848702
56848703
56848704
56848705
56848706
56848707
56848708
56848709
56848710
56848711
56848712
56848713
56848714
56848715
56848716
56848717
56848718
56848719
56848720
56848721
56848722
56848723
56848724
56848725
56848726
56848727
56848728
56848729
56848730
56848731
56848732
56848733
56848734
56848735
56848736
56848737
56848738
56848739
56848740
56848741
56848742
56848743
56848744
56848745
56848746
56848747
56848748
56848749
56848750
56848751
56848752
56848753
56848754
56848755
56848756
56848757
56848758
56848759
56848760
56848761
56848762
56848763
56848764
56848765
56848766
56848767
56848768
56848769
56848770
56848771
56848772
56848773
56848774
56848775
56848776
56848777
56848778
56848779
56848780
56848781
56848782
56848783
56848784
56848785
56848786
56848787
56848788
56848789
56848790
56848791
56848792
56848793
56848794
56848795
56848796
56848797
56848798
56848799
56848800
56848801
56848802
56848803
56848804
56848805
56848806
56848807
56848808
56848809
56848810
56848811
56848812
56848813
56848814
56848815
56848816
56848817
56848818
56848819
56848820
56848821
56848822
56848823
56848824
56848825
56848826
56848827
56848828
56848829
56848830
56848831
56848832
56848833
56848834
56848835
56848836
56848837
56848838
56848839
56848840
56848841
56848842
56848843
56848844
56848845
56848846
56848847
56848848
56848849
56848850
56848851
56848852
56848853
56848854
56848855
56848856
56848857
56848858
56848859
56848860
56848861
56848862
56848863
56848864
56848865
56848866
56848867
56848868
56848869
56848870
56848871
56848872
56848873
56848874
56848875
56848876
56848877
56848878
56848879
56848880
56848881
56848882
56848883
56848884
56848885
56848886
56848887
56848888
56848889
