57678890
57678891
57678892
57678893
57678894
57678895
57678896
57678897
57678898
57678899
57678900
57678901
57678902
57678903
57678904
57678905
57678906
57678907
57678908
57678909
57678910
57678911
57678912
57678913
57678914
57678915
57678916
57678917
57678918
57678919
57678920
57678921
57678922
57678923
57678924
57678925
57678926
57678927
57678928
57678929
57678930
57678931
57678932
57678933
57678934
57678935
57678936
57678937
57678938
57678939
57678940
57678941
57678942
57678943
57678944
57678945
57678946
57678947
57678948
57678949
57678950
57678951
57678952
57678953
57678954
57678955
57678956
57678957
57678958
57678959
57678960
57678961
57678962
57678963
57678964
57678965
57678966
57678967
57678968
57678969
57678970
57678971
57678972
57678973
57678974
57678975
57678976
57678977
57678978
57678979
57678980
57678981
57678982
57678983
57678984
57678985
57678986
57678987
57678988
57678989
57678990
57678991
57678992
57678993
57678994
57678995
57678996
57678997
57678998
57678999
57679000
57679001
57679002
57679003
57679004
57679005
57679006
57679007
57679008
57679009
57679010
57679011
57679012
57679013
57679014
57679015
57679016
57679017
57679018
57679019
57679020
57679021
57679022
57679023
57679024
57679025
57679026
57679027
57679028
57679029
57679030
57679031
57679032
57679033
57679034
57679035
57679036
57679037
57679038
57679039
57679040
57679041
57679042
57679043
57679044
57679045
57679046
57679047
57679048
57679049
57679050
57679051
57679052
57679053
57679054
57679055
57679056
57679057
57679058
57679059
57679060
57679061
57679062
57679063
57679064
57679065
57679066
57679067
57679068
57679069
57679070
57679071
57679072
57679073
57679074
57679075
57679076
57679077
57679078
57679079
57679080
57679081
57679082
57679083
57679084
57679085
57679086
57679087
57679088
57679089
57679090
57679091
57679092
57679093
57679094
57679095
57679096
57679097
57679098
57679099
57679100
57679101
57679102
57679103
57679104
57679105
57679106
57679107
57679108
57679109
57679110
57679111
57679112
57679113
57679114
57679115
57679116
57679117
57679118
57679119
57679120
57679121
57679122
57679123
57679124
57679125
57679126
57679127
57679128
57679129
57679130
57679131
57679132
57679133
57679134
57679135
57679136
57679137
57679138
57679139
57679140
57679141
57679142
57679143
57679144
57679145
57679146
57679147
57679148
57679149
57679150
57679151
57679152
57679153
57679154
57679155
57679156
57679157
57679158
57679159
57679160
57679161
57679162
57679163
57679164
57679165
57679166
57679167
57679168
57679169
57679170
57679171
57679172
57679173
57679174
57679175
57679176
57679177
57679178
57679179
57679180
57679181
57679182
57679183
57679184
57679185
57679186
57679187
57679188
57679189
57679190
57679191
57679192
57679193
57679194
57679195
57679196
57679197
57679198
57679199
57679200
57679201
57679202
57679203
57679204
57679205
57679206
57679207
57679208
57679209
57679210
57679211
57679212
57679213
57679214
57679215
57679216
57679217
57679218
57679219
57679220
57679221
57679222
57679223
57679224
57679225
57679226
57679227
57679228
57679229
57679230
57679231
57679232
57679233
57679234
57679235
57679236
57679237
57679238
57679239
57679240
57679241
57679242
57679243
57679244
57679245
57679246
57679247
57679248
57679249
57679250
57679251
57679252
57679253
57679254
57679255
57679256
57679257
57679258
57679259
57679260
57679261
57679262
57679263
57679264
57679265
57679266
57679267
57679268
57679269
57679270
57679271
57679272
57679273
57679274
57679275
57679276
57679277
57679278
57679279
57679280
57679281
57679282
57679283
57679284
57679285
57679286
57679287
57679288
57679289
57679290
57679291
57679292
57679293
57679294
57679295
57679296
57679297
57679298
57679299
57679300
57679301
57679302
57679303
57679304
57679305
57679306
57679307
57679308
57679309
57679310
57679311
57679312
57679313
57679314
57679315
57679316
57679317
57679318
57679319
57679320
57679321
57679322
57679323
57679324
57679325
57679326
57679327
57679328
57679329
57679330
57679331
57679332
57679333
57679334
57679335
57679336
57679337
57679338
57679339
57679340
57679341
57679342
57679343
57679344
57679345
57679346
57679347
57679348
57679349
57679350
57679351
57679352
57679353
57679354
57679355
57679356
57679357
57679358
57679359
57679360
57679361
57679362
57679363
57679364
57679365
57679366
57679367
57679368
57679369
57679370
57679371
57679372
57679373
57679374
57679375
57679376
57679377
57679378
57679379
57679380
57679381
57679382
57679383
57679384
57679385
57679386
57679387
57679388
57679389
57679390
57679391
57679392
57679393
57679394
57679395
57679396
57679397
57679398
57679399
57679400
57679401
57679402
57679403
57679404
57679405
57679406
57679407
57679408
57679409
57679410
57679411
57679412
57679413
57679414
57679415
57679416
57679417
57679418
57679419
57679420
57679421
57679422
57679423
57679424
57679425
57679426
57679427
57679428
57679429
57679430
57679431
57679432
57679433
57679434
57679435
57679436
57679437
57679438
57679439
57679440
57679441
57679442
57679443
57679444
57679445
57679446
57679447
57679448
57679449
57679450
57679451
57679452
57679453
57679454
57679455
57679456
57679457
57679458
57679459
57679460
57679461
57679462
57679463
57679464
57679465
57679466
57679467
57679468
57679469
57679470
57679471
57679472
57679473
57679474
57679475
57679476
57679477
57679478
57679479
57679480
57679481
57679482
57679483
57679484
57679485
57679486
57679487
57679488
57679489
57679490
57679491
57679492
57679493
57679494
57679495
57679496
57679497
57679498
57679499
57679500
57679501
57679502
57679503
57679504
57679505
57679506
57679507
57679508
57679509
57679510
57679511
57679512
57679513
57679514
57679515
57679516
57679517
57679518
57679519
57679520
57679521
57679522
57679523
57679524
57679525
57679526
57679527
57679528
57679529
57679530
57679531
57679532
57679533
57679534
57679535
57679536
57679537
57679538
57679539
57679540
57679541
57679542
57679543
57679544
57679545
57679546
57679547
57679548
57679549
57679550
57679551
57679552
57679553
57679554
57679555
57679556
57679557
57679558
57679559
57679560
57679561
57679562
57679563
57679564
57679565
57679566
57679567
57679568
57679569
57679570
57679571
57679572
57679573
57679574
57679575
57679576
57679577
57679578
57679579
57679580
57679581
57679582
57679583
57679584
57679585
57679586
57679587
57679588
57679589
57679590
57679591
57679592
57679593
57679594
57679595
57679596
57679597
57679598
57679599
57679600
57679601
57679602
57679603
57679604
57679605
57679606
57679607
57679608
57679609
57679610
57679611
57679612
57679613
57679614
57679615
57679616
57679617
57679618
57679619
57679620
57679621
57679622
57679623
57679624
57679625
57679626
57679627
57679628
57679629
57679630
57679631
57679632
57679633
57679634
57679635
57679636
57679637
57679638
57679639
57679640
57679641
57679642
57679643
57679644
57679645
57679646
57679647
57679648
57679649
57679650
57679651
57679652
57679653
57679654
57679655
57679656
57679657
57679658
57679659
57679660
57679661
57679662
57679663
57679664
57679665
57679666
57679667
57679668
57679669
57679670
57679671
57679672
57679673
57679674
57679675
57679676
57679677
57679678
57679679
57679680
57679681
57679682
57679683
57679684
57679685
57679686
57679687
57679688
57679689
57679690
57679691
57679692
57679693
57679694
57679695
57679696
57679697
57679698
57679699
57679700
57679701
57679702
57679703
57679704
57679705
57679706
57679707
57679708
57679709
57679710
57679711
57679712
57679713
57679714
57679715
57679716
57679717
57679718
57679719
57679720
57679721
57679722
57679723
57679724
57679725
57679726
57679727
57679728
57679729
57679730
57679731
57679732
57679733
57679734
57679735
57679736
57679737
57679738
57679739
57679740
57679741
57679742
57679743
57679744
57679745
57679746
57679747
57679748
57679749
57679750
57679751
57679752
57679753
57679754
57679755
57679756
57679757
57679758
57679759
57679760
57679761
57679762
57679763
57679764
57679765
57679766
57679767
57679768
57679769
57679770
57679771
57679772
57679773
57679774
57679775
57679776
57679777
57679778
57679779
57679780
57679781
57679782
57679783
57679784
57679785
57679786
57679787
57679788
57679789
57679790
57679791
57679792
57679793
57679794
57679795
57679796
57679797
57679798
57679799
57679800
57679801
57679802
57679803
57679804
57679805
57679806
57679807
57679808
57679809
57679810
57679811
57679812
57679813
57679814
57679815
57679816
57679817
57679818
57679819
57679820
57679821
57679822
57679823
57679824
57679825
57679826
57679827
57679828
57679829
57679830
57679831
57679832
57679833
57679834
57679835
57679836
57679837
57679838
57679839
57679840
57679841
57679842
57679843
57679844
57679845
57679846
57679847
57679848
57679849
57679850
57679851
57679852
57679853
57679854
57679855
57679856
57679857
57679858
57679859
57679860
57679861
57679862
57679863
57679864
57679865
57679866
57679867
57679868
57679869
57679870
57679871
57679872
57679873
57679874
57679875
57679876
57679877
57679878
57679879
57679880
57679881
57679882
57679883
57679884
57679885
57679886
57679887
57679888
57679889
57679890
57679891
57679892
57679893
57679894
57679895
57679896
57679897
57679898
57679899
57679900
57679901
57679902
57679903
57679904
57679905
57679906
57679907
57679908
57679909
57679910
57679911
57679912
57679913
57679914
57679915
57679916
57679917
57679918
57679919
57679920
57679921
57679922
57679923
57679924
57679925
57679926
57679927
57679928
57679929
57679930
57679931
57679932
57679933
57679934
57679935
57679936
57679937
57679938
57679939
57679940
57679941
57679942
57679943
57679944
57679945
57679946
57679947
57679948
57679949
57679950
57679951
57679952
57679953
57679954
57679955
57679956
57679957
57679958
57679959
57679960
57679961
57679962
57679963
57679964
57679965
57679966
57679967
57679968
57679969
57679970
57679971
57679972
57679973
57679974
57679975
57679976
57679977
57679978
57679979
57679980
57679981
57679982
57679983
57679984
57679985
57679986
57679987
57679988
57679989
57679990
57679991
57679992
57679993
57679994
57679995
57679996
57679997
57679998
57679999
57680000
57680001
57680002
57680003
57680004
57680005
57680006
57680007
57680008
57680009
57680010
57680011
57680012
57680013
57680014
57680015
57680016
57680017
57680018
57680019
57680020
57680021
57680022
57680023
57680024
57680025
57680026
57680027
57680028
57680029
57680030
57680031
57680032
57680033
57680034
57680035
57680036
57680037
57680038
57680039
57680040
57680041
57680042
57680043
57680044
57680045
57680046
57680047
57680048
57680049
57680050
57680051
57680052
57680053
57680054
57680055
57680056
57680057
57680058
57680059
57680060
57680061
57680062
57680063
57680064
57680065
57680066
57680067
57680068
57680069
57680070
57680071
57680072
57680073
57680074
57680075
57680076
57680077
57680078
57680079
57680080
57680081
57680082
57680083
57680084
57680085
57680086
57680087
57680088
57680089
57680090
57680091
57680092
57680093
57680094
57680095
57680096
57680097
57680098
57680099
57680100
57680101
57680102
57680103
57680104
57680105
57680106
57680107
57680108
57680109
57680110
57680111
57680112
57680113
57680114
57680115
57680116
57680117
57680118
57680119
57680120
57680121
57680122
57680123
57680124
57680125
57680126
57680127
57680128
57680129
57680130
57680131
57680132
57680133
57680134
57680135
57680136
57680137
57680138
57680139
57680140
57680141
57680142
57680143
57680144
57680145
57680146
57680147
57680148
57680149
57680150
57680151
57680152
57680153
57680154
57680155
57680156
57680157
57680158
57680159
57680160
57680161
57680162
57680163
57680164
57680165
57680166
57680167
57680168
57680169
57680170
57680171
57680172
57680173
57680174
57680175
57680176
57680177
57680178
57680179
57680180
57680181
57680182
57680183
57680184
57680185
57680186
57680187
57680188
57680189
57680190
57680191
57680192
57680193
57680194
57680195
57680196
57680197
57680198
57680199
57680200
57680201
57680202
57680203
57680204
57680205
57680206
57680207
57680208
57680209
57680210
57680211
57680212
57680213
57680214
57680215
57680216
57680217
57680218
57680219
57680220
57680221
57680222
57680223
57680224
57680225
57680226
57680227
57680228
57680229
57680230
57680231
57680232
57680233
57680234
57680235
57680236
57680237
57680238
57680239
57680240
57680241
57680242
57680243
57680244
57680245
57680246
57680247
57680248
57680249
57680250
57680251
57680252
57680253
57680254
57680255
57680256
57680257
57680258
57680259
57680260
57680261
57680262
57680263
57680264
57680265
57680266
57680267
57680268
57680269
57680270
57680271
57680272
57680273
57680274
57680275
57680276
57680277
57680278
57680279
57680280
57680281
57680282
57680283
57680284
57680285
57680286
57680287
57680288
57680289
57680290
57680291
57680292
57680293
57680294
57680295
57680296
57680297
57680298
57680299
57680300
57680301
57680302
57680303
57680304
57680305
57680306
57680307
57680308
57680309
57680310
57680311
57680312
57680313
57680314
57680315
57680316
57680317
57680318
57680319
57680320
57680321
57680322
57680323
57680324
57680325
57680326
57680327
57680328
57680329
57680330
57680331
57680332
57680333
57680334
57680335
57680336
57680337
57680338
57680339
57680340
57680341
57680342
57680343
57680344
57680345
57680346
57680347
57680348
57680349
57680350
57680351
57680352
57680353
57680354
57680355
57680356
57680357
57680358
57680359
57680360
57680361
57680362
57680363
57680364
57680365
57680366
57680367
57680368
57680369
57680370
57680371
57680372
57680373
57680374
57680375
57680376
57680377
57680378
57680379
57680380
57680381
57680382
57680383
57680384
57680385
57680386
57680387
57680388
57680389
57680390
57680391
57680392
57680393
57680394
57680395
57680396
57680397
57680398
57680399
57680400
57680401
57680402
57680403
57680404
57680405
57680406
57680407
57680408
57680409
57680410
57680411
57680412
57680413
57680414
57680415
57680416
57680417
57680418
57680419
57680420
57680421
57680422
57680423
57680424
57680425
57680426
57680427
57680428
57680429
57680430
57680431
57680432
57680433
57680434
57680435
57680436
57680437
57680438
57680439
57680440
57680441
57680442
57680443
57680444
57680445
57680446
57680447
57680448
57680449
57680450
57680451
57680452
57680453
57680454
57680455
57680456
57680457
57680458
57680459
57680460
57680461
57680462
57680463
57680464
57680465
57680466
57680467
57680468
57680469
57680470
57680471
57680472
57680473
57680474
57680475
57680476
57680477
57680478
57680479
57680480
57680481
57680482
57680483
57680484
57680485
57680486
57680487
57680488
57680489
57680490
57680491
57680492
57680493
57680494
57680495
57680496
57680497
57680498
57680499
57680500
57680501
57680502
57680503
57680504
57680505
57680506
57680507
57680508
57680509
57680510
57680511
57680512
57680513
57680514
57680515
57680516
57680517
57680518
57680519
57680520
57680521
57680522
57680523
57680524
57680525
57680526
57680527
57680528
57680529
57680530
57680531
57680532
57680533
57680534
57680535
57680536
57680537
57680538
57680539
57680540
57680541
57680542
57680543
57680544
57680545
57680546
57680547
57680548
57680549
57680550
57680551
57680552
57680553
57680554
57680555
57680556
57680557
57680558
57680559
57680560
57680561
57680562
57680563
57680564
57680565
57680566
57680567
57680568
57680569
57680570
57680571
57680572
57680573
57680574
57680575
57680576
57680577
57680578
57680579
57680580
57680581
57680582
57680583
57680584
57680585
57680586
57680587
57680588
57680589
57680590
57680591
57680592
57680593
57680594
57680595
57680596
57680597
57680598
57680599
57680600
57680601
57680602
57680603
57680604
57680605
57680606
57680607
57680608
57680609
57680610
57680611
57680612
57680613
57680614
57680615
57680616
57680617
57680618
57680619
57680620
57680621
57680622
57680623
57680624
57680625
57680626
57680627
57680628
57680629
57680630
57680631
57680632
57680633
57680634
57680635
57680636
57680637
57680638
57680639
57680640
57680641
57680642
57680643
57680644
57680645
57680646
57680647
57680648
57680649
57680650
57680651
57680652
57680653
57680654
57680655
57680656
57680657
57680658
57680659
57680660
57680661
57680662
57680663
57680664
57680665
57680666
57680667
57680668
57680669
57680670
57680671
57680672
57680673
57680674
57680675
57680676
57680677
57680678
57680679
57680680
57680681
57680682
57680683
57680684
57680685
57680686
57680687
57680688
57680689
57680690
57680691
57680692
57680693
57680694
57680695
57680696
57680697
57680698
57680699
57680700
57680701
57680702
57680703
57680704
57680705
57680706
57680707
57680708
57680709
57680710
57680711
57680712
57680713
57680714
57680715
57680716
57680717
57680718
57680719
57680720
57680721
57680722
57680723
57680724
57680725
57680726
57680727
57680728
57680729
57680730
57680731
57680732
57680733
57680734
57680735
57680736
57680737
57680738
57680739
57680740
57680741
57680742
57680743
57680744
57680745
57680746
57680747
57680748
57680749
57680750
57680751
57680752
57680753
57680754
57680755
57680756
57680757
57680758
57680759
57680760
57680761
57680762
57680763
57680764
57680765
57680766
57680767
57680768
57680769
57680770
57680771
57680772
57680773
57680774
57680775
57680776
57680777
57680778
57680779
57680780
57680781
57680782
57680783
57680784
57680785
57680786
57680787
57680788
57680789
57680790
57680791
57680792
57680793
57680794
57680795
57680796
57680797
57680798
57680799
57680800
57680801
57680802
57680803
57680804
57680805
57680806
57680807
57680808
57680809
57680810
57680811
57680812
57680813
57680814
57680815
57680816
57680817
57680818
57680819
57680820
57680821
57680822
57680823
57680824
57680825
57680826
57680827
57680828
57680829
57680830
57680831
57680832
57680833
57680834
57680835
57680836
57680837
57680838
57680839
57680840
57680841
57680842
57680843
57680844
57680845
57680846
57680847
57680848
57680849
57680850
57680851
57680852
57680853
57680854
57680855
57680856
57680857
57680858
57680859
57680860
57680861
57680862
57680863
57680864
57680865
57680866
57680867
57680868
57680869
57680870
57680871
57680872
57680873
57680874
57680875
57680876
57680877
57680878
57680879
57680880
57680881
57680882
57680883
57680884
57680885
57680886
57680887
57680888
57680889
57680890
57680891
57680892
57680893
57680894
57680895
57680896
57680897
57680898
57680899
57680900
57680901
57680902
57680903
57680904
57680905
57680906
57680907
57680908
57680909
57680910
57680911
57680912
57680913
57680914
57680915
57680916
57680917
57680918
57680919
57680920
57680921
57680922
57680923
57680924
57680925
57680926
57680927
57680928
57680929
57680930
57680931
57680932
57680933
57680934
57680935
57680936
57680937
57680938
57680939
57680940
57680941
57680942
57680943
57680944
57680945
57680946
57680947
57680948
57680949
57680950
57680951
57680952
57680953
57680954
57680955
57680956
57680957
57680958
57680959
57680960
57680961
57680962
57680963
57680964
57680965
57680966
57680967
57680968
57680969
57680970
57680971
57680972
57680973
57680974
57680975
57680976
57680977
57680978
57680979
57680980
57680981
57680982
57680983
57680984
57680985
57680986
57680987
57680988
57680989
57680990
57680991
57680992
57680993
57680994
57680995
57680996
57680997
57680998
57680999
57681000
57681001
57681002
57681003
57681004
57681005
57681006
57681007
57681008
57681009
57681010
57681011
57681012
57681013
57681014
57681015
57681016
57681017
57681018
57681019
57681020
57681021
57681022
57681023
57681024
57681025
57681026
57681027
57681028
57681029
57681030
57681031
57681032
57681033
57681034
57681035
57681036
57681037
57681038
57681039
57681040
57681041
57681042
57681043
57681044
57681045
57681046
57681047
57681048
57681049
57681050
57681051
57681052
57681053
57681054
57681055
57681056
57681057
57681058
57681059
57681060
57681061
57681062
57681063
57681064
57681065
57681066
57681067
57681068
57681069
57681070
57681071
57681072
57681073
57681074
57681075
57681076
57681077
57681078
57681079
57681080
57681081
57681082
57681083
57681084
57681085
57681086
57681087
57681088
57681089
57681090
57681091
57681092
57681093
57681094
57681095
57681096
57681097
57681098
57681099
57681100
57681101
57681102
57681103
57681104
57681105
57681106
57681107
57681108
57681109
57681110
57681111
57681112
57681113
57681114
57681115
57681116
57681117
57681118
57681119
57681120
57681121
57681122
57681123
57681124
57681125
57681126
57681127
57681128
57681129
57681130
57681131
57681132
57681133
57681134
57681135
57681136
57681137
57681138
57681139
57681140
57681141
57681142
57681143
57681144
57681145
57681146
57681147
57681148
57681149
57681150
57681151
57681152
57681153
57681154
57681155
57681156
57681157
57681158
57681159
57681160
57681161
57681162
57681163
57681164
57681165
57681166
57681167
57681168
57681169
57681170
57681171
57681172
57681173
57681174
57681175
57681176
57681177
57681178
57681179
57681180
57681181
57681182
57681183
57681184
57681185
57681186
57681187
57681188
57681189
57681190
57681191
57681192
57681193
57681194
57681195
57681196
57681197
57681198
57681199
57681200
57681201
57681202
57681203
57681204
57681205
57681206
57681207
57681208
57681209
57681210
57681211
57681212
57681213
57681214
57681215
57681216
57681217
57681218
57681219
57681220
57681221
57681222
57681223
57681224
57681225
57681226
57681227
57681228
57681229
57681230
57681231
57681232
57681233
57681234
57681235
57681236
57681237
57681238
57681239
57681240
57681241
57681242
57681243
57681244
57681245
57681246
57681247
57681248
57681249
57681250
57681251
57681252
57681253
57681254
57681255
57681256
57681257
57681258
57681259
57681260
57681261
57681262
57681263
57681264
57681265
57681266
57681267
57681268
57681269
57681270
57681271
57681272
57681273
57681274
57681275
57681276
57681277
57681278
57681279
57681280
57681281
57681282
57681283
57681284
57681285
57681286
57681287
57681288
57681289
57681290
57681291
57681292
57681293
57681294
57681295
57681296
57681297
57681298
57681299
57681300
57681301
57681302
57681303
57681304
57681305
57681306
57681307
57681308
57681309
57681310
57681311
57681312
57681313
57681314
57681315
57681316
57681317
57681318
57681319
57681320
57681321
57681322
57681323
57681324
57681325
57681326
57681327
57681328
57681329
57681330
57681331
57681332
57681333
57681334
57681335
57681336
57681337
57681338
57681339
57681340
57681341
57681342
57681343
57681344
57681345
57681346
57681347
57681348
57681349
57681350
57681351
57681352
57681353
57681354
57681355
57681356
57681357
57681358
57681359
57681360
57681361
57681362
57681363
57681364
57681365
57681366
57681367
57681368
57681369
57681370
57681371
57681372
57681373
57681374
57681375
57681376
57681377
57681378
57681379
57681380
57681381
57681382
57681383
57681384
57681385
57681386
57681387
57681388
57681389
57681390
57681391
57681392
57681393
57681394
57681395
57681396
57681397
57681398
57681399
57681400
57681401
57681402
57681403
57681404
57681405
57681406
57681407
57681408
57681409
57681410
57681411
57681412
57681413
57681414
57681415
57681416
57681417
57681418
57681419
57681420
57681421
57681422
57681423
57681424
57681425
57681426
57681427
57681428
57681429
57681430
57681431
57681432
57681433
57681434
57681435
57681436
57681437
57681438
57681439
57681440
57681441
57681442
57681443
57681444
57681445
57681446
57681447
57681448
57681449
57681450
57681451
57681452
57681453
57681454
57681455
57681456
57681457
57681458
57681459
57681460
57681461
57681462
57681463
57681464
57681465
57681466
57681467
57681468
57681469
57681470
57681471
57681472
57681473
57681474
57681475
57681476
57681477
57681478
57681479
57681480
57681481
57681482
57681483
57681484
57681485
57681486
57681487
57681488
57681489
57681490
57681491
57681492
57681493
57681494
57681495
57681496
57681497
57681498
57681499
57681500
57681501
57681502
57681503
57681504
57681505
57681506
57681507
57681508
57681509
57681510
57681511
57681512
57681513
57681514
57681515
57681516
57681517
57681518
57681519
57681520
57681521
57681522
57681523
57681524
57681525
57681526
57681527
57681528
57681529
57681530
57681531
57681532
57681533
57681534
57681535
57681536
57681537
57681538
57681539
57681540
57681541
57681542
57681543
57681544
57681545
57681546
57681547
57681548
57681549
57681550
57681551
57681552
57681553
57681554
57681555
57681556
57681557
57681558
57681559
57681560
57681561
57681562
57681563
57681564
57681565
57681566
57681567
57681568
57681569
57681570
57681571
57681572
57681573
57681574
57681575
57681576
57681577
57681578
57681579
57681580
57681581
57681582
57681583
57681584
57681585
57681586
57681587
57681588
57681589
57681590
57681591
57681592
57681593
57681594
57681595
57681596
57681597
57681598
57681599
57681600
57681601
57681602
57681603
57681604
57681605
57681606
57681607
57681608
57681609
57681610
57681611
57681612
57681613
57681614
57681615
57681616
57681617
57681618
57681619
57681620
57681621
57681622
57681623
57681624
57681625
57681626
57681627
57681628
57681629
57681630
57681631
57681632
57681633
57681634
57681635
57681636
57681637
57681638
57681639
57681640
57681641
57681642
57681643
57681644
57681645
57681646
57681647
57681648
57681649
57681650
57681651
57681652
57681653
57681654
57681655
57681656
57681657
57681658
57681659
57681660
57681661
57681662
57681663
57681664
57681665
57681666
57681667
57681668
57681669
57681670
57681671
57681672
57681673
57681674
57681675
57681676
57681677
57681678
57681679
57681680
57681681
57681682
57681683
57681684
57681685
57681686
57681687
57681688
57681689
57681690
57681691
57681692
57681693
57681694
57681695
57681696
57681697
57681698
57681699
57681700
57681701
57681702
57681703
57681704
57681705
57681706
57681707
57681708
57681709
57681710
57681711
57681712
57681713
57681714
57681715
57681716
57681717
57681718
57681719
57681720
57681721
57681722
57681723
57681724
57681725
57681726
57681727
57681728
57681729
57681730
57681731
57681732
57681733
57681734
57681735
57681736
57681737
57681738
57681739
57681740
57681741
57681742
57681743
57681744
57681745
57681746
57681747
57681748
57681749
57681750
57681751
57681752
57681753
57681754
57681755
57681756
57681757
57681758
57681759
57681760
57681761
57681762
57681763
57681764
57681765
57681766
57681767
57681768
57681769
57681770
57681771
57681772
57681773
57681774
57681775
57681776
57681777
57681778
57681779
57681780
57681781
57681782
57681783
57681784
57681785
57681786
57681787
57681788
57681789
57681790
57681791
57681792
57681793
57681794
57681795
57681796
57681797
57681798
57681799
57681800
57681801
57681802
57681803
57681804
57681805
57681806
57681807
57681808
57681809
57681810
57681811
57681812
57681813
57681814
57681815
57681816
57681817
57681818
57681819
57681820
57681821
57681822
57681823
57681824
57681825
57681826
57681827
57681828
57681829
57681830
57681831
57681832
57681833
57681834
57681835
57681836
57681837
57681838
57681839
57681840
57681841
57681842
57681843
57681844
57681845
57681846
57681847
57681848
57681849
57681850
57681851
57681852
57681853
57681854
57681855
57681856
57681857
57681858
57681859
57681860
57681861
57681862
57681863
57681864
57681865
57681866
57681867
57681868
57681869
57681870
57681871
57681872
57681873
57681874
57681875
57681876
57681877
57681878
57681879
57681880
57681881
57681882
57681883
57681884
57681885
57681886
57681887
57681888
57681889
57681890
57681891
57681892
57681893
57681894
57681895
57681896
57681897
57681898
57681899
57681900
57681901
57681902
57681903
57681904
57681905
57681906
57681907
57681908
57681909
57681910
57681911
57681912
57681913
57681914
57681915
57681916
57681917
57681918
57681919
57681920
57681921
57681922
57681923
57681924
57681925
57681926
57681927
57681928
57681929
57681930
57681931
57681932
57681933
57681934
57681935
57681936
57681937
57681938
57681939
57681940
57681941
57681942
57681943
57681944
57681945
57681946
57681947
57681948
57681949
57681950
57681951
57681952
57681953
57681954
57681955
57681956
57681957
57681958
57681959
57681960
57681961
57681962
57681963
57681964
57681965
57681966
57681967
57681968
57681969
57681970
57681971
57681972
57681973
57681974
57681975
57681976
57681977
57681978
57681979
57681980
57681981
57681982
57681983
57681984
57681985
57681986
57681987
57681988
57681989
57681990
57681991
57681992
57681993
57681994
57681995
57681996
57681997
57681998
57681999
57682000
57682001
57682002
57682003
57682004
57682005
57682006
57682007
57682008
57682009
57682010
57682011
57682012
57682013
57682014
57682015
57682016
57682017
57682018
57682019
57682020
57682021
57682022
57682023
57682024
57682025
57682026
57682027
57682028
57682029
57682030
57682031
57682032
57682033
57682034
57682035
57682036
57682037
57682038
57682039
57682040
57682041
57682042
57682043
57682044
57682045
57682046
57682047
57682048
57682049
57682050
57682051
57682052
57682053
57682054
57682055
57682056
57682057
57682058
57682059
57682060
57682061
57682062
57682063
57682064
57682065
57682066
57682067
57682068
57682069
57682070
57682071
57682072
57682073
57682074
57682075
57682076
57682077
57682078
57682079
57682080
57682081
57682082
57682083
57682084
57682085
57682086
57682087
57682088
57682089
57682090
57682091
57682092
57682093
57682094
57682095
57682096
57682097
57682098
57682099
57682100
57682101
57682102
57682103
57682104
57682105
57682106
57682107
57682108
57682109
57682110
57682111
57682112
57682113
57682114
57682115
57682116
57682117
57682118
57682119
57682120
57682121
57682122
57682123
57682124
57682125
57682126
57682127
57682128
57682129
57682130
57682131
57682132
57682133
57682134
57682135
57682136
57682137
57682138
57682139
57682140
57682141
57682142
57682143
57682144
57682145
57682146
57682147
57682148
57682149
57682150
57682151
57682152
57682153
57682154
57682155
57682156
57682157
57682158
57682159
57682160
57682161
57682162
57682163
57682164
57682165
57682166
57682167
57682168
57682169
57682170
57682171
57682172
57682173
57682174
57682175
57682176
57682177
57682178
57682179
57682180
57682181
57682182
57682183
57682184
57682185
57682186
57682187
57682188
57682189
57682190
57682191
57682192
57682193
57682194
57682195
57682196
57682197
57682198
57682199
57682200
57682201
57682202
57682203
57682204
57682205
57682206
57682207
57682208
57682209
57682210
57682211
57682212
57682213
57682214
57682215
57682216
57682217
57682218
57682219
57682220
57682221
57682222
57682223
57682224
57682225
57682226
57682227
57682228
57682229
57682230
57682231
57682232
57682233
57682234
57682235
57682236
57682237
57682238
57682239
57682240
57682241
57682242
57682243
57682244
57682245
57682246
57682247
57682248
57682249
57682250
57682251
57682252
57682253
57682254
57682255
57682256
57682257
57682258
57682259
57682260
57682261
57682262
57682263
57682264
57682265
57682266
57682267
57682268
57682269
57682270
57682271
57682272
57682273
57682274
57682275
57682276
57682277
57682278
57682279
57682280
57682281
57682282
57682283
57682284
57682285
57682286
57682287
57682288
57682289
57682290
57682291
57682292
57682293
57682294
57682295
57682296
57682297
57682298
57682299
57682300
57682301
57682302
57682303
57682304
57682305
57682306
57682307
57682308
57682309
57682310
57682311
57682312
57682313
57682314
57682315
57682316
57682317
57682318
57682319
57682320
57682321
57682322
57682323
57682324
57682325
57682326
57682327
57682328
57682329
57682330
57682331
57682332
57682333
57682334
57682335
57682336
57682337
57682338
57682339
57682340
57682341
57682342
57682343
57682344
57682345
57682346
57682347
57682348
57682349
57682350
57682351
57682352
57682353
57682354
57682355
57682356
57682357
57682358
57682359
57682360
57682361
57682362
57682363
57682364
57682365
57682366
57682367
57682368
57682369
57682370
57682371
57682372
57682373
57682374
57682375
57682376
57682377
57682378
57682379
57682380
57682381
57682382
57682383
57682384
57682385
57682386
57682387
57682388
57682389
57682390
57682391
57682392
57682393
57682394
57682395
57682396
57682397
57682398
57682399
57682400
57682401
57682402
57682403
57682404
57682405
57682406
57682407
57682408
57682409
57682410
57682411
57682412
57682413
57682414
57682415
57682416
57682417
57682418
57682419
57682420
57682421
57682422
57682423
57682424
57682425
57682426
57682427
57682428
57682429
57682430
57682431
57682432
57682433
57682434
57682435
57682436
57682437
57682438
57682439
57682440
57682441
57682442
57682443
57682444
57682445
57682446
57682447
57682448
57682449
57682450
57682451
57682452
57682453
57682454
57682455
57682456
57682457
57682458
57682459
57682460
57682461
57682462
57682463
57682464
57682465
57682466
57682467
57682468
57682469
57682470
57682471
57682472
57682473
57682474
57682475
57682476
57682477
57682478
57682479
57682480
57682481
57682482
57682483
57682484
57682485
57682486
57682487
57682488
57682489
57682490
57682491
57682492
57682493
57682494
57682495
57682496
57682497
57682498
57682499
57682500
57682501
57682502
57682503
57682504
57682505
57682506
57682507
57682508
57682509
57682510
57682511
57682512
57682513
57682514
57682515
57682516
57682517
57682518
57682519
57682520
57682521
57682522
57682523
57682524
57682525
57682526
57682527
57682528
57682529
57682530
57682531
57682532
57682533
57682534
57682535
57682536
57682537
57682538
57682539
57682540
57682541
57682542
57682543
57682544
57682545
57682546
57682547
57682548
57682549
57682550
57682551
57682552
57682553
57682554
57682555
57682556
57682557
57682558
57682559
57682560
57682561
57682562
57682563
57682564
57682565
57682566
57682567
57682568
57682569
57682570
57682571
57682572
57682573
57682574
57682575
57682576
57682577
57682578
57682579
57682580
57682581
57682582
57682583
57682584
57682585
57682586
57682587
57682588
57682589
57682590
57682591
57682592
57682593
57682594
57682595
57682596
57682597
57682598
57682599
57682600
57682601
57682602
57682603
57682604
57682605
57682606
57682607
57682608
57682609
57682610
57682611
57682612
57682613
57682614
57682615
57682616
57682617
57682618
57682619
57682620
57682621
57682622
57682623
57682624
57682625
57682626
57682627
57682628
57682629
57682630
57682631
57682632
57682633
57682634
57682635
57682636
57682637
57682638
57682639
57682640
57682641
57682642
57682643
57682644
57682645
57682646
57682647
57682648
57682649
57682650
57682651
57682652
57682653
57682654
57682655
57682656
57682657
57682658
57682659
57682660
57682661
57682662
57682663
57682664
57682665
57682666
57682667
57682668
57682669
57682670
57682671
57682672
57682673
57682674
57682675
57682676
57682677
57682678
57682679
57682680
57682681
57682682
57682683
57682684
57682685
57682686
57682687
57682688
57682689
57682690
57682691
57682692
57682693
57682694
57682695
57682696
57682697
57682698
57682699
57682700
57682701
57682702
57682703
57682704
57682705
57682706
57682707
57682708
57682709
57682710
57682711
57682712
57682713
57682714
57682715
57682716
57682717
57682718
57682719
57682720
57682721
57682722
57682723
57682724
57682725
57682726
57682727
57682728
57682729
57682730
57682731
57682732
57682733
57682734
57682735
57682736
57682737
57682738
57682739
57682740
57682741
57682742
57682743
57682744
57682745
57682746
57682747
57682748
57682749
57682750
57682751
57682752
57682753
57682754
57682755
57682756
57682757
57682758
57682759
57682760
57682761
57682762
57682763
57682764
57682765
57682766
57682767
57682768
57682769
57682770
57682771
57682772
57682773
57682774
57682775
57682776
57682777
57682778
57682779
57682780
57682781
57682782
57682783
57682784
57682785
57682786
57682787
57682788
57682789
57682790
57682791
57682792
57682793
57682794
57682795
57682796
57682797
57682798
57682799
57682800
57682801
57682802
57682803
57682804
57682805
57682806
57682807
57682808
57682809
57682810
57682811
57682812
57682813
57682814
57682815
57682816
57682817
57682818
57682819
57682820
57682821
57682822
57682823
57682824
57682825
57682826
57682827
57682828
57682829
57682830
57682831
57682832
57682833
57682834
57682835
57682836
57682837
57682838
57682839
57682840
57682841
57682842
57682843
57682844
57682845
57682846
57682847
57682848
57682849
57682850
57682851
57682852
57682853
57682854
57682855
57682856
57682857
57682858
57682859
57682860
57682861
57682862
57682863
57682864
57682865
57682866
57682867
57682868
57682869
57682870
57682871
57682872
57682873
57682874
57682875
57682876
57682877
57682878
57682879
57682880
57682881
57682882
57682883
57682884
57682885
57682886
57682887
57682888
57682889
57682890
57682891
57682892
57682893
57682894
57682895
57682896
57682897
57682898
57682899
57682900
57682901
57682902
57682903
57682904
57682905
57682906
57682907
57682908
57682909
57682910
57682911
57682912
57682913
57682914
57682915
57682916
57682917
57682918
57682919
57682920
57682921
57682922
57682923
57682924
57682925
57682926
57682927
57682928
57682929
57682930
57682931
57682932
57682933
57682934
57682935
57682936
57682937
57682938
57682939
57682940
57682941
57682942
57682943
57682944
57682945
57682946
57682947
57682948
57682949
57682950
57682951
57682952
57682953
57682954
57682955
57682956
57682957
57682958
57682959
57682960
57682961
57682962
57682963
57682964
57682965
57682966
57682967
57682968
57682969
57682970
57682971
57682972
57682973
57682974
57682975
57682976
57682977
57682978
57682979
57682980
57682981
57682982
57682983
57682984
57682985
57682986
57682987
57682988
57682989
57682990
57682991
57682992
57682993
57682994
57682995
57682996
57682997
57682998
57682999
57683000
57683001
57683002
57683003
57683004
57683005
57683006
57683007
57683008
57683009
57683010
57683011
57683012
57683013
57683014
57683015
57683016
57683017
57683018
57683019
57683020
57683021
57683022
57683023
57683024
57683025
57683026
57683027
57683028
57683029
57683030
57683031
57683032
57683033
57683034
57683035
57683036
57683037
57683038
57683039
57683040
57683041
57683042
57683043
57683044
57683045
57683046
57683047
57683048
57683049
57683050
57683051
57683052
57683053
57683054
57683055
57683056
57683057
57683058
57683059
57683060
57683061
57683062
57683063
57683064
57683065
57683066
57683067
57683068
57683069
57683070
57683071
57683072
57683073
57683074
57683075
57683076
57683077
57683078
57683079
57683080
57683081
57683082
57683083
57683084
57683085
57683086
57683087
57683088
57683089
57683090
57683091
57683092
57683093
57683094
57683095
57683096
57683097
57683098
57683099
57683100
57683101
57683102
57683103
57683104
57683105
57683106
57683107
57683108
57683109
57683110
57683111
57683112
57683113
57683114
57683115
57683116
57683117
57683118
57683119
57683120
57683121
57683122
57683123
57683124
57683125
57683126
57683127
57683128
57683129
57683130
57683131
57683132
57683133
57683134
57683135
57683136
57683137
57683138
57683139
57683140
57683141
57683142
57683143
57683144
57683145
57683146
57683147
57683148
57683149
57683150
57683151
57683152
57683153
57683154
57683155
57683156
57683157
57683158
57683159
57683160
57683161
57683162
57683163
57683164
57683165
57683166
57683167
57683168
57683169
57683170
57683171
57683172
57683173
57683174
57683175
57683176
57683177
57683178
57683179
57683180
57683181
57683182
57683183
57683184
57683185
57683186
57683187
57683188
57683189
57683190
57683191
57683192
57683193
57683194
57683195
57683196
57683197
57683198
57683199
57683200
57683201
57683202
57683203
57683204
57683205
57683206
57683207
57683208
57683209
57683210
57683211
57683212
57683213
57683214
57683215
57683216
57683217
57683218
57683219
57683220
57683221
57683222
57683223
57683224
57683225
57683226
57683227
57683228
57683229
57683230
57683231
57683232
57683233
57683234
57683235
57683236
57683237
57683238
57683239
57683240
57683241
57683242
57683243
57683244
57683245
57683246
57683247
57683248
57683249
57683250
57683251
57683252
57683253
57683254
57683255
57683256
57683257
57683258
57683259
57683260
57683261
57683262
57683263
57683264
57683265
57683266
57683267
57683268
57683269
57683270
57683271
57683272
57683273
57683274
57683275
57683276
57683277
57683278
57683279
57683280
57683281
57683282
57683283
57683284
57683285
57683286
57683287
57683288
57683289
57683290
57683291
57683292
57683293
57683294
57683295
57683296
57683297
57683298
57683299
57683300
57683301
57683302
57683303
57683304
57683305
57683306
57683307
57683308
57683309
57683310
57683311
57683312
57683313
57683314
57683315
57683316
57683317
57683318
57683319
57683320
57683321
57683322
57683323
57683324
57683325
57683326
57683327
57683328
57683329
57683330
57683331
57683332
57683333
57683334
57683335
57683336
57683337
57683338
57683339
57683340
57683341
57683342
57683343
57683344
57683345
57683346
57683347
57683348
57683349
57683350
57683351
57683352
57683353
57683354
57683355
57683356
57683357
57683358
57683359
57683360
57683361
57683362
57683363
57683364
57683365
57683366
57683367
57683368
57683369
57683370
57683371
57683372
57683373
57683374
57683375
57683376
57683377
57683378
57683379
57683380
57683381
57683382
57683383
57683384
57683385
57683386
57683387
57683388
57683389
57683390
57683391
57683392
57683393
57683394
57683395
57683396
57683397
57683398
57683399
57683400
57683401
57683402
57683403
57683404
57683405
57683406
57683407
57683408
57683409
57683410
57683411
57683412
57683413
57683414
57683415
57683416
57683417
57683418
57683419
57683420
57683421
57683422
57683423
57683424
57683425
57683426
57683427
57683428
57683429
57683430
57683431
57683432
57683433
57683434
57683435
57683436
57683437
57683438
57683439
57683440
57683441
57683442
57683443
57683444
57683445
57683446
57683447
57683448
57683449
57683450
57683451
57683452
57683453
57683454
57683455
57683456
57683457
57683458
57683459
57683460
57683461
57683462
57683463
57683464
57683465
57683466
57683467
57683468
57683469
57683470
57683471
57683472
57683473
57683474
57683475
57683476
57683477
57683478
57683479
57683480
57683481
57683482
57683483
57683484
57683485
57683486
57683487
57683488
57683489
57683490
57683491
57683492
57683493
57683494
57683495
57683496
57683497
57683498
57683499
57683500
57683501
57683502
57683503
57683504
57683505
57683506
57683507
57683508
57683509
57683510
57683511
57683512
57683513
57683514
57683515
57683516
57683517
57683518
57683519
57683520
57683521
57683522
57683523
57683524
57683525
57683526
57683527
57683528
57683529
57683530
57683531
57683532
57683533
57683534
57683535
57683536
57683537
57683538
57683539
57683540
57683541
57683542
57683543
57683544
57683545
57683546
57683547
57683548
57683549
57683550
57683551
57683552
57683553
57683554
57683555
57683556
57683557
57683558
57683559
57683560
57683561
57683562
57683563
57683564
57683565
57683566
57683567
57683568
57683569
57683570
57683571
57683572
57683573
57683574
57683575
57683576
57683577
57683578
57683579
57683580
57683581
57683582
57683583
57683584
57683585
57683586
57683587
57683588
57683589
57683590
57683591
57683592
57683593
57683594
57683595
57683596
57683597
57683598
57683599
57683600
57683601
57683602
57683603
57683604
57683605
57683606
57683607
57683608
57683609
57683610
57683611
57683612
57683613
57683614
57683615
57683616
57683617
57683618
57683619
57683620
57683621
57683622
57683623
57683624
57683625
57683626
57683627
57683628
57683629
57683630
57683631
57683632
57683633
57683634
57683635
57683636
57683637
57683638
57683639
57683640
57683641
57683642
57683643
57683644
57683645
57683646
57683647
57683648
57683649
57683650
57683651
57683652
57683653
57683654
57683655
57683656
57683657
57683658
57683659
57683660
57683661
57683662
57683663
57683664
57683665
57683666
57683667
57683668
57683669
57683670
57683671
57683672
57683673
57683674
57683675
57683676
57683677
57683678
57683679
57683680
57683681
57683682
57683683
57683684
57683685
57683686
57683687
57683688
57683689
57683690
57683691
57683692
57683693
57683694
57683695
57683696
57683697
57683698
57683699
57683700
57683701
57683702
57683703
57683704
57683705
57683706
57683707
57683708
57683709
57683710
57683711
57683712
57683713
57683714
57683715
57683716
57683717
57683718
57683719
57683720
57683721
57683722
57683723
57683724
57683725
57683726
57683727
57683728
57683729
57683730
57683731
57683732
57683733
57683734
57683735
57683736
57683737
57683738
57683739
57683740
57683741
57683742
57683743
57683744
57683745
57683746
57683747
57683748
57683749
57683750
57683751
57683752
57683753
57683754
57683755
57683756
57683757
57683758
57683759
57683760
57683761
57683762
57683763
57683764
57683765
57683766
57683767
57683768
57683769
57683770
57683771
57683772
57683773
57683774
57683775
57683776
57683777
57683778
57683779
57683780
57683781
57683782
57683783
57683784
57683785
57683786
57683787
57683788
57683789
57683790
57683791
57683792
57683793
57683794
57683795
57683796
57683797
57683798
57683799
57683800
57683801
57683802
57683803
57683804
57683805
57683806
57683807
57683808
57683809
57683810
57683811
57683812
57683813
57683814
57683815
57683816
57683817
57683818
57683819
57683820
57683821
57683822
57683823
57683824
57683825
57683826
57683827
57683828
57683829
57683830
57683831
57683832
57683833
57683834
57683835
57683836
57683837
57683838
57683839
57683840
57683841
57683842
57683843
57683844
57683845
57683846
57683847
57683848
57683849
57683850
57683851
57683852
57683853
57683854
57683855
57683856
57683857
57683858
57683859
57683860
57683861
57683862
57683863
57683864
57683865
57683866
57683867
57683868
57683869
57683870
57683871
57683872
57683873
57683874
57683875
57683876
57683877
57683878
57683879
57683880
57683881
57683882
57683883
57683884
57683885
57683886
57683887
57683888
57683889
57683890
57683891
57683892
57683893
57683894
57683895
57683896
57683897
57683898
57683899
57683900
57683901
57683902
57683903
57683904
57683905
57683906
57683907
57683908
57683909
57683910
57683911
57683912
57683913
57683914
57683915
57683916
57683917
57683918
57683919
57683920
57683921
57683922
57683923
57683924
57683925
57683926
57683927
57683928
57683929
57683930
57683931
57683932
57683933
57683934
57683935
57683936
57683937
57683938
57683939
57683940
57683941
57683942
57683943
57683944
57683945
57683946
57683947
57683948
57683949
57683950
57683951
57683952
57683953
57683954
57683955
57683956
57683957
57683958
57683959
57683960
57683961
57683962
57683963
57683964
57683965
57683966
57683967
57683968
57683969
57683970
57683971
57683972
57683973
57683974
57683975
57683976
57683977
57683978
57683979
57683980
57683981
57683982
57683983
57683984
57683985
57683986
57683987
57683988
57683989
57683990
57683991
57683992
57683993
57683994
57683995
57683996
57683997
57683998
57683999
57684000
57684001
57684002
57684003
57684004
57684005
57684006
57684007
57684008
57684009
57684010
57684011
57684012
57684013
57684014
57684015
57684016
57684017
57684018
57684019
57684020
57684021
57684022
57684023
57684024
57684025
57684026
57684027
57684028
57684029
57684030
57684031
57684032
57684033
57684034
57684035
57684036
57684037
57684038
57684039
57684040
57684041
57684042
57684043
57684044
57684045
57684046
57684047
57684048
57684049
57684050
57684051
57684052
57684053
57684054
57684055
57684056
57684057
57684058
57684059
57684060
57684061
57684062
57684063
57684064
57684065
57684066
57684067
57684068
57684069
57684070
57684071
57684072
57684073
57684074
57684075
57684076
57684077
57684078
57684079
57684080
57684081
57684082
57684083
57684084
57684085
57684086
57684087
57684088
57684089
57684090
57684091
57684092
57684093
57684094
57684095
57684096
57684097
57684098
57684099
57684100
57684101
57684102
57684103
57684104
57684105
57684106
57684107
57684108
57684109
57684110
57684111
57684112
57684113
57684114
57684115
57684116
57684117
57684118
57684119
57684120
57684121
57684122
57684123
57684124
57684125
57684126
57684127
57684128
57684129
57684130
57684131
57684132
57684133
57684134
57684135
57684136
57684137
57684138
57684139
57684140
57684141
57684142
57684143
57684144
57684145
57684146
57684147
57684148
57684149
57684150
57684151
57684152
57684153
57684154
57684155
57684156
57684157
57684158
57684159
57684160
57684161
57684162
57684163
57684164
57684165
57684166
57684167
57684168
57684169
57684170
57684171
57684172
57684173
57684174
57684175
57684176
57684177
57684178
57684179
57684180
57684181
57684182
57684183
57684184
57684185
57684186
57684187
57684188
57684189
57684190
57684191
57684192
57684193
57684194
57684195
57684196
57684197
57684198
57684199
57684200
57684201
57684202
57684203
57684204
57684205
57684206
57684207
57684208
57684209
57684210
57684211
57684212
57684213
57684214
57684215
57684216
57684217
57684218
57684219
57684220
57684221
57684222
57684223
57684224
57684225
57684226
57684227
57684228
57684229
57684230
57684231
57684232
57684233
57684234
57684235
57684236
57684237
57684238
57684239
57684240
57684241
57684242
57684243
57684244
57684245
57684246
57684247
57684248
57684249
57684250
57684251
57684252
57684253
57684254
57684255
57684256
57684257
57684258
57684259
57684260
57684261
57684262
57684263
57684264
57684265
57684266
57684267
57684268
57684269
57684270
57684271
57684272
57684273
57684274
57684275
57684276
57684277
57684278
57684279
57684280
57684281
57684282
57684283
57684284
57684285
57684286
57684287
57684288
57684289
57684290
57684291
57684292
57684293
57684294
57684295
57684296
57684297
57684298
57684299
57684300
57684301
57684302
57684303
57684304
57684305
57684306
57684307
57684308
57684309
57684310
57684311
57684312
57684313
57684314
57684315
57684316
57684317
57684318
57684319
57684320
57684321
57684322
57684323
57684324
57684325
57684326
57684327
57684328
57684329
57684330
57684331
57684332
57684333
57684334
57684335
57684336
57684337
57684338
57684339
57684340
57684341
57684342
57684343
57684344
57684345
57684346
57684347
57684348
57684349
57684350
57684351
57684352
57684353
57684354
57684355
57684356
57684357
57684358
57684359
57684360
57684361
57684362
57684363
57684364
57684365
57684366
57684367
57684368
57684369
57684370
57684371
57684372
57684373
57684374
57684375
57684376
57684377
57684378
57684379
57684380
57684381
57684382
57684383
57684384
57684385
57684386
57684387
57684388
57684389
57684390
57684391
57684392
57684393
57684394
57684395
57684396
57684397
57684398
57684399
57684400
57684401
57684402
57684403
57684404
57684405
57684406
57684407
57684408
57684409
57684410
57684411
57684412
57684413
57684414
57684415
57684416
57684417
57684418
57684419
57684420
57684421
57684422
57684423
57684424
57684425
57684426
57684427
57684428
57684429
57684430
57684431
57684432
57684433
57684434
57684435
57684436
57684437
57684438
57684439
57684440
57684441
57684442
57684443
57684444
57684445
57684446
57684447
57684448
57684449
57684450
57684451
57684452
57684453
57684454
57684455
57684456
57684457
57684458
57684459
57684460
57684461
57684462
57684463
57684464
57684465
57684466
57684467
57684468
57684469
57684470
57684471
57684472
57684473
57684474
57684475
57684476
57684477
57684478
57684479
57684480
57684481
57684482
57684483
57684484
57684485
57684486
57684487
57684488
57684489
57684490
57684491
57684492
57684493
57684494
57684495
57684496
57684497
57684498
57684499
57684500
57684501
57684502
57684503
57684504
57684505
57684506
57684507
57684508
57684509
57684510
57684511
57684512
57684513
57684514
57684515
57684516
57684517
57684518
57684519
57684520
57684521
57684522
57684523
57684524
57684525
57684526
57684527
57684528
57684529
57684530
57684531
57684532
57684533
57684534
57684535
57684536
57684537
57684538
57684539
57684540
57684541
57684542
57684543
57684544
57684545
57684546
57684547
57684548
57684549
57684550
57684551
57684552
57684553
57684554
57684555
57684556
57684557
57684558
57684559
57684560
57684561
57684562
57684563
57684564
57684565
57684566
57684567
57684568
57684569
57684570
57684571
57684572
57684573
57684574
57684575
57684576
57684577
57684578
57684579
57684580
57684581
57684582
57684583
57684584
57684585
57684586
57684587
57684588
57684589
57684590
57684591
57684592
57684593
57684594
57684595
57684596
57684597
57684598
57684599
57684600
57684601
57684602
57684603
57684604
57684605
57684606
57684607
57684608
57684609
57684610
57684611
57684612
57684613
57684614
57684615
57684616
57684617
57684618
57684619
57684620
57684621
57684622
57684623
57684624
57684625
57684626
57684627
57684628
57684629
57684630
57684631
57684632
57684633
57684634
57684635
57684636
57684637
57684638
57684639
57684640
57684641
57684642
57684643
57684644
57684645
57684646
57684647
57684648
57684649
57684650
57684651
57684652
57684653
57684654
57684655
57684656
57684657
57684658
57684659
57684660
57684661
57684662
57684663
57684664
57684665
57684666
57684667
57684668
57684669
57684670
57684671
57684672
57684673
57684674
57684675
57684676
57684677
57684678
57684679
57684680
57684681
57684682
57684683
57684684
57684685
57684686
57684687
57684688
57684689
57684690
57684691
57684692
57684693
57684694
57684695
57684696
57684697
57684698
57684699
57684700
57684701
57684702
57684703
57684704
57684705
57684706
57684707
57684708
57684709
57684710
57684711
57684712
57684713
57684714
57684715
57684716
57684717
57684718
57684719
57684720
57684721
57684722
57684723
57684724
57684725
57684726
57684727
57684728
57684729
57684730
57684731
57684732
57684733
57684734
57684735
57684736
57684737
57684738
57684739
57684740
57684741
57684742
57684743
57684744
57684745
57684746
57684747
57684748
57684749
57684750
57684751
57684752
57684753
57684754
57684755
57684756
57684757
57684758
57684759
57684760
57684761
57684762
57684763
57684764
57684765
57684766
57684767
57684768
57684769
57684770
57684771
57684772
57684773
57684774
57684775
57684776
57684777
57684778
57684779
57684780
57684781
57684782
57684783
57684784
57684785
57684786
57684787
57684788
57684789
57684790
57684791
57684792
57684793
57684794
57684795
57684796
57684797
57684798
57684799
57684800
57684801
57684802
57684803
57684804
57684805
57684806
57684807
57684808
57684809
57684810
57684811
57684812
57684813
57684814
57684815
57684816
57684817
57684818
57684819
57684820
57684821
57684822
57684823
57684824
57684825
57684826
57684827
57684828
57684829
57684830
57684831
57684832
57684833
57684834
57684835
57684836
57684837
57684838
57684839
57684840
57684841
57684842
57684843
57684844
57684845
57684846
57684847
57684848
57684849
57684850
57684851
57684852
57684853
57684854
57684855
57684856
57684857
57684858
57684859
57684860
57684861
57684862
57684863
57684864
57684865
57684866
57684867
57684868
57684869
57684870
57684871
57684872
57684873
57684874
57684875
57684876
57684877
57684878
57684879
57684880
57684881
57684882
57684883
57684884
57684885
57684886
57684887
57684888
57684889
57684890
57684891
57684892
57684893
57684894
57684895
57684896
57684897
57684898
57684899
57684900
57684901
57684902
57684903
57684904
57684905
57684906
57684907
57684908
57684909
57684910
57684911
57684912
57684913
57684914
57684915
57684916
57684917
57684918
57684919
57684920
57684921
57684922
57684923
57684924
57684925
57684926
57684927
57684928
57684929
57684930
57684931
57684932
57684933
57684934
57684935
57684936
57684937
57684938
57684939
57684940
57684941
57684942
57684943
57684944
57684945
57684946
57684947
57684948
57684949
57684950
57684951
57684952
57684953
57684954
57684955
57684956
57684957
57684958
57684959
57684960
57684961
57684962
57684963
57684964
57684965
57684966
57684967
57684968
57684969
57684970
57684971
57684972
57684973
57684974
57684975
57684976
57684977
57684978
57684979
57684980
57684981
57684982
57684983
57684984
57684985
57684986
57684987
57684988
57684989
57684990
57684991
57684992
57684993
57684994
57684995
57684996
57684997
57684998
57684999
57685000
57685001
57685002
57685003
57685004
57685005
57685006
57685007
57685008
57685009
57685010
57685011
57685012
57685013
57685014
57685015
57685016
57685017
57685018
57685019
57685020
57685021
57685022
57685023
57685024
57685025
57685026
57685027
57685028
57685029
57685030
57685031
57685032
57685033
57685034
57685035
57685036
57685037
57685038
57685039
57685040
57685041
57685042
57685043
57685044
57685045
57685046
57685047
57685048
57685049
57685050
57685051
57685052
57685053
57685054
57685055
57685056
57685057
57685058
57685059
57685060
57685061
57685062
57685063
57685064
57685065
57685066
57685067
57685068
57685069
57685070
57685071
57685072
57685073
57685074
57685075
57685076
57685077
57685078
57685079
57685080
57685081
57685082
57685083
57685084
57685085
57685086
57685087
57685088
57685089
57685090
57685091
57685092
57685093
57685094
57685095
57685096
57685097
57685098
57685099
57685100
57685101
57685102
57685103
57685104
57685105
57685106
57685107
57685108
57685109
57685110
57685111
57685112
57685113
57685114
57685115
57685116
57685117
57685118
57685119
57685120
57685121
57685122
57685123
57685124
57685125
57685126
57685127
57685128
57685129
57685130
57685131
57685132
57685133
57685134
57685135
57685136
57685137
57685138
57685139
57685140
57685141
57685142
57685143
57685144
57685145
57685146
57685147
57685148
57685149
57685150
57685151
57685152
57685153
57685154
57685155
57685156
57685157
57685158
57685159
57685160
57685161
57685162
57685163
57685164
57685165
57685166
57685167
57685168
57685169
57685170
57685171
57685172
57685173
57685174
57685175
57685176
57685177
57685178
57685179
57685180
57685181
57685182
57685183
57685184
57685185
57685186
57685187
57685188
57685189
57685190
57685191
57685192
57685193
57685194
57685195
57685196
57685197
57685198
57685199
57685200
57685201
57685202
57685203
57685204
57685205
57685206
57685207
57685208
57685209
57685210
57685211
57685212
57685213
57685214
57685215
57685216
57685217
57685218
57685219
57685220
57685221
57685222
57685223
57685224
57685225
57685226
57685227
57685228
57685229
57685230
57685231
57685232
57685233
57685234
57685235
57685236
57685237
57685238
57685239
57685240
57685241
57685242
57685243
57685244
57685245
57685246
57685247
57685248
57685249
57685250
57685251
57685252
57685253
57685254
57685255
57685256
57685257
57685258
57685259
57685260
57685261
57685262
57685263
57685264
57685265
57685266
57685267
57685268
57685269
57685270
57685271
57685272
57685273
57685274
57685275
57685276
57685277
57685278
57685279
57685280
57685281
57685282
57685283
57685284
57685285
57685286
57685287
57685288
57685289
57685290
57685291
57685292
57685293
57685294
57685295
57685296
57685297
57685298
57685299
57685300
57685301
57685302
57685303
57685304
57685305
57685306
57685307
57685308
57685309
57685310
57685311
57685312
57685313
57685314
57685315
57685316
57685317
57685318
57685319
57685320
57685321
57685322
57685323
57685324
57685325
57685326
57685327
57685328
57685329
57685330
57685331
57685332
57685333
57685334
57685335
57685336
57685337
57685338
57685339
57685340
57685341
57685342
57685343
57685344
57685345
57685346
57685347
57685348
57685349
57685350
57685351
57685352
57685353
57685354
57685355
57685356
57685357
57685358
57685359
57685360
57685361
57685362
57685363
57685364
57685365
57685366
57685367
57685368
57685369
57685370
57685371
57685372
57685373
57685374
57685375
57685376
57685377
57685378
57685379
57685380
57685381
57685382
57685383
57685384
57685385
57685386
57685387
57685388
57685389
57685390
57685391
57685392
57685393
57685394
57685395
57685396
57685397
57685398
57685399
57685400
57685401
57685402
57685403
57685404
57685405
57685406
57685407
57685408
57685409
57685410
57685411
57685412
57685413
57685414
57685415
57685416
57685417
57685418
57685419
57685420
57685421
57685422
57685423
57685424
57685425
57685426
57685427
57685428
57685429
57685430
57685431
57685432
57685433
57685434
57685435
57685436
57685437
57685438
57685439
57685440
57685441
57685442
57685443
57685444
57685445
57685446
57685447
57685448
57685449
57685450
57685451
57685452
57685453
57685454
57685455
57685456
57685457
57685458
57685459
57685460
57685461
57685462
57685463
57685464
57685465
57685466
57685467
57685468
57685469
57685470
57685471
57685472
57685473
57685474
57685475
57685476
57685477
57685478
57685479
57685480
57685481
57685482
57685483
57685484
57685485
57685486
57685487
57685488
57685489
57685490
57685491
57685492
57685493
57685494
57685495
57685496
57685497
57685498
57685499
57685500
57685501
57685502
57685503
57685504
57685505
57685506
57685507
57685508
57685509
57685510
57685511
57685512
57685513
57685514
57685515
57685516
57685517
57685518
57685519
57685520
57685521
57685522
57685523
57685524
57685525
57685526
57685527
57685528
57685529
57685530
57685531
57685532
57685533
57685534
57685535
57685536
57685537
57685538
57685539
57685540
57685541
57685542
57685543
57685544
57685545
57685546
57685547
57685548
57685549
57685550
57685551
57685552
57685553
57685554
57685555
57685556
57685557
57685558
57685559
57685560
57685561
57685562
57685563
57685564
57685565
57685566
57685567
57685568
57685569
57685570
57685571
57685572
57685573
57685574
57685575
57685576
57685577
57685578
57685579
57685580
57685581
57685582
57685583
57685584
57685585
57685586
57685587
57685588
57685589
57685590
57685591
57685592
57685593
57685594
57685595
57685596
57685597
57685598
57685599
57685600
57685601
57685602
57685603
57685604
57685605
57685606
57685607
57685608
57685609
57685610
57685611
57685612
57685613
57685614
57685615
57685616
57685617
57685618
57685619
57685620
57685621
57685622
57685623
57685624
57685625
57685626
57685627
57685628
57685629
57685630
57685631
57685632
57685633
57685634
57685635
57685636
57685637
57685638
57685639
57685640
57685641
57685642
57685643
57685644
57685645
57685646
57685647
57685648
57685649
57685650
57685651
57685652
57685653
57685654
57685655
57685656
57685657
57685658
57685659
57685660
57685661
57685662
57685663
57685664
57685665
57685666
57685667
57685668
57685669
57685670
57685671
57685672
57685673
57685674
57685675
57685676
57685677
57685678
57685679
57685680
57685681
57685682
57685683
57685684
57685685
57685686
57685687
57685688
57685689
57685690
57685691
57685692
57685693
57685694
57685695
57685696
57685697
57685698
57685699
57685700
57685701
57685702
57685703
57685704
57685705
57685706
57685707
57685708
57685709
57685710
57685711
57685712
57685713
57685714
57685715
57685716
57685717
57685718
57685719
57685720
57685721
57685722
57685723
57685724
57685725
57685726
57685727
57685728
57685729
57685730
57685731
57685732
57685733
57685734
57685735
57685736
57685737
57685738
57685739
57685740
57685741
57685742
57685743
57685744
57685745
57685746
57685747
57685748
57685749
57685750
57685751
57685752
57685753
57685754
57685755
57685756
57685757
57685758
57685759
57685760
57685761
57685762
57685763
57685764
57685765
57685766
57685767
57685768
57685769
57685770
57685771
57685772
57685773
57685774
57685775
57685776
57685777
57685778
57685779
57685780
57685781
57685782
57685783
57685784
57685785
57685786
57685787
57685788
57685789
57685790
57685791
57685792
57685793
57685794
57685795
57685796
57685797
57685798
57685799
57685800
57685801
57685802
57685803
57685804
57685805
57685806
57685807
57685808
57685809
57685810
57685811
57685812
57685813
57685814
57685815
57685816
57685817
57685818
57685819
57685820
57685821
57685822
57685823
57685824
57685825
57685826
57685827
57685828
57685829
57685830
57685831
57685832
57685833
57685834
57685835
57685836
57685837
57685838
57685839
57685840
57685841
57685842
57685843
57685844
57685845
57685846
57685847
57685848
57685849
57685850
57685851
57685852
57685853
57685854
57685855
57685856
57685857
57685858
57685859
57685860
57685861
57685862
57685863
57685864
57685865
57685866
57685867
57685868
57685869
57685870
57685871
57685872
57685873
57685874
57685875
57685876
57685877
57685878
57685879
57685880
57685881
57685882
57685883
57685884
57685885
57685886
57685887
57685888
57685889
57685890
57685891
57685892
57685893
57685894
57685895
57685896
57685897
57685898
57685899
57685900
57685901
57685902
57685903
57685904
57685905
57685906
57685907
57685908
57685909
57685910
57685911
57685912
57685913
57685914
57685915
57685916
57685917
57685918
57685919
57685920
57685921
57685922
57685923
57685924
57685925
57685926
57685927
57685928
57685929
57685930
57685931
57685932
57685933
57685934
57685935
57685936
57685937
57685938
57685939
57685940
57685941
57685942
57685943
57685944
57685945
57685946
57685947
57685948
57685949
57685950
57685951
57685952
57685953
57685954
57685955
57685956
57685957
57685958
57685959
57685960
57685961
57685962
57685963
57685964
57685965
57685966
57685967
57685968
57685969
57685970
57685971
57685972
57685973
57685974
57685975
57685976
57685977
57685978
57685979
57685980
57685981
57685982
57685983
57685984
57685985
57685986
57685987
57685988
57685989
57685990
57685991
57685992
57685993
57685994
57685995
57685996
57685997
57685998
57685999
57686000
57686001
57686002
57686003
57686004
57686005
57686006
57686007
57686008
57686009
57686010
57686011
57686012
57686013
57686014
57686015
57686016
57686017
57686018
57686019
57686020
57686021
57686022
57686023
57686024
57686025
57686026
57686027
57686028
57686029
57686030
57686031
57686032
57686033
57686034
57686035
57686036
57686037
57686038
57686039
57686040
57686041
57686042
57686043
57686044
57686045
57686046
57686047
57686048
57686049
57686050
57686051
57686052
57686053
57686054
57686055
57686056
57686057
57686058
57686059
57686060
57686061
57686062
57686063
57686064
57686065
57686066
57686067
57686068
57686069
57686070
57686071
57686072
57686073
57686074
57686075
57686076
57686077
57686078
57686079
57686080
57686081
57686082
57686083
57686084
57686085
57686086
57686087
57686088
57686089
57686090
57686091
57686092
57686093
57686094
57686095
57686096
57686097
57686098
57686099
57686100
57686101
57686102
57686103
57686104
57686105
57686106
57686107
57686108
57686109
57686110
57686111
57686112
57686113
57686114
57686115
57686116
57686117
57686118
57686119
57686120
57686121
57686122
57686123
57686124
57686125
57686126
57686127
57686128
57686129
57686130
57686131
57686132
57686133
57686134
57686135
57686136
57686137
57686138
57686139
57686140
57686141
57686142
57686143
57686144
57686145
57686146
57686147
57686148
57686149
57686150
57686151
57686152
57686153
57686154
57686155
57686156
57686157
57686158
57686159
57686160
57686161
57686162
57686163
57686164
57686165
57686166
57686167
57686168
57686169
57686170
57686171
57686172
57686173
57686174
57686175
57686176
57686177
57686178
57686179
57686180
57686181
57686182
57686183
57686184
57686185
57686186
57686187
57686188
57686189
57686190
57686191
57686192
57686193
57686194
57686195
57686196
57686197
57686198
57686199
57686200
57686201
57686202
57686203
57686204
57686205
57686206
57686207
57686208
57686209
57686210
57686211
57686212
57686213
57686214
57686215
57686216
57686217
57686218
57686219
57686220
57686221
57686222
57686223
57686224
57686225
57686226
57686227
57686228
57686229
57686230
57686231
57686232
57686233
57686234
57686235
57686236
57686237
57686238
57686239
57686240
57686241
57686242
57686243
57686244
57686245
57686246
57686247
57686248
57686249
57686250
57686251
57686252
57686253
57686254
57686255
57686256
57686257
57686258
57686259
57686260
57686261
57686262
57686263
57686264
57686265
57686266
57686267
57686268
57686269
57686270
57686271
57686272
57686273
57686274
57686275
57686276
57686277
57686278
57686279
57686280
57686281
57686282
57686283
57686284
57686285
57686286
57686287
57686288
57686289
57686290
57686291
57686292
57686293
57686294
57686295
57686296
57686297
57686298
57686299
57686300
57686301
57686302
57686303
57686304
57686305
57686306
57686307
57686308
57686309
57686310
57686311
57686312
57686313
57686314
57686315
57686316
57686317
57686318
57686319
57686320
57686321
57686322
57686323
57686324
57686325
57686326
57686327
57686328
57686329
57686330
57686331
57686332
57686333
57686334
57686335
57686336
57686337
57686338
57686339
57686340
57686341
57686342
57686343
57686344
57686345
57686346
57686347
57686348
57686349
57686350
57686351
57686352
57686353
57686354
57686355
57686356
57686357
57686358
57686359
57686360
57686361
57686362
57686363
57686364
57686365
57686366
57686367
57686368
57686369
57686370
57686371
57686372
57686373
57686374
57686375
57686376
57686377
57686378
57686379
57686380
57686381
57686382
57686383
57686384
57686385
57686386
57686387
57686388
57686389
57686390
57686391
57686392
57686393
57686394
57686395
57686396
57686397
57686398
57686399
57686400
57686401
57686402
57686403
57686404
57686405
57686406
57686407
57686408
57686409
57686410
57686411
57686412
57686413
57686414
57686415
57686416
57686417
57686418
57686419
57686420
57686421
57686422
57686423
57686424
57686425
57686426
57686427
57686428
57686429
57686430
57686431
57686432
57686433
57686434
57686435
57686436
57686437
57686438
57686439
57686440
57686441
57686442
57686443
57686444
57686445
57686446
57686447
57686448
57686449
57686450
57686451
57686452
57686453
57686454
57686455
57686456
57686457
57686458
57686459
57686460
57686461
57686462
57686463
57686464
57686465
57686466
57686467
57686468
57686469
57686470
57686471
57686472
57686473
57686474
57686475
57686476
57686477
57686478
57686479
57686480
57686481
57686482
57686483
57686484
57686485
57686486
57686487
57686488
57686489
57686490
57686491
57686492
57686493
57686494
57686495
57686496
57686497
57686498
57686499
57686500
57686501
57686502
57686503
57686504
57686505
57686506
57686507
57686508
57686509
57686510
57686511
57686512
57686513
57686514
57686515
57686516
57686517
57686518
57686519
57686520
57686521
57686522
57686523
57686524
57686525
57686526
57686527
57686528
57686529
57686530
57686531
57686532
57686533
57686534
57686535
57686536
57686537
57686538
57686539
57686540
57686541
57686542
57686543
57686544
57686545
57686546
57686547
57686548
57686549
57686550
57686551
57686552
57686553
57686554
57686555
57686556
57686557
57686558
57686559
57686560
57686561
57686562
57686563
57686564
57686565
57686566
57686567
57686568
57686569
57686570
57686571
57686572
57686573
57686574
57686575
57686576
57686577
57686578
57686579
57686580
57686581
57686582
57686583
57686584
57686585
57686586
57686587
57686588
57686589
57686590
57686591
57686592
57686593
57686594
57686595
57686596
57686597
57686598
57686599
57686600
57686601
57686602
57686603
57686604
57686605
57686606
57686607
57686608
57686609
57686610
57686611
57686612
57686613
57686614
57686615
57686616
57686617
57686618
57686619
57686620
57686621
57686622
57686623
57686624
57686625
57686626
57686627
57686628
57686629
57686630
57686631
57686632
57686633
57686634
57686635
57686636
57686637
57686638
57686639
57686640
57686641
57686642
57686643
57686644
57686645
57686646
57686647
57686648
57686649
57686650
57686651
57686652
57686653
57686654
57686655
57686656
57686657
57686658
57686659
57686660
57686661
57686662
57686663
57686664
57686665
57686666
57686667
57686668
57686669
57686670
57686671
57686672
57686673
57686674
57686675
57686676
57686677
57686678
57686679
57686680
57686681
57686682
57686683
57686684
57686685
57686686
57686687
57686688
57686689
57686690
57686691
57686692
57686693
57686694
57686695
57686696
57686697
57686698
57686699
57686700
57686701
57686702
57686703
57686704
57686705
57686706
57686707
57686708
57686709
57686710
57686711
57686712
57686713
57686714
57686715
57686716
57686717
57686718
57686719
57686720
57686721
57686722
57686723
57686724
57686725
57686726
57686727
57686728
57686729
57686730
57686731
57686732
57686733
57686734
57686735
57686736
57686737
57686738
57686739
57686740
57686741
57686742
57686743
57686744
57686745
57686746
57686747
57686748
57686749
57686750
57686751
57686752
57686753
57686754
57686755
57686756
57686757
57686758
57686759
57686760
57686761
57686762
57686763
57686764
57686765
57686766
57686767
57686768
57686769
57686770
57686771
57686772
57686773
57686774
57686775
57686776
57686777
57686778
57686779
57686780
57686781
57686782
57686783
57686784
57686785
57686786
57686787
57686788
57686789
57686790
57686791
57686792
57686793
57686794
57686795
57686796
57686797
57686798
57686799
57686800
57686801
57686802
57686803
57686804
57686805
57686806
57686807
57686808
57686809
57686810
57686811
57686812
57686813
57686814
57686815
57686816
57686817
57686818
57686819
57686820
57686821
57686822
57686823
57686824
57686825
57686826
57686827
57686828
57686829
57686830
57686831
57686832
57686833
57686834
57686835
57686836
57686837
57686838
57686839
57686840
57686841
57686842
57686843
57686844
57686845
57686846
57686847
57686848
57686849
57686850
57686851
57686852
57686853
57686854
57686855
57686856
57686857
57686858
57686859
57686860
57686861
57686862
57686863
57686864
57686865
57686866
57686867
57686868
57686869
57686870
57686871
57686872
57686873
57686874
57686875
57686876
57686877
57686878
57686879
57686880
57686881
57686882
57686883
57686884
57686885
57686886
57686887
57686888
57686889
57686890
57686891
57686892
57686893
57686894
57686895
57686896
57686897
57686898
57686899
57686900
57686901
57686902
57686903
57686904
57686905
57686906
57686907
57686908
57686909
57686910
57686911
57686912
57686913
57686914
57686915
57686916
57686917
57686918
57686919
57686920
57686921
57686922
57686923
57686924
57686925
57686926
57686927
57686928
57686929
57686930
57686931
57686932
57686933
57686934
57686935
57686936
57686937
57686938
57686939
57686940
57686941
57686942
57686943
57686944
57686945
57686946
57686947
57686948
57686949
57686950
57686951
57686952
57686953
57686954
57686955
57686956
57686957
57686958
57686959
57686960
57686961
57686962
57686963
57686964
57686965
57686966
57686967
57686968
57686969
57686970
57686971
57686972
57686973
57686974
57686975
57686976
57686977
57686978
57686979
57686980
57686981
57686982
57686983
57686984
57686985
57686986
57686987
57686988
57686989
57686990
57686991
57686992
57686993
57686994
57686995
57686996
57686997
57686998
57686999
57687000
57687001
57687002
57687003
57687004
57687005
57687006
57687007
57687008
57687009
57687010
57687011
57687012
57687013
57687014
57687015
57687016
57687017
57687018
57687019
57687020
57687021
57687022
57687023
57687024
57687025
57687026
57687027
57687028
57687029
57687030
57687031
57687032
57687033
57687034
57687035
57687036
57687037
57687038
57687039
57687040
57687041
57687042
57687043
57687044
57687045
57687046
57687047
57687048
57687049
57687050
57687051
57687052
57687053
57687054
57687055
57687056
57687057
57687058
57687059
57687060
57687061
57687062
57687063
57687064
57687065
57687066
57687067
57687068
57687069
57687070
57687071
57687072
57687073
57687074
57687075
57687076
57687077
57687078
57687079
57687080
57687081
57687082
57687083
57687084
57687085
57687086
57687087
57687088
57687089
57687090
57687091
57687092
57687093
57687094
57687095
57687096
57687097
57687098
57687099
57687100
57687101
57687102
57687103
57687104
57687105
57687106
57687107
57687108
57687109
57687110
57687111
57687112
57687113
57687114
57687115
57687116
57687117
57687118
57687119
57687120
57687121
57687122
57687123
57687124
57687125
57687126
57687127
57687128
57687129
57687130
57687131
57687132
57687133
57687134
57687135
57687136
57687137
57687138
57687139
57687140
57687141
57687142
57687143
57687144
57687145
57687146
57687147
57687148
57687149
57687150
57687151
57687152
57687153
57687154
57687155
57687156
57687157
57687158
57687159
57687160
57687161
57687162
57687163
57687164
57687165
57687166
57687167
57687168
57687169
57687170
57687171
57687172
57687173
57687174
57687175
57687176
57687177
57687178
57687179
57687180
57687181
57687182
57687183
57687184
57687185
57687186
57687187
57687188
57687189
57687190
57687191
57687192
57687193
57687194
57687195
57687196
57687197
57687198
57687199
57687200
57687201
57687202
57687203
57687204
57687205
57687206
57687207
57687208
57687209
57687210
57687211
57687212
57687213
57687214
57687215
57687216
57687217
57687218
57687219
57687220
57687221
57687222
57687223
57687224
57687225
57687226
57687227
57687228
57687229
57687230
57687231
57687232
57687233
57687234
57687235
57687236
57687237
57687238
57687239
57687240
57687241
57687242
57687243
57687244
57687245
57687246
57687247
57687248
57687249
57687250
57687251
57687252
57687253
57687254
57687255
57687256
57687257
57687258
57687259
57687260
57687261
57687262
57687263
57687264
57687265
57687266
57687267
57687268
57687269
57687270
57687271
57687272
57687273
57687274
57687275
57687276
57687277
57687278
57687279
57687280
57687281
57687282
57687283
57687284
57687285
57687286
57687287
57687288
57687289
57687290
57687291
57687292
57687293
57687294
57687295
57687296
57687297
57687298
57687299
57687300
57687301
57687302
57687303
57687304
57687305
57687306
57687307
57687308
57687309
57687310
57687311
57687312
57687313
57687314
57687315
57687316
57687317
57687318
57687319
57687320
57687321
57687322
57687323
57687324
57687325
57687326
57687327
57687328
57687329
57687330
57687331
57687332
57687333
57687334
57687335
57687336
57687337
57687338
57687339
57687340
57687341
57687342
57687343
57687344
57687345
57687346
57687347
57687348
57687349
57687350
57687351
57687352
57687353
57687354
57687355
57687356
57687357
57687358
57687359
57687360
57687361
57687362
57687363
57687364
57687365
57687366
57687367
57687368
57687369
57687370
57687371
57687372
57687373
57687374
57687375
57687376
57687377
57687378
57687379
57687380
57687381
57687382
57687383
57687384
57687385
57687386
57687387
57687388
57687389
57687390
57687391
57687392
57687393
57687394
57687395
57687396
57687397
57687398
57687399
57687400
57687401
57687402
57687403
57687404
57687405
57687406
57687407
57687408
57687409
57687410
57687411
57687412
57687413
57687414
57687415
57687416
57687417
57687418
57687419
57687420
57687421
57687422
57687423
57687424
57687425
57687426
57687427
57687428
57687429
57687430
57687431
57687432
57687433
57687434
57687435
57687436
57687437
57687438
57687439
57687440
57687441
57687442
57687443
57687444
57687445
57687446
57687447
57687448
57687449
57687450
57687451
57687452
57687453
57687454
57687455
57687456
57687457
57687458
57687459
57687460
57687461
57687462
57687463
57687464
57687465
57687466
57687467
57687468
57687469
57687470
57687471
57687472
57687473
57687474
57687475
57687476
57687477
57687478
57687479
57687480
57687481
57687482
57687483
57687484
57687485
57687486
57687487
57687488
57687489
57687490
57687491
57687492
57687493
57687494
57687495
57687496
57687497
57687498
57687499
57687500
57687501
57687502
57687503
57687504
57687505
57687506
57687507
57687508
57687509
57687510
57687511
57687512
57687513
57687514
57687515
57687516
57687517
57687518
57687519
57687520
57687521
57687522
57687523
57687524
57687525
57687526
57687527
57687528
57687529
57687530
57687531
57687532
57687533
57687534
57687535
57687536
57687537
57687538
57687539
57687540
57687541
57687542
57687543
57687544
57687545
57687546
57687547
57687548
57687549
57687550
57687551
57687552
57687553
57687554
57687555
57687556
57687557
57687558
57687559
57687560
57687561
57687562
57687563
57687564
57687565
57687566
57687567
57687568
57687569
57687570
57687571
57687572
57687573
57687574
57687575
57687576
57687577
57687578
57687579
57687580
57687581
57687582
57687583
57687584
57687585
57687586
57687587
57687588
57687589
57687590
57687591
57687592
57687593
57687594
57687595
57687596
57687597
57687598
57687599
57687600
57687601
57687602
57687603
57687604
57687605
57687606
57687607
57687608
57687609
57687610
57687611
57687612
57687613
57687614
57687615
57687616
57687617
57687618
57687619
57687620
57687621
57687622
57687623
57687624
57687625
57687626
57687627
57687628
57687629
57687630
57687631
57687632
57687633
57687634
57687635
57687636
57687637
57687638
57687639
57687640
57687641
57687642
57687643
57687644
57687645
57687646
57687647
57687648
57687649
57687650
57687651
57687652
57687653
57687654
57687655
57687656
57687657
57687658
57687659
57687660
57687661
57687662
57687663
57687664
57687665
57687666
57687667
57687668
57687669
57687670
57687671
57687672
57687673
57687674
57687675
57687676
57687677
57687678
57687679
57687680
57687681
57687682
57687683
57687684
57687685
57687686
57687687
57687688
57687689
57687690
57687691
57687692
57687693
57687694
57687695
57687696
57687697
57687698
57687699
57687700
57687701
57687702
57687703
57687704
57687705
57687706
57687707
57687708
57687709
57687710
57687711
57687712
57687713
57687714
57687715
57687716
57687717
57687718
57687719
57687720
57687721
57687722
57687723
57687724
57687725
57687726
57687727
57687728
57687729
57687730
57687731
57687732
57687733
57687734
57687735
57687736
57687737
57687738
57687739
57687740
57687741
57687742
57687743
57687744
57687745
57687746
57687747
57687748
57687749
57687750
57687751
57687752
57687753
57687754
57687755
57687756
57687757
57687758
57687759
57687760
57687761
57687762
57687763
57687764
57687765
57687766
57687767
57687768
57687769
57687770
57687771
57687772
57687773
57687774
57687775
57687776
57687777
57687778
57687779
57687780
57687781
57687782
57687783
57687784
57687785
57687786
57687787
57687788
57687789
57687790
57687791
57687792
57687793
57687794
57687795
57687796
57687797
57687798
57687799
57687800
57687801
57687802
57687803
57687804
57687805
57687806
57687807
57687808
57687809
57687810
57687811
57687812
57687813
57687814
57687815
57687816
57687817
57687818
57687819
57687820
57687821
57687822
57687823
57687824
57687825
57687826
57687827
57687828
57687829
57687830
57687831
57687832
57687833
57687834
57687835
57687836
57687837
57687838
57687839
57687840
57687841
57687842
57687843
57687844
57687845
57687846
57687847
57687848
57687849
57687850
57687851
57687852
57687853
57687854
57687855
57687856
57687857
57687858
57687859
57687860
57687861
57687862
57687863
57687864
57687865
57687866
57687867
57687868
57687869
57687870
57687871
57687872
57687873
57687874
57687875
57687876
57687877
57687878
57687879
57687880
57687881
57687882
57687883
57687884
57687885
57687886
57687887
57687888
57687889
57687890
57687891
57687892
57687893
57687894
57687895
57687896
57687897
57687898
57687899
57687900
57687901
57687902
57687903
57687904
57687905
57687906
57687907
57687908
57687909
57687910
57687911
57687912
57687913
57687914
57687915
57687916
57687917
57687918
57687919
57687920
57687921
57687922
57687923
57687924
57687925
57687926
57687927
57687928
57687929
57687930
57687931
57687932
57687933
57687934
57687935
57687936
57687937
57687938
57687939
57687940
57687941
57687942
57687943
57687944
57687945
57687946
57687947
57687948
57687949
57687950
57687951
57687952
57687953
57687954
57687955
57687956
57687957
57687958
57687959
57687960
57687961
57687962
57687963
57687964
57687965
57687966
57687967
57687968
57687969
57687970
57687971
57687972
57687973
57687974
57687975
57687976
57687977
57687978
57687979
57687980
57687981
57687982
57687983
57687984
57687985
57687986
57687987
57687988
57687989
57687990
57687991
57687992
57687993
57687994
57687995
57687996
57687997
57687998
57687999
57688000
57688001
57688002
57688003
57688004
57688005
57688006
57688007
57688008
57688009
57688010
57688011
57688012
57688013
57688014
57688015
57688016
57688017
57688018
57688019
57688020
57688021
57688022
57688023
57688024
57688025
57688026
57688027
57688028
57688029
57688030
57688031
57688032
57688033
57688034
57688035
57688036
57688037
57688038
57688039
57688040
57688041
57688042
57688043
57688044
57688045
57688046
57688047
57688048
57688049
57688050
57688051
57688052
57688053
57688054
57688055
57688056
57688057
57688058
57688059
57688060
57688061
57688062
57688063
57688064
57688065
57688066
57688067
57688068
57688069
57688070
57688071
57688072
57688073
57688074
57688075
57688076
57688077
57688078
57688079
57688080
57688081
57688082
57688083
57688084
57688085
57688086
57688087
57688088
57688089
57688090
57688091
57688092
57688093
57688094
57688095
57688096
57688097
57688098
57688099
57688100
57688101
57688102
57688103
57688104
57688105
57688106
57688107
57688108
57688109
57688110
57688111
57688112
57688113
57688114
57688115
57688116
57688117
57688118
57688119
57688120
57688121
57688122
57688123
57688124
57688125
57688126
57688127
57688128
57688129
57688130
57688131
57688132
57688133
57688134
57688135
57688136
57688137
57688138
57688139
57688140
57688141
57688142
57688143
57688144
57688145
57688146
57688147
57688148
57688149
57688150
57688151
57688152
57688153
57688154
57688155
57688156
57688157
57688158
57688159
57688160
57688161
57688162
57688163
57688164
57688165
57688166
57688167
57688168
57688169
57688170
57688171
57688172
57688173
57688174
57688175
57688176
57688177
57688178
57688179
57688180
57688181
57688182
57688183
57688184
57688185
57688186
57688187
57688188
57688189
57688190
57688191
57688192
57688193
57688194
57688195
57688196
57688197
57688198
57688199
57688200
57688201
57688202
57688203
57688204
57688205
57688206
57688207
57688208
57688209
57688210
57688211
57688212
57688213
57688214
57688215
57688216
57688217
57688218
57688219
57688220
57688221
57688222
57688223
57688224
57688225
57688226
57688227
57688228
57688229
57688230
57688231
57688232
57688233
57688234
57688235
57688236
57688237
57688238
57688239
57688240
57688241
57688242
57688243
57688244
57688245
57688246
57688247
57688248
57688249
57688250
57688251
57688252
57688253
57688254
57688255
57688256
57688257
57688258
57688259
57688260
57688261
57688262
57688263
57688264
57688265
57688266
57688267
57688268
57688269
57688270
57688271
57688272
57688273
57688274
57688275
57688276
57688277
57688278
57688279
57688280
57688281
57688282
57688283
57688284
57688285
57688286
57688287
57688288
57688289
57688290
57688291
57688292
57688293
57688294
57688295
57688296
57688297
57688298
57688299
57688300
57688301
57688302
57688303
57688304
57688305
57688306
57688307
57688308
57688309
57688310
57688311
57688312
57688313
57688314
57688315
57688316
57688317
57688318
57688319
57688320
57688321
57688322
57688323
57688324
57688325
57688326
57688327
57688328
57688329
57688330
57688331
57688332
57688333
57688334
57688335
57688336
57688337
57688338
57688339
57688340
57688341
57688342
57688343
57688344
57688345
57688346
57688347
57688348
57688349
57688350
57688351
57688352
57688353
57688354
57688355
57688356
57688357
57688358
57688359
57688360
57688361
57688362
57688363
57688364
57688365
57688366
57688367
57688368
57688369
57688370
57688371
57688372
57688373
57688374
57688375
57688376
57688377
57688378
57688379
57688380
57688381
57688382
57688383
57688384
57688385
57688386
57688387
57688388
57688389
57688390
57688391
57688392
57688393
57688394
57688395
57688396
57688397
57688398
57688399
57688400
57688401
57688402
57688403
57688404
57688405
57688406
57688407
57688408
57688409
57688410
57688411
57688412
57688413
57688414
57688415
57688416
57688417
57688418
57688419
57688420
57688421
57688422
57688423
57688424
57688425
57688426
57688427
57688428
57688429
57688430
57688431
57688432
57688433
57688434
57688435
57688436
57688437
57688438
57688439
57688440
57688441
57688442
57688443
57688444
57688445
57688446
57688447
57688448
57688449
57688450
57688451
57688452
57688453
57688454
57688455
57688456
57688457
57688458
57688459
57688460
57688461
57688462
57688463
57688464
57688465
57688466
57688467
57688468
57688469
57688470
57688471
57688472
57688473
57688474
57688475
57688476
57688477
57688478
57688479
57688480
57688481
57688482
57688483
57688484
57688485
57688486
57688487
57688488
57688489
57688490
57688491
57688492
57688493
57688494
57688495
57688496
57688497
57688498
57688499
57688500
57688501
57688502
57688503
57688504
57688505
57688506
57688507
57688508
57688509
57688510
57688511
57688512
57688513
57688514
57688515
57688516
57688517
57688518
57688519
57688520
57688521
57688522
57688523
57688524
57688525
57688526
57688527
57688528
57688529
57688530
57688531
57688532
57688533
57688534
57688535
57688536
57688537
57688538
57688539
57688540
57688541
57688542
57688543
57688544
57688545
57688546
57688547
57688548
57688549
57688550
57688551
57688552
57688553
57688554
57688555
57688556
57688557
57688558
57688559
57688560
57688561
57688562
57688563
57688564
57688565
57688566
57688567
57688568
57688569
57688570
57688571
57688572
57688573
57688574
57688575
57688576
57688577
57688578
57688579
57688580
57688581
57688582
57688583
57688584
57688585
57688586
57688587
57688588
57688589
57688590
57688591
57688592
57688593
57688594
57688595
57688596
57688597
57688598
57688599
57688600
57688601
57688602
57688603
57688604
57688605
57688606
57688607
57688608
57688609
57688610
57688611
57688612
57688613
57688614
57688615
57688616
57688617
57688618
57688619
57688620
57688621
57688622
57688623
57688624
57688625
57688626
57688627
57688628
57688629
57688630
57688631
57688632
57688633
57688634
57688635
57688636
57688637
57688638
57688639
57688640
57688641
57688642
57688643
57688644
57688645
57688646
57688647
57688648
57688649
57688650
57688651
57688652
57688653
57688654
57688655
57688656
57688657
57688658
57688659
57688660
57688661
57688662
57688663
57688664
57688665
57688666
57688667
57688668
57688669
57688670
57688671
57688672
57688673
57688674
57688675
57688676
57688677
57688678
57688679
57688680
57688681
57688682
57688683
57688684
57688685
57688686
57688687
57688688
57688689
57688690
57688691
57688692
57688693
57688694
57688695
57688696
57688697
57688698
57688699
57688700
57688701
57688702
57688703
57688704
57688705
57688706
57688707
57688708
57688709
57688710
57688711
57688712
57688713
57688714
57688715
57688716
57688717
57688718
57688719
57688720
57688721
57688722
57688723
57688724
57688725
57688726
57688727
57688728
57688729
57688730
57688731
57688732
57688733
57688734
57688735
57688736
57688737
57688738
57688739
57688740
57688741
57688742
57688743
57688744
57688745
57688746
57688747
57688748
57688749
57688750
57688751
57688752
57688753
57688754
57688755
57688756
57688757
57688758
57688759
57688760
57688761
57688762
57688763
57688764
57688765
57688766
57688767
57688768
57688769
57688770
57688771
57688772
57688773
57688774
57688775
57688776
57688777
57688778
57688779
57688780
57688781
57688782
57688783
57688784
57688785
57688786
57688787
57688788
57688789
57688790
57688791
57688792
57688793
57688794
57688795
57688796
57688797
57688798
57688799
57688800
57688801
57688802
57688803
57688804
57688805
57688806
57688807
57688808
57688809
57688810
57688811
57688812
57688813
57688814
57688815
57688816
57688817
57688818
57688819
57688820
57688821
57688822
57688823
57688824
57688825
57688826
57688827
57688828
57688829
57688830
57688831
57688832
57688833
57688834
57688835
57688836
57688837
57688838
57688839
57688840
57688841
57688842
57688843
57688844
57688845
57688846
57688847
57688848
57688849
57688850
57688851
57688852
57688853
57688854
57688855
57688856
57688857
57688858
57688859
57688860
57688861
57688862
57688863
57688864
57688865
57688866
57688867
57688868
57688869
57688870
57688871
57688872
57688873
57688874
57688875
57688876
57688877
57688878
57688879
57688880
57688881
57688882
57688883
57688884
57688885
57688886
57688887
57688888
57688889
