57688890
57688891
57688892
57688893
57688894
57688895
57688896
57688897
57688898
57688899
57688900
57688901
57688902
57688903
57688904
57688905
57688906
57688907
57688908
57688909
57688910
57688911
57688912
57688913
57688914
57688915
57688916
57688917
57688918
57688919
57688920
57688921
57688922
57688923
57688924
57688925
57688926
57688927
57688928
57688929
57688930
57688931
57688932
57688933
57688934
57688935
57688936
57688937
57688938
57688939
57688940
57688941
57688942
57688943
57688944
57688945
57688946
57688947
57688948
57688949
57688950
57688951
57688952
57688953
57688954
57688955
57688956
57688957
57688958
57688959
57688960
57688961
57688962
57688963
57688964
57688965
57688966
57688967
57688968
57688969
57688970
57688971
57688972
57688973
57688974
57688975
57688976
57688977
57688978
57688979
57688980
57688981
57688982
57688983
57688984
57688985
57688986
57688987
57688988
57688989
57688990
57688991
57688992
57688993
57688994
57688995
57688996
57688997
57688998
57688999
57689000
57689001
57689002
57689003
57689004
57689005
57689006
57689007
57689008
57689009
57689010
57689011
57689012
57689013
57689014
57689015
57689016
57689017
57689018
57689019
57689020
57689021
57689022
57689023
57689024
57689025
57689026
57689027
57689028
57689029
57689030
57689031
57689032
57689033
57689034
57689035
57689036
57689037
57689038
57689039
57689040
57689041
57689042
57689043
57689044
57689045
57689046
57689047
57689048
57689049
57689050
57689051
57689052
57689053
57689054
57689055
57689056
57689057
57689058
57689059
57689060
57689061
57689062
57689063
57689064
57689065
57689066
57689067
57689068
57689069
57689070
57689071
57689072
57689073
57689074
57689075
57689076
57689077
57689078
57689079
57689080
57689081
57689082
57689083
57689084
57689085
57689086
57689087
57689088
57689089
57689090
57689091
57689092
57689093
57689094
57689095
57689096
57689097
57689098
57689099
57689100
57689101
57689102
57689103
57689104
57689105
57689106
57689107
57689108
57689109
57689110
57689111
57689112
57689113
57689114
57689115
57689116
57689117
57689118
57689119
57689120
57689121
57689122
57689123
57689124
57689125
57689126
57689127
57689128
57689129
57689130
57689131
57689132
57689133
57689134
57689135
57689136
57689137
57689138
57689139
57689140
57689141
57689142
57689143
57689144
57689145
57689146
57689147
57689148
57689149
57689150
57689151
57689152
57689153
57689154
57689155
57689156
57689157
57689158
57689159
57689160
57689161
57689162
57689163
57689164
57689165
57689166
57689167
57689168
57689169
57689170
57689171
57689172
57689173
57689174
57689175
57689176
57689177
57689178
57689179
57689180
57689181
57689182
57689183
57689184
57689185
57689186
57689187
57689188
57689189
57689190
57689191
57689192
57689193
57689194
57689195
57689196
57689197
57689198
57689199
57689200
57689201
57689202
57689203
57689204
57689205
57689206
57689207
57689208
57689209
57689210
57689211
57689212
57689213
57689214
57689215
57689216
57689217
57689218
57689219
57689220
57689221
57689222
57689223
57689224
57689225
57689226
57689227
57689228
57689229
57689230
57689231
57689232
57689233
57689234
57689235
57689236
57689237
57689238
57689239
57689240
57689241
57689242
57689243
57689244
57689245
57689246
57689247
57689248
57689249
57689250
57689251
57689252
57689253
57689254
57689255
57689256
57689257
57689258
57689259
57689260
57689261
57689262
57689263
57689264
57689265
57689266
57689267
57689268
57689269
57689270
57689271
57689272
57689273
57689274
57689275
57689276
57689277
57689278
57689279
57689280
57689281
57689282
57689283
57689284
57689285
57689286
57689287
57689288
57689289
57689290
57689291
57689292
57689293
57689294
57689295
57689296
57689297
57689298
57689299
57689300
57689301
57689302
57689303
57689304
57689305
57689306
57689307
57689308
57689309
57689310
57689311
57689312
57689313
57689314
57689315
57689316
57689317
57689318
57689319
57689320
57689321
57689322
57689323
57689324
57689325
57689326
57689327
57689328
57689329
57689330
57689331
57689332
57689333
57689334
57689335
57689336
57689337
57689338
57689339
57689340
57689341
57689342
57689343
57689344
57689345
57689346
57689347
57689348
57689349
57689350
57689351
57689352
57689353
57689354
57689355
57689356
57689357
57689358
57689359
57689360
57689361
57689362
57689363
57689364
57689365
57689366
57689367
57689368
57689369
57689370
57689371
57689372
57689373
57689374
57689375
57689376
57689377
57689378
57689379
57689380
57689381
57689382
57689383
57689384
57689385
57689386
57689387
57689388
57689389
57689390
57689391
57689392
57689393
57689394
57689395
57689396
57689397
57689398
57689399
57689400
57689401
57689402
57689403
57689404
57689405
57689406
57689407
57689408
57689409
57689410
57689411
57689412
57689413
57689414
57689415
57689416
57689417
57689418
57689419
57689420
57689421
57689422
57689423
57689424
57689425
57689426
57689427
57689428
57689429
57689430
57689431
57689432
57689433
57689434
57689435
57689436
57689437
57689438
57689439
57689440
57689441
57689442
57689443
57689444
57689445
57689446
57689447
57689448
57689449
57689450
57689451
57689452
57689453
57689454
57689455
57689456
57689457
57689458
57689459
57689460
57689461
57689462
57689463
57689464
57689465
57689466
57689467
57689468
57689469
57689470
57689471
57689472
57689473
57689474
57689475
57689476
57689477
57689478
57689479
57689480
57689481
57689482
57689483
57689484
57689485
57689486
57689487
57689488
57689489
57689490
57689491
57689492
57689493
57689494
57689495
57689496
57689497
57689498
57689499
57689500
57689501
57689502
57689503
57689504
57689505
57689506
57689507
57689508
57689509
57689510
57689511
57689512
57689513
57689514
57689515
57689516
57689517
57689518
57689519
57689520
57689521
57689522
57689523
57689524
57689525
57689526
57689527
57689528
57689529
57689530
57689531
57689532
57689533
57689534
57689535
57689536
57689537
57689538
57689539
57689540
57689541
57689542
57689543
57689544
57689545
57689546
57689547
57689548
57689549
57689550
57689551
57689552
57689553
57689554
57689555
57689556
57689557
57689558
57689559
57689560
57689561
57689562
57689563
57689564
57689565
57689566
57689567
57689568
57689569
57689570
57689571
57689572
57689573
57689574
57689575
57689576
57689577
57689578
57689579
57689580
57689581
57689582
57689583
57689584
57689585
57689586
57689587
57689588
57689589
57689590
57689591
57689592
57689593
57689594
57689595
57689596
57689597
57689598
57689599
57689600
57689601
57689602
57689603
57689604
57689605
57689606
57689607
57689608
57689609
57689610
57689611
57689612
57689613
57689614
57689615
57689616
57689617
57689618
57689619
57689620
57689621
57689622
57689623
57689624
57689625
57689626
57689627
57689628
57689629
57689630
57689631
57689632
57689633
57689634
57689635
57689636
57689637
57689638
57689639
57689640
57689641
57689642
57689643
57689644
57689645
57689646
57689647
57689648
57689649
57689650
57689651
57689652
57689653
57689654
57689655
57689656
57689657
57689658
57689659
57689660
57689661
57689662
57689663
57689664
57689665
57689666
57689667
57689668
57689669
57689670
57689671
57689672
57689673
57689674
57689675
57689676
57689677
57689678
57689679
57689680
57689681
57689682
57689683
57689684
57689685
57689686
57689687
57689688
57689689
57689690
57689691
57689692
57689693
57689694
57689695
57689696
57689697
57689698
57689699
57689700
57689701
57689702
57689703
57689704
57689705
57689706
57689707
57689708
57689709
57689710
57689711
57689712
57689713
57689714
57689715
57689716
57689717
57689718
57689719
57689720
57689721
57689722
57689723
57689724
57689725
57689726
57689727
57689728
57689729
57689730
57689731
57689732
57689733
57689734
57689735
57689736
57689737
57689738
57689739
57689740
57689741
57689742
57689743
57689744
57689745
57689746
57689747
57689748
57689749
57689750
57689751
57689752
57689753
57689754
57689755
57689756
57689757
57689758
57689759
57689760
57689761
57689762
57689763
57689764
57689765
57689766
57689767
57689768
57689769
57689770
57689771
57689772
57689773
57689774
57689775
57689776
57689777
57689778
57689779
57689780
57689781
57689782
57689783
57689784
57689785
57689786
57689787
57689788
57689789
57689790
57689791
57689792
57689793
57689794
57689795
57689796
57689797
57689798
57689799
57689800
57689801
57689802
57689803
57689804
57689805
57689806
57689807
57689808
57689809
57689810
57689811
57689812
57689813
57689814
57689815
57689816
57689817
57689818
57689819
57689820
57689821
57689822
57689823
57689824
57689825
57689826
57689827
57689828
57689829
57689830
57689831
57689832
57689833
57689834
57689835
57689836
57689837
57689838
57689839
57689840
57689841
57689842
57689843
57689844
57689845
57689846
57689847
57689848
57689849
57689850
57689851
57689852
57689853
57689854
57689855
57689856
57689857
57689858
57689859
57689860
57689861
57689862
57689863
57689864
57689865
57689866
57689867
57689868
57689869
57689870
57689871
57689872
57689873
57689874
57689875
57689876
57689877
57689878
57689879
57689880
57689881
57689882
57689883
57689884
57689885
57689886
57689887
57689888
57689889
57689890
57689891
57689892
57689893
57689894
57689895
57689896
57689897
57689898
57689899
57689900
57689901
57689902
57689903
57689904
57689905
57689906
57689907
57689908
57689909
57689910
57689911
57689912
57689913
57689914
57689915
57689916
57689917
57689918
57689919
57689920
57689921
57689922
57689923
57689924
57689925
57689926
57689927
57689928
57689929
57689930
57689931
57689932
57689933
57689934
57689935
57689936
57689937
57689938
57689939
57689940
57689941
57689942
57689943
57689944
57689945
57689946
57689947
57689948
57689949
57689950
57689951
57689952
57689953
57689954
57689955
57689956
57689957
57689958
57689959
57689960
57689961
57689962
57689963
57689964
57689965
57689966
57689967
57689968
57689969
57689970
57689971
57689972
57689973
57689974
57689975
57689976
57689977
57689978
57689979
57689980
57689981
57689982
57689983
57689984
57689985
57689986
57689987
57689988
57689989
57689990
57689991
57689992
57689993
57689994
57689995
57689996
57689997
57689998
57689999
57690000
57690001
57690002
57690003
57690004
57690005
57690006
57690007
57690008
57690009
57690010
57690011
57690012
57690013
57690014
57690015
57690016
57690017
57690018
57690019
57690020
57690021
57690022
57690023
57690024
57690025
57690026
57690027
57690028
57690029
57690030
57690031
57690032
57690033
57690034
57690035
57690036
57690037
57690038
57690039
57690040
57690041
57690042
57690043
57690044
57690045
57690046
57690047
57690048
57690049
57690050
57690051
57690052
57690053
57690054
57690055
57690056
57690057
57690058
57690059
57690060
57690061
57690062
57690063
57690064
57690065
57690066
57690067
57690068
57690069
57690070
57690071
57690072
57690073
57690074
57690075
57690076
57690077
57690078
57690079
57690080
57690081
57690082
57690083
57690084
57690085
57690086
57690087
57690088
57690089
57690090
57690091
57690092
57690093
57690094
57690095
57690096
57690097
57690098
57690099
57690100
57690101
57690102
57690103
57690104
57690105
57690106
57690107
57690108
57690109
57690110
57690111
57690112
57690113
57690114
57690115
57690116
57690117
57690118
57690119
57690120
57690121
57690122
57690123
57690124
57690125
57690126
57690127
57690128
57690129
57690130
57690131
57690132
57690133
57690134
57690135
57690136
57690137
57690138
57690139
57690140
57690141
57690142
57690143
57690144
57690145
57690146
57690147
57690148
57690149
57690150
57690151
57690152
57690153
57690154
57690155
57690156
57690157
57690158
57690159
57690160
57690161
57690162
57690163
57690164
57690165
57690166
57690167
57690168
57690169
57690170
57690171
57690172
57690173
57690174
57690175
57690176
57690177
57690178
57690179
57690180
57690181
57690182
57690183
57690184
57690185
57690186
57690187
57690188
57690189
57690190
57690191
57690192
57690193
57690194
57690195
57690196
57690197
57690198
57690199
57690200
57690201
57690202
57690203
57690204
57690205
57690206
57690207
57690208
57690209
57690210
57690211
57690212
57690213
57690214
57690215
57690216
57690217
57690218
57690219
57690220
57690221
57690222
57690223
57690224
57690225
57690226
57690227
57690228
57690229
57690230
57690231
57690232
57690233
57690234
57690235
57690236
57690237
57690238
57690239
57690240
57690241
57690242
57690243
57690244
57690245
57690246
57690247
57690248
57690249
57690250
57690251
57690252
57690253
57690254
57690255
57690256
57690257
57690258
57690259
57690260
57690261
57690262
57690263
57690264
57690265
57690266
57690267
57690268
57690269
57690270
57690271
57690272
57690273
57690274
57690275
57690276
57690277
57690278
57690279
57690280
57690281
57690282
57690283
57690284
57690285
57690286
57690287
57690288
57690289
57690290
57690291
57690292
57690293
57690294
57690295
57690296
57690297
57690298
57690299
57690300
57690301
57690302
57690303
57690304
57690305
57690306
57690307
57690308
57690309
57690310
57690311
57690312
57690313
57690314
57690315
57690316
57690317
57690318
57690319
57690320
57690321
57690322
57690323
57690324
57690325
57690326
57690327
57690328
57690329
57690330
57690331
57690332
57690333
57690334
57690335
57690336
57690337
57690338
57690339
57690340
57690341
57690342
57690343
57690344
57690345
57690346
57690347
57690348
57690349
57690350
57690351
57690352
57690353
57690354
57690355
57690356
57690357
57690358
57690359
57690360
57690361
57690362
57690363
57690364
57690365
57690366
57690367
57690368
57690369
57690370
57690371
57690372
57690373
57690374
57690375
57690376
57690377
57690378
57690379
57690380
57690381
57690382
57690383
57690384
57690385
57690386
57690387
57690388
57690389
57690390
57690391
57690392
57690393
57690394
57690395
57690396
57690397
57690398
57690399
57690400
57690401
57690402
57690403
57690404
57690405
57690406
57690407
57690408
57690409
57690410
57690411
57690412
57690413
57690414
57690415
57690416
57690417
57690418
57690419
57690420
57690421
57690422
57690423
57690424
57690425
57690426
57690427
57690428
57690429
57690430
57690431
57690432
57690433
57690434
57690435
57690436
57690437
57690438
57690439
57690440
57690441
57690442
57690443
57690444
57690445
57690446
57690447
57690448
57690449
57690450
57690451
57690452
57690453
57690454
57690455
57690456
57690457
57690458
57690459
57690460
57690461
57690462
57690463
57690464
57690465
57690466
57690467
57690468
57690469
57690470
57690471
57690472
57690473
57690474
57690475
57690476
57690477
57690478
57690479
57690480
57690481
57690482
57690483
57690484
57690485
57690486
57690487
57690488
57690489
57690490
57690491
57690492
57690493
57690494
57690495
57690496
57690497
57690498
57690499
57690500
57690501
57690502
57690503
57690504
57690505
57690506
57690507
57690508
57690509
57690510
57690511
57690512
57690513
57690514
57690515
57690516
57690517
57690518
57690519
57690520
57690521
57690522
57690523
57690524
57690525
57690526
57690527
57690528
57690529
57690530
57690531
57690532
57690533
57690534
57690535
57690536
57690537
57690538
57690539
57690540
57690541
57690542
57690543
57690544
57690545
57690546
57690547
57690548
57690549
57690550
57690551
57690552
57690553
57690554
57690555
57690556
57690557
57690558
57690559
57690560
57690561
57690562
57690563
57690564
57690565
57690566
57690567
57690568
57690569
57690570
57690571
57690572
57690573
57690574
57690575
57690576
57690577
57690578
57690579
57690580
57690581
57690582
57690583
57690584
57690585
57690586
57690587
57690588
57690589
57690590
57690591
57690592
57690593
57690594
57690595
57690596
57690597
57690598
57690599
57690600
57690601
57690602
57690603
57690604
57690605
57690606
57690607
57690608
57690609
57690610
57690611
57690612
57690613
57690614
57690615
57690616
57690617
57690618
57690619
57690620
57690621
57690622
57690623
57690624
57690625
57690626
57690627
57690628
57690629
57690630
57690631
57690632
57690633
57690634
57690635
57690636
57690637
57690638
57690639
57690640
57690641
57690642
57690643
57690644
57690645
57690646
57690647
57690648
57690649
57690650
57690651
57690652
57690653
57690654
57690655
57690656
57690657
57690658
57690659
57690660
57690661
57690662
57690663
57690664
57690665
57690666
57690667
57690668
57690669
57690670
57690671
57690672
57690673
57690674
57690675
57690676
57690677
57690678
57690679
57690680
57690681
57690682
57690683
57690684
57690685
57690686
57690687
57690688
57690689
57690690
57690691
57690692
57690693
57690694
57690695
57690696
57690697
57690698
57690699
57690700
57690701
57690702
57690703
57690704
57690705
57690706
57690707
57690708
57690709
57690710
57690711
57690712
57690713
57690714
57690715
57690716
57690717
57690718
57690719
57690720
57690721
57690722
57690723
57690724
57690725
57690726
57690727
57690728
57690729
57690730
57690731
57690732
57690733
57690734
57690735
57690736
57690737
57690738
57690739
57690740
57690741
57690742
57690743
57690744
57690745
57690746
57690747
57690748
57690749
57690750
57690751
57690752
57690753
57690754
57690755
57690756
57690757
57690758
57690759
57690760
57690761
57690762
57690763
57690764
57690765
57690766
57690767
57690768
57690769
57690770
57690771
57690772
57690773
57690774
57690775
57690776
57690777
57690778
57690779
57690780
57690781
57690782
57690783
57690784
57690785
57690786
57690787
57690788
57690789
57690790
57690791
57690792
57690793
57690794
57690795
57690796
57690797
57690798
57690799
57690800
57690801
57690802
57690803
57690804
57690805
57690806
57690807
57690808
57690809
57690810
57690811
57690812
57690813
57690814
57690815
57690816
57690817
57690818
57690819
57690820
57690821
57690822
57690823
57690824
57690825
57690826
57690827
57690828
57690829
57690830
57690831
57690832
57690833
57690834
57690835
57690836
57690837
57690838
57690839
57690840
57690841
57690842
57690843
57690844
57690845
57690846
57690847
57690848
57690849
57690850
57690851
57690852
57690853
57690854
57690855
57690856
57690857
57690858
57690859
57690860
57690861
57690862
57690863
57690864
57690865
57690866
57690867
57690868
57690869
57690870
57690871
57690872
57690873
57690874
57690875
57690876
57690877
57690878
57690879
57690880
57690881
57690882
57690883
57690884
57690885
57690886
57690887
57690888
57690889
57690890
57690891
57690892
57690893
57690894
57690895
57690896
57690897
57690898
57690899
57690900
57690901
57690902
57690903
57690904
57690905
57690906
57690907
57690908
57690909
57690910
57690911
57690912
57690913
57690914
57690915
57690916
57690917
57690918
57690919
57690920
57690921
57690922
57690923
57690924
57690925
57690926
57690927
57690928
57690929
57690930
57690931
57690932
57690933
57690934
57690935
57690936
57690937
57690938
57690939
57690940
57690941
57690942
57690943
57690944
57690945
57690946
57690947
57690948
57690949
57690950
57690951
57690952
57690953
57690954
57690955
57690956
57690957
57690958
57690959
57690960
57690961
57690962
57690963
57690964
57690965
57690966
57690967
57690968
57690969
57690970
57690971
57690972
57690973
57690974
57690975
57690976
57690977
57690978
57690979
57690980
57690981
57690982
57690983
57690984
57690985
57690986
57690987
57690988
57690989
57690990
57690991
57690992
57690993
57690994
57690995
57690996
57690997
57690998
57690999
57691000
57691001
57691002
57691003
57691004
57691005
57691006
57691007
57691008
57691009
57691010
57691011
57691012
57691013
57691014
57691015
57691016
57691017
57691018
57691019
57691020
57691021
57691022
57691023
57691024
57691025
57691026
57691027
57691028
57691029
57691030
57691031
57691032
57691033
57691034
57691035
57691036
57691037
57691038
57691039
57691040
57691041
57691042
57691043
57691044
57691045
57691046
57691047
57691048
57691049
57691050
57691051
57691052
57691053
57691054
57691055
57691056
57691057
57691058
57691059
57691060
57691061
57691062
57691063
57691064
57691065
57691066
57691067
57691068
57691069
57691070
57691071
57691072
57691073
57691074
57691075
57691076
57691077
57691078
57691079
57691080
57691081
57691082
57691083
57691084
57691085
57691086
57691087
57691088
57691089
57691090
57691091
57691092
57691093
57691094
57691095
57691096
57691097
57691098
57691099
57691100
57691101
57691102
57691103
57691104
57691105
57691106
57691107
57691108
57691109
57691110
57691111
57691112
57691113
57691114
57691115
57691116
57691117
57691118
57691119
57691120
57691121
57691122
57691123
57691124
57691125
57691126
57691127
57691128
57691129
57691130
57691131
57691132
57691133
57691134
57691135
57691136
57691137
57691138
57691139
57691140
57691141
57691142
57691143
57691144
57691145
57691146
57691147
57691148
57691149
57691150
57691151
57691152
57691153
57691154
57691155
57691156
57691157
57691158
57691159
57691160
57691161
57691162
57691163
57691164
57691165
57691166
57691167
57691168
57691169
57691170
57691171
57691172
57691173
57691174
57691175
57691176
57691177
57691178
57691179
57691180
57691181
57691182
57691183
57691184
57691185
57691186
57691187
57691188
57691189
57691190
57691191
57691192
57691193
57691194
57691195
57691196
57691197
57691198
57691199
57691200
57691201
57691202
57691203
57691204
57691205
57691206
57691207
57691208
57691209
57691210
57691211
57691212
57691213
57691214
57691215
57691216
57691217
57691218
57691219
57691220
57691221
57691222
57691223
57691224
57691225
57691226
57691227
57691228
57691229
57691230
57691231
57691232
57691233
57691234
57691235
57691236
57691237
57691238
57691239
57691240
57691241
57691242
57691243
57691244
57691245
57691246
57691247
57691248
57691249
57691250
57691251
57691252
57691253
57691254
57691255
57691256
57691257
57691258
57691259
57691260
57691261
57691262
57691263
57691264
57691265
57691266
57691267
57691268
57691269
57691270
57691271
57691272
57691273
57691274
57691275
57691276
57691277
57691278
57691279
57691280
57691281
57691282
57691283
57691284
57691285
57691286
57691287
57691288
57691289
57691290
57691291
57691292
57691293
57691294
57691295
57691296
57691297
57691298
57691299
57691300
57691301
57691302
57691303
57691304
57691305
57691306
57691307
57691308
57691309
57691310
57691311
57691312
57691313
57691314
57691315
57691316
57691317
57691318
57691319
57691320
57691321
57691322
57691323
57691324
57691325
57691326
57691327
57691328
57691329
57691330
57691331
57691332
57691333
57691334
57691335
57691336
57691337
57691338
57691339
57691340
57691341
57691342
57691343
57691344
57691345
57691346
57691347
57691348
57691349
57691350
57691351
57691352
57691353
57691354
57691355
57691356
57691357
57691358
57691359
57691360
57691361
57691362
57691363
57691364
57691365
57691366
57691367
57691368
57691369
57691370
57691371
57691372
57691373
57691374
57691375
57691376
57691377
57691378
57691379
57691380
57691381
57691382
57691383
57691384
57691385
57691386
57691387
57691388
57691389
57691390
57691391
57691392
57691393
57691394
57691395
57691396
57691397
57691398
57691399
57691400
57691401
57691402
57691403
57691404
57691405
57691406
57691407
57691408
57691409
57691410
57691411
57691412
57691413
57691414
57691415
57691416
57691417
57691418
57691419
57691420
57691421
57691422
57691423
57691424
57691425
57691426
57691427
57691428
57691429
57691430
57691431
57691432
57691433
57691434
57691435
57691436
57691437
57691438
57691439
57691440
57691441
57691442
57691443
57691444
57691445
57691446
57691447
57691448
57691449
57691450
57691451
57691452
57691453
57691454
57691455
57691456
57691457
57691458
57691459
57691460
57691461
57691462
57691463
57691464
57691465
57691466
57691467
57691468
57691469
57691470
57691471
57691472
57691473
57691474
57691475
57691476
57691477
57691478
57691479
57691480
57691481
57691482
57691483
57691484
57691485
57691486
57691487
57691488
57691489
57691490
57691491
57691492
57691493
57691494
57691495
57691496
57691497
57691498
57691499
57691500
57691501
57691502
57691503
57691504
57691505
57691506
57691507
57691508
57691509
57691510
57691511
57691512
57691513
57691514
57691515
57691516
57691517
57691518
57691519
57691520
57691521
57691522
57691523
57691524
57691525
57691526
57691527
57691528
57691529
57691530
57691531
57691532
57691533
57691534
57691535
57691536
57691537
57691538
57691539
57691540
57691541
57691542
57691543
57691544
57691545
57691546
57691547
57691548
57691549
57691550
57691551
57691552
57691553
57691554
57691555
57691556
57691557
57691558
57691559
57691560
57691561
57691562
57691563
57691564
57691565
57691566
57691567
57691568
57691569
57691570
57691571
57691572
57691573
57691574
57691575
57691576
57691577
57691578
57691579
57691580
57691581
57691582
57691583
57691584
57691585
57691586
57691587
57691588
57691589
57691590
57691591
57691592
57691593
57691594
57691595
57691596
57691597
57691598
57691599
57691600
57691601
57691602
57691603
57691604
57691605
57691606
57691607
57691608
57691609
57691610
57691611
57691612
57691613
57691614
57691615
57691616
57691617
57691618
57691619
57691620
57691621
57691622
57691623
57691624
57691625
57691626
57691627
57691628
57691629
57691630
57691631
57691632
57691633
57691634
57691635
57691636
57691637
57691638
57691639
57691640
57691641
57691642
57691643
57691644
57691645
57691646
57691647
57691648
57691649
57691650
57691651
57691652
57691653
57691654
57691655
57691656
57691657
57691658
57691659
57691660
57691661
57691662
57691663
57691664
57691665
57691666
57691667
57691668
57691669
57691670
57691671
57691672
57691673
57691674
57691675
57691676
57691677
57691678
57691679
57691680
57691681
57691682
57691683
57691684
57691685
57691686
57691687
57691688
57691689
57691690
57691691
57691692
57691693
57691694
57691695
57691696
57691697
57691698
57691699
57691700
57691701
57691702
57691703
57691704
57691705
57691706
57691707
57691708
57691709
57691710
57691711
57691712
57691713
57691714
57691715
57691716
57691717
57691718
57691719
57691720
57691721
57691722
57691723
57691724
57691725
57691726
57691727
57691728
57691729
57691730
57691731
57691732
57691733
57691734
57691735
57691736
57691737
57691738
57691739
57691740
57691741
57691742
57691743
57691744
57691745
57691746
57691747
57691748
57691749
57691750
57691751
57691752
57691753
57691754
57691755
57691756
57691757
57691758
57691759
57691760
57691761
57691762
57691763
57691764
57691765
57691766
57691767
57691768
57691769
57691770
57691771
57691772
57691773
57691774
57691775
57691776
57691777
57691778
57691779
57691780
57691781
57691782
57691783
57691784
57691785
57691786
57691787
57691788
57691789
57691790
57691791
57691792
57691793
57691794
57691795
57691796
57691797
57691798
57691799
57691800
57691801
57691802
57691803
57691804
57691805
57691806
57691807
57691808
57691809
57691810
57691811
57691812
57691813
57691814
57691815
57691816
57691817
57691818
57691819
57691820
57691821
57691822
57691823
57691824
57691825
57691826
57691827
57691828
57691829
57691830
57691831
57691832
57691833
57691834
57691835
57691836
57691837
57691838
57691839
57691840
57691841
57691842
57691843
57691844
57691845
57691846
57691847
57691848
57691849
57691850
57691851
57691852
57691853
57691854
57691855
57691856
57691857
57691858
57691859
57691860
57691861
57691862
57691863
57691864
57691865
57691866
57691867
57691868
57691869
57691870
57691871
57691872
57691873
57691874
57691875
57691876
57691877
57691878
57691879
57691880
57691881
57691882
57691883
57691884
57691885
57691886
57691887
57691888
57691889
57691890
57691891
57691892
57691893
57691894
57691895
57691896
57691897
57691898
57691899
57691900
57691901
57691902
57691903
57691904
57691905
57691906
57691907
57691908
57691909
57691910
57691911
57691912
57691913
57691914
57691915
57691916
57691917
57691918
57691919
57691920
57691921
57691922
57691923
57691924
57691925
57691926
57691927
57691928
57691929
57691930
57691931
57691932
57691933
57691934
57691935
57691936
57691937
57691938
57691939
57691940
57691941
57691942
57691943
57691944
57691945
57691946
57691947
57691948
57691949
57691950
57691951
57691952
57691953
57691954
57691955
57691956
57691957
57691958
57691959
57691960
57691961
57691962
57691963
57691964
57691965
57691966
57691967
57691968
57691969
57691970
57691971
57691972
57691973
57691974
57691975
57691976
57691977
57691978
57691979
57691980
57691981
57691982
57691983
57691984
57691985
57691986
57691987
57691988
57691989
57691990
57691991
57691992
57691993
57691994
57691995
57691996
57691997
57691998
57691999
57692000
57692001
57692002
57692003
57692004
57692005
57692006
57692007
57692008
57692009
57692010
57692011
57692012
57692013
57692014
57692015
57692016
57692017
57692018
57692019
57692020
57692021
57692022
57692023
57692024
57692025
57692026
57692027
57692028
57692029
57692030
57692031
57692032
57692033
57692034
57692035
57692036
57692037
57692038
57692039
57692040
57692041
57692042
57692043
57692044
57692045
57692046
57692047
57692048
57692049
57692050
57692051
57692052
57692053
57692054
57692055
57692056
57692057
57692058
57692059
57692060
57692061
57692062
57692063
57692064
57692065
57692066
57692067
57692068
57692069
57692070
57692071
57692072
57692073
57692074
57692075
57692076
57692077
57692078
57692079
57692080
57692081
57692082
57692083
57692084
57692085
57692086
57692087
57692088
57692089
57692090
57692091
57692092
57692093
57692094
57692095
57692096
57692097
57692098
57692099
57692100
57692101
57692102
57692103
57692104
57692105
57692106
57692107
57692108
57692109
57692110
57692111
57692112
57692113
57692114
57692115
57692116
57692117
57692118
57692119
57692120
57692121
57692122
57692123
57692124
57692125
57692126
57692127
57692128
57692129
57692130
57692131
57692132
57692133
57692134
57692135
57692136
57692137
57692138
57692139
57692140
57692141
57692142
57692143
57692144
57692145
57692146
57692147
57692148
57692149
57692150
57692151
57692152
57692153
57692154
57692155
57692156
57692157
57692158
57692159
57692160
57692161
57692162
57692163
57692164
57692165
57692166
57692167
57692168
57692169
57692170
57692171
57692172
57692173
57692174
57692175
57692176
57692177
57692178
57692179
57692180
57692181
57692182
57692183
57692184
57692185
57692186
57692187
57692188
57692189
57692190
57692191
57692192
57692193
57692194
57692195
57692196
57692197
57692198
57692199
57692200
57692201
57692202
57692203
57692204
57692205
57692206
57692207
57692208
57692209
57692210
57692211
57692212
57692213
57692214
57692215
57692216
57692217
57692218
57692219
57692220
57692221
57692222
57692223
57692224
57692225
57692226
57692227
57692228
57692229
57692230
57692231
57692232
57692233
57692234
57692235
57692236
57692237
57692238
57692239
57692240
57692241
57692242
57692243
57692244
57692245
57692246
57692247
57692248
57692249
57692250
57692251
57692252
57692253
57692254
57692255
57692256
57692257
57692258
57692259
57692260
57692261
57692262
57692263
57692264
57692265
57692266
57692267
57692268
57692269
57692270
57692271
57692272
57692273
57692274
57692275
57692276
57692277
57692278
57692279
57692280
57692281
57692282
57692283
57692284
57692285
57692286
57692287
57692288
57692289
57692290
57692291
57692292
57692293
57692294
57692295
57692296
57692297
57692298
57692299
57692300
57692301
57692302
57692303
57692304
57692305
57692306
57692307
57692308
57692309
57692310
57692311
57692312
57692313
57692314
57692315
57692316
57692317
57692318
57692319
57692320
57692321
57692322
57692323
57692324
57692325
57692326
57692327
57692328
57692329
57692330
57692331
57692332
57692333
57692334
57692335
57692336
57692337
57692338
57692339
57692340
57692341
57692342
57692343
57692344
57692345
57692346
57692347
57692348
57692349
57692350
57692351
57692352
57692353
57692354
57692355
57692356
57692357
57692358
57692359
57692360
57692361
57692362
57692363
57692364
57692365
57692366
57692367
57692368
57692369
57692370
57692371
57692372
57692373
57692374
57692375
57692376
57692377
57692378
57692379
57692380
57692381
57692382
57692383
57692384
57692385
57692386
57692387
57692388
57692389
57692390
57692391
57692392
57692393
57692394
57692395
57692396
57692397
57692398
57692399
57692400
57692401
57692402
57692403
57692404
57692405
57692406
57692407
57692408
57692409
57692410
57692411
57692412
57692413
57692414
57692415
57692416
57692417
57692418
57692419
57692420
57692421
57692422
57692423
57692424
57692425
57692426
57692427
57692428
57692429
57692430
57692431
57692432
57692433
57692434
57692435
57692436
57692437
57692438
57692439
57692440
57692441
57692442
57692443
57692444
57692445
57692446
57692447
57692448
57692449
57692450
57692451
57692452
57692453
57692454
57692455
57692456
57692457
57692458
57692459
57692460
57692461
57692462
57692463
57692464
57692465
57692466
57692467
57692468
57692469
57692470
57692471
57692472
57692473
57692474
57692475
57692476
57692477
57692478
57692479
57692480
57692481
57692482
57692483
57692484
57692485
57692486
57692487
57692488
57692489
57692490
57692491
57692492
57692493
57692494
57692495
57692496
57692497
57692498
57692499
57692500
57692501
57692502
57692503
57692504
57692505
57692506
57692507
57692508
57692509
57692510
57692511
57692512
57692513
57692514
57692515
57692516
57692517
57692518
57692519
57692520
57692521
57692522
57692523
57692524
57692525
57692526
57692527
57692528
57692529
57692530
57692531
57692532
57692533
57692534
57692535
57692536
57692537
57692538
57692539
57692540
57692541
57692542
57692543
57692544
57692545
57692546
57692547
57692548
57692549
57692550
57692551
57692552
57692553
57692554
57692555
57692556
57692557
57692558
57692559
57692560
57692561
57692562
57692563
57692564
57692565
57692566
57692567
57692568
57692569
57692570
57692571
57692572
57692573
57692574
57692575
57692576
57692577
57692578
57692579
57692580
57692581
57692582
57692583
57692584
57692585
57692586
57692587
57692588
57692589
57692590
57692591
57692592
57692593
57692594
57692595
57692596
57692597
57692598
57692599
57692600
57692601
57692602
57692603
57692604
57692605
57692606
57692607
57692608
57692609
57692610
57692611
57692612
57692613
57692614
57692615
57692616
57692617
57692618
57692619
57692620
57692621
57692622
57692623
57692624
57692625
57692626
57692627
57692628
57692629
57692630
57692631
57692632
57692633
57692634
57692635
57692636
57692637
57692638
57692639
57692640
57692641
57692642
57692643
57692644
57692645
57692646
57692647
57692648
57692649
57692650
57692651
57692652
57692653
57692654
57692655
57692656
57692657
57692658
57692659
57692660
57692661
57692662
57692663
57692664
57692665
57692666
57692667
57692668
57692669
57692670
57692671
57692672
57692673
57692674
57692675
57692676
57692677
57692678
57692679
57692680
57692681
57692682
57692683
57692684
57692685
57692686
57692687
57692688
57692689
57692690
57692691
57692692
57692693
57692694
57692695
57692696
57692697
57692698
57692699
57692700
57692701
57692702
57692703
57692704
57692705
57692706
57692707
57692708
57692709
57692710
57692711
57692712
57692713
57692714
57692715
57692716
57692717
57692718
57692719
57692720
57692721
57692722
57692723
57692724
57692725
57692726
57692727
57692728
57692729
57692730
57692731
57692732
57692733
57692734
57692735
57692736
57692737
57692738
57692739
57692740
57692741
57692742
57692743
57692744
57692745
57692746
57692747
57692748
57692749
57692750
57692751
57692752
57692753
57692754
57692755
57692756
57692757
57692758
57692759
57692760
57692761
57692762
57692763
57692764
57692765
57692766
57692767
57692768
57692769
57692770
57692771
57692772
57692773
57692774
57692775
57692776
57692777
57692778
57692779
57692780
57692781
57692782
57692783
57692784
57692785
57692786
57692787
57692788
57692789
57692790
57692791
57692792
57692793
57692794
57692795
57692796
57692797
57692798
57692799
57692800
57692801
57692802
57692803
57692804
57692805
57692806
57692807
57692808
57692809
57692810
57692811
57692812
57692813
57692814
57692815
57692816
57692817
57692818
57692819
57692820
57692821
57692822
57692823
57692824
57692825
57692826
57692827
57692828
57692829
57692830
57692831
57692832
57692833
57692834
57692835
57692836
57692837
57692838
57692839
57692840
57692841
57692842
57692843
57692844
57692845
57692846
57692847
57692848
57692849
57692850
57692851
57692852
57692853
57692854
57692855
57692856
57692857
57692858
57692859
57692860
57692861
57692862
57692863
57692864
57692865
57692866
57692867
57692868
57692869
57692870
57692871
57692872
57692873
57692874
57692875
57692876
57692877
57692878
57692879
57692880
57692881
57692882
57692883
57692884
57692885
57692886
57692887
57692888
57692889
57692890
57692891
57692892
57692893
57692894
57692895
57692896
57692897
57692898
57692899
57692900
57692901
57692902
57692903
57692904
57692905
57692906
57692907
57692908
57692909
57692910
57692911
57692912
57692913
57692914
57692915
57692916
57692917
57692918
57692919
57692920
57692921
57692922
57692923
57692924
57692925
57692926
57692927
57692928
57692929
57692930
57692931
57692932
57692933
57692934
57692935
57692936
57692937
57692938
57692939
57692940
57692941
57692942
57692943
57692944
57692945
57692946
57692947
57692948
57692949
57692950
57692951
57692952
57692953
57692954
57692955
57692956
57692957
57692958
57692959
57692960
57692961
57692962
57692963
57692964
57692965
57692966
57692967
57692968
57692969
57692970
57692971
57692972
57692973
57692974
57692975
57692976
57692977
57692978
57692979
57692980
57692981
57692982
57692983
57692984
57692985
57692986
57692987
57692988
57692989
57692990
57692991
57692992
57692993
57692994
57692995
57692996
57692997
57692998
57692999
57693000
57693001
57693002
57693003
57693004
57693005
57693006
57693007
57693008
57693009
57693010
57693011
57693012
57693013
57693014
57693015
57693016
57693017
57693018
57693019
57693020
57693021
57693022
57693023
57693024
57693025
57693026
57693027
57693028
57693029
57693030
57693031
57693032
57693033
57693034
57693035
57693036
57693037
57693038
57693039
57693040
57693041
57693042
57693043
57693044
57693045
57693046
57693047
57693048
57693049
57693050
57693051
57693052
57693053
57693054
57693055
57693056
57693057
57693058
57693059
57693060
57693061
57693062
57693063
57693064
57693065
57693066
57693067
57693068
57693069
57693070
57693071
57693072
57693073
57693074
57693075
57693076
57693077
57693078
57693079
57693080
57693081
57693082
57693083
57693084
57693085
57693086
57693087
57693088
57693089
57693090
57693091
57693092
57693093
57693094
57693095
57693096
57693097
57693098
57693099
57693100
57693101
57693102
57693103
57693104
57693105
57693106
57693107
57693108
57693109
57693110
57693111
57693112
57693113
57693114
57693115
57693116
57693117
57693118
57693119
57693120
57693121
57693122
57693123
57693124
57693125
57693126
57693127
57693128
57693129
57693130
57693131
57693132
57693133
57693134
57693135
57693136
57693137
57693138
57693139
57693140
57693141
57693142
57693143
57693144
57693145
57693146
57693147
57693148
57693149
57693150
57693151
57693152
57693153
57693154
57693155
57693156
57693157
57693158
57693159
57693160
57693161
57693162
57693163
57693164
57693165
57693166
57693167
57693168
57693169
57693170
57693171
57693172
57693173
57693174
57693175
57693176
57693177
57693178
57693179
57693180
57693181
57693182
57693183
57693184
57693185
57693186
57693187
57693188
57693189
57693190
57693191
57693192
57693193
57693194
57693195
57693196
57693197
57693198
57693199
57693200
57693201
57693202
57693203
57693204
57693205
57693206
57693207
57693208
57693209
57693210
57693211
57693212
57693213
57693214
57693215
57693216
57693217
57693218
57693219
57693220
57693221
57693222
57693223
57693224
57693225
57693226
57693227
57693228
57693229
57693230
57693231
57693232
57693233
57693234
57693235
57693236
57693237
57693238
57693239
57693240
57693241
57693242
57693243
57693244
57693245
57693246
57693247
57693248
57693249
57693250
57693251
57693252
57693253
57693254
57693255
57693256
57693257
57693258
57693259
57693260
57693261
57693262
57693263
57693264
57693265
57693266
57693267
57693268
57693269
57693270
57693271
57693272
57693273
57693274
57693275
57693276
57693277
57693278
57693279
57693280
57693281
57693282
57693283
57693284
57693285
57693286
57693287
57693288
57693289
57693290
57693291
57693292
57693293
57693294
57693295
57693296
57693297
57693298
57693299
57693300
57693301
57693302
57693303
57693304
57693305
57693306
57693307
57693308
57693309
57693310
57693311
57693312
57693313
57693314
57693315
57693316
57693317
57693318
57693319
57693320
57693321
57693322
57693323
57693324
57693325
57693326
57693327
57693328
57693329
57693330
57693331
57693332
57693333
57693334
57693335
57693336
57693337
57693338
57693339
57693340
57693341
57693342
57693343
57693344
57693345
57693346
57693347
57693348
57693349
57693350
57693351
57693352
57693353
57693354
57693355
57693356
57693357
57693358
57693359
57693360
57693361
57693362
57693363
57693364
57693365
57693366
57693367
57693368
57693369
57693370
57693371
57693372
57693373
57693374
57693375
57693376
57693377
57693378
57693379
57693380
57693381
57693382
57693383
57693384
57693385
57693386
57693387
57693388
57693389
57693390
57693391
57693392
57693393
57693394
57693395
57693396
57693397
57693398
57693399
57693400
57693401
57693402
57693403
57693404
57693405
57693406
57693407
57693408
57693409
57693410
57693411
57693412
57693413
57693414
57693415
57693416
57693417
57693418
57693419
57693420
57693421
57693422
57693423
57693424
57693425
57693426
57693427
57693428
57693429
57693430
57693431
57693432
57693433
57693434
57693435
57693436
57693437
57693438
57693439
57693440
57693441
57693442
57693443
57693444
57693445
57693446
57693447
57693448
57693449
57693450
57693451
57693452
57693453
57693454
57693455
57693456
57693457
57693458
57693459
57693460
57693461
57693462
57693463
57693464
57693465
57693466
57693467
57693468
57693469
57693470
57693471
57693472
57693473
57693474
57693475
57693476
57693477
57693478
57693479
57693480
57693481
57693482
57693483
57693484
57693485
57693486
57693487
57693488
57693489
57693490
57693491
57693492
57693493
57693494
57693495
57693496
57693497
57693498
57693499
57693500
57693501
57693502
57693503
57693504
57693505
57693506
57693507
57693508
57693509
57693510
57693511
57693512
57693513
57693514
57693515
57693516
57693517
57693518
57693519
57693520
57693521
57693522
57693523
57693524
57693525
57693526
57693527
57693528
57693529
57693530
57693531
57693532
57693533
57693534
57693535
57693536
57693537
57693538
57693539
57693540
57693541
57693542
57693543
57693544
57693545
57693546
57693547
57693548
57693549
57693550
57693551
57693552
57693553
57693554
57693555
57693556
57693557
57693558
57693559
57693560
57693561
57693562
57693563
57693564
57693565
57693566
57693567
57693568
57693569
57693570
57693571
57693572
57693573
57693574
57693575
57693576
57693577
57693578
57693579
57693580
57693581
57693582
57693583
57693584
57693585
57693586
57693587
57693588
57693589
57693590
57693591
57693592
57693593
57693594
57693595
57693596
57693597
57693598
57693599
57693600
57693601
57693602
57693603
57693604
57693605
57693606
57693607
57693608
57693609
57693610
57693611
57693612
57693613
57693614
57693615
57693616
57693617
57693618
57693619
57693620
57693621
57693622
57693623
57693624
57693625
57693626
57693627
57693628
57693629
57693630
57693631
57693632
57693633
57693634
57693635
57693636
57693637
57693638
57693639
57693640
57693641
57693642
57693643
57693644
57693645
57693646
57693647
57693648
57693649
57693650
57693651
57693652
57693653
57693654
57693655
57693656
57693657
57693658
57693659
57693660
57693661
57693662
57693663
57693664
57693665
57693666
57693667
57693668
57693669
57693670
57693671
57693672
57693673
57693674
57693675
57693676
57693677
57693678
57693679
57693680
57693681
57693682
57693683
57693684
57693685
57693686
57693687
57693688
57693689
57693690
57693691
57693692
57693693
57693694
57693695
57693696
57693697
57693698
57693699
57693700
57693701
57693702
57693703
57693704
57693705
57693706
57693707
57693708
57693709
57693710
57693711
57693712
57693713
57693714
57693715
57693716
57693717
57693718
57693719
57693720
57693721
57693722
57693723
57693724
57693725
57693726
57693727
57693728
57693729
57693730
57693731
57693732
57693733
57693734
57693735
57693736
57693737
57693738
57693739
57693740
57693741
57693742
57693743
57693744
57693745
57693746
57693747
57693748
57693749
57693750
57693751
57693752
57693753
57693754
57693755
57693756
57693757
57693758
57693759
57693760
57693761
57693762
57693763
57693764
57693765
57693766
57693767
57693768
57693769
57693770
57693771
57693772
57693773
57693774
57693775
57693776
57693777
57693778
57693779
57693780
57693781
57693782
57693783
57693784
57693785
57693786
57693787
57693788
57693789
57693790
57693791
57693792
57693793
57693794
57693795
57693796
57693797
57693798
57693799
57693800
57693801
57693802
57693803
57693804
57693805
57693806
57693807
57693808
57693809
57693810
57693811
57693812
57693813
57693814
57693815
57693816
57693817
57693818
57693819
57693820
57693821
57693822
57693823
57693824
57693825
57693826
57693827
57693828
57693829
57693830
57693831
57693832
57693833
57693834
57693835
57693836
57693837
57693838
57693839
57693840
57693841
57693842
57693843
57693844
57693845
57693846
57693847
57693848
57693849
57693850
57693851
57693852
57693853
57693854
57693855
57693856
57693857
57693858
57693859
57693860
57693861
57693862
57693863
57693864
57693865
57693866
57693867
57693868
57693869
57693870
57693871
57693872
57693873
57693874
57693875
57693876
57693877
57693878
57693879
57693880
57693881
57693882
57693883
57693884
57693885
57693886
57693887
57693888
57693889
57693890
57693891
57693892
57693893
57693894
57693895
57693896
57693897
57693898
57693899
57693900
57693901
57693902
57693903
57693904
57693905
57693906
57693907
57693908
57693909
57693910
57693911
57693912
57693913
57693914
57693915
57693916
57693917
57693918
57693919
57693920
57693921
57693922
57693923
57693924
57693925
57693926
57693927
57693928
57693929
57693930
57693931
57693932
57693933
57693934
57693935
57693936
57693937
57693938
57693939
57693940
57693941
57693942
57693943
57693944
57693945
57693946
57693947
57693948
57693949
57693950
57693951
57693952
57693953
57693954
57693955
57693956
57693957
57693958
57693959
57693960
57693961
57693962
57693963
57693964
57693965
57693966
57693967
57693968
57693969
57693970
57693971
57693972
57693973
57693974
57693975
57693976
57693977
57693978
57693979
57693980
57693981
57693982
57693983
57693984
57693985
57693986
57693987
57693988
57693989
57693990
57693991
57693992
57693993
57693994
57693995
57693996
57693997
57693998
57693999
57694000
57694001
57694002
57694003
57694004
57694005
57694006
57694007
57694008
57694009
57694010
57694011
57694012
57694013
57694014
57694015
57694016
57694017
57694018
57694019
57694020
57694021
57694022
57694023
57694024
57694025
57694026
57694027
57694028
57694029
57694030
57694031
57694032
57694033
57694034
57694035
57694036
57694037
57694038
57694039
57694040
57694041
57694042
57694043
57694044
57694045
57694046
57694047
57694048
57694049
57694050
57694051
57694052
57694053
57694054
57694055
57694056
57694057
57694058
57694059
57694060
57694061
57694062
57694063
57694064
57694065
57694066
57694067
57694068
57694069
57694070
57694071
57694072
57694073
57694074
57694075
57694076
57694077
57694078
57694079
57694080
57694081
57694082
57694083
57694084
57694085
57694086
57694087
57694088
57694089
57694090
57694091
57694092
57694093
57694094
57694095
57694096
57694097
57694098
57694099
57694100
57694101
57694102
57694103
57694104
57694105
57694106
57694107
57694108
57694109
57694110
57694111
57694112
57694113
57694114
57694115
57694116
57694117
57694118
57694119
57694120
57694121
57694122
57694123
57694124
57694125
57694126
57694127
57694128
57694129
57694130
57694131
57694132
57694133
57694134
57694135
57694136
57694137
57694138
57694139
57694140
57694141
57694142
57694143
57694144
57694145
57694146
57694147
57694148
57694149
57694150
57694151
57694152
57694153
57694154
57694155
57694156
57694157
57694158
57694159
57694160
57694161
57694162
57694163
57694164
57694165
57694166
57694167
57694168
57694169
57694170
57694171
57694172
57694173
57694174
57694175
57694176
57694177
57694178
57694179
57694180
57694181
57694182
57694183
57694184
57694185
57694186
57694187
57694188
57694189
57694190
57694191
57694192
57694193
57694194
57694195
57694196
57694197
57694198
57694199
57694200
57694201
57694202
57694203
57694204
57694205
57694206
57694207
57694208
57694209
57694210
57694211
57694212
57694213
57694214
57694215
57694216
57694217
57694218
57694219
57694220
57694221
57694222
57694223
57694224
57694225
57694226
57694227
57694228
57694229
57694230
57694231
57694232
57694233
57694234
57694235
57694236
57694237
57694238
57694239
57694240
57694241
57694242
57694243
57694244
57694245
57694246
57694247
57694248
57694249
57694250
57694251
57694252
57694253
57694254
57694255
57694256
57694257
57694258
57694259
57694260
57694261
57694262
57694263
57694264
57694265
57694266
57694267
57694268
57694269
57694270
57694271
57694272
57694273
57694274
57694275
57694276
57694277
57694278
57694279
57694280
57694281
57694282
57694283
57694284
57694285
57694286
57694287
57694288
57694289
57694290
57694291
57694292
57694293
57694294
57694295
57694296
57694297
57694298
57694299
57694300
57694301
57694302
57694303
57694304
57694305
57694306
57694307
57694308
57694309
57694310
57694311
57694312
57694313
57694314
57694315
57694316
57694317
57694318
57694319
57694320
57694321
57694322
57694323
57694324
57694325
57694326
57694327
57694328
57694329
57694330
57694331
57694332
57694333
57694334
57694335
57694336
57694337
57694338
57694339
57694340
57694341
57694342
57694343
57694344
57694345
57694346
57694347
57694348
57694349
57694350
57694351
57694352
57694353
57694354
57694355
57694356
57694357
57694358
57694359
57694360
57694361
57694362
57694363
57694364
57694365
57694366
57694367
57694368
57694369
57694370
57694371
57694372
57694373
57694374
57694375
57694376
57694377
57694378
57694379
57694380
57694381
57694382
57694383
57694384
57694385
57694386
57694387
57694388
57694389
57694390
57694391
57694392
57694393
57694394
57694395
57694396
57694397
57694398
57694399
57694400
57694401
57694402
57694403
57694404
57694405
57694406
57694407
57694408
57694409
57694410
57694411
57694412
57694413
57694414
57694415
57694416
57694417
57694418
57694419
57694420
57694421
57694422
57694423
57694424
57694425
57694426
57694427
57694428
57694429
57694430
57694431
57694432
57694433
57694434
57694435
57694436
57694437
57694438
57694439
57694440
57694441
57694442
57694443
57694444
57694445
57694446
57694447
57694448
57694449
57694450
57694451
57694452
57694453
57694454
57694455
57694456
57694457
57694458
57694459
57694460
57694461
57694462
57694463
57694464
57694465
57694466
57694467
57694468
57694469
57694470
57694471
57694472
57694473
57694474
57694475
57694476
57694477
57694478
57694479
57694480
57694481
57694482
57694483
57694484
57694485
57694486
57694487
57694488
57694489
57694490
57694491
57694492
57694493
57694494
57694495
57694496
57694497
57694498
57694499
57694500
57694501
57694502
57694503
57694504
57694505
57694506
57694507
57694508
57694509
57694510
57694511
57694512
57694513
57694514
57694515
57694516
57694517
57694518
57694519
57694520
57694521
57694522
57694523
57694524
57694525
57694526
57694527
57694528
57694529
57694530
57694531
57694532
57694533
57694534
57694535
57694536
57694537
57694538
57694539
57694540
57694541
57694542
57694543
57694544
57694545
57694546
57694547
57694548
57694549
57694550
57694551
57694552
57694553
57694554
57694555
57694556
57694557
57694558
57694559
57694560
57694561
57694562
57694563
57694564
57694565
57694566
57694567
57694568
57694569
57694570
57694571
57694572
57694573
57694574
57694575
57694576
57694577
57694578
57694579
57694580
57694581
57694582
57694583
57694584
57694585
57694586
57694587
57694588
57694589
57694590
57694591
57694592
57694593
57694594
57694595
57694596
57694597
57694598
57694599
57694600
57694601
57694602
57694603
57694604
57694605
57694606
57694607
57694608
57694609
57694610
57694611
57694612
57694613
57694614
57694615
57694616
57694617
57694618
57694619
57694620
57694621
57694622
57694623
57694624
57694625
57694626
57694627
57694628
57694629
57694630
57694631
57694632
57694633
57694634
57694635
57694636
57694637
57694638
57694639
57694640
57694641
57694642
57694643
57694644
57694645
57694646
57694647
57694648
57694649
57694650
57694651
57694652
57694653
57694654
57694655
57694656
57694657
57694658
57694659
57694660
57694661
57694662
57694663
57694664
57694665
57694666
57694667
57694668
57694669
57694670
57694671
57694672
57694673
57694674
57694675
57694676
57694677
57694678
57694679
57694680
57694681
57694682
57694683
57694684
57694685
57694686
57694687
57694688
57694689
57694690
57694691
57694692
57694693
57694694
57694695
57694696
57694697
57694698
57694699
57694700
57694701
57694702
57694703
57694704
57694705
57694706
57694707
57694708
57694709
57694710
57694711
57694712
57694713
57694714
57694715
57694716
57694717
57694718
57694719
57694720
57694721
57694722
57694723
57694724
57694725
57694726
57694727
57694728
57694729
57694730
57694731
57694732
57694733
57694734
57694735
57694736
57694737
57694738
57694739
57694740
57694741
57694742
57694743
57694744
57694745
57694746
57694747
57694748
57694749
57694750
57694751
57694752
57694753
57694754
57694755
57694756
57694757
57694758
57694759
57694760
57694761
57694762
57694763
57694764
57694765
57694766
57694767
57694768
57694769
57694770
57694771
57694772
57694773
57694774
57694775
57694776
57694777
57694778
57694779
57694780
57694781
57694782
57694783
57694784
57694785
57694786
57694787
57694788
57694789
57694790
57694791
57694792
57694793
57694794
57694795
57694796
57694797
57694798
57694799
57694800
57694801
57694802
57694803
57694804
57694805
57694806
57694807
57694808
57694809
57694810
57694811
57694812
57694813
57694814
57694815
57694816
57694817
57694818
57694819
57694820
57694821
57694822
57694823
57694824
57694825
57694826
57694827
57694828
57694829
57694830
57694831
57694832
57694833
57694834
57694835
57694836
57694837
57694838
57694839
57694840
57694841
57694842
57694843
57694844
57694845
57694846
57694847
57694848
57694849
57694850
57694851
57694852
57694853
57694854
57694855
57694856
57694857
57694858
57694859
57694860
57694861
57694862
57694863
57694864
57694865
57694866
57694867
57694868
57694869
57694870
57694871
57694872
57694873
57694874
57694875
57694876
57694877
57694878
57694879
57694880
57694881
57694882
57694883
57694884
57694885
57694886
57694887
57694888
57694889
57694890
57694891
57694892
57694893
57694894
57694895
57694896
57694897
57694898
57694899
57694900
57694901
57694902
57694903
57694904
57694905
57694906
57694907
57694908
57694909
57694910
57694911
57694912
57694913
57694914
57694915
57694916
57694917
57694918
57694919
57694920
57694921
57694922
57694923
57694924
57694925
57694926
57694927
57694928
57694929
57694930
57694931
57694932
57694933
57694934
57694935
57694936
57694937
57694938
57694939
57694940
57694941
57694942
57694943
57694944
57694945
57694946
57694947
57694948
57694949
57694950
57694951
57694952
57694953
57694954
57694955
57694956
57694957
57694958
57694959
57694960
57694961
57694962
57694963
57694964
57694965
57694966
57694967
57694968
57694969
57694970
57694971
57694972
57694973
57694974
57694975
57694976
57694977
57694978
57694979
57694980
57694981
57694982
57694983
57694984
57694985
57694986
57694987
57694988
57694989
57694990
57694991
57694992
57694993
57694994
57694995
57694996
57694997
57694998
57694999
57695000
57695001
57695002
57695003
57695004
57695005
57695006
57695007
57695008
57695009
57695010
57695011
57695012
57695013
57695014
57695015
57695016
57695017
57695018
57695019
57695020
57695021
57695022
57695023
57695024
57695025
57695026
57695027
57695028
57695029
57695030
57695031
57695032
57695033
57695034
57695035
57695036
57695037
57695038
57695039
57695040
57695041
57695042
57695043
57695044
57695045
57695046
57695047
57695048
57695049
57695050
57695051
57695052
57695053
57695054
57695055
57695056
57695057
57695058
57695059
57695060
57695061
57695062
57695063
57695064
57695065
57695066
57695067
57695068
57695069
57695070
57695071
57695072
57695073
57695074
57695075
57695076
57695077
57695078
57695079
57695080
57695081
57695082
57695083
57695084
57695085
57695086
57695087
57695088
57695089
57695090
57695091
57695092
57695093
57695094
57695095
57695096
57695097
57695098
57695099
57695100
57695101
57695102
57695103
57695104
57695105
57695106
57695107
57695108
57695109
57695110
57695111
57695112
57695113
57695114
57695115
57695116
57695117
57695118
57695119
57695120
57695121
57695122
57695123
57695124
57695125
57695126
57695127
57695128
57695129
57695130
57695131
57695132
57695133
57695134
57695135
57695136
57695137
57695138
57695139
57695140
57695141
57695142
57695143
57695144
57695145
57695146
57695147
57695148
57695149
57695150
57695151
57695152
57695153
57695154
57695155
57695156
57695157
57695158
57695159
57695160
57695161
57695162
57695163
57695164
57695165
57695166
57695167
57695168
57695169
57695170
57695171
57695172
57695173
57695174
57695175
57695176
57695177
57695178
57695179
57695180
57695181
57695182
57695183
57695184
57695185
57695186
57695187
57695188
57695189
57695190
57695191
57695192
57695193
57695194
57695195
57695196
57695197
57695198
57695199
57695200
57695201
57695202
57695203
57695204
57695205
57695206
57695207
57695208
57695209
57695210
57695211
57695212
57695213
57695214
57695215
57695216
57695217
57695218
57695219
57695220
57695221
57695222
57695223
57695224
57695225
57695226
57695227
57695228
57695229
57695230
57695231
57695232
57695233
57695234
57695235
57695236
57695237
57695238
57695239
57695240
57695241
57695242
57695243
57695244
57695245
57695246
57695247
57695248
57695249
57695250
57695251
57695252
57695253
57695254
57695255
57695256
57695257
57695258
57695259
57695260
57695261
57695262
57695263
57695264
57695265
57695266
57695267
57695268
57695269
57695270
57695271
57695272
57695273
57695274
57695275
57695276
57695277
57695278
57695279
57695280
57695281
57695282
57695283
57695284
57695285
57695286
57695287
57695288
57695289
57695290
57695291
57695292
57695293
57695294
57695295
57695296
57695297
57695298
57695299
57695300
57695301
57695302
57695303
57695304
57695305
57695306
57695307
57695308
57695309
57695310
57695311
57695312
57695313
57695314
57695315
57695316
57695317
57695318
57695319
57695320
57695321
57695322
57695323
57695324
57695325
57695326
57695327
57695328
57695329
57695330
57695331
57695332
57695333
57695334
57695335
57695336
57695337
57695338
57695339
57695340
57695341
57695342
57695343
57695344
57695345
57695346
57695347
57695348
57695349
57695350
57695351
57695352
57695353
57695354
57695355
57695356
57695357
57695358
57695359
57695360
57695361
57695362
57695363
57695364
57695365
57695366
57695367
57695368
57695369
57695370
57695371
57695372
57695373
57695374
57695375
57695376
57695377
57695378
57695379
57695380
57695381
57695382
57695383
57695384
57695385
57695386
57695387
57695388
57695389
57695390
57695391
57695392
57695393
57695394
57695395
57695396
57695397
57695398
57695399
57695400
57695401
57695402
57695403
57695404
57695405
57695406
57695407
57695408
57695409
57695410
57695411
57695412
57695413
57695414
57695415
57695416
57695417
57695418
57695419
57695420
57695421
57695422
57695423
57695424
57695425
57695426
57695427
57695428
57695429
57695430
57695431
57695432
57695433
57695434
57695435
57695436
57695437
57695438
57695439
57695440
57695441
57695442
57695443
57695444
57695445
57695446
57695447
57695448
57695449
57695450
57695451
57695452
57695453
57695454
57695455
57695456
57695457
57695458
57695459
57695460
57695461
57695462
57695463
57695464
57695465
57695466
57695467
57695468
57695469
57695470
57695471
57695472
57695473
57695474
57695475
57695476
57695477
57695478
57695479
57695480
57695481
57695482
57695483
57695484
57695485
57695486
57695487
57695488
57695489
57695490
57695491
57695492
57695493
57695494
57695495
57695496
57695497
57695498
57695499
57695500
57695501
57695502
57695503
57695504
57695505
57695506
57695507
57695508
57695509
57695510
57695511
57695512
57695513
57695514
57695515
57695516
57695517
57695518
57695519
57695520
57695521
57695522
57695523
57695524
57695525
57695526
57695527
57695528
57695529
57695530
57695531
57695532
57695533
57695534
57695535
57695536
57695537
57695538
57695539
57695540
57695541
57695542
57695543
57695544
57695545
57695546
57695547
57695548
57695549
57695550
57695551
57695552
57695553
57695554
57695555
57695556
57695557
57695558
57695559
57695560
57695561
57695562
57695563
57695564
57695565
57695566
57695567
57695568
57695569
57695570
57695571
57695572
57695573
57695574
57695575
57695576
57695577
57695578
57695579
57695580
57695581
57695582
57695583
57695584
57695585
57695586
57695587
57695588
57695589
57695590
57695591
57695592
57695593
57695594
57695595
57695596
57695597
57695598
57695599
57695600
57695601
57695602
57695603
57695604
57695605
57695606
57695607
57695608
57695609
57695610
57695611
57695612
57695613
57695614
57695615
57695616
57695617
57695618
57695619
57695620
57695621
57695622
57695623
57695624
57695625
57695626
57695627
57695628
57695629
57695630
57695631
57695632
57695633
57695634
57695635
57695636
57695637
57695638
57695639
57695640
57695641
57695642
57695643
57695644
57695645
57695646
57695647
57695648
57695649
57695650
57695651
57695652
57695653
57695654
57695655
57695656
57695657
57695658
57695659
57695660
57695661
57695662
57695663
57695664
57695665
57695666
57695667
57695668
57695669
57695670
57695671
57695672
57695673
57695674
57695675
57695676
57695677
57695678
57695679
57695680
57695681
57695682
57695683
57695684
57695685
57695686
57695687
57695688
57695689
57695690
57695691
57695692
57695693
57695694
57695695
57695696
57695697
57695698
57695699
57695700
57695701
57695702
57695703
57695704
57695705
57695706
57695707
57695708
57695709
57695710
57695711
57695712
57695713
57695714
57695715
57695716
57695717
57695718
57695719
57695720
57695721
57695722
57695723
57695724
57695725
57695726
57695727
57695728
57695729
57695730
57695731
57695732
57695733
57695734
57695735
57695736
57695737
57695738
57695739
57695740
57695741
57695742
57695743
57695744
57695745
57695746
57695747
57695748
57695749
57695750
57695751
57695752
57695753
57695754
57695755
57695756
57695757
57695758
57695759
57695760
57695761
57695762
57695763
57695764
57695765
57695766
57695767
57695768
57695769
57695770
57695771
57695772
57695773
57695774
57695775
57695776
57695777
57695778
57695779
57695780
57695781
57695782
57695783
57695784
57695785
57695786
57695787
57695788
57695789
57695790
57695791
57695792
57695793
57695794
57695795
57695796
57695797
57695798
57695799
57695800
57695801
57695802
57695803
57695804
57695805
57695806
57695807
57695808
57695809
57695810
57695811
57695812
57695813
57695814
57695815
57695816
57695817
57695818
57695819
57695820
57695821
57695822
57695823
57695824
57695825
57695826
57695827
57695828
57695829
57695830
57695831
57695832
57695833
57695834
57695835
57695836
57695837
57695838
57695839
57695840
57695841
57695842
57695843
57695844
57695845
57695846
57695847
57695848
57695849
57695850
57695851
57695852
57695853
57695854
57695855
57695856
57695857
57695858
57695859
57695860
57695861
57695862
57695863
57695864
57695865
57695866
57695867
57695868
57695869
57695870
57695871
57695872
57695873
57695874
57695875
57695876
57695877
57695878
57695879
57695880
57695881
57695882
57695883
57695884
57695885
57695886
57695887
57695888
57695889
57695890
57695891
57695892
57695893
57695894
57695895
57695896
57695897
57695898
57695899
57695900
57695901
57695902
57695903
57695904
57695905
57695906
57695907
57695908
57695909
57695910
57695911
57695912
57695913
57695914
57695915
57695916
57695917
57695918
57695919
57695920
57695921
57695922
57695923
57695924
57695925
57695926
57695927
57695928
57695929
57695930
57695931
57695932
57695933
57695934
57695935
57695936
57695937
57695938
57695939
57695940
57695941
57695942
57695943
57695944
57695945
57695946
57695947
57695948
57695949
57695950
57695951
57695952
57695953
57695954
57695955
57695956
57695957
57695958
57695959
57695960
57695961
57695962
57695963
57695964
57695965
57695966
57695967
57695968
57695969
57695970
57695971
57695972
57695973
57695974
57695975
57695976
57695977
57695978
57695979
57695980
57695981
57695982
57695983
57695984
57695985
57695986
57695987
57695988
57695989
57695990
57695991
57695992
57695993
57695994
57695995
57695996
57695997
57695998
57695999
57696000
57696001
57696002
57696003
57696004
57696005
57696006
57696007
57696008
57696009
57696010
57696011
57696012
57696013
57696014
57696015
57696016
57696017
57696018
57696019
57696020
57696021
57696022
57696023
57696024
57696025
57696026
57696027
57696028
57696029
57696030
57696031
57696032
57696033
57696034
57696035
57696036
57696037
57696038
57696039
57696040
57696041
57696042
57696043
57696044
57696045
57696046
57696047
57696048
57696049
57696050
57696051
57696052
57696053
57696054
57696055
57696056
57696057
57696058
57696059
57696060
57696061
57696062
57696063
57696064
57696065
57696066
57696067
57696068
57696069
57696070
57696071
57696072
57696073
57696074
57696075
57696076
57696077
57696078
57696079
57696080
57696081
57696082
57696083
57696084
57696085
57696086
57696087
57696088
57696089
57696090
57696091
57696092
57696093
57696094
57696095
57696096
57696097
57696098
57696099
57696100
57696101
57696102
57696103
57696104
57696105
57696106
57696107
57696108
57696109
57696110
57696111
57696112
57696113
57696114
57696115
57696116
57696117
57696118
57696119
57696120
57696121
57696122
57696123
57696124
57696125
57696126
57696127
57696128
57696129
57696130
57696131
57696132
57696133
57696134
57696135
57696136
57696137
57696138
57696139
57696140
57696141
57696142
57696143
57696144
57696145
57696146
57696147
57696148
57696149
57696150
57696151
57696152
57696153
57696154
57696155
57696156
57696157
57696158
57696159
57696160
57696161
57696162
57696163
57696164
57696165
57696166
57696167
57696168
57696169
57696170
57696171
57696172
57696173
57696174
57696175
57696176
57696177
57696178
57696179
57696180
57696181
57696182
57696183
57696184
57696185
57696186
57696187
57696188
57696189
57696190
57696191
57696192
57696193
57696194
57696195
57696196
57696197
57696198
57696199
57696200
57696201
57696202
57696203
57696204
57696205
57696206
57696207
57696208
57696209
57696210
57696211
57696212
57696213
57696214
57696215
57696216
57696217
57696218
57696219
57696220
57696221
57696222
57696223
57696224
57696225
57696226
57696227
57696228
57696229
57696230
57696231
57696232
57696233
57696234
57696235
57696236
57696237
57696238
57696239
57696240
57696241
57696242
57696243
57696244
57696245
57696246
57696247
57696248
57696249
57696250
57696251
57696252
57696253
57696254
57696255
57696256
57696257
57696258
57696259
57696260
57696261
57696262
57696263
57696264
57696265
57696266
57696267
57696268
57696269
57696270
57696271
57696272
57696273
57696274
57696275
57696276
57696277
57696278
57696279
57696280
57696281
57696282
57696283
57696284
57696285
57696286
57696287
57696288
57696289
57696290
57696291
57696292
57696293
57696294
57696295
57696296
57696297
57696298
57696299
57696300
57696301
57696302
57696303
57696304
57696305
57696306
57696307
57696308
57696309
57696310
57696311
57696312
57696313
57696314
57696315
57696316
57696317
57696318
57696319
57696320
57696321
57696322
57696323
57696324
57696325
57696326
57696327
57696328
57696329
57696330
57696331
57696332
57696333
57696334
57696335
57696336
57696337
57696338
57696339
57696340
57696341
57696342
57696343
57696344
57696345
57696346
57696347
57696348
57696349
57696350
57696351
57696352
57696353
57696354
57696355
57696356
57696357
57696358
57696359
57696360
57696361
57696362
57696363
57696364
57696365
57696366
57696367
57696368
57696369
57696370
57696371
57696372
57696373
57696374
57696375
57696376
57696377
57696378
57696379
57696380
57696381
57696382
57696383
57696384
57696385
57696386
57696387
57696388
57696389
57696390
57696391
57696392
57696393
57696394
57696395
57696396
57696397
57696398
57696399
57696400
57696401
57696402
57696403
57696404
57696405
57696406
57696407
57696408
57696409
57696410
57696411
57696412
57696413
57696414
57696415
57696416
57696417
57696418
57696419
57696420
57696421
57696422
57696423
57696424
57696425
57696426
57696427
57696428
57696429
57696430
57696431
57696432
57696433
57696434
57696435
57696436
57696437
57696438
57696439
57696440
57696441
57696442
57696443
57696444
57696445
57696446
57696447
57696448
57696449
57696450
57696451
57696452
57696453
57696454
57696455
57696456
57696457
57696458
57696459
57696460
57696461
57696462
57696463
57696464
57696465
57696466
57696467
57696468
57696469
57696470
57696471
57696472
57696473
57696474
57696475
57696476
57696477
57696478
57696479
57696480
57696481
57696482
57696483
57696484
57696485
57696486
57696487
57696488
57696489
57696490
57696491
57696492
57696493
57696494
57696495
57696496
57696497
57696498
57696499
57696500
57696501
57696502
57696503
57696504
57696505
57696506
57696507
57696508
57696509
57696510
57696511
57696512
57696513
57696514
57696515
57696516
57696517
57696518
57696519
57696520
57696521
57696522
57696523
57696524
57696525
57696526
57696527
57696528
57696529
57696530
57696531
57696532
57696533
57696534
57696535
57696536
57696537
57696538
57696539
57696540
57696541
57696542
57696543
57696544
57696545
57696546
57696547
57696548
57696549
57696550
57696551
57696552
57696553
57696554
57696555
57696556
57696557
57696558
57696559
57696560
57696561
57696562
57696563
57696564
57696565
57696566
57696567
57696568
57696569
57696570
57696571
57696572
57696573
57696574
57696575
57696576
57696577
57696578
57696579
57696580
57696581
57696582
57696583
57696584
57696585
57696586
57696587
57696588
57696589
57696590
57696591
57696592
57696593
57696594
57696595
57696596
57696597
57696598
57696599
57696600
57696601
57696602
57696603
57696604
57696605
57696606
57696607
57696608
57696609
57696610
57696611
57696612
57696613
57696614
57696615
57696616
57696617
57696618
57696619
57696620
57696621
57696622
57696623
57696624
57696625
57696626
57696627
57696628
57696629
57696630
57696631
57696632
57696633
57696634
57696635
57696636
57696637
57696638
57696639
57696640
57696641
57696642
57696643
57696644
57696645
57696646
57696647
57696648
57696649
57696650
57696651
57696652
57696653
57696654
57696655
57696656
57696657
57696658
57696659
57696660
57696661
57696662
57696663
57696664
57696665
57696666
57696667
57696668
57696669
57696670
57696671
57696672
57696673
57696674
57696675
57696676
57696677
57696678
57696679
57696680
57696681
57696682
57696683
57696684
57696685
57696686
57696687
57696688
57696689
57696690
57696691
57696692
57696693
57696694
57696695
57696696
57696697
57696698
57696699
57696700
57696701
57696702
57696703
57696704
57696705
57696706
57696707
57696708
57696709
57696710
57696711
57696712
57696713
57696714
57696715
57696716
57696717
57696718
57696719
57696720
57696721
57696722
57696723
57696724
57696725
57696726
57696727
57696728
57696729
57696730
57696731
57696732
57696733
57696734
57696735
57696736
57696737
57696738
57696739
57696740
57696741
57696742
57696743
57696744
57696745
57696746
57696747
57696748
57696749
57696750
57696751
57696752
57696753
57696754
57696755
57696756
57696757
57696758
57696759
57696760
57696761
57696762
57696763
57696764
57696765
57696766
57696767
57696768
57696769
57696770
57696771
57696772
57696773
57696774
57696775
57696776
57696777
57696778
57696779
57696780
57696781
57696782
57696783
57696784
57696785
57696786
57696787
57696788
57696789
57696790
57696791
57696792
57696793
57696794
57696795
57696796
57696797
57696798
57696799
57696800
57696801
57696802
57696803
57696804
57696805
57696806
57696807
57696808
57696809
57696810
57696811
57696812
57696813
57696814
57696815
57696816
57696817
57696818
57696819
57696820
57696821
57696822
57696823
57696824
57696825
57696826
57696827
57696828
57696829
57696830
57696831
57696832
57696833
57696834
57696835
57696836
57696837
57696838
57696839
57696840
57696841
57696842
57696843
57696844
57696845
57696846
57696847
57696848
57696849
57696850
57696851
57696852
57696853
57696854
57696855
57696856
57696857
57696858
57696859
57696860
57696861
57696862
57696863
57696864
57696865
57696866
57696867
57696868
57696869
57696870
57696871
57696872
57696873
57696874
57696875
57696876
57696877
57696878
57696879
57696880
57696881
57696882
57696883
57696884
57696885
57696886
57696887
57696888
57696889
57696890
57696891
57696892
57696893
57696894
57696895
57696896
57696897
57696898
57696899
57696900
57696901
57696902
57696903
57696904
57696905
57696906
57696907
57696908
57696909
57696910
57696911
57696912
57696913
57696914
57696915
57696916
57696917
57696918
57696919
57696920
57696921
57696922
57696923
57696924
57696925
57696926
57696927
57696928
57696929
57696930
57696931
57696932
57696933
57696934
57696935
57696936
57696937
57696938
57696939
57696940
57696941
57696942
57696943
57696944
57696945
57696946
57696947
57696948
57696949
57696950
57696951
57696952
57696953
57696954
57696955
57696956
57696957
57696958
57696959
57696960
57696961
57696962
57696963
57696964
57696965
57696966
57696967
57696968
57696969
57696970
57696971
57696972
57696973
57696974
57696975
57696976
57696977
57696978
57696979
57696980
57696981
57696982
57696983
57696984
57696985
57696986
57696987
57696988
57696989
57696990
57696991
57696992
57696993
57696994
57696995
57696996
57696997
57696998
57696999
57697000
57697001
57697002
57697003
57697004
57697005
57697006
57697007
57697008
57697009
57697010
57697011
57697012
57697013
57697014
57697015
57697016
57697017
57697018
57697019
57697020
57697021
57697022
57697023
57697024
57697025
57697026
57697027
57697028
57697029
57697030
57697031
57697032
57697033
57697034
57697035
57697036
57697037
57697038
57697039
57697040
57697041
57697042
57697043
57697044
57697045
57697046
57697047
57697048
57697049
57697050
57697051
57697052
57697053
57697054
57697055
57697056
57697057
57697058
57697059
57697060
57697061
57697062
57697063
57697064
57697065
57697066
57697067
57697068
57697069
57697070
57697071
57697072
57697073
57697074
57697075
57697076
57697077
57697078
57697079
57697080
57697081
57697082
57697083
57697084
57697085
57697086
57697087
57697088
57697089
57697090
57697091
57697092
57697093
57697094
57697095
57697096
57697097
57697098
57697099
57697100
57697101
57697102
57697103
57697104
57697105
57697106
57697107
57697108
57697109
57697110
57697111
57697112
57697113
57697114
57697115
57697116
57697117
57697118
57697119
57697120
57697121
57697122
57697123
57697124
57697125
57697126
57697127
57697128
57697129
57697130
57697131
57697132
57697133
57697134
57697135
57697136
57697137
57697138
57697139
57697140
57697141
57697142
57697143
57697144
57697145
57697146
57697147
57697148
57697149
57697150
57697151
57697152
57697153
57697154
57697155
57697156
57697157
57697158
57697159
57697160
57697161
57697162
57697163
57697164
57697165
57697166
57697167
57697168
57697169
57697170
57697171
57697172
57697173
57697174
57697175
57697176
57697177
57697178
57697179
57697180
57697181
57697182
57697183
57697184
57697185
57697186
57697187
57697188
57697189
57697190
57697191
57697192
57697193
57697194
57697195
57697196
57697197
57697198
57697199
57697200
57697201
57697202
57697203
57697204
57697205
57697206
57697207
57697208
57697209
57697210
57697211
57697212
57697213
57697214
57697215
57697216
57697217
57697218
57697219
57697220
57697221
57697222
57697223
57697224
57697225
57697226
57697227
57697228
57697229
57697230
57697231
57697232
57697233
57697234
57697235
57697236
57697237
57697238
57697239
57697240
57697241
57697242
57697243
57697244
57697245
57697246
57697247
57697248
57697249
57697250
57697251
57697252
57697253
57697254
57697255
57697256
57697257
57697258
57697259
57697260
57697261
57697262
57697263
57697264
57697265
57697266
57697267
57697268
57697269
57697270
57697271
57697272
57697273
57697274
57697275
57697276
57697277
57697278
57697279
57697280
57697281
57697282
57697283
57697284
57697285
57697286
57697287
57697288
57697289
57697290
57697291
57697292
57697293
57697294
57697295
57697296
57697297
57697298
57697299
57697300
57697301
57697302
57697303
57697304
57697305
57697306
57697307
57697308
57697309
57697310
57697311
57697312
57697313
57697314
57697315
57697316
57697317
57697318
57697319
57697320
57697321
57697322
57697323
57697324
57697325
57697326
57697327
57697328
57697329
57697330
57697331
57697332
57697333
57697334
57697335
57697336
57697337
57697338
57697339
57697340
57697341
57697342
57697343
57697344
57697345
57697346
57697347
57697348
57697349
57697350
57697351
57697352
57697353
57697354
57697355
57697356
57697357
57697358
57697359
57697360
57697361
57697362
57697363
57697364
57697365
57697366
57697367
57697368
57697369
57697370
57697371
57697372
57697373
57697374
57697375
57697376
57697377
57697378
57697379
57697380
57697381
57697382
57697383
57697384
57697385
57697386
57697387
57697388
57697389
57697390
57697391
57697392
57697393
57697394
57697395
57697396
57697397
57697398
57697399
57697400
57697401
57697402
57697403
57697404
57697405
57697406
57697407
57697408
57697409
57697410
57697411
57697412
57697413
57697414
57697415
57697416
57697417
57697418
57697419
57697420
57697421
57697422
57697423
57697424
57697425
57697426
57697427
57697428
57697429
57697430
57697431
57697432
57697433
57697434
57697435
57697436
57697437
57697438
57697439
57697440
57697441
57697442
57697443
57697444
57697445
57697446
57697447
57697448
57697449
57697450
57697451
57697452
57697453
57697454
57697455
57697456
57697457
57697458
57697459
57697460
57697461
57697462
57697463
57697464
57697465
57697466
57697467
57697468
57697469
57697470
57697471
57697472
57697473
57697474
57697475
57697476
57697477
57697478
57697479
57697480
57697481
57697482
57697483
57697484
57697485
57697486
57697487
57697488
57697489
57697490
57697491
57697492
57697493
57697494
57697495
57697496
57697497
57697498
57697499
57697500
57697501
57697502
57697503
57697504
57697505
57697506
57697507
57697508
57697509
57697510
57697511
57697512
57697513
57697514
57697515
57697516
57697517
57697518
57697519
57697520
57697521
57697522
57697523
57697524
57697525
57697526
57697527
57697528
57697529
57697530
57697531
57697532
57697533
57697534
57697535
57697536
57697537
57697538
57697539
57697540
57697541
57697542
57697543
57697544
57697545
57697546
57697547
57697548
57697549
57697550
57697551
57697552
57697553
57697554
57697555
57697556
57697557
57697558
57697559
57697560
57697561
57697562
57697563
57697564
57697565
57697566
57697567
57697568
57697569
57697570
57697571
57697572
57697573
57697574
57697575
57697576
57697577
57697578
57697579
57697580
57697581
57697582
57697583
57697584
57697585
57697586
57697587
57697588
57697589
57697590
57697591
57697592
57697593
57697594
57697595
57697596
57697597
57697598
57697599
57697600
57697601
57697602
57697603
57697604
57697605
57697606
57697607
57697608
57697609
57697610
57697611
57697612
57697613
57697614
57697615
57697616
57697617
57697618
57697619
57697620
57697621
57697622
57697623
57697624
57697625
57697626
57697627
57697628
57697629
57697630
57697631
57697632
57697633
57697634
57697635
57697636
57697637
57697638
57697639
57697640
57697641
57697642
57697643
57697644
57697645
57697646
57697647
57697648
57697649
57697650
57697651
57697652
57697653
57697654
57697655
57697656
57697657
57697658
57697659
57697660
57697661
57697662
57697663
57697664
57697665
57697666
57697667
57697668
57697669
57697670
57697671
57697672
57697673
57697674
57697675
57697676
57697677
57697678
57697679
57697680
57697681
57697682
57697683
57697684
57697685
57697686
57697687
57697688
57697689
57697690
57697691
57697692
57697693
57697694
57697695
57697696
57697697
57697698
57697699
57697700
57697701
57697702
57697703
57697704
57697705
57697706
57697707
57697708
57697709
57697710
57697711
57697712
57697713
57697714
57697715
57697716
57697717
57697718
57697719
57697720
57697721
57697722
57697723
57697724
57697725
57697726
57697727
57697728
57697729
57697730
57697731
57697732
57697733
57697734
57697735
57697736
57697737
57697738
57697739
57697740
57697741
57697742
57697743
57697744
57697745
57697746
57697747
57697748
57697749
57697750
57697751
57697752
57697753
57697754
57697755
57697756
57697757
57697758
57697759
57697760
57697761
57697762
57697763
57697764
57697765
57697766
57697767
57697768
57697769
57697770
57697771
57697772
57697773
57697774
57697775
57697776
57697777
57697778
57697779
57697780
57697781
57697782
57697783
57697784
57697785
57697786
57697787
57697788
57697789
57697790
57697791
57697792
57697793
57697794
57697795
57697796
57697797
57697798
57697799
57697800
57697801
57697802
57697803
57697804
57697805
57697806
57697807
57697808
57697809
57697810
57697811
57697812
57697813
57697814
57697815
57697816
57697817
57697818
57697819
57697820
57697821
57697822
57697823
57697824
57697825
57697826
57697827
57697828
57697829
57697830
57697831
57697832
57697833
57697834
57697835
57697836
57697837
57697838
57697839
57697840
57697841
57697842
57697843
57697844
57697845
57697846
57697847
57697848
57697849
57697850
57697851
57697852
57697853
57697854
57697855
57697856
57697857
57697858
57697859
57697860
57697861
57697862
57697863
57697864
57697865
57697866
57697867
57697868
57697869
57697870
57697871
57697872
57697873
57697874
57697875
57697876
57697877
57697878
57697879
57697880
57697881
57697882
57697883
57697884
57697885
57697886
57697887
57697888
57697889
57697890
57697891
57697892
57697893
57697894
57697895
57697896
57697897
57697898
57697899
57697900
57697901
57697902
57697903
57697904
57697905
57697906
57697907
57697908
57697909
57697910
57697911
57697912
57697913
57697914
57697915
57697916
57697917
57697918
57697919
57697920
57697921
57697922
57697923
57697924
57697925
57697926
57697927
57697928
57697929
57697930
57697931
57697932
57697933
57697934
57697935
57697936
57697937
57697938
57697939
57697940
57697941
57697942
57697943
57697944
57697945
57697946
57697947
57697948
57697949
57697950
57697951
57697952
57697953
57697954
57697955
57697956
57697957
57697958
57697959
57697960
57697961
57697962
57697963
57697964
57697965
57697966
57697967
57697968
57697969
57697970
57697971
57697972
57697973
57697974
57697975
57697976
57697977
57697978
57697979
57697980
57697981
57697982
57697983
57697984
57697985
57697986
57697987
57697988
57697989
57697990
57697991
57697992
57697993
57697994
57697995
57697996
57697997
57697998
57697999
57698000
57698001
57698002
57698003
57698004
57698005
57698006
57698007
57698008
57698009
57698010
57698011
57698012
57698013
57698014
57698015
57698016
57698017
57698018
57698019
57698020
57698021
57698022
57698023
57698024
57698025
57698026
57698027
57698028
57698029
57698030
57698031
57698032
57698033
57698034
57698035
57698036
57698037
57698038
57698039
57698040
57698041
57698042
57698043
57698044
57698045
57698046
57698047
57698048
57698049
57698050
57698051
57698052
57698053
57698054
57698055
57698056
57698057
57698058
57698059
57698060
57698061
57698062
57698063
57698064
57698065
57698066
57698067
57698068
57698069
57698070
57698071
57698072
57698073
57698074
57698075
57698076
57698077
57698078
57698079
57698080
57698081
57698082
57698083
57698084
57698085
57698086
57698087
57698088
57698089
57698090
57698091
57698092
57698093
57698094
57698095
57698096
57698097
57698098
57698099
57698100
57698101
57698102
57698103
57698104
57698105
57698106
57698107
57698108
57698109
57698110
57698111
57698112
57698113
57698114
57698115
57698116
57698117
57698118
57698119
57698120
57698121
57698122
57698123
57698124
57698125
57698126
57698127
57698128
57698129
57698130
57698131
57698132
57698133
57698134
57698135
57698136
57698137
57698138
57698139
57698140
57698141
57698142
57698143
57698144
57698145
57698146
57698147
57698148
57698149
57698150
57698151
57698152
57698153
57698154
57698155
57698156
57698157
57698158
57698159
57698160
57698161
57698162
57698163
57698164
57698165
57698166
57698167
57698168
57698169
57698170
57698171
57698172
57698173
57698174
57698175
57698176
57698177
57698178
57698179
57698180
57698181
57698182
57698183
57698184
57698185
57698186
57698187
57698188
57698189
57698190
57698191
57698192
57698193
57698194
57698195
57698196
57698197
57698198
57698199
57698200
57698201
57698202
57698203
57698204
57698205
57698206
57698207
57698208
57698209
57698210
57698211
57698212
57698213
57698214
57698215
57698216
57698217
57698218
57698219
57698220
57698221
57698222
57698223
57698224
57698225
57698226
57698227
57698228
57698229
57698230
57698231
57698232
57698233
57698234
57698235
57698236
57698237
57698238
57698239
57698240
57698241
57698242
57698243
57698244
57698245
57698246
57698247
57698248
57698249
57698250
57698251
57698252
57698253
57698254
57698255
57698256
57698257
57698258
57698259
57698260
57698261
57698262
57698263
57698264
57698265
57698266
57698267
57698268
57698269
57698270
57698271
57698272
57698273
57698274
57698275
57698276
57698277
57698278
57698279
57698280
57698281
57698282
57698283
57698284
57698285
57698286
57698287
57698288
57698289
57698290
57698291
57698292
57698293
57698294
57698295
57698296
57698297
57698298
57698299
57698300
57698301
57698302
57698303
57698304
57698305
57698306
57698307
57698308
57698309
57698310
57698311
57698312
57698313
57698314
57698315
57698316
57698317
57698318
57698319
57698320
57698321
57698322
57698323
57698324
57698325
57698326
57698327
57698328
57698329
57698330
57698331
57698332
57698333
57698334
57698335
57698336
57698337
57698338
57698339
57698340
57698341
57698342
57698343
57698344
57698345
57698346
57698347
57698348
57698349
57698350
57698351
57698352
57698353
57698354
57698355
57698356
57698357
57698358
57698359
57698360
57698361
57698362
57698363
57698364
57698365
57698366
57698367
57698368
57698369
57698370
57698371
57698372
57698373
57698374
57698375
57698376
57698377
57698378
57698379
57698380
57698381
57698382
57698383
57698384
57698385
57698386
57698387
57698388
57698389
57698390
57698391
57698392
57698393
57698394
57698395
57698396
57698397
57698398
57698399
57698400
57698401
57698402
57698403
57698404
57698405
57698406
57698407
57698408
57698409
57698410
57698411
57698412
57698413
57698414
57698415
57698416
57698417
57698418
57698419
57698420
57698421
57698422
57698423
57698424
57698425
57698426
57698427
57698428
57698429
57698430
57698431
57698432
57698433
57698434
57698435
57698436
57698437
57698438
57698439
57698440
57698441
57698442
57698443
57698444
57698445
57698446
57698447
57698448
57698449
57698450
57698451
57698452
57698453
57698454
57698455
57698456
57698457
57698458
57698459
57698460
57698461
57698462
57698463
57698464
57698465
57698466
57698467
57698468
57698469
57698470
57698471
57698472
57698473
57698474
57698475
57698476
57698477
57698478
57698479
57698480
57698481
57698482
57698483
57698484
57698485
57698486
57698487
57698488
57698489
57698490
57698491
57698492
57698493
57698494
57698495
57698496
57698497
57698498
57698499
57698500
57698501
57698502
57698503
57698504
57698505
57698506
57698507
57698508
57698509
57698510
57698511
57698512
57698513
57698514
57698515
57698516
57698517
57698518
57698519
57698520
57698521
57698522
57698523
57698524
57698525
57698526
57698527
57698528
57698529
57698530
57698531
57698532
57698533
57698534
57698535
57698536
57698537
57698538
57698539
57698540
57698541
57698542
57698543
57698544
57698545
57698546
57698547
57698548
57698549
57698550
57698551
57698552
57698553
57698554
57698555
57698556
57698557
57698558
57698559
57698560
57698561
57698562
57698563
57698564
57698565
57698566
57698567
57698568
57698569
57698570
57698571
57698572
57698573
57698574
57698575
57698576
57698577
57698578
57698579
57698580
57698581
57698582
57698583
57698584
57698585
57698586
57698587
57698588
57698589
57698590
57698591
57698592
57698593
57698594
57698595
57698596
57698597
57698598
57698599
57698600
57698601
57698602
57698603
57698604
57698605
57698606
57698607
57698608
57698609
57698610
57698611
57698612
57698613
57698614
57698615
57698616
57698617
57698618
57698619
57698620
57698621
57698622
57698623
57698624
57698625
57698626
57698627
57698628
57698629
57698630
57698631
57698632
57698633
57698634
57698635
57698636
57698637
57698638
57698639
57698640
57698641
57698642
57698643
57698644
57698645
57698646
57698647
57698648
57698649
57698650
57698651
57698652
57698653
57698654
57698655
57698656
57698657
57698658
57698659
57698660
57698661
57698662
57698663
57698664
57698665
57698666
57698667
57698668
57698669
57698670
57698671
57698672
57698673
57698674
57698675
57698676
57698677
57698678
57698679
57698680
57698681
57698682
57698683
57698684
57698685
57698686
57698687
57698688
57698689
57698690
57698691
57698692
57698693
57698694
57698695
57698696
57698697
57698698
57698699
57698700
57698701
57698702
57698703
57698704
57698705
57698706
57698707
57698708
57698709
57698710
57698711
57698712
57698713
57698714
57698715
57698716
57698717
57698718
57698719
57698720
57698721
57698722
57698723
57698724
57698725
57698726
57698727
57698728
57698729
57698730
57698731
57698732
57698733
57698734
57698735
57698736
57698737
57698738
57698739
57698740
57698741
57698742
57698743
57698744
57698745
57698746
57698747
57698748
57698749
57698750
57698751
57698752
57698753
57698754
57698755
57698756
57698757
57698758
57698759
57698760
57698761
57698762
57698763
57698764
57698765
57698766
57698767
57698768
57698769
57698770
57698771
57698772
57698773
57698774
57698775
57698776
57698777
57698778
57698779
57698780
57698781
57698782
57698783
57698784
57698785
57698786
57698787
57698788
57698789
57698790
57698791
57698792
57698793
57698794
57698795
57698796
57698797
57698798
57698799
57698800
57698801
57698802
57698803
57698804
57698805
57698806
57698807
57698808
57698809
57698810
57698811
57698812
57698813
57698814
57698815
57698816
57698817
57698818
57698819
57698820
57698821
57698822
57698823
57698824
57698825
57698826
57698827
57698828
57698829
57698830
57698831
57698832
57698833
57698834
57698835
57698836
57698837
57698838
57698839
57698840
57698841
57698842
57698843
57698844
57698845
57698846
57698847
57698848
57698849
57698850
57698851
57698852
57698853
57698854
57698855
57698856
57698857
57698858
57698859
57698860
57698861
57698862
57698863
57698864
57698865
57698866
57698867
57698868
57698869
57698870
57698871
57698872
57698873
57698874
57698875
57698876
57698877
57698878
57698879
57698880
57698881
57698882
57698883
57698884
57698885
57698886
57698887
57698888
57698889
