58788890
58788891
58788892
58788893
58788894
58788895
58788896
58788897
58788898
58788899
58788900
58788901
58788902
58788903
58788904
58788905
58788906
58788907
58788908
58788909
58788910
58788911
58788912
58788913
58788914
58788915
58788916
58788917
58788918
58788919
58788920
58788921
58788922
58788923
58788924
58788925
58788926
58788927
58788928
58788929
58788930
58788931
58788932
58788933
58788934
58788935
58788936
58788937
58788938
58788939
58788940
58788941
58788942
58788943
58788944
58788945
58788946
58788947
58788948
58788949
58788950
58788951
58788952
58788953
58788954
58788955
58788956
58788957
58788958
58788959
58788960
58788961
58788962
58788963
58788964
58788965
58788966
58788967
58788968
58788969
58788970
58788971
58788972
58788973
58788974
58788975
58788976
58788977
58788978
58788979
58788980
58788981
58788982
58788983
58788984
58788985
58788986
58788987
58788988
58788989
58788990
58788991
58788992
58788993
58788994
58788995
58788996
58788997
58788998
58788999
58789000
58789001
58789002
58789003
58789004
58789005
58789006
58789007
58789008
58789009
58789010
58789011
58789012
58789013
58789014
58789015
58789016
58789017
58789018
58789019
58789020
58789021
58789022
58789023
58789024
58789025
58789026
58789027
58789028
58789029
58789030
58789031
58789032
58789033
58789034
58789035
58789036
58789037
58789038
58789039
58789040
58789041
58789042
58789043
58789044
58789045
58789046
58789047
58789048
58789049
58789050
58789051
58789052
58789053
58789054
58789055
58789056
58789057
58789058
58789059
58789060
58789061
58789062
58789063
58789064
58789065
58789066
58789067
58789068
58789069
58789070
58789071
58789072
58789073
58789074
58789075
58789076
58789077
58789078
58789079
58789080
58789081
58789082
58789083
58789084
58789085
58789086
58789087
58789088
58789089
58789090
58789091
58789092
58789093
58789094
58789095
58789096
58789097
58789098
58789099
58789100
58789101
58789102
58789103
58789104
58789105
58789106
58789107
58789108
58789109
58789110
58789111
58789112
58789113
58789114
58789115
58789116
58789117
58789118
58789119
58789120
58789121
58789122
58789123
58789124
58789125
58789126
58789127
58789128
58789129
58789130
58789131
58789132
58789133
58789134
58789135
58789136
58789137
58789138
58789139
58789140
58789141
58789142
58789143
58789144
58789145
58789146
58789147
58789148
58789149
58789150
58789151
58789152
58789153
58789154
58789155
58789156
58789157
58789158
58789159
58789160
58789161
58789162
58789163
58789164
58789165
58789166
58789167
58789168
58789169
58789170
58789171
58789172
58789173
58789174
58789175
58789176
58789177
58789178
58789179
58789180
58789181
58789182
58789183
58789184
58789185
58789186
58789187
58789188
58789189
58789190
58789191
58789192
58789193
58789194
58789195
58789196
58789197
58789198
58789199
58789200
58789201
58789202
58789203
58789204
58789205
58789206
58789207
58789208
58789209
58789210
58789211
58789212
58789213
58789214
58789215
58789216
58789217
58789218
58789219
58789220
58789221
58789222
58789223
58789224
58789225
58789226
58789227
58789228
58789229
58789230
58789231
58789232
58789233
58789234
58789235
58789236
58789237
58789238
58789239
58789240
58789241
58789242
58789243
58789244
58789245
58789246
58789247
58789248
58789249
58789250
58789251
58789252
58789253
58789254
58789255
58789256
58789257
58789258
58789259
58789260
58789261
58789262
58789263
58789264
58789265
58789266
58789267
58789268
58789269
58789270
58789271
58789272
58789273
58789274
58789275
58789276
58789277
58789278
58789279
58789280
58789281
58789282
58789283
58789284
58789285
58789286
58789287
58789288
58789289
58789290
58789291
58789292
58789293
58789294
58789295
58789296
58789297
58789298
58789299
58789300
58789301
58789302
58789303
58789304
58789305
58789306
58789307
58789308
58789309
58789310
58789311
58789312
58789313
58789314
58789315
58789316
58789317
58789318
58789319
58789320
58789321
58789322
58789323
58789324
58789325
58789326
58789327
58789328
58789329
58789330
58789331
58789332
58789333
58789334
58789335
58789336
58789337
58789338
58789339
58789340
58789341
58789342
58789343
58789344
58789345
58789346
58789347
58789348
58789349
58789350
58789351
58789352
58789353
58789354
58789355
58789356
58789357
58789358
58789359
58789360
58789361
58789362
58789363
58789364
58789365
58789366
58789367
58789368
58789369
58789370
58789371
58789372
58789373
58789374
58789375
58789376
58789377
58789378
58789379
58789380
58789381
58789382
58789383
58789384
58789385
58789386
58789387
58789388
58789389
58789390
58789391
58789392
58789393
58789394
58789395
58789396
58789397
58789398
58789399
58789400
58789401
58789402
58789403
58789404
58789405
58789406
58789407
58789408
58789409
58789410
58789411
58789412
58789413
58789414
58789415
58789416
58789417
58789418
58789419
58789420
58789421
58789422
58789423
58789424
58789425
58789426
58789427
58789428
58789429
58789430
58789431
58789432
58789433
58789434
58789435
58789436
58789437
58789438
58789439
58789440
58789441
58789442
58789443
58789444
58789445
58789446
58789447
58789448
58789449
58789450
58789451
58789452
58789453
58789454
58789455
58789456
58789457
58789458
58789459
58789460
58789461
58789462
58789463
58789464
58789465
58789466
58789467
58789468
58789469
58789470
58789471
58789472
58789473
58789474
58789475
58789476
58789477
58789478
58789479
58789480
58789481
58789482
58789483
58789484
58789485
58789486
58789487
58789488
58789489
58789490
58789491
58789492
58789493
58789494
58789495
58789496
58789497
58789498
58789499
58789500
58789501
58789502
58789503
58789504
58789505
58789506
58789507
58789508
58789509
58789510
58789511
58789512
58789513
58789514
58789515
58789516
58789517
58789518
58789519
58789520
58789521
58789522
58789523
58789524
58789525
58789526
58789527
58789528
58789529
58789530
58789531
58789532
58789533
58789534
58789535
58789536
58789537
58789538
58789539
58789540
58789541
58789542
58789543
58789544
58789545
58789546
58789547
58789548
58789549
58789550
58789551
58789552
58789553
58789554
58789555
58789556
58789557
58789558
58789559
58789560
58789561
58789562
58789563
58789564
58789565
58789566
58789567
58789568
58789569
58789570
58789571
58789572
58789573
58789574
58789575
58789576
58789577
58789578
58789579
58789580
58789581
58789582
58789583
58789584
58789585
58789586
58789587
58789588
58789589
58789590
58789591
58789592
58789593
58789594
58789595
58789596
58789597
58789598
58789599
58789600
58789601
58789602
58789603
58789604
58789605
58789606
58789607
58789608
58789609
58789610
58789611
58789612
58789613
58789614
58789615
58789616
58789617
58789618
58789619
58789620
58789621
58789622
58789623
58789624
58789625
58789626
58789627
58789628
58789629
58789630
58789631
58789632
58789633
58789634
58789635
58789636
58789637
58789638
58789639
58789640
58789641
58789642
58789643
58789644
58789645
58789646
58789647
58789648
58789649
58789650
58789651
58789652
58789653
58789654
58789655
58789656
58789657
58789658
58789659
58789660
58789661
58789662
58789663
58789664
58789665
58789666
58789667
58789668
58789669
58789670
58789671
58789672
58789673
58789674
58789675
58789676
58789677
58789678
58789679
58789680
58789681
58789682
58789683
58789684
58789685
58789686
58789687
58789688
58789689
58789690
58789691
58789692
58789693
58789694
58789695
58789696
58789697
58789698
58789699
58789700
58789701
58789702
58789703
58789704
58789705
58789706
58789707
58789708
58789709
58789710
58789711
58789712
58789713
58789714
58789715
58789716
58789717
58789718
58789719
58789720
58789721
58789722
58789723
58789724
58789725
58789726
58789727
58789728
58789729
58789730
58789731
58789732
58789733
58789734
58789735
58789736
58789737
58789738
58789739
58789740
58789741
58789742
58789743
58789744
58789745
58789746
58789747
58789748
58789749
58789750
58789751
58789752
58789753
58789754
58789755
58789756
58789757
58789758
58789759
58789760
58789761
58789762
58789763
58789764
58789765
58789766
58789767
58789768
58789769
58789770
58789771
58789772
58789773
58789774
58789775
58789776
58789777
58789778
58789779
58789780
58789781
58789782
58789783
58789784
58789785
58789786
58789787
58789788
58789789
58789790
58789791
58789792
58789793
58789794
58789795
58789796
58789797
58789798
58789799
58789800
58789801
58789802
58789803
58789804
58789805
58789806
58789807
58789808
58789809
58789810
58789811
58789812
58789813
58789814
58789815
58789816
58789817
58789818
58789819
58789820
58789821
58789822
58789823
58789824
58789825
58789826
58789827
58789828
58789829
58789830
58789831
58789832
58789833
58789834
58789835
58789836
58789837
58789838
58789839
58789840
58789841
58789842
58789843
58789844
58789845
58789846
58789847
58789848
58789849
58789850
58789851
58789852
58789853
58789854
58789855
58789856
58789857
58789858
58789859
58789860
58789861
58789862
58789863
58789864
58789865
58789866
58789867
58789868
58789869
58789870
58789871
58789872
58789873
58789874
58789875
58789876
58789877
58789878
58789879
58789880
58789881
58789882
58789883
58789884
58789885
58789886
58789887
58789888
58789889
58789890
58789891
58789892
58789893
58789894
58789895
58789896
58789897
58789898
58789899
58789900
58789901
58789902
58789903
58789904
58789905
58789906
58789907
58789908
58789909
58789910
58789911
58789912
58789913
58789914
58789915
58789916
58789917
58789918
58789919
58789920
58789921
58789922
58789923
58789924
58789925
58789926
58789927
58789928
58789929
58789930
58789931
58789932
58789933
58789934
58789935
58789936
58789937
58789938
58789939
58789940
58789941
58789942
58789943
58789944
58789945
58789946
58789947
58789948
58789949
58789950
58789951
58789952
58789953
58789954
58789955
58789956
58789957
58789958
58789959
58789960
58789961
58789962
58789963
58789964
58789965
58789966
58789967
58789968
58789969
58789970
58789971
58789972
58789973
58789974
58789975
58789976
58789977
58789978
58789979
58789980
58789981
58789982
58789983
58789984
58789985
58789986
58789987
58789988
58789989
58789990
58789991
58789992
58789993
58789994
58789995
58789996
58789997
58789998
58789999
58790000
58790001
58790002
58790003
58790004
58790005
58790006
58790007
58790008
58790009
58790010
58790011
58790012
58790013
58790014
58790015
58790016
58790017
58790018
58790019
58790020
58790021
58790022
58790023
58790024
58790025
58790026
58790027
58790028
58790029
58790030
58790031
58790032
58790033
58790034
58790035
58790036
58790037
58790038
58790039
58790040
58790041
58790042
58790043
58790044
58790045
58790046
58790047
58790048
58790049
58790050
58790051
58790052
58790053
58790054
58790055
58790056
58790057
58790058
58790059
58790060
58790061
58790062
58790063
58790064
58790065
58790066
58790067
58790068
58790069
58790070
58790071
58790072
58790073
58790074
58790075
58790076
58790077
58790078
58790079
58790080
58790081
58790082
58790083
58790084
58790085
58790086
58790087
58790088
58790089
58790090
58790091
58790092
58790093
58790094
58790095
58790096
58790097
58790098
58790099
58790100
58790101
58790102
58790103
58790104
58790105
58790106
58790107
58790108
58790109
58790110
58790111
58790112
58790113
58790114
58790115
58790116
58790117
58790118
58790119
58790120
58790121
58790122
58790123
58790124
58790125
58790126
58790127
58790128
58790129
58790130
58790131
58790132
58790133
58790134
58790135
58790136
58790137
58790138
58790139
58790140
58790141
58790142
58790143
58790144
58790145
58790146
58790147
58790148
58790149
58790150
58790151
58790152
58790153
58790154
58790155
58790156
58790157
58790158
58790159
58790160
58790161
58790162
58790163
58790164
58790165
58790166
58790167
58790168
58790169
58790170
58790171
58790172
58790173
58790174
58790175
58790176
58790177
58790178
58790179
58790180
58790181
58790182
58790183
58790184
58790185
58790186
58790187
58790188
58790189
58790190
58790191
58790192
58790193
58790194
58790195
58790196
58790197
58790198
58790199
58790200
58790201
58790202
58790203
58790204
58790205
58790206
58790207
58790208
58790209
58790210
58790211
58790212
58790213
58790214
58790215
58790216
58790217
58790218
58790219
58790220
58790221
58790222
58790223
58790224
58790225
58790226
58790227
58790228
58790229
58790230
58790231
58790232
58790233
58790234
58790235
58790236
58790237
58790238
58790239
58790240
58790241
58790242
58790243
58790244
58790245
58790246
58790247
58790248
58790249
58790250
58790251
58790252
58790253
58790254
58790255
58790256
58790257
58790258
58790259
58790260
58790261
58790262
58790263
58790264
58790265
58790266
58790267
58790268
58790269
58790270
58790271
58790272
58790273
58790274
58790275
58790276
58790277
58790278
58790279
58790280
58790281
58790282
58790283
58790284
58790285
58790286
58790287
58790288
58790289
58790290
58790291
58790292
58790293
58790294
58790295
58790296
58790297
58790298
58790299
58790300
58790301
58790302
58790303
58790304
58790305
58790306
58790307
58790308
58790309
58790310
58790311
58790312
58790313
58790314
58790315
58790316
58790317
58790318
58790319
58790320
58790321
58790322
58790323
58790324
58790325
58790326
58790327
58790328
58790329
58790330
58790331
58790332
58790333
58790334
58790335
58790336
58790337
58790338
58790339
58790340
58790341
58790342
58790343
58790344
58790345
58790346
58790347
58790348
58790349
58790350
58790351
58790352
58790353
58790354
58790355
58790356
58790357
58790358
58790359
58790360
58790361
58790362
58790363
58790364
58790365
58790366
58790367
58790368
58790369
58790370
58790371
58790372
58790373
58790374
58790375
58790376
58790377
58790378
58790379
58790380
58790381
58790382
58790383
58790384
58790385
58790386
58790387
58790388
58790389
58790390
58790391
58790392
58790393
58790394
58790395
58790396
58790397
58790398
58790399
58790400
58790401
58790402
58790403
58790404
58790405
58790406
58790407
58790408
58790409
58790410
58790411
58790412
58790413
58790414
58790415
58790416
58790417
58790418
58790419
58790420
58790421
58790422
58790423
58790424
58790425
58790426
58790427
58790428
58790429
58790430
58790431
58790432
58790433
58790434
58790435
58790436
58790437
58790438
58790439
58790440
58790441
58790442
58790443
58790444
58790445
58790446
58790447
58790448
58790449
58790450
58790451
58790452
58790453
58790454
58790455
58790456
58790457
58790458
58790459
58790460
58790461
58790462
58790463
58790464
58790465
58790466
58790467
58790468
58790469
58790470
58790471
58790472
58790473
58790474
58790475
58790476
58790477
58790478
58790479
58790480
58790481
58790482
58790483
58790484
58790485
58790486
58790487
58790488
58790489
58790490
58790491
58790492
58790493
58790494
58790495
58790496
58790497
58790498
58790499
58790500
58790501
58790502
58790503
58790504
58790505
58790506
58790507
58790508
58790509
58790510
58790511
58790512
58790513
58790514
58790515
58790516
58790517
58790518
58790519
58790520
58790521
58790522
58790523
58790524
58790525
58790526
58790527
58790528
58790529
58790530
58790531
58790532
58790533
58790534
58790535
58790536
58790537
58790538
58790539
58790540
58790541
58790542
58790543
58790544
58790545
58790546
58790547
58790548
58790549
58790550
58790551
58790552
58790553
58790554
58790555
58790556
58790557
58790558
58790559
58790560
58790561
58790562
58790563
58790564
58790565
58790566
58790567
58790568
58790569
58790570
58790571
58790572
58790573
58790574
58790575
58790576
58790577
58790578
58790579
58790580
58790581
58790582
58790583
58790584
58790585
58790586
58790587
58790588
58790589
58790590
58790591
58790592
58790593
58790594
58790595
58790596
58790597
58790598
58790599
58790600
58790601
58790602
58790603
58790604
58790605
58790606
58790607
58790608
58790609
58790610
58790611
58790612
58790613
58790614
58790615
58790616
58790617
58790618
58790619
58790620
58790621
58790622
58790623
58790624
58790625
58790626
58790627
58790628
58790629
58790630
58790631
58790632
58790633
58790634
58790635
58790636
58790637
58790638
58790639
58790640
58790641
58790642
58790643
58790644
58790645
58790646
58790647
58790648
58790649
58790650
58790651
58790652
58790653
58790654
58790655
58790656
58790657
58790658
58790659
58790660
58790661
58790662
58790663
58790664
58790665
58790666
58790667
58790668
58790669
58790670
58790671
58790672
58790673
58790674
58790675
58790676
58790677
58790678
58790679
58790680
58790681
58790682
58790683
58790684
58790685
58790686
58790687
58790688
58790689
58790690
58790691
58790692
58790693
58790694
58790695
58790696
58790697
58790698
58790699
58790700
58790701
58790702
58790703
58790704
58790705
58790706
58790707
58790708
58790709
58790710
58790711
58790712
58790713
58790714
58790715
58790716
58790717
58790718
58790719
58790720
58790721
58790722
58790723
58790724
58790725
58790726
58790727
58790728
58790729
58790730
58790731
58790732
58790733
58790734
58790735
58790736
58790737
58790738
58790739
58790740
58790741
58790742
58790743
58790744
58790745
58790746
58790747
58790748
58790749
58790750
58790751
58790752
58790753
58790754
58790755
58790756
58790757
58790758
58790759
58790760
58790761
58790762
58790763
58790764
58790765
58790766
58790767
58790768
58790769
58790770
58790771
58790772
58790773
58790774
58790775
58790776
58790777
58790778
58790779
58790780
58790781
58790782
58790783
58790784
58790785
58790786
58790787
58790788
58790789
58790790
58790791
58790792
58790793
58790794
58790795
58790796
58790797
58790798
58790799
58790800
58790801
58790802
58790803
58790804
58790805
58790806
58790807
58790808
58790809
58790810
58790811
58790812
58790813
58790814
58790815
58790816
58790817
58790818
58790819
58790820
58790821
58790822
58790823
58790824
58790825
58790826
58790827
58790828
58790829
58790830
58790831
58790832
58790833
58790834
58790835
58790836
58790837
58790838
58790839
58790840
58790841
58790842
58790843
58790844
58790845
58790846
58790847
58790848
58790849
58790850
58790851
58790852
58790853
58790854
58790855
58790856
58790857
58790858
58790859
58790860
58790861
58790862
58790863
58790864
58790865
58790866
58790867
58790868
58790869
58790870
58790871
58790872
58790873
58790874
58790875
58790876
58790877
58790878
58790879
58790880
58790881
58790882
58790883
58790884
58790885
58790886
58790887
58790888
58790889
58790890
58790891
58790892
58790893
58790894
58790895
58790896
58790897
58790898
58790899
58790900
58790901
58790902
58790903
58790904
58790905
58790906
58790907
58790908
58790909
58790910
58790911
58790912
58790913
58790914
58790915
58790916
58790917
58790918
58790919
58790920
58790921
58790922
58790923
58790924
58790925
58790926
58790927
58790928
58790929
58790930
58790931
58790932
58790933
58790934
58790935
58790936
58790937
58790938
58790939
58790940
58790941
58790942
58790943
58790944
58790945
58790946
58790947
58790948
58790949
58790950
58790951
58790952
58790953
58790954
58790955
58790956
58790957
58790958
58790959
58790960
58790961
58790962
58790963
58790964
58790965
58790966
58790967
58790968
58790969
58790970
58790971
58790972
58790973
58790974
58790975
58790976
58790977
58790978
58790979
58790980
58790981
58790982
58790983
58790984
58790985
58790986
58790987
58790988
58790989
58790990
58790991
58790992
58790993
58790994
58790995
58790996
58790997
58790998
58790999
58791000
58791001
58791002
58791003
58791004
58791005
58791006
58791007
58791008
58791009
58791010
58791011
58791012
58791013
58791014
58791015
58791016
58791017
58791018
58791019
58791020
58791021
58791022
58791023
58791024
58791025
58791026
58791027
58791028
58791029
58791030
58791031
58791032
58791033
58791034
58791035
58791036
58791037
58791038
58791039
58791040
58791041
58791042
58791043
58791044
58791045
58791046
58791047
58791048
58791049
58791050
58791051
58791052
58791053
58791054
58791055
58791056
58791057
58791058
58791059
58791060
58791061
58791062
58791063
58791064
58791065
58791066
58791067
58791068
58791069
58791070
58791071
58791072
58791073
58791074
58791075
58791076
58791077
58791078
58791079
58791080
58791081
58791082
58791083
58791084
58791085
58791086
58791087
58791088
58791089
58791090
58791091
58791092
58791093
58791094
58791095
58791096
58791097
58791098
58791099
58791100
58791101
58791102
58791103
58791104
58791105
58791106
58791107
58791108
58791109
58791110
58791111
58791112
58791113
58791114
58791115
58791116
58791117
58791118
58791119
58791120
58791121
58791122
58791123
58791124
58791125
58791126
58791127
58791128
58791129
58791130
58791131
58791132
58791133
58791134
58791135
58791136
58791137
58791138
58791139
58791140
58791141
58791142
58791143
58791144
58791145
58791146
58791147
58791148
58791149
58791150
58791151
58791152
58791153
58791154
58791155
58791156
58791157
58791158
58791159
58791160
58791161
58791162
58791163
58791164
58791165
58791166
58791167
58791168
58791169
58791170
58791171
58791172
58791173
58791174
58791175
58791176
58791177
58791178
58791179
58791180
58791181
58791182
58791183
58791184
58791185
58791186
58791187
58791188
58791189
58791190
58791191
58791192
58791193
58791194
58791195
58791196
58791197
58791198
58791199
58791200
58791201
58791202
58791203
58791204
58791205
58791206
58791207
58791208
58791209
58791210
58791211
58791212
58791213
58791214
58791215
58791216
58791217
58791218
58791219
58791220
58791221
58791222
58791223
58791224
58791225
58791226
58791227
58791228
58791229
58791230
58791231
58791232
58791233
58791234
58791235
58791236
58791237
58791238
58791239
58791240
58791241
58791242
58791243
58791244
58791245
58791246
58791247
58791248
58791249
58791250
58791251
58791252
58791253
58791254
58791255
58791256
58791257
58791258
58791259
58791260
58791261
58791262
58791263
58791264
58791265
58791266
58791267
58791268
58791269
58791270
58791271
58791272
58791273
58791274
58791275
58791276
58791277
58791278
58791279
58791280
58791281
58791282
58791283
58791284
58791285
58791286
58791287
58791288
58791289
58791290
58791291
58791292
58791293
58791294
58791295
58791296
58791297
58791298
58791299
58791300
58791301
58791302
58791303
58791304
58791305
58791306
58791307
58791308
58791309
58791310
58791311
58791312
58791313
58791314
58791315
58791316
58791317
58791318
58791319
58791320
58791321
58791322
58791323
58791324
58791325
58791326
58791327
58791328
58791329
58791330
58791331
58791332
58791333
58791334
58791335
58791336
58791337
58791338
58791339
58791340
58791341
58791342
58791343
58791344
58791345
58791346
58791347
58791348
58791349
58791350
58791351
58791352
58791353
58791354
58791355
58791356
58791357
58791358
58791359
58791360
58791361
58791362
58791363
58791364
58791365
58791366
58791367
58791368
58791369
58791370
58791371
58791372
58791373
58791374
58791375
58791376
58791377
58791378
58791379
58791380
58791381
58791382
58791383
58791384
58791385
58791386
58791387
58791388
58791389
58791390
58791391
58791392
58791393
58791394
58791395
58791396
58791397
58791398
58791399
58791400
58791401
58791402
58791403
58791404
58791405
58791406
58791407
58791408
58791409
58791410
58791411
58791412
58791413
58791414
58791415
58791416
58791417
58791418
58791419
58791420
58791421
58791422
58791423
58791424
58791425
58791426
58791427
58791428
58791429
58791430
58791431
58791432
58791433
58791434
58791435
58791436
58791437
58791438
58791439
58791440
58791441
58791442
58791443
58791444
58791445
58791446
58791447
58791448
58791449
58791450
58791451
58791452
58791453
58791454
58791455
58791456
58791457
58791458
58791459
58791460
58791461
58791462
58791463
58791464
58791465
58791466
58791467
58791468
58791469
58791470
58791471
58791472
58791473
58791474
58791475
58791476
58791477
58791478
58791479
58791480
58791481
58791482
58791483
58791484
58791485
58791486
58791487
58791488
58791489
58791490
58791491
58791492
58791493
58791494
58791495
58791496
58791497
58791498
58791499
58791500
58791501
58791502
58791503
58791504
58791505
58791506
58791507
58791508
58791509
58791510
58791511
58791512
58791513
58791514
58791515
58791516
58791517
58791518
58791519
58791520
58791521
58791522
58791523
58791524
58791525
58791526
58791527
58791528
58791529
58791530
58791531
58791532
58791533
58791534
58791535
58791536
58791537
58791538
58791539
58791540
58791541
58791542
58791543
58791544
58791545
58791546
58791547
58791548
58791549
58791550
58791551
58791552
58791553
58791554
58791555
58791556
58791557
58791558
58791559
58791560
58791561
58791562
58791563
58791564
58791565
58791566
58791567
58791568
58791569
58791570
58791571
58791572
58791573
58791574
58791575
58791576
58791577
58791578
58791579
58791580
58791581
58791582
58791583
58791584
58791585
58791586
58791587
58791588
58791589
58791590
58791591
58791592
58791593
58791594
58791595
58791596
58791597
58791598
58791599
58791600
58791601
58791602
58791603
58791604
58791605
58791606
58791607
58791608
58791609
58791610
58791611
58791612
58791613
58791614
58791615
58791616
58791617
58791618
58791619
58791620
58791621
58791622
58791623
58791624
58791625
58791626
58791627
58791628
58791629
58791630
58791631
58791632
58791633
58791634
58791635
58791636
58791637
58791638
58791639
58791640
58791641
58791642
58791643
58791644
58791645
58791646
58791647
58791648
58791649
58791650
58791651
58791652
58791653
58791654
58791655
58791656
58791657
58791658
58791659
58791660
58791661
58791662
58791663
58791664
58791665
58791666
58791667
58791668
58791669
58791670
58791671
58791672
58791673
58791674
58791675
58791676
58791677
58791678
58791679
58791680
58791681
58791682
58791683
58791684
58791685
58791686
58791687
58791688
58791689
58791690
58791691
58791692
58791693
58791694
58791695
58791696
58791697
58791698
58791699
58791700
58791701
58791702
58791703
58791704
58791705
58791706
58791707
58791708
58791709
58791710
58791711
58791712
58791713
58791714
58791715
58791716
58791717
58791718
58791719
58791720
58791721
58791722
58791723
58791724
58791725
58791726
58791727
58791728
58791729
58791730
58791731
58791732
58791733
58791734
58791735
58791736
58791737
58791738
58791739
58791740
58791741
58791742
58791743
58791744
58791745
58791746
58791747
58791748
58791749
58791750
58791751
58791752
58791753
58791754
58791755
58791756
58791757
58791758
58791759
58791760
58791761
58791762
58791763
58791764
58791765
58791766
58791767
58791768
58791769
58791770
58791771
58791772
58791773
58791774
58791775
58791776
58791777
58791778
58791779
58791780
58791781
58791782
58791783
58791784
58791785
58791786
58791787
58791788
58791789
58791790
58791791
58791792
58791793
58791794
58791795
58791796
58791797
58791798
58791799
58791800
58791801
58791802
58791803
58791804
58791805
58791806
58791807
58791808
58791809
58791810
58791811
58791812
58791813
58791814
58791815
58791816
58791817
58791818
58791819
58791820
58791821
58791822
58791823
58791824
58791825
58791826
58791827
58791828
58791829
58791830
58791831
58791832
58791833
58791834
58791835
58791836
58791837
58791838
58791839
58791840
58791841
58791842
58791843
58791844
58791845
58791846
58791847
58791848
58791849
58791850
58791851
58791852
58791853
58791854
58791855
58791856
58791857
58791858
58791859
58791860
58791861
58791862
58791863
58791864
58791865
58791866
58791867
58791868
58791869
58791870
58791871
58791872
58791873
58791874
58791875
58791876
58791877
58791878
58791879
58791880
58791881
58791882
58791883
58791884
58791885
58791886
58791887
58791888
58791889
58791890
58791891
58791892
58791893
58791894
58791895
58791896
58791897
58791898
58791899
58791900
58791901
58791902
58791903
58791904
58791905
58791906
58791907
58791908
58791909
58791910
58791911
58791912
58791913
58791914
58791915
58791916
58791917
58791918
58791919
58791920
58791921
58791922
58791923
58791924
58791925
58791926
58791927
58791928
58791929
58791930
58791931
58791932
58791933
58791934
58791935
58791936
58791937
58791938
58791939
58791940
58791941
58791942
58791943
58791944
58791945
58791946
58791947
58791948
58791949
58791950
58791951
58791952
58791953
58791954
58791955
58791956
58791957
58791958
58791959
58791960
58791961
58791962
58791963
58791964
58791965
58791966
58791967
58791968
58791969
58791970
58791971
58791972
58791973
58791974
58791975
58791976
58791977
58791978
58791979
58791980
58791981
58791982
58791983
58791984
58791985
58791986
58791987
58791988
58791989
58791990
58791991
58791992
58791993
58791994
58791995
58791996
58791997
58791998
58791999
58792000
58792001
58792002
58792003
58792004
58792005
58792006
58792007
58792008
58792009
58792010
58792011
58792012
58792013
58792014
58792015
58792016
58792017
58792018
58792019
58792020
58792021
58792022
58792023
58792024
58792025
58792026
58792027
58792028
58792029
58792030
58792031
58792032
58792033
58792034
58792035
58792036
58792037
58792038
58792039
58792040
58792041
58792042
58792043
58792044
58792045
58792046
58792047
58792048
58792049
58792050
58792051
58792052
58792053
58792054
58792055
58792056
58792057
58792058
58792059
58792060
58792061
58792062
58792063
58792064
58792065
58792066
58792067
58792068
58792069
58792070
58792071
58792072
58792073
58792074
58792075
58792076
58792077
58792078
58792079
58792080
58792081
58792082
58792083
58792084
58792085
58792086
58792087
58792088
58792089
58792090
58792091
58792092
58792093
58792094
58792095
58792096
58792097
58792098
58792099
58792100
58792101
58792102
58792103
58792104
58792105
58792106
58792107
58792108
58792109
58792110
58792111
58792112
58792113
58792114
58792115
58792116
58792117
58792118
58792119
58792120
58792121
58792122
58792123
58792124
58792125
58792126
58792127
58792128
58792129
58792130
58792131
58792132
58792133
58792134
58792135
58792136
58792137
58792138
58792139
58792140
58792141
58792142
58792143
58792144
58792145
58792146
58792147
58792148
58792149
58792150
58792151
58792152
58792153
58792154
58792155
58792156
58792157
58792158
58792159
58792160
58792161
58792162
58792163
58792164
58792165
58792166
58792167
58792168
58792169
58792170
58792171
58792172
58792173
58792174
58792175
58792176
58792177
58792178
58792179
58792180
58792181
58792182
58792183
58792184
58792185
58792186
58792187
58792188
58792189
58792190
58792191
58792192
58792193
58792194
58792195
58792196
58792197
58792198
58792199
58792200
58792201
58792202
58792203
58792204
58792205
58792206
58792207
58792208
58792209
58792210
58792211
58792212
58792213
58792214
58792215
58792216
58792217
58792218
58792219
58792220
58792221
58792222
58792223
58792224
58792225
58792226
58792227
58792228
58792229
58792230
58792231
58792232
58792233
58792234
58792235
58792236
58792237
58792238
58792239
58792240
58792241
58792242
58792243
58792244
58792245
58792246
58792247
58792248
58792249
58792250
58792251
58792252
58792253
58792254
58792255
58792256
58792257
58792258
58792259
58792260
58792261
58792262
58792263
58792264
58792265
58792266
58792267
58792268
58792269
58792270
58792271
58792272
58792273
58792274
58792275
58792276
58792277
58792278
58792279
58792280
58792281
58792282
58792283
58792284
58792285
58792286
58792287
58792288
58792289
58792290
58792291
58792292
58792293
58792294
58792295
58792296
58792297
58792298
58792299
58792300
58792301
58792302
58792303
58792304
58792305
58792306
58792307
58792308
58792309
58792310
58792311
58792312
58792313
58792314
58792315
58792316
58792317
58792318
58792319
58792320
58792321
58792322
58792323
58792324
58792325
58792326
58792327
58792328
58792329
58792330
58792331
58792332
58792333
58792334
58792335
58792336
58792337
58792338
58792339
58792340
58792341
58792342
58792343
58792344
58792345
58792346
58792347
58792348
58792349
58792350
58792351
58792352
58792353
58792354
58792355
58792356
58792357
58792358
58792359
58792360
58792361
58792362
58792363
58792364
58792365
58792366
58792367
58792368
58792369
58792370
58792371
58792372
58792373
58792374
58792375
58792376
58792377
58792378
58792379
58792380
58792381
58792382
58792383
58792384
58792385
58792386
58792387
58792388
58792389
58792390
58792391
58792392
58792393
58792394
58792395
58792396
58792397
58792398
58792399
58792400
58792401
58792402
58792403
58792404
58792405
58792406
58792407
58792408
58792409
58792410
58792411
58792412
58792413
58792414
58792415
58792416
58792417
58792418
58792419
58792420
58792421
58792422
58792423
58792424
58792425
58792426
58792427
58792428
58792429
58792430
58792431
58792432
58792433
58792434
58792435
58792436
58792437
58792438
58792439
58792440
58792441
58792442
58792443
58792444
58792445
58792446
58792447
58792448
58792449
58792450
58792451
58792452
58792453
58792454
58792455
58792456
58792457
58792458
58792459
58792460
58792461
58792462
58792463
58792464
58792465
58792466
58792467
58792468
58792469
58792470
58792471
58792472
58792473
58792474
58792475
58792476
58792477
58792478
58792479
58792480
58792481
58792482
58792483
58792484
58792485
58792486
58792487
58792488
58792489
58792490
58792491
58792492
58792493
58792494
58792495
58792496
58792497
58792498
58792499
58792500
58792501
58792502
58792503
58792504
58792505
58792506
58792507
58792508
58792509
58792510
58792511
58792512
58792513
58792514
58792515
58792516
58792517
58792518
58792519
58792520
58792521
58792522
58792523
58792524
58792525
58792526
58792527
58792528
58792529
58792530
58792531
58792532
58792533
58792534
58792535
58792536
58792537
58792538
58792539
58792540
58792541
58792542
58792543
58792544
58792545
58792546
58792547
58792548
58792549
58792550
58792551
58792552
58792553
58792554
58792555
58792556
58792557
58792558
58792559
58792560
58792561
58792562
58792563
58792564
58792565
58792566
58792567
58792568
58792569
58792570
58792571
58792572
58792573
58792574
58792575
58792576
58792577
58792578
58792579
58792580
58792581
58792582
58792583
58792584
58792585
58792586
58792587
58792588
58792589
58792590
58792591
58792592
58792593
58792594
58792595
58792596
58792597
58792598
58792599
58792600
58792601
58792602
58792603
58792604
58792605
58792606
58792607
58792608
58792609
58792610
58792611
58792612
58792613
58792614
58792615
58792616
58792617
58792618
58792619
58792620
58792621
58792622
58792623
58792624
58792625
58792626
58792627
58792628
58792629
58792630
58792631
58792632
58792633
58792634
58792635
58792636
58792637
58792638
58792639
58792640
58792641
58792642
58792643
58792644
58792645
58792646
58792647
58792648
58792649
58792650
58792651
58792652
58792653
58792654
58792655
58792656
58792657
58792658
58792659
58792660
58792661
58792662
58792663
58792664
58792665
58792666
58792667
58792668
58792669
58792670
58792671
58792672
58792673
58792674
58792675
58792676
58792677
58792678
58792679
58792680
58792681
58792682
58792683
58792684
58792685
58792686
58792687
58792688
58792689
58792690
58792691
58792692
58792693
58792694
58792695
58792696
58792697
58792698
58792699
58792700
58792701
58792702
58792703
58792704
58792705
58792706
58792707
58792708
58792709
58792710
58792711
58792712
58792713
58792714
58792715
58792716
58792717
58792718
58792719
58792720
58792721
58792722
58792723
58792724
58792725
58792726
58792727
58792728
58792729
58792730
58792731
58792732
58792733
58792734
58792735
58792736
58792737
58792738
58792739
58792740
58792741
58792742
58792743
58792744
58792745
58792746
58792747
58792748
58792749
58792750
58792751
58792752
58792753
58792754
58792755
58792756
58792757
58792758
58792759
58792760
58792761
58792762
58792763
58792764
58792765
58792766
58792767
58792768
58792769
58792770
58792771
58792772
58792773
58792774
58792775
58792776
58792777
58792778
58792779
58792780
58792781
58792782
58792783
58792784
58792785
58792786
58792787
58792788
58792789
58792790
58792791
58792792
58792793
58792794
58792795
58792796
58792797
58792798
58792799
58792800
58792801
58792802
58792803
58792804
58792805
58792806
58792807
58792808
58792809
58792810
58792811
58792812
58792813
58792814
58792815
58792816
58792817
58792818
58792819
58792820
58792821
58792822
58792823
58792824
58792825
58792826
58792827
58792828
58792829
58792830
58792831
58792832
58792833
58792834
58792835
58792836
58792837
58792838
58792839
58792840
58792841
58792842
58792843
58792844
58792845
58792846
58792847
58792848
58792849
58792850
58792851
58792852
58792853
58792854
58792855
58792856
58792857
58792858
58792859
58792860
58792861
58792862
58792863
58792864
58792865
58792866
58792867
58792868
58792869
58792870
58792871
58792872
58792873
58792874
58792875
58792876
58792877
58792878
58792879
58792880
58792881
58792882
58792883
58792884
58792885
58792886
58792887
58792888
58792889
58792890
58792891
58792892
58792893
58792894
58792895
58792896
58792897
58792898
58792899
58792900
58792901
58792902
58792903
58792904
58792905
58792906
58792907
58792908
58792909
58792910
58792911
58792912
58792913
58792914
58792915
58792916
58792917
58792918
58792919
58792920
58792921
58792922
58792923
58792924
58792925
58792926
58792927
58792928
58792929
58792930
58792931
58792932
58792933
58792934
58792935
58792936
58792937
58792938
58792939
58792940
58792941
58792942
58792943
58792944
58792945
58792946
58792947
58792948
58792949
58792950
58792951
58792952
58792953
58792954
58792955
58792956
58792957
58792958
58792959
58792960
58792961
58792962
58792963
58792964
58792965
58792966
58792967
58792968
58792969
58792970
58792971
58792972
58792973
58792974
58792975
58792976
58792977
58792978
58792979
58792980
58792981
58792982
58792983
58792984
58792985
58792986
58792987
58792988
58792989
58792990
58792991
58792992
58792993
58792994
58792995
58792996
58792997
58792998
58792999
58793000
58793001
58793002
58793003
58793004
58793005
58793006
58793007
58793008
58793009
58793010
58793011
58793012
58793013
58793014
58793015
58793016
58793017
58793018
58793019
58793020
58793021
58793022
58793023
58793024
58793025
58793026
58793027
58793028
58793029
58793030
58793031
58793032
58793033
58793034
58793035
58793036
58793037
58793038
58793039
58793040
58793041
58793042
58793043
58793044
58793045
58793046
58793047
58793048
58793049
58793050
58793051
58793052
58793053
58793054
58793055
58793056
58793057
58793058
58793059
58793060
58793061
58793062
58793063
58793064
58793065
58793066
58793067
58793068
58793069
58793070
58793071
58793072
58793073
58793074
58793075
58793076
58793077
58793078
58793079
58793080
58793081
58793082
58793083
58793084
58793085
58793086
58793087
58793088
58793089
58793090
58793091
58793092
58793093
58793094
58793095
58793096
58793097
58793098
58793099
58793100
58793101
58793102
58793103
58793104
58793105
58793106
58793107
58793108
58793109
58793110
58793111
58793112
58793113
58793114
58793115
58793116
58793117
58793118
58793119
58793120
58793121
58793122
58793123
58793124
58793125
58793126
58793127
58793128
58793129
58793130
58793131
58793132
58793133
58793134
58793135
58793136
58793137
58793138
58793139
58793140
58793141
58793142
58793143
58793144
58793145
58793146
58793147
58793148
58793149
58793150
58793151
58793152
58793153
58793154
58793155
58793156
58793157
58793158
58793159
58793160
58793161
58793162
58793163
58793164
58793165
58793166
58793167
58793168
58793169
58793170
58793171
58793172
58793173
58793174
58793175
58793176
58793177
58793178
58793179
58793180
58793181
58793182
58793183
58793184
58793185
58793186
58793187
58793188
58793189
58793190
58793191
58793192
58793193
58793194
58793195
58793196
58793197
58793198
58793199
58793200
58793201
58793202
58793203
58793204
58793205
58793206
58793207
58793208
58793209
58793210
58793211
58793212
58793213
58793214
58793215
58793216
58793217
58793218
58793219
58793220
58793221
58793222
58793223
58793224
58793225
58793226
58793227
58793228
58793229
58793230
58793231
58793232
58793233
58793234
58793235
58793236
58793237
58793238
58793239
58793240
58793241
58793242
58793243
58793244
58793245
58793246
58793247
58793248
58793249
58793250
58793251
58793252
58793253
58793254
58793255
58793256
58793257
58793258
58793259
58793260
58793261
58793262
58793263
58793264
58793265
58793266
58793267
58793268
58793269
58793270
58793271
58793272
58793273
58793274
58793275
58793276
58793277
58793278
58793279
58793280
58793281
58793282
58793283
58793284
58793285
58793286
58793287
58793288
58793289
58793290
58793291
58793292
58793293
58793294
58793295
58793296
58793297
58793298
58793299
58793300
58793301
58793302
58793303
58793304
58793305
58793306
58793307
58793308
58793309
58793310
58793311
58793312
58793313
58793314
58793315
58793316
58793317
58793318
58793319
58793320
58793321
58793322
58793323
58793324
58793325
58793326
58793327
58793328
58793329
58793330
58793331
58793332
58793333
58793334
58793335
58793336
58793337
58793338
58793339
58793340
58793341
58793342
58793343
58793344
58793345
58793346
58793347
58793348
58793349
58793350
58793351
58793352
58793353
58793354
58793355
58793356
58793357
58793358
58793359
58793360
58793361
58793362
58793363
58793364
58793365
58793366
58793367
58793368
58793369
58793370
58793371
58793372
58793373
58793374
58793375
58793376
58793377
58793378
58793379
58793380
58793381
58793382
58793383
58793384
58793385
58793386
58793387
58793388
58793389
58793390
58793391
58793392
58793393
58793394
58793395
58793396
58793397
58793398
58793399
58793400
58793401
58793402
58793403
58793404
58793405
58793406
58793407
58793408
58793409
58793410
58793411
58793412
58793413
58793414
58793415
58793416
58793417
58793418
58793419
58793420
58793421
58793422
58793423
58793424
58793425
58793426
58793427
58793428
58793429
58793430
58793431
58793432
58793433
58793434
58793435
58793436
58793437
58793438
58793439
58793440
58793441
58793442
58793443
58793444
58793445
58793446
58793447
58793448
58793449
58793450
58793451
58793452
58793453
58793454
58793455
58793456
58793457
58793458
58793459
58793460
58793461
58793462
58793463
58793464
58793465
58793466
58793467
58793468
58793469
58793470
58793471
58793472
58793473
58793474
58793475
58793476
58793477
58793478
58793479
58793480
58793481
58793482
58793483
58793484
58793485
58793486
58793487
58793488
58793489
58793490
58793491
58793492
58793493
58793494
58793495
58793496
58793497
58793498
58793499
58793500
58793501
58793502
58793503
58793504
58793505
58793506
58793507
58793508
58793509
58793510
58793511
58793512
58793513
58793514
58793515
58793516
58793517
58793518
58793519
58793520
58793521
58793522
58793523
58793524
58793525
58793526
58793527
58793528
58793529
58793530
58793531
58793532
58793533
58793534
58793535
58793536
58793537
58793538
58793539
58793540
58793541
58793542
58793543
58793544
58793545
58793546
58793547
58793548
58793549
58793550
58793551
58793552
58793553
58793554
58793555
58793556
58793557
58793558
58793559
58793560
58793561
58793562
58793563
58793564
58793565
58793566
58793567
58793568
58793569
58793570
58793571
58793572
58793573
58793574
58793575
58793576
58793577
58793578
58793579
58793580
58793581
58793582
58793583
58793584
58793585
58793586
58793587
58793588
58793589
58793590
58793591
58793592
58793593
58793594
58793595
58793596
58793597
58793598
58793599
58793600
58793601
58793602
58793603
58793604
58793605
58793606
58793607
58793608
58793609
58793610
58793611
58793612
58793613
58793614
58793615
58793616
58793617
58793618
58793619
58793620
58793621
58793622
58793623
58793624
58793625
58793626
58793627
58793628
58793629
58793630
58793631
58793632
58793633
58793634
58793635
58793636
58793637
58793638
58793639
58793640
58793641
58793642
58793643
58793644
58793645
58793646
58793647
58793648
58793649
58793650
58793651
58793652
58793653
58793654
58793655
58793656
58793657
58793658
58793659
58793660
58793661
58793662
58793663
58793664
58793665
58793666
58793667
58793668
58793669
58793670
58793671
58793672
58793673
58793674
58793675
58793676
58793677
58793678
58793679
58793680
58793681
58793682
58793683
58793684
58793685
58793686
58793687
58793688
58793689
58793690
58793691
58793692
58793693
58793694
58793695
58793696
58793697
58793698
58793699
58793700
58793701
58793702
58793703
58793704
58793705
58793706
58793707
58793708
58793709
58793710
58793711
58793712
58793713
58793714
58793715
58793716
58793717
58793718
58793719
58793720
58793721
58793722
58793723
58793724
58793725
58793726
58793727
58793728
58793729
58793730
58793731
58793732
58793733
58793734
58793735
58793736
58793737
58793738
58793739
58793740
58793741
58793742
58793743
58793744
58793745
58793746
58793747
58793748
58793749
58793750
58793751
58793752
58793753
58793754
58793755
58793756
58793757
58793758
58793759
58793760
58793761
58793762
58793763
58793764
58793765
58793766
58793767
58793768
58793769
58793770
58793771
58793772
58793773
58793774
58793775
58793776
58793777
58793778
58793779
58793780
58793781
58793782
58793783
58793784
58793785
58793786
58793787
58793788
58793789
58793790
58793791
58793792
58793793
58793794
58793795
58793796
58793797
58793798
58793799
58793800
58793801
58793802
58793803
58793804
58793805
58793806
58793807
58793808
58793809
58793810
58793811
58793812
58793813
58793814
58793815
58793816
58793817
58793818
58793819
58793820
58793821
58793822
58793823
58793824
58793825
58793826
58793827
58793828
58793829
58793830
58793831
58793832
58793833
58793834
58793835
58793836
58793837
58793838
58793839
58793840
58793841
58793842
58793843
58793844
58793845
58793846
58793847
58793848
58793849
58793850
58793851
58793852
58793853
58793854
58793855
58793856
58793857
58793858
58793859
58793860
58793861
58793862
58793863
58793864
58793865
58793866
58793867
58793868
58793869
58793870
58793871
58793872
58793873
58793874
58793875
58793876
58793877
58793878
58793879
58793880
58793881
58793882
58793883
58793884
58793885
58793886
58793887
58793888
58793889
58793890
58793891
58793892
58793893
58793894
58793895
58793896
58793897
58793898
58793899
58793900
58793901
58793902
58793903
58793904
58793905
58793906
58793907
58793908
58793909
58793910
58793911
58793912
58793913
58793914
58793915
58793916
58793917
58793918
58793919
58793920
58793921
58793922
58793923
58793924
58793925
58793926
58793927
58793928
58793929
58793930
58793931
58793932
58793933
58793934
58793935
58793936
58793937
58793938
58793939
58793940
58793941
58793942
58793943
58793944
58793945
58793946
58793947
58793948
58793949
58793950
58793951
58793952
58793953
58793954
58793955
58793956
58793957
58793958
58793959
58793960
58793961
58793962
58793963
58793964
58793965
58793966
58793967
58793968
58793969
58793970
58793971
58793972
58793973
58793974
58793975
58793976
58793977
58793978
58793979
58793980
58793981
58793982
58793983
58793984
58793985
58793986
58793987
58793988
58793989
58793990
58793991
58793992
58793993
58793994
58793995
58793996
58793997
58793998
58793999
58794000
58794001
58794002
58794003
58794004
58794005
58794006
58794007
58794008
58794009
58794010
58794011
58794012
58794013
58794014
58794015
58794016
58794017
58794018
58794019
58794020
58794021
58794022
58794023
58794024
58794025
58794026
58794027
58794028
58794029
58794030
58794031
58794032
58794033
58794034
58794035
58794036
58794037
58794038
58794039
58794040
58794041
58794042
58794043
58794044
58794045
58794046
58794047
58794048
58794049
58794050
58794051
58794052
58794053
58794054
58794055
58794056
58794057
58794058
58794059
58794060
58794061
58794062
58794063
58794064
58794065
58794066
58794067
58794068
58794069
58794070
58794071
58794072
58794073
58794074
58794075
58794076
58794077
58794078
58794079
58794080
58794081
58794082
58794083
58794084
58794085
58794086
58794087
58794088
58794089
58794090
58794091
58794092
58794093
58794094
58794095
58794096
58794097
58794098
58794099
58794100
58794101
58794102
58794103
58794104
58794105
58794106
58794107
58794108
58794109
58794110
58794111
58794112
58794113
58794114
58794115
58794116
58794117
58794118
58794119
58794120
58794121
58794122
58794123
58794124
58794125
58794126
58794127
58794128
58794129
58794130
58794131
58794132
58794133
58794134
58794135
58794136
58794137
58794138
58794139
58794140
58794141
58794142
58794143
58794144
58794145
58794146
58794147
58794148
58794149
58794150
58794151
58794152
58794153
58794154
58794155
58794156
58794157
58794158
58794159
58794160
58794161
58794162
58794163
58794164
58794165
58794166
58794167
58794168
58794169
58794170
58794171
58794172
58794173
58794174
58794175
58794176
58794177
58794178
58794179
58794180
58794181
58794182
58794183
58794184
58794185
58794186
58794187
58794188
58794189
58794190
58794191
58794192
58794193
58794194
58794195
58794196
58794197
58794198
58794199
58794200
58794201
58794202
58794203
58794204
58794205
58794206
58794207
58794208
58794209
58794210
58794211
58794212
58794213
58794214
58794215
58794216
58794217
58794218
58794219
58794220
58794221
58794222
58794223
58794224
58794225
58794226
58794227
58794228
58794229
58794230
58794231
58794232
58794233
58794234
58794235
58794236
58794237
58794238
58794239
58794240
58794241
58794242
58794243
58794244
58794245
58794246
58794247
58794248
58794249
58794250
58794251
58794252
58794253
58794254
58794255
58794256
58794257
58794258
58794259
58794260
58794261
58794262
58794263
58794264
58794265
58794266
58794267
58794268
58794269
58794270
58794271
58794272
58794273
58794274
58794275
58794276
58794277
58794278
58794279
58794280
58794281
58794282
58794283
58794284
58794285
58794286
58794287
58794288
58794289
58794290
58794291
58794292
58794293
58794294
58794295
58794296
58794297
58794298
58794299
58794300
58794301
58794302
58794303
58794304
58794305
58794306
58794307
58794308
58794309
58794310
58794311
58794312
58794313
58794314
58794315
58794316
58794317
58794318
58794319
58794320
58794321
58794322
58794323
58794324
58794325
58794326
58794327
58794328
58794329
58794330
58794331
58794332
58794333
58794334
58794335
58794336
58794337
58794338
58794339
58794340
58794341
58794342
58794343
58794344
58794345
58794346
58794347
58794348
58794349
58794350
58794351
58794352
58794353
58794354
58794355
58794356
58794357
58794358
58794359
58794360
58794361
58794362
58794363
58794364
58794365
58794366
58794367
58794368
58794369
58794370
58794371
58794372
58794373
58794374
58794375
58794376
58794377
58794378
58794379
58794380
58794381
58794382
58794383
58794384
58794385
58794386
58794387
58794388
58794389
58794390
58794391
58794392
58794393
58794394
58794395
58794396
58794397
58794398
58794399
58794400
58794401
58794402
58794403
58794404
58794405
58794406
58794407
58794408
58794409
58794410
58794411
58794412
58794413
58794414
58794415
58794416
58794417
58794418
58794419
58794420
58794421
58794422
58794423
58794424
58794425
58794426
58794427
58794428
58794429
58794430
58794431
58794432
58794433
58794434
58794435
58794436
58794437
58794438
58794439
58794440
58794441
58794442
58794443
58794444
58794445
58794446
58794447
58794448
58794449
58794450
58794451
58794452
58794453
58794454
58794455
58794456
58794457
58794458
58794459
58794460
58794461
58794462
58794463
58794464
58794465
58794466
58794467
58794468
58794469
58794470
58794471
58794472
58794473
58794474
58794475
58794476
58794477
58794478
58794479
58794480
58794481
58794482
58794483
58794484
58794485
58794486
58794487
58794488
58794489
58794490
58794491
58794492
58794493
58794494
58794495
58794496
58794497
58794498
58794499
58794500
58794501
58794502
58794503
58794504
58794505
58794506
58794507
58794508
58794509
58794510
58794511
58794512
58794513
58794514
58794515
58794516
58794517
58794518
58794519
58794520
58794521
58794522
58794523
58794524
58794525
58794526
58794527
58794528
58794529
58794530
58794531
58794532
58794533
58794534
58794535
58794536
58794537
58794538
58794539
58794540
58794541
58794542
58794543
58794544
58794545
58794546
58794547
58794548
58794549
58794550
58794551
58794552
58794553
58794554
58794555
58794556
58794557
58794558
58794559
58794560
58794561
58794562
58794563
58794564
58794565
58794566
58794567
58794568
58794569
58794570
58794571
58794572
58794573
58794574
58794575
58794576
58794577
58794578
58794579
58794580
58794581
58794582
58794583
58794584
58794585
58794586
58794587
58794588
58794589
58794590
58794591
58794592
58794593
58794594
58794595
58794596
58794597
58794598
58794599
58794600
58794601
58794602
58794603
58794604
58794605
58794606
58794607
58794608
58794609
58794610
58794611
58794612
58794613
58794614
58794615
58794616
58794617
58794618
58794619
58794620
58794621
58794622
58794623
58794624
58794625
58794626
58794627
58794628
58794629
58794630
58794631
58794632
58794633
58794634
58794635
58794636
58794637
58794638
58794639
58794640
58794641
58794642
58794643
58794644
58794645
58794646
58794647
58794648
58794649
58794650
58794651
58794652
58794653
58794654
58794655
58794656
58794657
58794658
58794659
58794660
58794661
58794662
58794663
58794664
58794665
58794666
58794667
58794668
58794669
58794670
58794671
58794672
58794673
58794674
58794675
58794676
58794677
58794678
58794679
58794680
58794681
58794682
58794683
58794684
58794685
58794686
58794687
58794688
58794689
58794690
58794691
58794692
58794693
58794694
58794695
58794696
58794697
58794698
58794699
58794700
58794701
58794702
58794703
58794704
58794705
58794706
58794707
58794708
58794709
58794710
58794711
58794712
58794713
58794714
58794715
58794716
58794717
58794718
58794719
58794720
58794721
58794722
58794723
58794724
58794725
58794726
58794727
58794728
58794729
58794730
58794731
58794732
58794733
58794734
58794735
58794736
58794737
58794738
58794739
58794740
58794741
58794742
58794743
58794744
58794745
58794746
58794747
58794748
58794749
58794750
58794751
58794752
58794753
58794754
58794755
58794756
58794757
58794758
58794759
58794760
58794761
58794762
58794763
58794764
58794765
58794766
58794767
58794768
58794769
58794770
58794771
58794772
58794773
58794774
58794775
58794776
58794777
58794778
58794779
58794780
58794781
58794782
58794783
58794784
58794785
58794786
58794787
58794788
58794789
58794790
58794791
58794792
58794793
58794794
58794795
58794796
58794797
58794798
58794799
58794800
58794801
58794802
58794803
58794804
58794805
58794806
58794807
58794808
58794809
58794810
58794811
58794812
58794813
58794814
58794815
58794816
58794817
58794818
58794819
58794820
58794821
58794822
58794823
58794824
58794825
58794826
58794827
58794828
58794829
58794830
58794831
58794832
58794833
58794834
58794835
58794836
58794837
58794838
58794839
58794840
58794841
58794842
58794843
58794844
58794845
58794846
58794847
58794848
58794849
58794850
58794851
58794852
58794853
58794854
58794855
58794856
58794857
58794858
58794859
58794860
58794861
58794862
58794863
58794864
58794865
58794866
58794867
58794868
58794869
58794870
58794871
58794872
58794873
58794874
58794875
58794876
58794877
58794878
58794879
58794880
58794881
58794882
58794883
58794884
58794885
58794886
58794887
58794888
58794889
58794890
58794891
58794892
58794893
58794894
58794895
58794896
58794897
58794898
58794899
58794900
58794901
58794902
58794903
58794904
58794905
58794906
58794907
58794908
58794909
58794910
58794911
58794912
58794913
58794914
58794915
58794916
58794917
58794918
58794919
58794920
58794921
58794922
58794923
58794924
58794925
58794926
58794927
58794928
58794929
58794930
58794931
58794932
58794933
58794934
58794935
58794936
58794937
58794938
58794939
58794940
58794941
58794942
58794943
58794944
58794945
58794946
58794947
58794948
58794949
58794950
58794951
58794952
58794953
58794954
58794955
58794956
58794957
58794958
58794959
58794960
58794961
58794962
58794963
58794964
58794965
58794966
58794967
58794968
58794969
58794970
58794971
58794972
58794973
58794974
58794975
58794976
58794977
58794978
58794979
58794980
58794981
58794982
58794983
58794984
58794985
58794986
58794987
58794988
58794989
58794990
58794991
58794992
58794993
58794994
58794995
58794996
58794997
58794998
58794999
58795000
58795001
58795002
58795003
58795004
58795005
58795006
58795007
58795008
58795009
58795010
58795011
58795012
58795013
58795014
58795015
58795016
58795017
58795018
58795019
58795020
58795021
58795022
58795023
58795024
58795025
58795026
58795027
58795028
58795029
58795030
58795031
58795032
58795033
58795034
58795035
58795036
58795037
58795038
58795039
58795040
58795041
58795042
58795043
58795044
58795045
58795046
58795047
58795048
58795049
58795050
58795051
58795052
58795053
58795054
58795055
58795056
58795057
58795058
58795059
58795060
58795061
58795062
58795063
58795064
58795065
58795066
58795067
58795068
58795069
58795070
58795071
58795072
58795073
58795074
58795075
58795076
58795077
58795078
58795079
58795080
58795081
58795082
58795083
58795084
58795085
58795086
58795087
58795088
58795089
58795090
58795091
58795092
58795093
58795094
58795095
58795096
58795097
58795098
58795099
58795100
58795101
58795102
58795103
58795104
58795105
58795106
58795107
58795108
58795109
58795110
58795111
58795112
58795113
58795114
58795115
58795116
58795117
58795118
58795119
58795120
58795121
58795122
58795123
58795124
58795125
58795126
58795127
58795128
58795129
58795130
58795131
58795132
58795133
58795134
58795135
58795136
58795137
58795138
58795139
58795140
58795141
58795142
58795143
58795144
58795145
58795146
58795147
58795148
58795149
58795150
58795151
58795152
58795153
58795154
58795155
58795156
58795157
58795158
58795159
58795160
58795161
58795162
58795163
58795164
58795165
58795166
58795167
58795168
58795169
58795170
58795171
58795172
58795173
58795174
58795175
58795176
58795177
58795178
58795179
58795180
58795181
58795182
58795183
58795184
58795185
58795186
58795187
58795188
58795189
58795190
58795191
58795192
58795193
58795194
58795195
58795196
58795197
58795198
58795199
58795200
58795201
58795202
58795203
58795204
58795205
58795206
58795207
58795208
58795209
58795210
58795211
58795212
58795213
58795214
58795215
58795216
58795217
58795218
58795219
58795220
58795221
58795222
58795223
58795224
58795225
58795226
58795227
58795228
58795229
58795230
58795231
58795232
58795233
58795234
58795235
58795236
58795237
58795238
58795239
58795240
58795241
58795242
58795243
58795244
58795245
58795246
58795247
58795248
58795249
58795250
58795251
58795252
58795253
58795254
58795255
58795256
58795257
58795258
58795259
58795260
58795261
58795262
58795263
58795264
58795265
58795266
58795267
58795268
58795269
58795270
58795271
58795272
58795273
58795274
58795275
58795276
58795277
58795278
58795279
58795280
58795281
58795282
58795283
58795284
58795285
58795286
58795287
58795288
58795289
58795290
58795291
58795292
58795293
58795294
58795295
58795296
58795297
58795298
58795299
58795300
58795301
58795302
58795303
58795304
58795305
58795306
58795307
58795308
58795309
58795310
58795311
58795312
58795313
58795314
58795315
58795316
58795317
58795318
58795319
58795320
58795321
58795322
58795323
58795324
58795325
58795326
58795327
58795328
58795329
58795330
58795331
58795332
58795333
58795334
58795335
58795336
58795337
58795338
58795339
58795340
58795341
58795342
58795343
58795344
58795345
58795346
58795347
58795348
58795349
58795350
58795351
58795352
58795353
58795354
58795355
58795356
58795357
58795358
58795359
58795360
58795361
58795362
58795363
58795364
58795365
58795366
58795367
58795368
58795369
58795370
58795371
58795372
58795373
58795374
58795375
58795376
58795377
58795378
58795379
58795380
58795381
58795382
58795383
58795384
58795385
58795386
58795387
58795388
58795389
58795390
58795391
58795392
58795393
58795394
58795395
58795396
58795397
58795398
58795399
58795400
58795401
58795402
58795403
58795404
58795405
58795406
58795407
58795408
58795409
58795410
58795411
58795412
58795413
58795414
58795415
58795416
58795417
58795418
58795419
58795420
58795421
58795422
58795423
58795424
58795425
58795426
58795427
58795428
58795429
58795430
58795431
58795432
58795433
58795434
58795435
58795436
58795437
58795438
58795439
58795440
58795441
58795442
58795443
58795444
58795445
58795446
58795447
58795448
58795449
58795450
58795451
58795452
58795453
58795454
58795455
58795456
58795457
58795458
58795459
58795460
58795461
58795462
58795463
58795464
58795465
58795466
58795467
58795468
58795469
58795470
58795471
58795472
58795473
58795474
58795475
58795476
58795477
58795478
58795479
58795480
58795481
58795482
58795483
58795484
58795485
58795486
58795487
58795488
58795489
58795490
58795491
58795492
58795493
58795494
58795495
58795496
58795497
58795498
58795499
58795500
58795501
58795502
58795503
58795504
58795505
58795506
58795507
58795508
58795509
58795510
58795511
58795512
58795513
58795514
58795515
58795516
58795517
58795518
58795519
58795520
58795521
58795522
58795523
58795524
58795525
58795526
58795527
58795528
58795529
58795530
58795531
58795532
58795533
58795534
58795535
58795536
58795537
58795538
58795539
58795540
58795541
58795542
58795543
58795544
58795545
58795546
58795547
58795548
58795549
58795550
58795551
58795552
58795553
58795554
58795555
58795556
58795557
58795558
58795559
58795560
58795561
58795562
58795563
58795564
58795565
58795566
58795567
58795568
58795569
58795570
58795571
58795572
58795573
58795574
58795575
58795576
58795577
58795578
58795579
58795580
58795581
58795582
58795583
58795584
58795585
58795586
58795587
58795588
58795589
58795590
58795591
58795592
58795593
58795594
58795595
58795596
58795597
58795598
58795599
58795600
58795601
58795602
58795603
58795604
58795605
58795606
58795607
58795608
58795609
58795610
58795611
58795612
58795613
58795614
58795615
58795616
58795617
58795618
58795619
58795620
58795621
58795622
58795623
58795624
58795625
58795626
58795627
58795628
58795629
58795630
58795631
58795632
58795633
58795634
58795635
58795636
58795637
58795638
58795639
58795640
58795641
58795642
58795643
58795644
58795645
58795646
58795647
58795648
58795649
58795650
58795651
58795652
58795653
58795654
58795655
58795656
58795657
58795658
58795659
58795660
58795661
58795662
58795663
58795664
58795665
58795666
58795667
58795668
58795669
58795670
58795671
58795672
58795673
58795674
58795675
58795676
58795677
58795678
58795679
58795680
58795681
58795682
58795683
58795684
58795685
58795686
58795687
58795688
58795689
58795690
58795691
58795692
58795693
58795694
58795695
58795696
58795697
58795698
58795699
58795700
58795701
58795702
58795703
58795704
58795705
58795706
58795707
58795708
58795709
58795710
58795711
58795712
58795713
58795714
58795715
58795716
58795717
58795718
58795719
58795720
58795721
58795722
58795723
58795724
58795725
58795726
58795727
58795728
58795729
58795730
58795731
58795732
58795733
58795734
58795735
58795736
58795737
58795738
58795739
58795740
58795741
58795742
58795743
58795744
58795745
58795746
58795747
58795748
58795749
58795750
58795751
58795752
58795753
58795754
58795755
58795756
58795757
58795758
58795759
58795760
58795761
58795762
58795763
58795764
58795765
58795766
58795767
58795768
58795769
58795770
58795771
58795772
58795773
58795774
58795775
58795776
58795777
58795778
58795779
58795780
58795781
58795782
58795783
58795784
58795785
58795786
58795787
58795788
58795789
58795790
58795791
58795792
58795793
58795794
58795795
58795796
58795797
58795798
58795799
58795800
58795801
58795802
58795803
58795804
58795805
58795806
58795807
58795808
58795809
58795810
58795811
58795812
58795813
58795814
58795815
58795816
58795817
58795818
58795819
58795820
58795821
58795822
58795823
58795824
58795825
58795826
58795827
58795828
58795829
58795830
58795831
58795832
58795833
58795834
58795835
58795836
58795837
58795838
58795839
58795840
58795841
58795842
58795843
58795844
58795845
58795846
58795847
58795848
58795849
58795850
58795851
58795852
58795853
58795854
58795855
58795856
58795857
58795858
58795859
58795860
58795861
58795862
58795863
58795864
58795865
58795866
58795867
58795868
58795869
58795870
58795871
58795872
58795873
58795874
58795875
58795876
58795877
58795878
58795879
58795880
58795881
58795882
58795883
58795884
58795885
58795886
58795887
58795888
58795889
58795890
58795891
58795892
58795893
58795894
58795895
58795896
58795897
58795898
58795899
58795900
58795901
58795902
58795903
58795904
58795905
58795906
58795907
58795908
58795909
58795910
58795911
58795912
58795913
58795914
58795915
58795916
58795917
58795918
58795919
58795920
58795921
58795922
58795923
58795924
58795925
58795926
58795927
58795928
58795929
58795930
58795931
58795932
58795933
58795934
58795935
58795936
58795937
58795938
58795939
58795940
58795941
58795942
58795943
58795944
58795945
58795946
58795947
58795948
58795949
58795950
58795951
58795952
58795953
58795954
58795955
58795956
58795957
58795958
58795959
58795960
58795961
58795962
58795963
58795964
58795965
58795966
58795967
58795968
58795969
58795970
58795971
58795972
58795973
58795974
58795975
58795976
58795977
58795978
58795979
58795980
58795981
58795982
58795983
58795984
58795985
58795986
58795987
58795988
58795989
58795990
58795991
58795992
58795993
58795994
58795995
58795996
58795997
58795998
58795999
58796000
58796001
58796002
58796003
58796004
58796005
58796006
58796007
58796008
58796009
58796010
58796011
58796012
58796013
58796014
58796015
58796016
58796017
58796018
58796019
58796020
58796021
58796022
58796023
58796024
58796025
58796026
58796027
58796028
58796029
58796030
58796031
58796032
58796033
58796034
58796035
58796036
58796037
58796038
58796039
58796040
58796041
58796042
58796043
58796044
58796045
58796046
58796047
58796048
58796049
58796050
58796051
58796052
58796053
58796054
58796055
58796056
58796057
58796058
58796059
58796060
58796061
58796062
58796063
58796064
58796065
58796066
58796067
58796068
58796069
58796070
58796071
58796072
58796073
58796074
58796075
58796076
58796077
58796078
58796079
58796080
58796081
58796082
58796083
58796084
58796085
58796086
58796087
58796088
58796089
58796090
58796091
58796092
58796093
58796094
58796095
58796096
58796097
58796098
58796099
58796100
58796101
58796102
58796103
58796104
58796105
58796106
58796107
58796108
58796109
58796110
58796111
58796112
58796113
58796114
58796115
58796116
58796117
58796118
58796119
58796120
58796121
58796122
58796123
58796124
58796125
58796126
58796127
58796128
58796129
58796130
58796131
58796132
58796133
58796134
58796135
58796136
58796137
58796138
58796139
58796140
58796141
58796142
58796143
58796144
58796145
58796146
58796147
58796148
58796149
58796150
58796151
58796152
58796153
58796154
58796155
58796156
58796157
58796158
58796159
58796160
58796161
58796162
58796163
58796164
58796165
58796166
58796167
58796168
58796169
58796170
58796171
58796172
58796173
58796174
58796175
58796176
58796177
58796178
58796179
58796180
58796181
58796182
58796183
58796184
58796185
58796186
58796187
58796188
58796189
58796190
58796191
58796192
58796193
58796194
58796195
58796196
58796197
58796198
58796199
58796200
58796201
58796202
58796203
58796204
58796205
58796206
58796207
58796208
58796209
58796210
58796211
58796212
58796213
58796214
58796215
58796216
58796217
58796218
58796219
58796220
58796221
58796222
58796223
58796224
58796225
58796226
58796227
58796228
58796229
58796230
58796231
58796232
58796233
58796234
58796235
58796236
58796237
58796238
58796239
58796240
58796241
58796242
58796243
58796244
58796245
58796246
58796247
58796248
58796249
58796250
58796251
58796252
58796253
58796254
58796255
58796256
58796257
58796258
58796259
58796260
58796261
58796262
58796263
58796264
58796265
58796266
58796267
58796268
58796269
58796270
58796271
58796272
58796273
58796274
58796275
58796276
58796277
58796278
58796279
58796280
58796281
58796282
58796283
58796284
58796285
58796286
58796287
58796288
58796289
58796290
58796291
58796292
58796293
58796294
58796295
58796296
58796297
58796298
58796299
58796300
58796301
58796302
58796303
58796304
58796305
58796306
58796307
58796308
58796309
58796310
58796311
58796312
58796313
58796314
58796315
58796316
58796317
58796318
58796319
58796320
58796321
58796322
58796323
58796324
58796325
58796326
58796327
58796328
58796329
58796330
58796331
58796332
58796333
58796334
58796335
58796336
58796337
58796338
58796339
58796340
58796341
58796342
58796343
58796344
58796345
58796346
58796347
58796348
58796349
58796350
58796351
58796352
58796353
58796354
58796355
58796356
58796357
58796358
58796359
58796360
58796361
58796362
58796363
58796364
58796365
58796366
58796367
58796368
58796369
58796370
58796371
58796372
58796373
58796374
58796375
58796376
58796377
58796378
58796379
58796380
58796381
58796382
58796383
58796384
58796385
58796386
58796387
58796388
58796389
58796390
58796391
58796392
58796393
58796394
58796395
58796396
58796397
58796398
58796399
58796400
58796401
58796402
58796403
58796404
58796405
58796406
58796407
58796408
58796409
58796410
58796411
58796412
58796413
58796414
58796415
58796416
58796417
58796418
58796419
58796420
58796421
58796422
58796423
58796424
58796425
58796426
58796427
58796428
58796429
58796430
58796431
58796432
58796433
58796434
58796435
58796436
58796437
58796438
58796439
58796440
58796441
58796442
58796443
58796444
58796445
58796446
58796447
58796448
58796449
58796450
58796451
58796452
58796453
58796454
58796455
58796456
58796457
58796458
58796459
58796460
58796461
58796462
58796463
58796464
58796465
58796466
58796467
58796468
58796469
58796470
58796471
58796472
58796473
58796474
58796475
58796476
58796477
58796478
58796479
58796480
58796481
58796482
58796483
58796484
58796485
58796486
58796487
58796488
58796489
58796490
58796491
58796492
58796493
58796494
58796495
58796496
58796497
58796498
58796499
58796500
58796501
58796502
58796503
58796504
58796505
58796506
58796507
58796508
58796509
58796510
58796511
58796512
58796513
58796514
58796515
58796516
58796517
58796518
58796519
58796520
58796521
58796522
58796523
58796524
58796525
58796526
58796527
58796528
58796529
58796530
58796531
58796532
58796533
58796534
58796535
58796536
58796537
58796538
58796539
58796540
58796541
58796542
58796543
58796544
58796545
58796546
58796547
58796548
58796549
58796550
58796551
58796552
58796553
58796554
58796555
58796556
58796557
58796558
58796559
58796560
58796561
58796562
58796563
58796564
58796565
58796566
58796567
58796568
58796569
58796570
58796571
58796572
58796573
58796574
58796575
58796576
58796577
58796578
58796579
58796580
58796581
58796582
58796583
58796584
58796585
58796586
58796587
58796588
58796589
58796590
58796591
58796592
58796593
58796594
58796595
58796596
58796597
58796598
58796599
58796600
58796601
58796602
58796603
58796604
58796605
58796606
58796607
58796608
58796609
58796610
58796611
58796612
58796613
58796614
58796615
58796616
58796617
58796618
58796619
58796620
58796621
58796622
58796623
58796624
58796625
58796626
58796627
58796628
58796629
58796630
58796631
58796632
58796633
58796634
58796635
58796636
58796637
58796638
58796639
58796640
58796641
58796642
58796643
58796644
58796645
58796646
58796647
58796648
58796649
58796650
58796651
58796652
58796653
58796654
58796655
58796656
58796657
58796658
58796659
58796660
58796661
58796662
58796663
58796664
58796665
58796666
58796667
58796668
58796669
58796670
58796671
58796672
58796673
58796674
58796675
58796676
58796677
58796678
58796679
58796680
58796681
58796682
58796683
58796684
58796685
58796686
58796687
58796688
58796689
58796690
58796691
58796692
58796693
58796694
58796695
58796696
58796697
58796698
58796699
58796700
58796701
58796702
58796703
58796704
58796705
58796706
58796707
58796708
58796709
58796710
58796711
58796712
58796713
58796714
58796715
58796716
58796717
58796718
58796719
58796720
58796721
58796722
58796723
58796724
58796725
58796726
58796727
58796728
58796729
58796730
58796731
58796732
58796733
58796734
58796735
58796736
58796737
58796738
58796739
58796740
58796741
58796742
58796743
58796744
58796745
58796746
58796747
58796748
58796749
58796750
58796751
58796752
58796753
58796754
58796755
58796756
58796757
58796758
58796759
58796760
58796761
58796762
58796763
58796764
58796765
58796766
58796767
58796768
58796769
58796770
58796771
58796772
58796773
58796774
58796775
58796776
58796777
58796778
58796779
58796780
58796781
58796782
58796783
58796784
58796785
58796786
58796787
58796788
58796789
58796790
58796791
58796792
58796793
58796794
58796795
58796796
58796797
58796798
58796799
58796800
58796801
58796802
58796803
58796804
58796805
58796806
58796807
58796808
58796809
58796810
58796811
58796812
58796813
58796814
58796815
58796816
58796817
58796818
58796819
58796820
58796821
58796822
58796823
58796824
58796825
58796826
58796827
58796828
58796829
58796830
58796831
58796832
58796833
58796834
58796835
58796836
58796837
58796838
58796839
58796840
58796841
58796842
58796843
58796844
58796845
58796846
58796847
58796848
58796849
58796850
58796851
58796852
58796853
58796854
58796855
58796856
58796857
58796858
58796859
58796860
58796861
58796862
58796863
58796864
58796865
58796866
58796867
58796868
58796869
58796870
58796871
58796872
58796873
58796874
58796875
58796876
58796877
58796878
58796879
58796880
58796881
58796882
58796883
58796884
58796885
58796886
58796887
58796888
58796889
58796890
58796891
58796892
58796893
58796894
58796895
58796896
58796897
58796898
58796899
58796900
58796901
58796902
58796903
58796904
58796905
58796906
58796907
58796908
58796909
58796910
58796911
58796912
58796913
58796914
58796915
58796916
58796917
58796918
58796919
58796920
58796921
58796922
58796923
58796924
58796925
58796926
58796927
58796928
58796929
58796930
58796931
58796932
58796933
58796934
58796935
58796936
58796937
58796938
58796939
58796940
58796941
58796942
58796943
58796944
58796945
58796946
58796947
58796948
58796949
58796950
58796951
58796952
58796953
58796954
58796955
58796956
58796957
58796958
58796959
58796960
58796961
58796962
58796963
58796964
58796965
58796966
58796967
58796968
58796969
58796970
58796971
58796972
58796973
58796974
58796975
58796976
58796977
58796978
58796979
58796980
58796981
58796982
58796983
58796984
58796985
58796986
58796987
58796988
58796989
58796990
58796991
58796992
58796993
58796994
58796995
58796996
58796997
58796998
58796999
58797000
58797001
58797002
58797003
58797004
58797005
58797006
58797007
58797008
58797009
58797010
58797011
58797012
58797013
58797014
58797015
58797016
58797017
58797018
58797019
58797020
58797021
58797022
58797023
58797024
58797025
58797026
58797027
58797028
58797029
58797030
58797031
58797032
58797033
58797034
58797035
58797036
58797037
58797038
58797039
58797040
58797041
58797042
58797043
58797044
58797045
58797046
58797047
58797048
58797049
58797050
58797051
58797052
58797053
58797054
58797055
58797056
58797057
58797058
58797059
58797060
58797061
58797062
58797063
58797064
58797065
58797066
58797067
58797068
58797069
58797070
58797071
58797072
58797073
58797074
58797075
58797076
58797077
58797078
58797079
58797080
58797081
58797082
58797083
58797084
58797085
58797086
58797087
58797088
58797089
58797090
58797091
58797092
58797093
58797094
58797095
58797096
58797097
58797098
58797099
58797100
58797101
58797102
58797103
58797104
58797105
58797106
58797107
58797108
58797109
58797110
58797111
58797112
58797113
58797114
58797115
58797116
58797117
58797118
58797119
58797120
58797121
58797122
58797123
58797124
58797125
58797126
58797127
58797128
58797129
58797130
58797131
58797132
58797133
58797134
58797135
58797136
58797137
58797138
58797139
58797140
58797141
58797142
58797143
58797144
58797145
58797146
58797147
58797148
58797149
58797150
58797151
58797152
58797153
58797154
58797155
58797156
58797157
58797158
58797159
58797160
58797161
58797162
58797163
58797164
58797165
58797166
58797167
58797168
58797169
58797170
58797171
58797172
58797173
58797174
58797175
58797176
58797177
58797178
58797179
58797180
58797181
58797182
58797183
58797184
58797185
58797186
58797187
58797188
58797189
58797190
58797191
58797192
58797193
58797194
58797195
58797196
58797197
58797198
58797199
58797200
58797201
58797202
58797203
58797204
58797205
58797206
58797207
58797208
58797209
58797210
58797211
58797212
58797213
58797214
58797215
58797216
58797217
58797218
58797219
58797220
58797221
58797222
58797223
58797224
58797225
58797226
58797227
58797228
58797229
58797230
58797231
58797232
58797233
58797234
58797235
58797236
58797237
58797238
58797239
58797240
58797241
58797242
58797243
58797244
58797245
58797246
58797247
58797248
58797249
58797250
58797251
58797252
58797253
58797254
58797255
58797256
58797257
58797258
58797259
58797260
58797261
58797262
58797263
58797264
58797265
58797266
58797267
58797268
58797269
58797270
58797271
58797272
58797273
58797274
58797275
58797276
58797277
58797278
58797279
58797280
58797281
58797282
58797283
58797284
58797285
58797286
58797287
58797288
58797289
58797290
58797291
58797292
58797293
58797294
58797295
58797296
58797297
58797298
58797299
58797300
58797301
58797302
58797303
58797304
58797305
58797306
58797307
58797308
58797309
58797310
58797311
58797312
58797313
58797314
58797315
58797316
58797317
58797318
58797319
58797320
58797321
58797322
58797323
58797324
58797325
58797326
58797327
58797328
58797329
58797330
58797331
58797332
58797333
58797334
58797335
58797336
58797337
58797338
58797339
58797340
58797341
58797342
58797343
58797344
58797345
58797346
58797347
58797348
58797349
58797350
58797351
58797352
58797353
58797354
58797355
58797356
58797357
58797358
58797359
58797360
58797361
58797362
58797363
58797364
58797365
58797366
58797367
58797368
58797369
58797370
58797371
58797372
58797373
58797374
58797375
58797376
58797377
58797378
58797379
58797380
58797381
58797382
58797383
58797384
58797385
58797386
58797387
58797388
58797389
58797390
58797391
58797392
58797393
58797394
58797395
58797396
58797397
58797398
58797399
58797400
58797401
58797402
58797403
58797404
58797405
58797406
58797407
58797408
58797409
58797410
58797411
58797412
58797413
58797414
58797415
58797416
58797417
58797418
58797419
58797420
58797421
58797422
58797423
58797424
58797425
58797426
58797427
58797428
58797429
58797430
58797431
58797432
58797433
58797434
58797435
58797436
58797437
58797438
58797439
58797440
58797441
58797442
58797443
58797444
58797445
58797446
58797447
58797448
58797449
58797450
58797451
58797452
58797453
58797454
58797455
58797456
58797457
58797458
58797459
58797460
58797461
58797462
58797463
58797464
58797465
58797466
58797467
58797468
58797469
58797470
58797471
58797472
58797473
58797474
58797475
58797476
58797477
58797478
58797479
58797480
58797481
58797482
58797483
58797484
58797485
58797486
58797487
58797488
58797489
58797490
58797491
58797492
58797493
58797494
58797495
58797496
58797497
58797498
58797499
58797500
58797501
58797502
58797503
58797504
58797505
58797506
58797507
58797508
58797509
58797510
58797511
58797512
58797513
58797514
58797515
58797516
58797517
58797518
58797519
58797520
58797521
58797522
58797523
58797524
58797525
58797526
58797527
58797528
58797529
58797530
58797531
58797532
58797533
58797534
58797535
58797536
58797537
58797538
58797539
58797540
58797541
58797542
58797543
58797544
58797545
58797546
58797547
58797548
58797549
58797550
58797551
58797552
58797553
58797554
58797555
58797556
58797557
58797558
58797559
58797560
58797561
58797562
58797563
58797564
58797565
58797566
58797567
58797568
58797569
58797570
58797571
58797572
58797573
58797574
58797575
58797576
58797577
58797578
58797579
58797580
58797581
58797582
58797583
58797584
58797585
58797586
58797587
58797588
58797589
58797590
58797591
58797592
58797593
58797594
58797595
58797596
58797597
58797598
58797599
58797600
58797601
58797602
58797603
58797604
58797605
58797606
58797607
58797608
58797609
58797610
58797611
58797612
58797613
58797614
58797615
58797616
58797617
58797618
58797619
58797620
58797621
58797622
58797623
58797624
58797625
58797626
58797627
58797628
58797629
58797630
58797631
58797632
58797633
58797634
58797635
58797636
58797637
58797638
58797639
58797640
58797641
58797642
58797643
58797644
58797645
58797646
58797647
58797648
58797649
58797650
58797651
58797652
58797653
58797654
58797655
58797656
58797657
58797658
58797659
58797660
58797661
58797662
58797663
58797664
58797665
58797666
58797667
58797668
58797669
58797670
58797671
58797672
58797673
58797674
58797675
58797676
58797677
58797678
58797679
58797680
58797681
58797682
58797683
58797684
58797685
58797686
58797687
58797688
58797689
58797690
58797691
58797692
58797693
58797694
58797695
58797696
58797697
58797698
58797699
58797700
58797701
58797702
58797703
58797704
58797705
58797706
58797707
58797708
58797709
58797710
58797711
58797712
58797713
58797714
58797715
58797716
58797717
58797718
58797719
58797720
58797721
58797722
58797723
58797724
58797725
58797726
58797727
58797728
58797729
58797730
58797731
58797732
58797733
58797734
58797735
58797736
58797737
58797738
58797739
58797740
58797741
58797742
58797743
58797744
58797745
58797746
58797747
58797748
58797749
58797750
58797751
58797752
58797753
58797754
58797755
58797756
58797757
58797758
58797759
58797760
58797761
58797762
58797763
58797764
58797765
58797766
58797767
58797768
58797769
58797770
58797771
58797772
58797773
58797774
58797775
58797776
58797777
58797778
58797779
58797780
58797781
58797782
58797783
58797784
58797785
58797786
58797787
58797788
58797789
58797790
58797791
58797792
58797793
58797794
58797795
58797796
58797797
58797798
58797799
58797800
58797801
58797802
58797803
58797804
58797805
58797806
58797807
58797808
58797809
58797810
58797811
58797812
58797813
58797814
58797815
58797816
58797817
58797818
58797819
58797820
58797821
58797822
58797823
58797824
58797825
58797826
58797827
58797828
58797829
58797830
58797831
58797832
58797833
58797834
58797835
58797836
58797837
58797838
58797839
58797840
58797841
58797842
58797843
58797844
58797845
58797846
58797847
58797848
58797849
58797850
58797851
58797852
58797853
58797854
58797855
58797856
58797857
58797858
58797859
58797860
58797861
58797862
58797863
58797864
58797865
58797866
58797867
58797868
58797869
58797870
58797871
58797872
58797873
58797874
58797875
58797876
58797877
58797878
58797879
58797880
58797881
58797882
58797883
58797884
58797885
58797886
58797887
58797888
58797889
58797890
58797891
58797892
58797893
58797894
58797895
58797896
58797897
58797898
58797899
58797900
58797901
58797902
58797903
58797904
58797905
58797906
58797907
58797908
58797909
58797910
58797911
58797912
58797913
58797914
58797915
58797916
58797917
58797918
58797919
58797920
58797921
58797922
58797923
58797924
58797925
58797926
58797927
58797928
58797929
58797930
58797931
58797932
58797933
58797934
58797935
58797936
58797937
58797938
58797939
58797940
58797941
58797942
58797943
58797944
58797945
58797946
58797947
58797948
58797949
58797950
58797951
58797952
58797953
58797954
58797955
58797956
58797957
58797958
58797959
58797960
58797961
58797962
58797963
58797964
58797965
58797966
58797967
58797968
58797969
58797970
58797971
58797972
58797973
58797974
58797975
58797976
58797977
58797978
58797979
58797980
58797981
58797982
58797983
58797984
58797985
58797986
58797987
58797988
58797989
58797990
58797991
58797992
58797993
58797994
58797995
58797996
58797997
58797998
58797999
58798000
58798001
58798002
58798003
58798004
58798005
58798006
58798007
58798008
58798009
58798010
58798011
58798012
58798013
58798014
58798015
58798016
58798017
58798018
58798019
58798020
58798021
58798022
58798023
58798024
58798025
58798026
58798027
58798028
58798029
58798030
58798031
58798032
58798033
58798034
58798035
58798036
58798037
58798038
58798039
58798040
58798041
58798042
58798043
58798044
58798045
58798046
58798047
58798048
58798049
58798050
58798051
58798052
58798053
58798054
58798055
58798056
58798057
58798058
58798059
58798060
58798061
58798062
58798063
58798064
58798065
58798066
58798067
58798068
58798069
58798070
58798071
58798072
58798073
58798074
58798075
58798076
58798077
58798078
58798079
58798080
58798081
58798082
58798083
58798084
58798085
58798086
58798087
58798088
58798089
58798090
58798091
58798092
58798093
58798094
58798095
58798096
58798097
58798098
58798099
58798100
58798101
58798102
58798103
58798104
58798105
58798106
58798107
58798108
58798109
58798110
58798111
58798112
58798113
58798114
58798115
58798116
58798117
58798118
58798119
58798120
58798121
58798122
58798123
58798124
58798125
58798126
58798127
58798128
58798129
58798130
58798131
58798132
58798133
58798134
58798135
58798136
58798137
58798138
58798139
58798140
58798141
58798142
58798143
58798144
58798145
58798146
58798147
58798148
58798149
58798150
58798151
58798152
58798153
58798154
58798155
58798156
58798157
58798158
58798159
58798160
58798161
58798162
58798163
58798164
58798165
58798166
58798167
58798168
58798169
58798170
58798171
58798172
58798173
58798174
58798175
58798176
58798177
58798178
58798179
58798180
58798181
58798182
58798183
58798184
58798185
58798186
58798187
58798188
58798189
58798190
58798191
58798192
58798193
58798194
58798195
58798196
58798197
58798198
58798199
58798200
58798201
58798202
58798203
58798204
58798205
58798206
58798207
58798208
58798209
58798210
58798211
58798212
58798213
58798214
58798215
58798216
58798217
58798218
58798219
58798220
58798221
58798222
58798223
58798224
58798225
58798226
58798227
58798228
58798229
58798230
58798231
58798232
58798233
58798234
58798235
58798236
58798237
58798238
58798239
58798240
58798241
58798242
58798243
58798244
58798245
58798246
58798247
58798248
58798249
58798250
58798251
58798252
58798253
58798254
58798255
58798256
58798257
58798258
58798259
58798260
58798261
58798262
58798263
58798264
58798265
58798266
58798267
58798268
58798269
58798270
58798271
58798272
58798273
58798274
58798275
58798276
58798277
58798278
58798279
58798280
58798281
58798282
58798283
58798284
58798285
58798286
58798287
58798288
58798289
58798290
58798291
58798292
58798293
58798294
58798295
58798296
58798297
58798298
58798299
58798300
58798301
58798302
58798303
58798304
58798305
58798306
58798307
58798308
58798309
58798310
58798311
58798312
58798313
58798314
58798315
58798316
58798317
58798318
58798319
58798320
58798321
58798322
58798323
58798324
58798325
58798326
58798327
58798328
58798329
58798330
58798331
58798332
58798333
58798334
58798335
58798336
58798337
58798338
58798339
58798340
58798341
58798342
58798343
58798344
58798345
58798346
58798347
58798348
58798349
58798350
58798351
58798352
58798353
58798354
58798355
58798356
58798357
58798358
58798359
58798360
58798361
58798362
58798363
58798364
58798365
58798366
58798367
58798368
58798369
58798370
58798371
58798372
58798373
58798374
58798375
58798376
58798377
58798378
58798379
58798380
58798381
58798382
58798383
58798384
58798385
58798386
58798387
58798388
58798389
58798390
58798391
58798392
58798393
58798394
58798395
58798396
58798397
58798398
58798399
58798400
58798401
58798402
58798403
58798404
58798405
58798406
58798407
58798408
58798409
58798410
58798411
58798412
58798413
58798414
58798415
58798416
58798417
58798418
58798419
58798420
58798421
58798422
58798423
58798424
58798425
58798426
58798427
58798428
58798429
58798430
58798431
58798432
58798433
58798434
58798435
58798436
58798437
58798438
58798439
58798440
58798441
58798442
58798443
58798444
58798445
58798446
58798447
58798448
58798449
58798450
58798451
58798452
58798453
58798454
58798455
58798456
58798457
58798458
58798459
58798460
58798461
58798462
58798463
58798464
58798465
58798466
58798467
58798468
58798469
58798470
58798471
58798472
58798473
58798474
58798475
58798476
58798477
58798478
58798479
58798480
58798481
58798482
58798483
58798484
58798485
58798486
58798487
58798488
58798489
58798490
58798491
58798492
58798493
58798494
58798495
58798496
58798497
58798498
58798499
58798500
58798501
58798502
58798503
58798504
58798505
58798506
58798507
58798508
58798509
58798510
58798511
58798512
58798513
58798514
58798515
58798516
58798517
58798518
58798519
58798520
58798521
58798522
58798523
58798524
58798525
58798526
58798527
58798528
58798529
58798530
58798531
58798532
58798533
58798534
58798535
58798536
58798537
58798538
58798539
58798540
58798541
58798542
58798543
58798544
58798545
58798546
58798547
58798548
58798549
58798550
58798551
58798552
58798553
58798554
58798555
58798556
58798557
58798558
58798559
58798560
58798561
58798562
58798563
58798564
58798565
58798566
58798567
58798568
58798569
58798570
58798571
58798572
58798573
58798574
58798575
58798576
58798577
58798578
58798579
58798580
58798581
58798582
58798583
58798584
58798585
58798586
58798587
58798588
58798589
58798590
58798591
58798592
58798593
58798594
58798595
58798596
58798597
58798598
58798599
58798600
58798601
58798602
58798603
58798604
58798605
58798606
58798607
58798608
58798609
58798610
58798611
58798612
58798613
58798614
58798615
58798616
58798617
58798618
58798619
58798620
58798621
58798622
58798623
58798624
58798625
58798626
58798627
58798628
58798629
58798630
58798631
58798632
58798633
58798634
58798635
58798636
58798637
58798638
58798639
58798640
58798641
58798642
58798643
58798644
58798645
58798646
58798647
58798648
58798649
58798650
58798651
58798652
58798653
58798654
58798655
58798656
58798657
58798658
58798659
58798660
58798661
58798662
58798663
58798664
58798665
58798666
58798667
58798668
58798669
58798670
58798671
58798672
58798673
58798674
58798675
58798676
58798677
58798678
58798679
58798680
58798681
58798682
58798683
58798684
58798685
58798686
58798687
58798688
58798689
58798690
58798691
58798692
58798693
58798694
58798695
58798696
58798697
58798698
58798699
58798700
58798701
58798702
58798703
58798704
58798705
58798706
58798707
58798708
58798709
58798710
58798711
58798712
58798713
58798714
58798715
58798716
58798717
58798718
58798719
58798720
58798721
58798722
58798723
58798724
58798725
58798726
58798727
58798728
58798729
58798730
58798731
58798732
58798733
58798734
58798735
58798736
58798737
58798738
58798739
58798740
58798741
58798742
58798743
58798744
58798745
58798746
58798747
58798748
58798749
58798750
58798751
58798752
58798753
58798754
58798755
58798756
58798757
58798758
58798759
58798760
58798761
58798762
58798763
58798764
58798765
58798766
58798767
58798768
58798769
58798770
58798771
58798772
58798773
58798774
58798775
58798776
58798777
58798778
58798779
58798780
58798781
58798782
58798783
58798784
58798785
58798786
58798787
58798788
58798789
58798790
58798791
58798792
58798793
58798794
58798795
58798796
58798797
58798798
58798799
58798800
58798801
58798802
58798803
58798804
58798805
58798806
58798807
58798808
58798809
58798810
58798811
58798812
58798813
58798814
58798815
58798816
58798817
58798818
58798819
58798820
58798821
58798822
58798823
58798824
58798825
58798826
58798827
58798828
58798829
58798830
58798831
58798832
58798833
58798834
58798835
58798836
58798837
58798838
58798839
58798840
58798841
58798842
58798843
58798844
58798845
58798846
58798847
58798848
58798849
58798850
58798851
58798852
58798853
58798854
58798855
58798856
58798857
58798858
58798859
58798860
58798861
58798862
58798863
58798864
58798865
58798866
58798867
58798868
58798869
58798870
58798871
58798872
58798873
58798874
58798875
58798876
58798877
58798878
58798879
58798880
58798881
58798882
58798883
58798884
58798885
58798886
58798887
58798888
58798889
