66508890
66508891
66508892
66508893
66508894
66508895
66508896
66508897
66508898
66508899
66508900
66508901
66508902
66508903
66508904
66508905
66508906
66508907
66508908
66508909
66508910
66508911
66508912
66508913
66508914
66508915
66508916
66508917
66508918
66508919
66508920
66508921
66508922
66508923
66508924
66508925
66508926
66508927
66508928
66508929
66508930
66508931
66508932
66508933
66508934
66508935
66508936
66508937
66508938
66508939
66508940
66508941
66508942
66508943
66508944
66508945
66508946
66508947
66508948
66508949
66508950
66508951
66508952
66508953
66508954
66508955
66508956
66508957
66508958
66508959
66508960
66508961
66508962
66508963
66508964
66508965
66508966
66508967
66508968
66508969
66508970
66508971
66508972
66508973
66508974
66508975
66508976
66508977
66508978
66508979
66508980
66508981
66508982
66508983
66508984
66508985
66508986
66508987
66508988
66508989
66508990
66508991
66508992
66508993
66508994
66508995
66508996
66508997
66508998
66508999
66509000
66509001
66509002
66509003
66509004
66509005
66509006
66509007
66509008
66509009
66509010
66509011
66509012
66509013
66509014
66509015
66509016
66509017
66509018
66509019
66509020
66509021
66509022
66509023
66509024
66509025
66509026
66509027
66509028
66509029
66509030
66509031
66509032
66509033
66509034
66509035
66509036
66509037
66509038
66509039
66509040
66509041
66509042
66509043
66509044
66509045
66509046
66509047
66509048
66509049
66509050
66509051
66509052
66509053
66509054
66509055
66509056
66509057
66509058
66509059
66509060
66509061
66509062
66509063
66509064
66509065
66509066
66509067
66509068
66509069
66509070
66509071
66509072
66509073
66509074
66509075
66509076
66509077
66509078
66509079
66509080
66509081
66509082
66509083
66509084
66509085
66509086
66509087
66509088
66509089
66509090
66509091
66509092
66509093
66509094
66509095
66509096
66509097
66509098
66509099
66509100
66509101
66509102
66509103
66509104
66509105
66509106
66509107
66509108
66509109
66509110
66509111
66509112
66509113
66509114
66509115
66509116
66509117
66509118
66509119
66509120
66509121
66509122
66509123
66509124
66509125
66509126
66509127
66509128
66509129
66509130
66509131
66509132
66509133
66509134
66509135
66509136
66509137
66509138
66509139
66509140
66509141
66509142
66509143
66509144
66509145
66509146
66509147
66509148
66509149
66509150
66509151
66509152
66509153
66509154
66509155
66509156
66509157
66509158
66509159
66509160
66509161
66509162
66509163
66509164
66509165
66509166
66509167
66509168
66509169
66509170
66509171
66509172
66509173
66509174
66509175
66509176
66509177
66509178
66509179
66509180
66509181
66509182
66509183
66509184
66509185
66509186
66509187
66509188
66509189
66509190
66509191
66509192
66509193
66509194
66509195
66509196
66509197
66509198
66509199
66509200
66509201
66509202
66509203
66509204
66509205
66509206
66509207
66509208
66509209
66509210
66509211
66509212
66509213
66509214
66509215
66509216
66509217
66509218
66509219
66509220
66509221
66509222
66509223
66509224
66509225
66509226
66509227
66509228
66509229
66509230
66509231
66509232
66509233
66509234
66509235
66509236
66509237
66509238
66509239
66509240
66509241
66509242
66509243
66509244
66509245
66509246
66509247
66509248
66509249
66509250
66509251
66509252
66509253
66509254
66509255
66509256
66509257
66509258
66509259
66509260
66509261
66509262
66509263
66509264
66509265
66509266
66509267
66509268
66509269
66509270
66509271
66509272
66509273
66509274
66509275
66509276
66509277
66509278
66509279
66509280
66509281
66509282
66509283
66509284
66509285
66509286
66509287
66509288
66509289
66509290
66509291
66509292
66509293
66509294
66509295
66509296
66509297
66509298
66509299
66509300
66509301
66509302
66509303
66509304
66509305
66509306
66509307
66509308
66509309
66509310
66509311
66509312
66509313
66509314
66509315
66509316
66509317
66509318
66509319
66509320
66509321
66509322
66509323
66509324
66509325
66509326
66509327
66509328
66509329
66509330
66509331
66509332
66509333
66509334
66509335
66509336
66509337
66509338
66509339
66509340
66509341
66509342
66509343
66509344
66509345
66509346
66509347
66509348
66509349
66509350
66509351
66509352
66509353
66509354
66509355
66509356
66509357
66509358
66509359
66509360
66509361
66509362
66509363
66509364
66509365
66509366
66509367
66509368
66509369
66509370
66509371
66509372
66509373
66509374
66509375
66509376
66509377
66509378
66509379
66509380
66509381
66509382
66509383
66509384
66509385
66509386
66509387
66509388
66509389
66509390
66509391
66509392
66509393
66509394
66509395
66509396
66509397
66509398
66509399
66509400
66509401
66509402
66509403
66509404
66509405
66509406
66509407
66509408
66509409
66509410
66509411
66509412
66509413
66509414
66509415
66509416
66509417
66509418
66509419
66509420
66509421
66509422
66509423
66509424
66509425
66509426
66509427
66509428
66509429
66509430
66509431
66509432
66509433
66509434
66509435
66509436
66509437
66509438
66509439
66509440
66509441
66509442
66509443
66509444
66509445
66509446
66509447
66509448
66509449
66509450
66509451
66509452
66509453
66509454
66509455
66509456
66509457
66509458
66509459
66509460
66509461
66509462
66509463
66509464
66509465
66509466
66509467
66509468
66509469
66509470
66509471
66509472
66509473
66509474
66509475
66509476
66509477
66509478
66509479
66509480
66509481
66509482
66509483
66509484
66509485
66509486
66509487
66509488
66509489
66509490
66509491
66509492
66509493
66509494
66509495
66509496
66509497
66509498
66509499
66509500
66509501
66509502
66509503
66509504
66509505
66509506
66509507
66509508
66509509
66509510
66509511
66509512
66509513
66509514
66509515
66509516
66509517
66509518
66509519
66509520
66509521
66509522
66509523
66509524
66509525
66509526
66509527
66509528
66509529
66509530
66509531
66509532
66509533
66509534
66509535
66509536
66509537
66509538
66509539
66509540
66509541
66509542
66509543
66509544
66509545
66509546
66509547
66509548
66509549
66509550
66509551
66509552
66509553
66509554
66509555
66509556
66509557
66509558
66509559
66509560
66509561
66509562
66509563
66509564
66509565
66509566
66509567
66509568
66509569
66509570
66509571
66509572
66509573
66509574
66509575
66509576
66509577
66509578
66509579
66509580
66509581
66509582
66509583
66509584
66509585
66509586
66509587
66509588
66509589
66509590
66509591
66509592
66509593
66509594
66509595
66509596
66509597
66509598
66509599
66509600
66509601
66509602
66509603
66509604
66509605
66509606
66509607
66509608
66509609
66509610
66509611
66509612
66509613
66509614
66509615
66509616
66509617
66509618
66509619
66509620
66509621
66509622
66509623
66509624
66509625
66509626
66509627
66509628
66509629
66509630
66509631
66509632
66509633
66509634
66509635
66509636
66509637
66509638
66509639
66509640
66509641
66509642
66509643
66509644
66509645
66509646
66509647
66509648
66509649
66509650
66509651
66509652
66509653
66509654
66509655
66509656
66509657
66509658
66509659
66509660
66509661
66509662
66509663
66509664
66509665
66509666
66509667
66509668
66509669
66509670
66509671
66509672
66509673
66509674
66509675
66509676
66509677
66509678
66509679
66509680
66509681
66509682
66509683
66509684
66509685
66509686
66509687
66509688
66509689
66509690
66509691
66509692
66509693
66509694
66509695
66509696
66509697
66509698
66509699
66509700
66509701
66509702
66509703
66509704
66509705
66509706
66509707
66509708
66509709
66509710
66509711
66509712
66509713
66509714
66509715
66509716
66509717
66509718
66509719
66509720
66509721
66509722
66509723
66509724
66509725
66509726
66509727
66509728
66509729
66509730
66509731
66509732
66509733
66509734
66509735
66509736
66509737
66509738
66509739
66509740
66509741
66509742
66509743
66509744
66509745
66509746
66509747
66509748
66509749
66509750
66509751
66509752
66509753
66509754
66509755
66509756
66509757
66509758
66509759
66509760
66509761
66509762
66509763
66509764
66509765
66509766
66509767
66509768
66509769
66509770
66509771
66509772
66509773
66509774
66509775
66509776
66509777
66509778
66509779
66509780
66509781
66509782
66509783
66509784
66509785
66509786
66509787
66509788
66509789
66509790
66509791
66509792
66509793
66509794
66509795
66509796
66509797
66509798
66509799
66509800
66509801
66509802
66509803
66509804
66509805
66509806
66509807
66509808
66509809
66509810
66509811
66509812
66509813
66509814
66509815
66509816
66509817
66509818
66509819
66509820
66509821
66509822
66509823
66509824
66509825
66509826
66509827
66509828
66509829
66509830
66509831
66509832
66509833
66509834
66509835
66509836
66509837
66509838
66509839
66509840
66509841
66509842
66509843
66509844
66509845
66509846
66509847
66509848
66509849
66509850
66509851
66509852
66509853
66509854
66509855
66509856
66509857
66509858
66509859
66509860
66509861
66509862
66509863
66509864
66509865
66509866
66509867
66509868
66509869
66509870
66509871
66509872
66509873
66509874
66509875
66509876
66509877
66509878
66509879
66509880
66509881
66509882
66509883
66509884
66509885
66509886
66509887
66509888
66509889
66509890
66509891
66509892
66509893
66509894
66509895
66509896
66509897
66509898
66509899
66509900
66509901
66509902
66509903
66509904
66509905
66509906
66509907
66509908
66509909
66509910
66509911
66509912
66509913
66509914
66509915
66509916
66509917
66509918
66509919
66509920
66509921
66509922
66509923
66509924
66509925
66509926
66509927
66509928
66509929
66509930
66509931
66509932
66509933
66509934
66509935
66509936
66509937
66509938
66509939
66509940
66509941
66509942
66509943
66509944
66509945
66509946
66509947
66509948
66509949
66509950
66509951
66509952
66509953
66509954
66509955
66509956
66509957
66509958
66509959
66509960
66509961
66509962
66509963
66509964
66509965
66509966
66509967
66509968
66509969
66509970
66509971
66509972
66509973
66509974
66509975
66509976
66509977
66509978
66509979
66509980
66509981
66509982
66509983
66509984
66509985
66509986
66509987
66509988
66509989
66509990
66509991
66509992
66509993
66509994
66509995
66509996
66509997
66509998
66509999
66510000
66510001
66510002
66510003
66510004
66510005
66510006
66510007
66510008
66510009
66510010
66510011
66510012
66510013
66510014
66510015
66510016
66510017
66510018
66510019
66510020
66510021
66510022
66510023
66510024
66510025
66510026
66510027
66510028
66510029
66510030
66510031
66510032
66510033
66510034
66510035
66510036
66510037
66510038
66510039
66510040
66510041
66510042
66510043
66510044
66510045
66510046
66510047
66510048
66510049
66510050
66510051
66510052
66510053
66510054
66510055
66510056
66510057
66510058
66510059
66510060
66510061
66510062
66510063
66510064
66510065
66510066
66510067
66510068
66510069
66510070
66510071
66510072
66510073
66510074
66510075
66510076
66510077
66510078
66510079
66510080
66510081
66510082
66510083
66510084
66510085
66510086
66510087
66510088
66510089
66510090
66510091
66510092
66510093
66510094
66510095
66510096
66510097
66510098
66510099
66510100
66510101
66510102
66510103
66510104
66510105
66510106
66510107
66510108
66510109
66510110
66510111
66510112
66510113
66510114
66510115
66510116
66510117
66510118
66510119
66510120
66510121
66510122
66510123
66510124
66510125
66510126
66510127
66510128
66510129
66510130
66510131
66510132
66510133
66510134
66510135
66510136
66510137
66510138
66510139
66510140
66510141
66510142
66510143
66510144
66510145
66510146
66510147
66510148
66510149
66510150
66510151
66510152
66510153
66510154
66510155
66510156
66510157
66510158
66510159
66510160
66510161
66510162
66510163
66510164
66510165
66510166
66510167
66510168
66510169
66510170
66510171
66510172
66510173
66510174
66510175
66510176
66510177
66510178
66510179
66510180
66510181
66510182
66510183
66510184
66510185
66510186
66510187
66510188
66510189
66510190
66510191
66510192
66510193
66510194
66510195
66510196
66510197
66510198
66510199
66510200
66510201
66510202
66510203
66510204
66510205
66510206
66510207
66510208
66510209
66510210
66510211
66510212
66510213
66510214
66510215
66510216
66510217
66510218
66510219
66510220
66510221
66510222
66510223
66510224
66510225
66510226
66510227
66510228
66510229
66510230
66510231
66510232
66510233
66510234
66510235
66510236
66510237
66510238
66510239
66510240
66510241
66510242
66510243
66510244
66510245
66510246
66510247
66510248
66510249
66510250
66510251
66510252
66510253
66510254
66510255
66510256
66510257
66510258
66510259
66510260
66510261
66510262
66510263
66510264
66510265
66510266
66510267
66510268
66510269
66510270
66510271
66510272
66510273
66510274
66510275
66510276
66510277
66510278
66510279
66510280
66510281
66510282
66510283
66510284
66510285
66510286
66510287
66510288
66510289
66510290
66510291
66510292
66510293
66510294
66510295
66510296
66510297
66510298
66510299
66510300
66510301
66510302
66510303
66510304
66510305
66510306
66510307
66510308
66510309
66510310
66510311
66510312
66510313
66510314
66510315
66510316
66510317
66510318
66510319
66510320
66510321
66510322
66510323
66510324
66510325
66510326
66510327
66510328
66510329
66510330
66510331
66510332
66510333
66510334
66510335
66510336
66510337
66510338
66510339
66510340
66510341
66510342
66510343
66510344
66510345
66510346
66510347
66510348
66510349
66510350
66510351
66510352
66510353
66510354
66510355
66510356
66510357
66510358
66510359
66510360
66510361
66510362
66510363
66510364
66510365
66510366
66510367
66510368
66510369
66510370
66510371
66510372
66510373
66510374
66510375
66510376
66510377
66510378
66510379
66510380
66510381
66510382
66510383
66510384
66510385
66510386
66510387
66510388
66510389
66510390
66510391
66510392
66510393
66510394
66510395
66510396
66510397
66510398
66510399
66510400
66510401
66510402
66510403
66510404
66510405
66510406
66510407
66510408
66510409
66510410
66510411
66510412
66510413
66510414
66510415
66510416
66510417
66510418
66510419
66510420
66510421
66510422
66510423
66510424
66510425
66510426
66510427
66510428
66510429
66510430
66510431
66510432
66510433
66510434
66510435
66510436
66510437
66510438
66510439
66510440
66510441
66510442
66510443
66510444
66510445
66510446
66510447
66510448
66510449
66510450
66510451
66510452
66510453
66510454
66510455
66510456
66510457
66510458
66510459
66510460
66510461
66510462
66510463
66510464
66510465
66510466
66510467
66510468
66510469
66510470
66510471
66510472
66510473
66510474
66510475
66510476
66510477
66510478
66510479
66510480
66510481
66510482
66510483
66510484
66510485
66510486
66510487
66510488
66510489
66510490
66510491
66510492
66510493
66510494
66510495
66510496
66510497
66510498
66510499
66510500
66510501
66510502
66510503
66510504
66510505
66510506
66510507
66510508
66510509
66510510
66510511
66510512
66510513
66510514
66510515
66510516
66510517
66510518
66510519
66510520
66510521
66510522
66510523
66510524
66510525
66510526
66510527
66510528
66510529
66510530
66510531
66510532
66510533
66510534
66510535
66510536
66510537
66510538
66510539
66510540
66510541
66510542
66510543
66510544
66510545
66510546
66510547
66510548
66510549
66510550
66510551
66510552
66510553
66510554
66510555
66510556
66510557
66510558
66510559
66510560
66510561
66510562
66510563
66510564
66510565
66510566
66510567
66510568
66510569
66510570
66510571
66510572
66510573
66510574
66510575
66510576
66510577
66510578
66510579
66510580
66510581
66510582
66510583
66510584
66510585
66510586
66510587
66510588
66510589
66510590
66510591
66510592
66510593
66510594
66510595
66510596
66510597
66510598
66510599
66510600
66510601
66510602
66510603
66510604
66510605
66510606
66510607
66510608
66510609
66510610
66510611
66510612
66510613
66510614
66510615
66510616
66510617
66510618
66510619
66510620
66510621
66510622
66510623
66510624
66510625
66510626
66510627
66510628
66510629
66510630
66510631
66510632
66510633
66510634
66510635
66510636
66510637
66510638
66510639
66510640
66510641
66510642
66510643
66510644
66510645
66510646
66510647
66510648
66510649
66510650
66510651
66510652
66510653
66510654
66510655
66510656
66510657
66510658
66510659
66510660
66510661
66510662
66510663
66510664
66510665
66510666
66510667
66510668
66510669
66510670
66510671
66510672
66510673
66510674
66510675
66510676
66510677
66510678
66510679
66510680
66510681
66510682
66510683
66510684
66510685
66510686
66510687
66510688
66510689
66510690
66510691
66510692
66510693
66510694
66510695
66510696
66510697
66510698
66510699
66510700
66510701
66510702
66510703
66510704
66510705
66510706
66510707
66510708
66510709
66510710
66510711
66510712
66510713
66510714
66510715
66510716
66510717
66510718
66510719
66510720
66510721
66510722
66510723
66510724
66510725
66510726
66510727
66510728
66510729
66510730
66510731
66510732
66510733
66510734
66510735
66510736
66510737
66510738
66510739
66510740
66510741
66510742
66510743
66510744
66510745
66510746
66510747
66510748
66510749
66510750
66510751
66510752
66510753
66510754
66510755
66510756
66510757
66510758
66510759
66510760
66510761
66510762
66510763
66510764
66510765
66510766
66510767
66510768
66510769
66510770
66510771
66510772
66510773
66510774
66510775
66510776
66510777
66510778
66510779
66510780
66510781
66510782
66510783
66510784
66510785
66510786
66510787
66510788
66510789
66510790
66510791
66510792
66510793
66510794
66510795
66510796
66510797
66510798
66510799
66510800
66510801
66510802
66510803
66510804
66510805
66510806
66510807
66510808
66510809
66510810
66510811
66510812
66510813
66510814
66510815
66510816
66510817
66510818
66510819
66510820
66510821
66510822
66510823
66510824
66510825
66510826
66510827
66510828
66510829
66510830
66510831
66510832
66510833
66510834
66510835
66510836
66510837
66510838
66510839
66510840
66510841
66510842
66510843
66510844
66510845
66510846
66510847
66510848
66510849
66510850
66510851
66510852
66510853
66510854
66510855
66510856
66510857
66510858
66510859
66510860
66510861
66510862
66510863
66510864
66510865
66510866
66510867
66510868
66510869
66510870
66510871
66510872
66510873
66510874
66510875
66510876
66510877
66510878
66510879
66510880
66510881
66510882
66510883
66510884
66510885
66510886
66510887
66510888
66510889
66510890
66510891
66510892
66510893
66510894
66510895
66510896
66510897
66510898
66510899
66510900
66510901
66510902
66510903
66510904
66510905
66510906
66510907
66510908
66510909
66510910
66510911
66510912
66510913
66510914
66510915
66510916
66510917
66510918
66510919
66510920
66510921
66510922
66510923
66510924
66510925
66510926
66510927
66510928
66510929
66510930
66510931
66510932
66510933
66510934
66510935
66510936
66510937
66510938
66510939
66510940
66510941
66510942
66510943
66510944
66510945
66510946
66510947
66510948
66510949
66510950
66510951
66510952
66510953
66510954
66510955
66510956
66510957
66510958
66510959
66510960
66510961
66510962
66510963
66510964
66510965
66510966
66510967
66510968
66510969
66510970
66510971
66510972
66510973
66510974
66510975
66510976
66510977
66510978
66510979
66510980
66510981
66510982
66510983
66510984
66510985
66510986
66510987
66510988
66510989
66510990
66510991
66510992
66510993
66510994
66510995
66510996
66510997
66510998
66510999
66511000
66511001
66511002
66511003
66511004
66511005
66511006
66511007
66511008
66511009
66511010
66511011
66511012
66511013
66511014
66511015
66511016
66511017
66511018
66511019
66511020
66511021
66511022
66511023
66511024
66511025
66511026
66511027
66511028
66511029
66511030
66511031
66511032
66511033
66511034
66511035
66511036
66511037
66511038
66511039
66511040
66511041
66511042
66511043
66511044
66511045
66511046
66511047
66511048
66511049
66511050
66511051
66511052
66511053
66511054
66511055
66511056
66511057
66511058
66511059
66511060
66511061
66511062
66511063
66511064
66511065
66511066
66511067
66511068
66511069
66511070
66511071
66511072
66511073
66511074
66511075
66511076
66511077
66511078
66511079
66511080
66511081
66511082
66511083
66511084
66511085
66511086
66511087
66511088
66511089
66511090
66511091
66511092
66511093
66511094
66511095
66511096
66511097
66511098
66511099
66511100
66511101
66511102
66511103
66511104
66511105
66511106
66511107
66511108
66511109
66511110
66511111
66511112
66511113
66511114
66511115
66511116
66511117
66511118
66511119
66511120
66511121
66511122
66511123
66511124
66511125
66511126
66511127
66511128
66511129
66511130
66511131
66511132
66511133
66511134
66511135
66511136
66511137
66511138
66511139
66511140
66511141
66511142
66511143
66511144
66511145
66511146
66511147
66511148
66511149
66511150
66511151
66511152
66511153
66511154
66511155
66511156
66511157
66511158
66511159
66511160
66511161
66511162
66511163
66511164
66511165
66511166
66511167
66511168
66511169
66511170
66511171
66511172
66511173
66511174
66511175
66511176
66511177
66511178
66511179
66511180
66511181
66511182
66511183
66511184
66511185
66511186
66511187
66511188
66511189
66511190
66511191
66511192
66511193
66511194
66511195
66511196
66511197
66511198
66511199
66511200
66511201
66511202
66511203
66511204
66511205
66511206
66511207
66511208
66511209
66511210
66511211
66511212
66511213
66511214
66511215
66511216
66511217
66511218
66511219
66511220
66511221
66511222
66511223
66511224
66511225
66511226
66511227
66511228
66511229
66511230
66511231
66511232
66511233
66511234
66511235
66511236
66511237
66511238
66511239
66511240
66511241
66511242
66511243
66511244
66511245
66511246
66511247
66511248
66511249
66511250
66511251
66511252
66511253
66511254
66511255
66511256
66511257
66511258
66511259
66511260
66511261
66511262
66511263
66511264
66511265
66511266
66511267
66511268
66511269
66511270
66511271
66511272
66511273
66511274
66511275
66511276
66511277
66511278
66511279
66511280
66511281
66511282
66511283
66511284
66511285
66511286
66511287
66511288
66511289
66511290
66511291
66511292
66511293
66511294
66511295
66511296
66511297
66511298
66511299
66511300
66511301
66511302
66511303
66511304
66511305
66511306
66511307
66511308
66511309
66511310
66511311
66511312
66511313
66511314
66511315
66511316
66511317
66511318
66511319
66511320
66511321
66511322
66511323
66511324
66511325
66511326
66511327
66511328
66511329
66511330
66511331
66511332
66511333
66511334
66511335
66511336
66511337
66511338
66511339
66511340
66511341
66511342
66511343
66511344
66511345
66511346
66511347
66511348
66511349
66511350
66511351
66511352
66511353
66511354
66511355
66511356
66511357
66511358
66511359
66511360
66511361
66511362
66511363
66511364
66511365
66511366
66511367
66511368
66511369
66511370
66511371
66511372
66511373
66511374
66511375
66511376
66511377
66511378
66511379
66511380
66511381
66511382
66511383
66511384
66511385
66511386
66511387
66511388
66511389
66511390
66511391
66511392
66511393
66511394
66511395
66511396
66511397
66511398
66511399
66511400
66511401
66511402
66511403
66511404
66511405
66511406
66511407
66511408
66511409
66511410
66511411
66511412
66511413
66511414
66511415
66511416
66511417
66511418
66511419
66511420
66511421
66511422
66511423
66511424
66511425
66511426
66511427
66511428
66511429
66511430
66511431
66511432
66511433
66511434
66511435
66511436
66511437
66511438
66511439
66511440
66511441
66511442
66511443
66511444
66511445
66511446
66511447
66511448
66511449
66511450
66511451
66511452
66511453
66511454
66511455
66511456
66511457
66511458
66511459
66511460
66511461
66511462
66511463
66511464
66511465
66511466
66511467
66511468
66511469
66511470
66511471
66511472
66511473
66511474
66511475
66511476
66511477
66511478
66511479
66511480
66511481
66511482
66511483
66511484
66511485
66511486
66511487
66511488
66511489
66511490
66511491
66511492
66511493
66511494
66511495
66511496
66511497
66511498
66511499
66511500
66511501
66511502
66511503
66511504
66511505
66511506
66511507
66511508
66511509
66511510
66511511
66511512
66511513
66511514
66511515
66511516
66511517
66511518
66511519
66511520
66511521
66511522
66511523
66511524
66511525
66511526
66511527
66511528
66511529
66511530
66511531
66511532
66511533
66511534
66511535
66511536
66511537
66511538
66511539
66511540
66511541
66511542
66511543
66511544
66511545
66511546
66511547
66511548
66511549
66511550
66511551
66511552
66511553
66511554
66511555
66511556
66511557
66511558
66511559
66511560
66511561
66511562
66511563
66511564
66511565
66511566
66511567
66511568
66511569
66511570
66511571
66511572
66511573
66511574
66511575
66511576
66511577
66511578
66511579
66511580
66511581
66511582
66511583
66511584
66511585
66511586
66511587
66511588
66511589
66511590
66511591
66511592
66511593
66511594
66511595
66511596
66511597
66511598
66511599
66511600
66511601
66511602
66511603
66511604
66511605
66511606
66511607
66511608
66511609
66511610
66511611
66511612
66511613
66511614
66511615
66511616
66511617
66511618
66511619
66511620
66511621
66511622
66511623
66511624
66511625
66511626
66511627
66511628
66511629
66511630
66511631
66511632
66511633
66511634
66511635
66511636
66511637
66511638
66511639
66511640
66511641
66511642
66511643
66511644
66511645
66511646
66511647
66511648
66511649
66511650
66511651
66511652
66511653
66511654
66511655
66511656
66511657
66511658
66511659
66511660
66511661
66511662
66511663
66511664
66511665
66511666
66511667
66511668
66511669
66511670
66511671
66511672
66511673
66511674
66511675
66511676
66511677
66511678
66511679
66511680
66511681
66511682
66511683
66511684
66511685
66511686
66511687
66511688
66511689
66511690
66511691
66511692
66511693
66511694
66511695
66511696
66511697
66511698
66511699
66511700
66511701
66511702
66511703
66511704
66511705
66511706
66511707
66511708
66511709
66511710
66511711
66511712
66511713
66511714
66511715
66511716
66511717
66511718
66511719
66511720
66511721
66511722
66511723
66511724
66511725
66511726
66511727
66511728
66511729
66511730
66511731
66511732
66511733
66511734
66511735
66511736
66511737
66511738
66511739
66511740
66511741
66511742
66511743
66511744
66511745
66511746
66511747
66511748
66511749
66511750
66511751
66511752
66511753
66511754
66511755
66511756
66511757
66511758
66511759
66511760
66511761
66511762
66511763
66511764
66511765
66511766
66511767
66511768
66511769
66511770
66511771
66511772
66511773
66511774
66511775
66511776
66511777
66511778
66511779
66511780
66511781
66511782
66511783
66511784
66511785
66511786
66511787
66511788
66511789
66511790
66511791
66511792
66511793
66511794
66511795
66511796
66511797
66511798
66511799
66511800
66511801
66511802
66511803
66511804
66511805
66511806
66511807
66511808
66511809
66511810
66511811
66511812
66511813
66511814
66511815
66511816
66511817
66511818
66511819
66511820
66511821
66511822
66511823
66511824
66511825
66511826
66511827
66511828
66511829
66511830
66511831
66511832
66511833
66511834
66511835
66511836
66511837
66511838
66511839
66511840
66511841
66511842
66511843
66511844
66511845
66511846
66511847
66511848
66511849
66511850
66511851
66511852
66511853
66511854
66511855
66511856
66511857
66511858
66511859
66511860
66511861
66511862
66511863
66511864
66511865
66511866
66511867
66511868
66511869
66511870
66511871
66511872
66511873
66511874
66511875
66511876
66511877
66511878
66511879
66511880
66511881
66511882
66511883
66511884
66511885
66511886
66511887
66511888
66511889
66511890
66511891
66511892
66511893
66511894
66511895
66511896
66511897
66511898
66511899
66511900
66511901
66511902
66511903
66511904
66511905
66511906
66511907
66511908
66511909
66511910
66511911
66511912
66511913
66511914
66511915
66511916
66511917
66511918
66511919
66511920
66511921
66511922
66511923
66511924
66511925
66511926
66511927
66511928
66511929
66511930
66511931
66511932
66511933
66511934
66511935
66511936
66511937
66511938
66511939
66511940
66511941
66511942
66511943
66511944
66511945
66511946
66511947
66511948
66511949
66511950
66511951
66511952
66511953
66511954
66511955
66511956
66511957
66511958
66511959
66511960
66511961
66511962
66511963
66511964
66511965
66511966
66511967
66511968
66511969
66511970
66511971
66511972
66511973
66511974
66511975
66511976
66511977
66511978
66511979
66511980
66511981
66511982
66511983
66511984
66511985
66511986
66511987
66511988
66511989
66511990
66511991
66511992
66511993
66511994
66511995
66511996
66511997
66511998
66511999
66512000
66512001
66512002
66512003
66512004
66512005
66512006
66512007
66512008
66512009
66512010
66512011
66512012
66512013
66512014
66512015
66512016
66512017
66512018
66512019
66512020
66512021
66512022
66512023
66512024
66512025
66512026
66512027
66512028
66512029
66512030
66512031
66512032
66512033
66512034
66512035
66512036
66512037
66512038
66512039
66512040
66512041
66512042
66512043
66512044
66512045
66512046
66512047
66512048
66512049
66512050
66512051
66512052
66512053
66512054
66512055
66512056
66512057
66512058
66512059
66512060
66512061
66512062
66512063
66512064
66512065
66512066
66512067
66512068
66512069
66512070
66512071
66512072
66512073
66512074
66512075
66512076
66512077
66512078
66512079
66512080
66512081
66512082
66512083
66512084
66512085
66512086
66512087
66512088
66512089
66512090
66512091
66512092
66512093
66512094
66512095
66512096
66512097
66512098
66512099
66512100
66512101
66512102
66512103
66512104
66512105
66512106
66512107
66512108
66512109
66512110
66512111
66512112
66512113
66512114
66512115
66512116
66512117
66512118
66512119
66512120
66512121
66512122
66512123
66512124
66512125
66512126
66512127
66512128
66512129
66512130
66512131
66512132
66512133
66512134
66512135
66512136
66512137
66512138
66512139
66512140
66512141
66512142
66512143
66512144
66512145
66512146
66512147
66512148
66512149
66512150
66512151
66512152
66512153
66512154
66512155
66512156
66512157
66512158
66512159
66512160
66512161
66512162
66512163
66512164
66512165
66512166
66512167
66512168
66512169
66512170
66512171
66512172
66512173
66512174
66512175
66512176
66512177
66512178
66512179
66512180
66512181
66512182
66512183
66512184
66512185
66512186
66512187
66512188
66512189
66512190
66512191
66512192
66512193
66512194
66512195
66512196
66512197
66512198
66512199
66512200
66512201
66512202
66512203
66512204
66512205
66512206
66512207
66512208
66512209
66512210
66512211
66512212
66512213
66512214
66512215
66512216
66512217
66512218
66512219
66512220
66512221
66512222
66512223
66512224
66512225
66512226
66512227
66512228
66512229
66512230
66512231
66512232
66512233
66512234
66512235
66512236
66512237
66512238
66512239
66512240
66512241
66512242
66512243
66512244
66512245
66512246
66512247
66512248
66512249
66512250
66512251
66512252
66512253
66512254
66512255
66512256
66512257
66512258
66512259
66512260
66512261
66512262
66512263
66512264
66512265
66512266
66512267
66512268
66512269
66512270
66512271
66512272
66512273
66512274
66512275
66512276
66512277
66512278
66512279
66512280
66512281
66512282
66512283
66512284
66512285
66512286
66512287
66512288
66512289
66512290
66512291
66512292
66512293
66512294
66512295
66512296
66512297
66512298
66512299
66512300
66512301
66512302
66512303
66512304
66512305
66512306
66512307
66512308
66512309
66512310
66512311
66512312
66512313
66512314
66512315
66512316
66512317
66512318
66512319
66512320
66512321
66512322
66512323
66512324
66512325
66512326
66512327
66512328
66512329
66512330
66512331
66512332
66512333
66512334
66512335
66512336
66512337
66512338
66512339
66512340
66512341
66512342
66512343
66512344
66512345
66512346
66512347
66512348
66512349
66512350
66512351
66512352
66512353
66512354
66512355
66512356
66512357
66512358
66512359
66512360
66512361
66512362
66512363
66512364
66512365
66512366
66512367
66512368
66512369
66512370
66512371
66512372
66512373
66512374
66512375
66512376
66512377
66512378
66512379
66512380
66512381
66512382
66512383
66512384
66512385
66512386
66512387
66512388
66512389
66512390
66512391
66512392
66512393
66512394
66512395
66512396
66512397
66512398
66512399
66512400
66512401
66512402
66512403
66512404
66512405
66512406
66512407
66512408
66512409
66512410
66512411
66512412
66512413
66512414
66512415
66512416
66512417
66512418
66512419
66512420
66512421
66512422
66512423
66512424
66512425
66512426
66512427
66512428
66512429
66512430
66512431
66512432
66512433
66512434
66512435
66512436
66512437
66512438
66512439
66512440
66512441
66512442
66512443
66512444
66512445
66512446
66512447
66512448
66512449
66512450
66512451
66512452
66512453
66512454
66512455
66512456
66512457
66512458
66512459
66512460
66512461
66512462
66512463
66512464
66512465
66512466
66512467
66512468
66512469
66512470
66512471
66512472
66512473
66512474
66512475
66512476
66512477
66512478
66512479
66512480
66512481
66512482
66512483
66512484
66512485
66512486
66512487
66512488
66512489
66512490
66512491
66512492
66512493
66512494
66512495
66512496
66512497
66512498
66512499
66512500
66512501
66512502
66512503
66512504
66512505
66512506
66512507
66512508
66512509
66512510
66512511
66512512
66512513
66512514
66512515
66512516
66512517
66512518
66512519
66512520
66512521
66512522
66512523
66512524
66512525
66512526
66512527
66512528
66512529
66512530
66512531
66512532
66512533
66512534
66512535
66512536
66512537
66512538
66512539
66512540
66512541
66512542
66512543
66512544
66512545
66512546
66512547
66512548
66512549
66512550
66512551
66512552
66512553
66512554
66512555
66512556
66512557
66512558
66512559
66512560
66512561
66512562
66512563
66512564
66512565
66512566
66512567
66512568
66512569
66512570
66512571
66512572
66512573
66512574
66512575
66512576
66512577
66512578
66512579
66512580
66512581
66512582
66512583
66512584
66512585
66512586
66512587
66512588
66512589
66512590
66512591
66512592
66512593
66512594
66512595
66512596
66512597
66512598
66512599
66512600
66512601
66512602
66512603
66512604
66512605
66512606
66512607
66512608
66512609
66512610
66512611
66512612
66512613
66512614
66512615
66512616
66512617
66512618
66512619
66512620
66512621
66512622
66512623
66512624
66512625
66512626
66512627
66512628
66512629
66512630
66512631
66512632
66512633
66512634
66512635
66512636
66512637
66512638
66512639
66512640
66512641
66512642
66512643
66512644
66512645
66512646
66512647
66512648
66512649
66512650
66512651
66512652
66512653
66512654
66512655
66512656
66512657
66512658
66512659
66512660
66512661
66512662
66512663
66512664
66512665
66512666
66512667
66512668
66512669
66512670
66512671
66512672
66512673
66512674
66512675
66512676
66512677
66512678
66512679
66512680
66512681
66512682
66512683
66512684
66512685
66512686
66512687
66512688
66512689
66512690
66512691
66512692
66512693
66512694
66512695
66512696
66512697
66512698
66512699
66512700
66512701
66512702
66512703
66512704
66512705
66512706
66512707
66512708
66512709
66512710
66512711
66512712
66512713
66512714
66512715
66512716
66512717
66512718
66512719
66512720
66512721
66512722
66512723
66512724
66512725
66512726
66512727
66512728
66512729
66512730
66512731
66512732
66512733
66512734
66512735
66512736
66512737
66512738
66512739
66512740
66512741
66512742
66512743
66512744
66512745
66512746
66512747
66512748
66512749
66512750
66512751
66512752
66512753
66512754
66512755
66512756
66512757
66512758
66512759
66512760
66512761
66512762
66512763
66512764
66512765
66512766
66512767
66512768
66512769
66512770
66512771
66512772
66512773
66512774
66512775
66512776
66512777
66512778
66512779
66512780
66512781
66512782
66512783
66512784
66512785
66512786
66512787
66512788
66512789
66512790
66512791
66512792
66512793
66512794
66512795
66512796
66512797
66512798
66512799
66512800
66512801
66512802
66512803
66512804
66512805
66512806
66512807
66512808
66512809
66512810
66512811
66512812
66512813
66512814
66512815
66512816
66512817
66512818
66512819
66512820
66512821
66512822
66512823
66512824
66512825
66512826
66512827
66512828
66512829
66512830
66512831
66512832
66512833
66512834
66512835
66512836
66512837
66512838
66512839
66512840
66512841
66512842
66512843
66512844
66512845
66512846
66512847
66512848
66512849
66512850
66512851
66512852
66512853
66512854
66512855
66512856
66512857
66512858
66512859
66512860
66512861
66512862
66512863
66512864
66512865
66512866
66512867
66512868
66512869
66512870
66512871
66512872
66512873
66512874
66512875
66512876
66512877
66512878
66512879
66512880
66512881
66512882
66512883
66512884
66512885
66512886
66512887
66512888
66512889
66512890
66512891
66512892
66512893
66512894
66512895
66512896
66512897
66512898
66512899
66512900
66512901
66512902
66512903
66512904
66512905
66512906
66512907
66512908
66512909
66512910
66512911
66512912
66512913
66512914
66512915
66512916
66512917
66512918
66512919
66512920
66512921
66512922
66512923
66512924
66512925
66512926
66512927
66512928
66512929
66512930
66512931
66512932
66512933
66512934
66512935
66512936
66512937
66512938
66512939
66512940
66512941
66512942
66512943
66512944
66512945
66512946
66512947
66512948
66512949
66512950
66512951
66512952
66512953
66512954
66512955
66512956
66512957
66512958
66512959
66512960
66512961
66512962
66512963
66512964
66512965
66512966
66512967
66512968
66512969
66512970
66512971
66512972
66512973
66512974
66512975
66512976
66512977
66512978
66512979
66512980
66512981
66512982
66512983
66512984
66512985
66512986
66512987
66512988
66512989
66512990
66512991
66512992
66512993
66512994
66512995
66512996
66512997
66512998
66512999
66513000
66513001
66513002
66513003
66513004
66513005
66513006
66513007
66513008
66513009
66513010
66513011
66513012
66513013
66513014
66513015
66513016
66513017
66513018
66513019
66513020
66513021
66513022
66513023
66513024
66513025
66513026
66513027
66513028
66513029
66513030
66513031
66513032
66513033
66513034
66513035
66513036
66513037
66513038
66513039
66513040
66513041
66513042
66513043
66513044
66513045
66513046
66513047
66513048
66513049
66513050
66513051
66513052
66513053
66513054
66513055
66513056
66513057
66513058
66513059
66513060
66513061
66513062
66513063
66513064
66513065
66513066
66513067
66513068
66513069
66513070
66513071
66513072
66513073
66513074
66513075
66513076
66513077
66513078
66513079
66513080
66513081
66513082
66513083
66513084
66513085
66513086
66513087
66513088
66513089
66513090
66513091
66513092
66513093
66513094
66513095
66513096
66513097
66513098
66513099
66513100
66513101
66513102
66513103
66513104
66513105
66513106
66513107
66513108
66513109
66513110
66513111
66513112
66513113
66513114
66513115
66513116
66513117
66513118
66513119
66513120
66513121
66513122
66513123
66513124
66513125
66513126
66513127
66513128
66513129
66513130
66513131
66513132
66513133
66513134
66513135
66513136
66513137
66513138
66513139
66513140
66513141
66513142
66513143
66513144
66513145
66513146
66513147
66513148
66513149
66513150
66513151
66513152
66513153
66513154
66513155
66513156
66513157
66513158
66513159
66513160
66513161
66513162
66513163
66513164
66513165
66513166
66513167
66513168
66513169
66513170
66513171
66513172
66513173
66513174
66513175
66513176
66513177
66513178
66513179
66513180
66513181
66513182
66513183
66513184
66513185
66513186
66513187
66513188
66513189
66513190
66513191
66513192
66513193
66513194
66513195
66513196
66513197
66513198
66513199
66513200
66513201
66513202
66513203
66513204
66513205
66513206
66513207
66513208
66513209
66513210
66513211
66513212
66513213
66513214
66513215
66513216
66513217
66513218
66513219
66513220
66513221
66513222
66513223
66513224
66513225
66513226
66513227
66513228
66513229
66513230
66513231
66513232
66513233
66513234
66513235
66513236
66513237
66513238
66513239
66513240
66513241
66513242
66513243
66513244
66513245
66513246
66513247
66513248
66513249
66513250
66513251
66513252
66513253
66513254
66513255
66513256
66513257
66513258
66513259
66513260
66513261
66513262
66513263
66513264
66513265
66513266
66513267
66513268
66513269
66513270
66513271
66513272
66513273
66513274
66513275
66513276
66513277
66513278
66513279
66513280
66513281
66513282
66513283
66513284
66513285
66513286
66513287
66513288
66513289
66513290
66513291
66513292
66513293
66513294
66513295
66513296
66513297
66513298
66513299
66513300
66513301
66513302
66513303
66513304
66513305
66513306
66513307
66513308
66513309
66513310
66513311
66513312
66513313
66513314
66513315
66513316
66513317
66513318
66513319
66513320
66513321
66513322
66513323
66513324
66513325
66513326
66513327
66513328
66513329
66513330
66513331
66513332
66513333
66513334
66513335
66513336
66513337
66513338
66513339
66513340
66513341
66513342
66513343
66513344
66513345
66513346
66513347
66513348
66513349
66513350
66513351
66513352
66513353
66513354
66513355
66513356
66513357
66513358
66513359
66513360
66513361
66513362
66513363
66513364
66513365
66513366
66513367
66513368
66513369
66513370
66513371
66513372
66513373
66513374
66513375
66513376
66513377
66513378
66513379
66513380
66513381
66513382
66513383
66513384
66513385
66513386
66513387
66513388
66513389
66513390
66513391
66513392
66513393
66513394
66513395
66513396
66513397
66513398
66513399
66513400
66513401
66513402
66513403
66513404
66513405
66513406
66513407
66513408
66513409
66513410
66513411
66513412
66513413
66513414
66513415
66513416
66513417
66513418
66513419
66513420
66513421
66513422
66513423
66513424
66513425
66513426
66513427
66513428
66513429
66513430
66513431
66513432
66513433
66513434
66513435
66513436
66513437
66513438
66513439
66513440
66513441
66513442
66513443
66513444
66513445
66513446
66513447
66513448
66513449
66513450
66513451
66513452
66513453
66513454
66513455
66513456
66513457
66513458
66513459
66513460
66513461
66513462
66513463
66513464
66513465
66513466
66513467
66513468
66513469
66513470
66513471
66513472
66513473
66513474
66513475
66513476
66513477
66513478
66513479
66513480
66513481
66513482
66513483
66513484
66513485
66513486
66513487
66513488
66513489
66513490
66513491
66513492
66513493
66513494
66513495
66513496
66513497
66513498
66513499
66513500
66513501
66513502
66513503
66513504
66513505
66513506
66513507
66513508
66513509
66513510
66513511
66513512
66513513
66513514
66513515
66513516
66513517
66513518
66513519
66513520
66513521
66513522
66513523
66513524
66513525
66513526
66513527
66513528
66513529
66513530
66513531
66513532
66513533
66513534
66513535
66513536
66513537
66513538
66513539
66513540
66513541
66513542
66513543
66513544
66513545
66513546
66513547
66513548
66513549
66513550
66513551
66513552
66513553
66513554
66513555
66513556
66513557
66513558
66513559
66513560
66513561
66513562
66513563
66513564
66513565
66513566
66513567
66513568
66513569
66513570
66513571
66513572
66513573
66513574
66513575
66513576
66513577
66513578
66513579
66513580
66513581
66513582
66513583
66513584
66513585
66513586
66513587
66513588
66513589
66513590
66513591
66513592
66513593
66513594
66513595
66513596
66513597
66513598
66513599
66513600
66513601
66513602
66513603
66513604
66513605
66513606
66513607
66513608
66513609
66513610
66513611
66513612
66513613
66513614
66513615
66513616
66513617
66513618
66513619
66513620
66513621
66513622
66513623
66513624
66513625
66513626
66513627
66513628
66513629
66513630
66513631
66513632
66513633
66513634
66513635
66513636
66513637
66513638
66513639
66513640
66513641
66513642
66513643
66513644
66513645
66513646
66513647
66513648
66513649
66513650
66513651
66513652
66513653
66513654
66513655
66513656
66513657
66513658
66513659
66513660
66513661
66513662
66513663
66513664
66513665
66513666
66513667
66513668
66513669
66513670
66513671
66513672
66513673
66513674
66513675
66513676
66513677
66513678
66513679
66513680
66513681
66513682
66513683
66513684
66513685
66513686
66513687
66513688
66513689
66513690
66513691
66513692
66513693
66513694
66513695
66513696
66513697
66513698
66513699
66513700
66513701
66513702
66513703
66513704
66513705
66513706
66513707
66513708
66513709
66513710
66513711
66513712
66513713
66513714
66513715
66513716
66513717
66513718
66513719
66513720
66513721
66513722
66513723
66513724
66513725
66513726
66513727
66513728
66513729
66513730
66513731
66513732
66513733
66513734
66513735
66513736
66513737
66513738
66513739
66513740
66513741
66513742
66513743
66513744
66513745
66513746
66513747
66513748
66513749
66513750
66513751
66513752
66513753
66513754
66513755
66513756
66513757
66513758
66513759
66513760
66513761
66513762
66513763
66513764
66513765
66513766
66513767
66513768
66513769
66513770
66513771
66513772
66513773
66513774
66513775
66513776
66513777
66513778
66513779
66513780
66513781
66513782
66513783
66513784
66513785
66513786
66513787
66513788
66513789
66513790
66513791
66513792
66513793
66513794
66513795
66513796
66513797
66513798
66513799
66513800
66513801
66513802
66513803
66513804
66513805
66513806
66513807
66513808
66513809
66513810
66513811
66513812
66513813
66513814
66513815
66513816
66513817
66513818
66513819
66513820
66513821
66513822
66513823
66513824
66513825
66513826
66513827
66513828
66513829
66513830
66513831
66513832
66513833
66513834
66513835
66513836
66513837
66513838
66513839
66513840
66513841
66513842
66513843
66513844
66513845
66513846
66513847
66513848
66513849
66513850
66513851
66513852
66513853
66513854
66513855
66513856
66513857
66513858
66513859
66513860
66513861
66513862
66513863
66513864
66513865
66513866
66513867
66513868
66513869
66513870
66513871
66513872
66513873
66513874
66513875
66513876
66513877
66513878
66513879
66513880
66513881
66513882
66513883
66513884
66513885
66513886
66513887
66513888
66513889
66513890
66513891
66513892
66513893
66513894
66513895
66513896
66513897
66513898
66513899
66513900
66513901
66513902
66513903
66513904
66513905
66513906
66513907
66513908
66513909
66513910
66513911
66513912
66513913
66513914
66513915
66513916
66513917
66513918
66513919
66513920
66513921
66513922
66513923
66513924
66513925
66513926
66513927
66513928
66513929
66513930
66513931
66513932
66513933
66513934
66513935
66513936
66513937
66513938
66513939
66513940
66513941
66513942
66513943
66513944
66513945
66513946
66513947
66513948
66513949
66513950
66513951
66513952
66513953
66513954
66513955
66513956
66513957
66513958
66513959
66513960
66513961
66513962
66513963
66513964
66513965
66513966
66513967
66513968
66513969
66513970
66513971
66513972
66513973
66513974
66513975
66513976
66513977
66513978
66513979
66513980
66513981
66513982
66513983
66513984
66513985
66513986
66513987
66513988
66513989
66513990
66513991
66513992
66513993
66513994
66513995
66513996
66513997
66513998
66513999
66514000
66514001
66514002
66514003
66514004
66514005
66514006
66514007
66514008
66514009
66514010
66514011
66514012
66514013
66514014
66514015
66514016
66514017
66514018
66514019
66514020
66514021
66514022
66514023
66514024
66514025
66514026
66514027
66514028
66514029
66514030
66514031
66514032
66514033
66514034
66514035
66514036
66514037
66514038
66514039
66514040
66514041
66514042
66514043
66514044
66514045
66514046
66514047
66514048
66514049
66514050
66514051
66514052
66514053
66514054
66514055
66514056
66514057
66514058
66514059
66514060
66514061
66514062
66514063
66514064
66514065
66514066
66514067
66514068
66514069
66514070
66514071
66514072
66514073
66514074
66514075
66514076
66514077
66514078
66514079
66514080
66514081
66514082
66514083
66514084
66514085
66514086
66514087
66514088
66514089
66514090
66514091
66514092
66514093
66514094
66514095
66514096
66514097
66514098
66514099
66514100
66514101
66514102
66514103
66514104
66514105
66514106
66514107
66514108
66514109
66514110
66514111
66514112
66514113
66514114
66514115
66514116
66514117
66514118
66514119
66514120
66514121
66514122
66514123
66514124
66514125
66514126
66514127
66514128
66514129
66514130
66514131
66514132
66514133
66514134
66514135
66514136
66514137
66514138
66514139
66514140
66514141
66514142
66514143
66514144
66514145
66514146
66514147
66514148
66514149
66514150
66514151
66514152
66514153
66514154
66514155
66514156
66514157
66514158
66514159
66514160
66514161
66514162
66514163
66514164
66514165
66514166
66514167
66514168
66514169
66514170
66514171
66514172
66514173
66514174
66514175
66514176
66514177
66514178
66514179
66514180
66514181
66514182
66514183
66514184
66514185
66514186
66514187
66514188
66514189
66514190
66514191
66514192
66514193
66514194
66514195
66514196
66514197
66514198
66514199
66514200
66514201
66514202
66514203
66514204
66514205
66514206
66514207
66514208
66514209
66514210
66514211
66514212
66514213
66514214
66514215
66514216
66514217
66514218
66514219
66514220
66514221
66514222
66514223
66514224
66514225
66514226
66514227
66514228
66514229
66514230
66514231
66514232
66514233
66514234
66514235
66514236
66514237
66514238
66514239
66514240
66514241
66514242
66514243
66514244
66514245
66514246
66514247
66514248
66514249
66514250
66514251
66514252
66514253
66514254
66514255
66514256
66514257
66514258
66514259
66514260
66514261
66514262
66514263
66514264
66514265
66514266
66514267
66514268
66514269
66514270
66514271
66514272
66514273
66514274
66514275
66514276
66514277
66514278
66514279
66514280
66514281
66514282
66514283
66514284
66514285
66514286
66514287
66514288
66514289
66514290
66514291
66514292
66514293
66514294
66514295
66514296
66514297
66514298
66514299
66514300
66514301
66514302
66514303
66514304
66514305
66514306
66514307
66514308
66514309
66514310
66514311
66514312
66514313
66514314
66514315
66514316
66514317
66514318
66514319
66514320
66514321
66514322
66514323
66514324
66514325
66514326
66514327
66514328
66514329
66514330
66514331
66514332
66514333
66514334
66514335
66514336
66514337
66514338
66514339
66514340
66514341
66514342
66514343
66514344
66514345
66514346
66514347
66514348
66514349
66514350
66514351
66514352
66514353
66514354
66514355
66514356
66514357
66514358
66514359
66514360
66514361
66514362
66514363
66514364
66514365
66514366
66514367
66514368
66514369
66514370
66514371
66514372
66514373
66514374
66514375
66514376
66514377
66514378
66514379
66514380
66514381
66514382
66514383
66514384
66514385
66514386
66514387
66514388
66514389
66514390
66514391
66514392
66514393
66514394
66514395
66514396
66514397
66514398
66514399
66514400
66514401
66514402
66514403
66514404
66514405
66514406
66514407
66514408
66514409
66514410
66514411
66514412
66514413
66514414
66514415
66514416
66514417
66514418
66514419
66514420
66514421
66514422
66514423
66514424
66514425
66514426
66514427
66514428
66514429
66514430
66514431
66514432
66514433
66514434
66514435
66514436
66514437
66514438
66514439
66514440
66514441
66514442
66514443
66514444
66514445
66514446
66514447
66514448
66514449
66514450
66514451
66514452
66514453
66514454
66514455
66514456
66514457
66514458
66514459
66514460
66514461
66514462
66514463
66514464
66514465
66514466
66514467
66514468
66514469
66514470
66514471
66514472
66514473
66514474
66514475
66514476
66514477
66514478
66514479
66514480
66514481
66514482
66514483
66514484
66514485
66514486
66514487
66514488
66514489
66514490
66514491
66514492
66514493
66514494
66514495
66514496
66514497
66514498
66514499
66514500
66514501
66514502
66514503
66514504
66514505
66514506
66514507
66514508
66514509
66514510
66514511
66514512
66514513
66514514
66514515
66514516
66514517
66514518
66514519
66514520
66514521
66514522
66514523
66514524
66514525
66514526
66514527
66514528
66514529
66514530
66514531
66514532
66514533
66514534
66514535
66514536
66514537
66514538
66514539
66514540
66514541
66514542
66514543
66514544
66514545
66514546
66514547
66514548
66514549
66514550
66514551
66514552
66514553
66514554
66514555
66514556
66514557
66514558
66514559
66514560
66514561
66514562
66514563
66514564
66514565
66514566
66514567
66514568
66514569
66514570
66514571
66514572
66514573
66514574
66514575
66514576
66514577
66514578
66514579
66514580
66514581
66514582
66514583
66514584
66514585
66514586
66514587
66514588
66514589
66514590
66514591
66514592
66514593
66514594
66514595
66514596
66514597
66514598
66514599
66514600
66514601
66514602
66514603
66514604
66514605
66514606
66514607
66514608
66514609
66514610
66514611
66514612
66514613
66514614
66514615
66514616
66514617
66514618
66514619
66514620
66514621
66514622
66514623
66514624
66514625
66514626
66514627
66514628
66514629
66514630
66514631
66514632
66514633
66514634
66514635
66514636
66514637
66514638
66514639
66514640
66514641
66514642
66514643
66514644
66514645
66514646
66514647
66514648
66514649
66514650
66514651
66514652
66514653
66514654
66514655
66514656
66514657
66514658
66514659
66514660
66514661
66514662
66514663
66514664
66514665
66514666
66514667
66514668
66514669
66514670
66514671
66514672
66514673
66514674
66514675
66514676
66514677
66514678
66514679
66514680
66514681
66514682
66514683
66514684
66514685
66514686
66514687
66514688
66514689
66514690
66514691
66514692
66514693
66514694
66514695
66514696
66514697
66514698
66514699
66514700
66514701
66514702
66514703
66514704
66514705
66514706
66514707
66514708
66514709
66514710
66514711
66514712
66514713
66514714
66514715
66514716
66514717
66514718
66514719
66514720
66514721
66514722
66514723
66514724
66514725
66514726
66514727
66514728
66514729
66514730
66514731
66514732
66514733
66514734
66514735
66514736
66514737
66514738
66514739
66514740
66514741
66514742
66514743
66514744
66514745
66514746
66514747
66514748
66514749
66514750
66514751
66514752
66514753
66514754
66514755
66514756
66514757
66514758
66514759
66514760
66514761
66514762
66514763
66514764
66514765
66514766
66514767
66514768
66514769
66514770
66514771
66514772
66514773
66514774
66514775
66514776
66514777
66514778
66514779
66514780
66514781
66514782
66514783
66514784
66514785
66514786
66514787
66514788
66514789
66514790
66514791
66514792
66514793
66514794
66514795
66514796
66514797
66514798
66514799
66514800
66514801
66514802
66514803
66514804
66514805
66514806
66514807
66514808
66514809
66514810
66514811
66514812
66514813
66514814
66514815
66514816
66514817
66514818
66514819
66514820
66514821
66514822
66514823
66514824
66514825
66514826
66514827
66514828
66514829
66514830
66514831
66514832
66514833
66514834
66514835
66514836
66514837
66514838
66514839
66514840
66514841
66514842
66514843
66514844
66514845
66514846
66514847
66514848
66514849
66514850
66514851
66514852
66514853
66514854
66514855
66514856
66514857
66514858
66514859
66514860
66514861
66514862
66514863
66514864
66514865
66514866
66514867
66514868
66514869
66514870
66514871
66514872
66514873
66514874
66514875
66514876
66514877
66514878
66514879
66514880
66514881
66514882
66514883
66514884
66514885
66514886
66514887
66514888
66514889
66514890
66514891
66514892
66514893
66514894
66514895
66514896
66514897
66514898
66514899
66514900
66514901
66514902
66514903
66514904
66514905
66514906
66514907
66514908
66514909
66514910
66514911
66514912
66514913
66514914
66514915
66514916
66514917
66514918
66514919
66514920
66514921
66514922
66514923
66514924
66514925
66514926
66514927
66514928
66514929
66514930
66514931
66514932
66514933
66514934
66514935
66514936
66514937
66514938
66514939
66514940
66514941
66514942
66514943
66514944
66514945
66514946
66514947
66514948
66514949
66514950
66514951
66514952
66514953
66514954
66514955
66514956
66514957
66514958
66514959
66514960
66514961
66514962
66514963
66514964
66514965
66514966
66514967
66514968
66514969
66514970
66514971
66514972
66514973
66514974
66514975
66514976
66514977
66514978
66514979
66514980
66514981
66514982
66514983
66514984
66514985
66514986
66514987
66514988
66514989
66514990
66514991
66514992
66514993
66514994
66514995
66514996
66514997
66514998
66514999
66515000
66515001
66515002
66515003
66515004
66515005
66515006
66515007
66515008
66515009
66515010
66515011
66515012
66515013
66515014
66515015
66515016
66515017
66515018
66515019
66515020
66515021
66515022
66515023
66515024
66515025
66515026
66515027
66515028
66515029
66515030
66515031
66515032
66515033
66515034
66515035
66515036
66515037
66515038
66515039
66515040
66515041
66515042
66515043
66515044
66515045
66515046
66515047
66515048
66515049
66515050
66515051
66515052
66515053
66515054
66515055
66515056
66515057
66515058
66515059
66515060
66515061
66515062
66515063
66515064
66515065
66515066
66515067
66515068
66515069
66515070
66515071
66515072
66515073
66515074
66515075
66515076
66515077
66515078
66515079
66515080
66515081
66515082
66515083
66515084
66515085
66515086
66515087
66515088
66515089
66515090
66515091
66515092
66515093
66515094
66515095
66515096
66515097
66515098
66515099
66515100
66515101
66515102
66515103
66515104
66515105
66515106
66515107
66515108
66515109
66515110
66515111
66515112
66515113
66515114
66515115
66515116
66515117
66515118
66515119
66515120
66515121
66515122
66515123
66515124
66515125
66515126
66515127
66515128
66515129
66515130
66515131
66515132
66515133
66515134
66515135
66515136
66515137
66515138
66515139
66515140
66515141
66515142
66515143
66515144
66515145
66515146
66515147
66515148
66515149
66515150
66515151
66515152
66515153
66515154
66515155
66515156
66515157
66515158
66515159
66515160
66515161
66515162
66515163
66515164
66515165
66515166
66515167
66515168
66515169
66515170
66515171
66515172
66515173
66515174
66515175
66515176
66515177
66515178
66515179
66515180
66515181
66515182
66515183
66515184
66515185
66515186
66515187
66515188
66515189
66515190
66515191
66515192
66515193
66515194
66515195
66515196
66515197
66515198
66515199
66515200
66515201
66515202
66515203
66515204
66515205
66515206
66515207
66515208
66515209
66515210
66515211
66515212
66515213
66515214
66515215
66515216
66515217
66515218
66515219
66515220
66515221
66515222
66515223
66515224
66515225
66515226
66515227
66515228
66515229
66515230
66515231
66515232
66515233
66515234
66515235
66515236
66515237
66515238
66515239
66515240
66515241
66515242
66515243
66515244
66515245
66515246
66515247
66515248
66515249
66515250
66515251
66515252
66515253
66515254
66515255
66515256
66515257
66515258
66515259
66515260
66515261
66515262
66515263
66515264
66515265
66515266
66515267
66515268
66515269
66515270
66515271
66515272
66515273
66515274
66515275
66515276
66515277
66515278
66515279
66515280
66515281
66515282
66515283
66515284
66515285
66515286
66515287
66515288
66515289
66515290
66515291
66515292
66515293
66515294
66515295
66515296
66515297
66515298
66515299
66515300
66515301
66515302
66515303
66515304
66515305
66515306
66515307
66515308
66515309
66515310
66515311
66515312
66515313
66515314
66515315
66515316
66515317
66515318
66515319
66515320
66515321
66515322
66515323
66515324
66515325
66515326
66515327
66515328
66515329
66515330
66515331
66515332
66515333
66515334
66515335
66515336
66515337
66515338
66515339
66515340
66515341
66515342
66515343
66515344
66515345
66515346
66515347
66515348
66515349
66515350
66515351
66515352
66515353
66515354
66515355
66515356
66515357
66515358
66515359
66515360
66515361
66515362
66515363
66515364
66515365
66515366
66515367
66515368
66515369
66515370
66515371
66515372
66515373
66515374
66515375
66515376
66515377
66515378
66515379
66515380
66515381
66515382
66515383
66515384
66515385
66515386
66515387
66515388
66515389
66515390
66515391
66515392
66515393
66515394
66515395
66515396
66515397
66515398
66515399
66515400
66515401
66515402
66515403
66515404
66515405
66515406
66515407
66515408
66515409
66515410
66515411
66515412
66515413
66515414
66515415
66515416
66515417
66515418
66515419
66515420
66515421
66515422
66515423
66515424
66515425
66515426
66515427
66515428
66515429
66515430
66515431
66515432
66515433
66515434
66515435
66515436
66515437
66515438
66515439
66515440
66515441
66515442
66515443
66515444
66515445
66515446
66515447
66515448
66515449
66515450
66515451
66515452
66515453
66515454
66515455
66515456
66515457
66515458
66515459
66515460
66515461
66515462
66515463
66515464
66515465
66515466
66515467
66515468
66515469
66515470
66515471
66515472
66515473
66515474
66515475
66515476
66515477
66515478
66515479
66515480
66515481
66515482
66515483
66515484
66515485
66515486
66515487
66515488
66515489
66515490
66515491
66515492
66515493
66515494
66515495
66515496
66515497
66515498
66515499
66515500
66515501
66515502
66515503
66515504
66515505
66515506
66515507
66515508
66515509
66515510
66515511
66515512
66515513
66515514
66515515
66515516
66515517
66515518
66515519
66515520
66515521
66515522
66515523
66515524
66515525
66515526
66515527
66515528
66515529
66515530
66515531
66515532
66515533
66515534
66515535
66515536
66515537
66515538
66515539
66515540
66515541
66515542
66515543
66515544
66515545
66515546
66515547
66515548
66515549
66515550
66515551
66515552
66515553
66515554
66515555
66515556
66515557
66515558
66515559
66515560
66515561
66515562
66515563
66515564
66515565
66515566
66515567
66515568
66515569
66515570
66515571
66515572
66515573
66515574
66515575
66515576
66515577
66515578
66515579
66515580
66515581
66515582
66515583
66515584
66515585
66515586
66515587
66515588
66515589
66515590
66515591
66515592
66515593
66515594
66515595
66515596
66515597
66515598
66515599
66515600
66515601
66515602
66515603
66515604
66515605
66515606
66515607
66515608
66515609
66515610
66515611
66515612
66515613
66515614
66515615
66515616
66515617
66515618
66515619
66515620
66515621
66515622
66515623
66515624
66515625
66515626
66515627
66515628
66515629
66515630
66515631
66515632
66515633
66515634
66515635
66515636
66515637
66515638
66515639
66515640
66515641
66515642
66515643
66515644
66515645
66515646
66515647
66515648
66515649
66515650
66515651
66515652
66515653
66515654
66515655
66515656
66515657
66515658
66515659
66515660
66515661
66515662
66515663
66515664
66515665
66515666
66515667
66515668
66515669
66515670
66515671
66515672
66515673
66515674
66515675
66515676
66515677
66515678
66515679
66515680
66515681
66515682
66515683
66515684
66515685
66515686
66515687
66515688
66515689
66515690
66515691
66515692
66515693
66515694
66515695
66515696
66515697
66515698
66515699
66515700
66515701
66515702
66515703
66515704
66515705
66515706
66515707
66515708
66515709
66515710
66515711
66515712
66515713
66515714
66515715
66515716
66515717
66515718
66515719
66515720
66515721
66515722
66515723
66515724
66515725
66515726
66515727
66515728
66515729
66515730
66515731
66515732
66515733
66515734
66515735
66515736
66515737
66515738
66515739
66515740
66515741
66515742
66515743
66515744
66515745
66515746
66515747
66515748
66515749
66515750
66515751
66515752
66515753
66515754
66515755
66515756
66515757
66515758
66515759
66515760
66515761
66515762
66515763
66515764
66515765
66515766
66515767
66515768
66515769
66515770
66515771
66515772
66515773
66515774
66515775
66515776
66515777
66515778
66515779
66515780
66515781
66515782
66515783
66515784
66515785
66515786
66515787
66515788
66515789
66515790
66515791
66515792
66515793
66515794
66515795
66515796
66515797
66515798
66515799
66515800
66515801
66515802
66515803
66515804
66515805
66515806
66515807
66515808
66515809
66515810
66515811
66515812
66515813
66515814
66515815
66515816
66515817
66515818
66515819
66515820
66515821
66515822
66515823
66515824
66515825
66515826
66515827
66515828
66515829
66515830
66515831
66515832
66515833
66515834
66515835
66515836
66515837
66515838
66515839
66515840
66515841
66515842
66515843
66515844
66515845
66515846
66515847
66515848
66515849
66515850
66515851
66515852
66515853
66515854
66515855
66515856
66515857
66515858
66515859
66515860
66515861
66515862
66515863
66515864
66515865
66515866
66515867
66515868
66515869
66515870
66515871
66515872
66515873
66515874
66515875
66515876
66515877
66515878
66515879
66515880
66515881
66515882
66515883
66515884
66515885
66515886
66515887
66515888
66515889
66515890
66515891
66515892
66515893
66515894
66515895
66515896
66515897
66515898
66515899
66515900
66515901
66515902
66515903
66515904
66515905
66515906
66515907
66515908
66515909
66515910
66515911
66515912
66515913
66515914
66515915
66515916
66515917
66515918
66515919
66515920
66515921
66515922
66515923
66515924
66515925
66515926
66515927
66515928
66515929
66515930
66515931
66515932
66515933
66515934
66515935
66515936
66515937
66515938
66515939
66515940
66515941
66515942
66515943
66515944
66515945
66515946
66515947
66515948
66515949
66515950
66515951
66515952
66515953
66515954
66515955
66515956
66515957
66515958
66515959
66515960
66515961
66515962
66515963
66515964
66515965
66515966
66515967
66515968
66515969
66515970
66515971
66515972
66515973
66515974
66515975
66515976
66515977
66515978
66515979
66515980
66515981
66515982
66515983
66515984
66515985
66515986
66515987
66515988
66515989
66515990
66515991
66515992
66515993
66515994
66515995
66515996
66515997
66515998
66515999
66516000
66516001
66516002
66516003
66516004
66516005
66516006
66516007
66516008
66516009
66516010
66516011
66516012
66516013
66516014
66516015
66516016
66516017
66516018
66516019
66516020
66516021
66516022
66516023
66516024
66516025
66516026
66516027
66516028
66516029
66516030
66516031
66516032
66516033
66516034
66516035
66516036
66516037
66516038
66516039
66516040
66516041
66516042
66516043
66516044
66516045
66516046
66516047
66516048
66516049
66516050
66516051
66516052
66516053
66516054
66516055
66516056
66516057
66516058
66516059
66516060
66516061
66516062
66516063
66516064
66516065
66516066
66516067
66516068
66516069
66516070
66516071
66516072
66516073
66516074
66516075
66516076
66516077
66516078
66516079
66516080
66516081
66516082
66516083
66516084
66516085
66516086
66516087
66516088
66516089
66516090
66516091
66516092
66516093
66516094
66516095
66516096
66516097
66516098
66516099
66516100
66516101
66516102
66516103
66516104
66516105
66516106
66516107
66516108
66516109
66516110
66516111
66516112
66516113
66516114
66516115
66516116
66516117
66516118
66516119
66516120
66516121
66516122
66516123
66516124
66516125
66516126
66516127
66516128
66516129
66516130
66516131
66516132
66516133
66516134
66516135
66516136
66516137
66516138
66516139
66516140
66516141
66516142
66516143
66516144
66516145
66516146
66516147
66516148
66516149
66516150
66516151
66516152
66516153
66516154
66516155
66516156
66516157
66516158
66516159
66516160
66516161
66516162
66516163
66516164
66516165
66516166
66516167
66516168
66516169
66516170
66516171
66516172
66516173
66516174
66516175
66516176
66516177
66516178
66516179
66516180
66516181
66516182
66516183
66516184
66516185
66516186
66516187
66516188
66516189
66516190
66516191
66516192
66516193
66516194
66516195
66516196
66516197
66516198
66516199
66516200
66516201
66516202
66516203
66516204
66516205
66516206
66516207
66516208
66516209
66516210
66516211
66516212
66516213
66516214
66516215
66516216
66516217
66516218
66516219
66516220
66516221
66516222
66516223
66516224
66516225
66516226
66516227
66516228
66516229
66516230
66516231
66516232
66516233
66516234
66516235
66516236
66516237
66516238
66516239
66516240
66516241
66516242
66516243
66516244
66516245
66516246
66516247
66516248
66516249
66516250
66516251
66516252
66516253
66516254
66516255
66516256
66516257
66516258
66516259
66516260
66516261
66516262
66516263
66516264
66516265
66516266
66516267
66516268
66516269
66516270
66516271
66516272
66516273
66516274
66516275
66516276
66516277
66516278
66516279
66516280
66516281
66516282
66516283
66516284
66516285
66516286
66516287
66516288
66516289
66516290
66516291
66516292
66516293
66516294
66516295
66516296
66516297
66516298
66516299
66516300
66516301
66516302
66516303
66516304
66516305
66516306
66516307
66516308
66516309
66516310
66516311
66516312
66516313
66516314
66516315
66516316
66516317
66516318
66516319
66516320
66516321
66516322
66516323
66516324
66516325
66516326
66516327
66516328
66516329
66516330
66516331
66516332
66516333
66516334
66516335
66516336
66516337
66516338
66516339
66516340
66516341
66516342
66516343
66516344
66516345
66516346
66516347
66516348
66516349
66516350
66516351
66516352
66516353
66516354
66516355
66516356
66516357
66516358
66516359
66516360
66516361
66516362
66516363
66516364
66516365
66516366
66516367
66516368
66516369
66516370
66516371
66516372
66516373
66516374
66516375
66516376
66516377
66516378
66516379
66516380
66516381
66516382
66516383
66516384
66516385
66516386
66516387
66516388
66516389
66516390
66516391
66516392
66516393
66516394
66516395
66516396
66516397
66516398
66516399
66516400
66516401
66516402
66516403
66516404
66516405
66516406
66516407
66516408
66516409
66516410
66516411
66516412
66516413
66516414
66516415
66516416
66516417
66516418
66516419
66516420
66516421
66516422
66516423
66516424
66516425
66516426
66516427
66516428
66516429
66516430
66516431
66516432
66516433
66516434
66516435
66516436
66516437
66516438
66516439
66516440
66516441
66516442
66516443
66516444
66516445
66516446
66516447
66516448
66516449
66516450
66516451
66516452
66516453
66516454
66516455
66516456
66516457
66516458
66516459
66516460
66516461
66516462
66516463
66516464
66516465
66516466
66516467
66516468
66516469
66516470
66516471
66516472
66516473
66516474
66516475
66516476
66516477
66516478
66516479
66516480
66516481
66516482
66516483
66516484
66516485
66516486
66516487
66516488
66516489
66516490
66516491
66516492
66516493
66516494
66516495
66516496
66516497
66516498
66516499
66516500
66516501
66516502
66516503
66516504
66516505
66516506
66516507
66516508
66516509
66516510
66516511
66516512
66516513
66516514
66516515
66516516
66516517
66516518
66516519
66516520
66516521
66516522
66516523
66516524
66516525
66516526
66516527
66516528
66516529
66516530
66516531
66516532
66516533
66516534
66516535
66516536
66516537
66516538
66516539
66516540
66516541
66516542
66516543
66516544
66516545
66516546
66516547
66516548
66516549
66516550
66516551
66516552
66516553
66516554
66516555
66516556
66516557
66516558
66516559
66516560
66516561
66516562
66516563
66516564
66516565
66516566
66516567
66516568
66516569
66516570
66516571
66516572
66516573
66516574
66516575
66516576
66516577
66516578
66516579
66516580
66516581
66516582
66516583
66516584
66516585
66516586
66516587
66516588
66516589
66516590
66516591
66516592
66516593
66516594
66516595
66516596
66516597
66516598
66516599
66516600
66516601
66516602
66516603
66516604
66516605
66516606
66516607
66516608
66516609
66516610
66516611
66516612
66516613
66516614
66516615
66516616
66516617
66516618
66516619
66516620
66516621
66516622
66516623
66516624
66516625
66516626
66516627
66516628
66516629
66516630
66516631
66516632
66516633
66516634
66516635
66516636
66516637
66516638
66516639
66516640
66516641
66516642
66516643
66516644
66516645
66516646
66516647
66516648
66516649
66516650
66516651
66516652
66516653
66516654
66516655
66516656
66516657
66516658
66516659
66516660
66516661
66516662
66516663
66516664
66516665
66516666
66516667
66516668
66516669
66516670
66516671
66516672
66516673
66516674
66516675
66516676
66516677
66516678
66516679
66516680
66516681
66516682
66516683
66516684
66516685
66516686
66516687
66516688
66516689
66516690
66516691
66516692
66516693
66516694
66516695
66516696
66516697
66516698
66516699
66516700
66516701
66516702
66516703
66516704
66516705
66516706
66516707
66516708
66516709
66516710
66516711
66516712
66516713
66516714
66516715
66516716
66516717
66516718
66516719
66516720
66516721
66516722
66516723
66516724
66516725
66516726
66516727
66516728
66516729
66516730
66516731
66516732
66516733
66516734
66516735
66516736
66516737
66516738
66516739
66516740
66516741
66516742
66516743
66516744
66516745
66516746
66516747
66516748
66516749
66516750
66516751
66516752
66516753
66516754
66516755
66516756
66516757
66516758
66516759
66516760
66516761
66516762
66516763
66516764
66516765
66516766
66516767
66516768
66516769
66516770
66516771
66516772
66516773
66516774
66516775
66516776
66516777
66516778
66516779
66516780
66516781
66516782
66516783
66516784
66516785
66516786
66516787
66516788
66516789
66516790
66516791
66516792
66516793
66516794
66516795
66516796
66516797
66516798
66516799
66516800
66516801
66516802
66516803
66516804
66516805
66516806
66516807
66516808
66516809
66516810
66516811
66516812
66516813
66516814
66516815
66516816
66516817
66516818
66516819
66516820
66516821
66516822
66516823
66516824
66516825
66516826
66516827
66516828
66516829
66516830
66516831
66516832
66516833
66516834
66516835
66516836
66516837
66516838
66516839
66516840
66516841
66516842
66516843
66516844
66516845
66516846
66516847
66516848
66516849
66516850
66516851
66516852
66516853
66516854
66516855
66516856
66516857
66516858
66516859
66516860
66516861
66516862
66516863
66516864
66516865
66516866
66516867
66516868
66516869
66516870
66516871
66516872
66516873
66516874
66516875
66516876
66516877
66516878
66516879
66516880
66516881
66516882
66516883
66516884
66516885
66516886
66516887
66516888
66516889
66516890
66516891
66516892
66516893
66516894
66516895
66516896
66516897
66516898
66516899
66516900
66516901
66516902
66516903
66516904
66516905
66516906
66516907
66516908
66516909
66516910
66516911
66516912
66516913
66516914
66516915
66516916
66516917
66516918
66516919
66516920
66516921
66516922
66516923
66516924
66516925
66516926
66516927
66516928
66516929
66516930
66516931
66516932
66516933
66516934
66516935
66516936
66516937
66516938
66516939
66516940
66516941
66516942
66516943
66516944
66516945
66516946
66516947
66516948
66516949
66516950
66516951
66516952
66516953
66516954
66516955
66516956
66516957
66516958
66516959
66516960
66516961
66516962
66516963
66516964
66516965
66516966
66516967
66516968
66516969
66516970
66516971
66516972
66516973
66516974
66516975
66516976
66516977
66516978
66516979
66516980
66516981
66516982
66516983
66516984
66516985
66516986
66516987
66516988
66516989
66516990
66516991
66516992
66516993
66516994
66516995
66516996
66516997
66516998
66516999
66517000
66517001
66517002
66517003
66517004
66517005
66517006
66517007
66517008
66517009
66517010
66517011
66517012
66517013
66517014
66517015
66517016
66517017
66517018
66517019
66517020
66517021
66517022
66517023
66517024
66517025
66517026
66517027
66517028
66517029
66517030
66517031
66517032
66517033
66517034
66517035
66517036
66517037
66517038
66517039
66517040
66517041
66517042
66517043
66517044
66517045
66517046
66517047
66517048
66517049
66517050
66517051
66517052
66517053
66517054
66517055
66517056
66517057
66517058
66517059
66517060
66517061
66517062
66517063
66517064
66517065
66517066
66517067
66517068
66517069
66517070
66517071
66517072
66517073
66517074
66517075
66517076
66517077
66517078
66517079
66517080
66517081
66517082
66517083
66517084
66517085
66517086
66517087
66517088
66517089
66517090
66517091
66517092
66517093
66517094
66517095
66517096
66517097
66517098
66517099
66517100
66517101
66517102
66517103
66517104
66517105
66517106
66517107
66517108
66517109
66517110
66517111
66517112
66517113
66517114
66517115
66517116
66517117
66517118
66517119
66517120
66517121
66517122
66517123
66517124
66517125
66517126
66517127
66517128
66517129
66517130
66517131
66517132
66517133
66517134
66517135
66517136
66517137
66517138
66517139
66517140
66517141
66517142
66517143
66517144
66517145
66517146
66517147
66517148
66517149
66517150
66517151
66517152
66517153
66517154
66517155
66517156
66517157
66517158
66517159
66517160
66517161
66517162
66517163
66517164
66517165
66517166
66517167
66517168
66517169
66517170
66517171
66517172
66517173
66517174
66517175
66517176
66517177
66517178
66517179
66517180
66517181
66517182
66517183
66517184
66517185
66517186
66517187
66517188
66517189
66517190
66517191
66517192
66517193
66517194
66517195
66517196
66517197
66517198
66517199
66517200
66517201
66517202
66517203
66517204
66517205
66517206
66517207
66517208
66517209
66517210
66517211
66517212
66517213
66517214
66517215
66517216
66517217
66517218
66517219
66517220
66517221
66517222
66517223
66517224
66517225
66517226
66517227
66517228
66517229
66517230
66517231
66517232
66517233
66517234
66517235
66517236
66517237
66517238
66517239
66517240
66517241
66517242
66517243
66517244
66517245
66517246
66517247
66517248
66517249
66517250
66517251
66517252
66517253
66517254
66517255
66517256
66517257
66517258
66517259
66517260
66517261
66517262
66517263
66517264
66517265
66517266
66517267
66517268
66517269
66517270
66517271
66517272
66517273
66517274
66517275
66517276
66517277
66517278
66517279
66517280
66517281
66517282
66517283
66517284
66517285
66517286
66517287
66517288
66517289
66517290
66517291
66517292
66517293
66517294
66517295
66517296
66517297
66517298
66517299
66517300
66517301
66517302
66517303
66517304
66517305
66517306
66517307
66517308
66517309
66517310
66517311
66517312
66517313
66517314
66517315
66517316
66517317
66517318
66517319
66517320
66517321
66517322
66517323
66517324
66517325
66517326
66517327
66517328
66517329
66517330
66517331
66517332
66517333
66517334
66517335
66517336
66517337
66517338
66517339
66517340
66517341
66517342
66517343
66517344
66517345
66517346
66517347
66517348
66517349
66517350
66517351
66517352
66517353
66517354
66517355
66517356
66517357
66517358
66517359
66517360
66517361
66517362
66517363
66517364
66517365
66517366
66517367
66517368
66517369
66517370
66517371
66517372
66517373
66517374
66517375
66517376
66517377
66517378
66517379
66517380
66517381
66517382
66517383
66517384
66517385
66517386
66517387
66517388
66517389
66517390
66517391
66517392
66517393
66517394
66517395
66517396
66517397
66517398
66517399
66517400
66517401
66517402
66517403
66517404
66517405
66517406
66517407
66517408
66517409
66517410
66517411
66517412
66517413
66517414
66517415
66517416
66517417
66517418
66517419
66517420
66517421
66517422
66517423
66517424
66517425
66517426
66517427
66517428
66517429
66517430
66517431
66517432
66517433
66517434
66517435
66517436
66517437
66517438
66517439
66517440
66517441
66517442
66517443
66517444
66517445
66517446
66517447
66517448
66517449
66517450
66517451
66517452
66517453
66517454
66517455
66517456
66517457
66517458
66517459
66517460
66517461
66517462
66517463
66517464
66517465
66517466
66517467
66517468
66517469
66517470
66517471
66517472
66517473
66517474
66517475
66517476
66517477
66517478
66517479
66517480
66517481
66517482
66517483
66517484
66517485
66517486
66517487
66517488
66517489
66517490
66517491
66517492
66517493
66517494
66517495
66517496
66517497
66517498
66517499
66517500
66517501
66517502
66517503
66517504
66517505
66517506
66517507
66517508
66517509
66517510
66517511
66517512
66517513
66517514
66517515
66517516
66517517
66517518
66517519
66517520
66517521
66517522
66517523
66517524
66517525
66517526
66517527
66517528
66517529
66517530
66517531
66517532
66517533
66517534
66517535
66517536
66517537
66517538
66517539
66517540
66517541
66517542
66517543
66517544
66517545
66517546
66517547
66517548
66517549
66517550
66517551
66517552
66517553
66517554
66517555
66517556
66517557
66517558
66517559
66517560
66517561
66517562
66517563
66517564
66517565
66517566
66517567
66517568
66517569
66517570
66517571
66517572
66517573
66517574
66517575
66517576
66517577
66517578
66517579
66517580
66517581
66517582
66517583
66517584
66517585
66517586
66517587
66517588
66517589
66517590
66517591
66517592
66517593
66517594
66517595
66517596
66517597
66517598
66517599
66517600
66517601
66517602
66517603
66517604
66517605
66517606
66517607
66517608
66517609
66517610
66517611
66517612
66517613
66517614
66517615
66517616
66517617
66517618
66517619
66517620
66517621
66517622
66517623
66517624
66517625
66517626
66517627
66517628
66517629
66517630
66517631
66517632
66517633
66517634
66517635
66517636
66517637
66517638
66517639
66517640
66517641
66517642
66517643
66517644
66517645
66517646
66517647
66517648
66517649
66517650
66517651
66517652
66517653
66517654
66517655
66517656
66517657
66517658
66517659
66517660
66517661
66517662
66517663
66517664
66517665
66517666
66517667
66517668
66517669
66517670
66517671
66517672
66517673
66517674
66517675
66517676
66517677
66517678
66517679
66517680
66517681
66517682
66517683
66517684
66517685
66517686
66517687
66517688
66517689
66517690
66517691
66517692
66517693
66517694
66517695
66517696
66517697
66517698
66517699
66517700
66517701
66517702
66517703
66517704
66517705
66517706
66517707
66517708
66517709
66517710
66517711
66517712
66517713
66517714
66517715
66517716
66517717
66517718
66517719
66517720
66517721
66517722
66517723
66517724
66517725
66517726
66517727
66517728
66517729
66517730
66517731
66517732
66517733
66517734
66517735
66517736
66517737
66517738
66517739
66517740
66517741
66517742
66517743
66517744
66517745
66517746
66517747
66517748
66517749
66517750
66517751
66517752
66517753
66517754
66517755
66517756
66517757
66517758
66517759
66517760
66517761
66517762
66517763
66517764
66517765
66517766
66517767
66517768
66517769
66517770
66517771
66517772
66517773
66517774
66517775
66517776
66517777
66517778
66517779
66517780
66517781
66517782
66517783
66517784
66517785
66517786
66517787
66517788
66517789
66517790
66517791
66517792
66517793
66517794
66517795
66517796
66517797
66517798
66517799
66517800
66517801
66517802
66517803
66517804
66517805
66517806
66517807
66517808
66517809
66517810
66517811
66517812
66517813
66517814
66517815
66517816
66517817
66517818
66517819
66517820
66517821
66517822
66517823
66517824
66517825
66517826
66517827
66517828
66517829
66517830
66517831
66517832
66517833
66517834
66517835
66517836
66517837
66517838
66517839
66517840
66517841
66517842
66517843
66517844
66517845
66517846
66517847
66517848
66517849
66517850
66517851
66517852
66517853
66517854
66517855
66517856
66517857
66517858
66517859
66517860
66517861
66517862
66517863
66517864
66517865
66517866
66517867
66517868
66517869
66517870
66517871
66517872
66517873
66517874
66517875
66517876
66517877
66517878
66517879
66517880
66517881
66517882
66517883
66517884
66517885
66517886
66517887
66517888
66517889
66517890
66517891
66517892
66517893
66517894
66517895
66517896
66517897
66517898
66517899
66517900
66517901
66517902
66517903
66517904
66517905
66517906
66517907
66517908
66517909
66517910
66517911
66517912
66517913
66517914
66517915
66517916
66517917
66517918
66517919
66517920
66517921
66517922
66517923
66517924
66517925
66517926
66517927
66517928
66517929
66517930
66517931
66517932
66517933
66517934
66517935
66517936
66517937
66517938
66517939
66517940
66517941
66517942
66517943
66517944
66517945
66517946
66517947
66517948
66517949
66517950
66517951
66517952
66517953
66517954
66517955
66517956
66517957
66517958
66517959
66517960
66517961
66517962
66517963
66517964
66517965
66517966
66517967
66517968
66517969
66517970
66517971
66517972
66517973
66517974
66517975
66517976
66517977
66517978
66517979
66517980
66517981
66517982
66517983
66517984
66517985
66517986
66517987
66517988
66517989
66517990
66517991
66517992
66517993
66517994
66517995
66517996
66517997
66517998
66517999
66518000
66518001
66518002
66518003
66518004
66518005
66518006
66518007
66518008
66518009
66518010
66518011
66518012
66518013
66518014
66518015
66518016
66518017
66518018
66518019
66518020
66518021
66518022
66518023
66518024
66518025
66518026
66518027
66518028
66518029
66518030
66518031
66518032
66518033
66518034
66518035
66518036
66518037
66518038
66518039
66518040
66518041
66518042
66518043
66518044
66518045
66518046
66518047
66518048
66518049
66518050
66518051
66518052
66518053
66518054
66518055
66518056
66518057
66518058
66518059
66518060
66518061
66518062
66518063
66518064
66518065
66518066
66518067
66518068
66518069
66518070
66518071
66518072
66518073
66518074
66518075
66518076
66518077
66518078
66518079
66518080
66518081
66518082
66518083
66518084
66518085
66518086
66518087
66518088
66518089
66518090
66518091
66518092
66518093
66518094
66518095
66518096
66518097
66518098
66518099
66518100
66518101
66518102
66518103
66518104
66518105
66518106
66518107
66518108
66518109
66518110
66518111
66518112
66518113
66518114
66518115
66518116
66518117
66518118
66518119
66518120
66518121
66518122
66518123
66518124
66518125
66518126
66518127
66518128
66518129
66518130
66518131
66518132
66518133
66518134
66518135
66518136
66518137
66518138
66518139
66518140
66518141
66518142
66518143
66518144
66518145
66518146
66518147
66518148
66518149
66518150
66518151
66518152
66518153
66518154
66518155
66518156
66518157
66518158
66518159
66518160
66518161
66518162
66518163
66518164
66518165
66518166
66518167
66518168
66518169
66518170
66518171
66518172
66518173
66518174
66518175
66518176
66518177
66518178
66518179
66518180
66518181
66518182
66518183
66518184
66518185
66518186
66518187
66518188
66518189
66518190
66518191
66518192
66518193
66518194
66518195
66518196
66518197
66518198
66518199
66518200
66518201
66518202
66518203
66518204
66518205
66518206
66518207
66518208
66518209
66518210
66518211
66518212
66518213
66518214
66518215
66518216
66518217
66518218
66518219
66518220
66518221
66518222
66518223
66518224
66518225
66518226
66518227
66518228
66518229
66518230
66518231
66518232
66518233
66518234
66518235
66518236
66518237
66518238
66518239
66518240
66518241
66518242
66518243
66518244
66518245
66518246
66518247
66518248
66518249
66518250
66518251
66518252
66518253
66518254
66518255
66518256
66518257
66518258
66518259
66518260
66518261
66518262
66518263
66518264
66518265
66518266
66518267
66518268
66518269
66518270
66518271
66518272
66518273
66518274
66518275
66518276
66518277
66518278
66518279
66518280
66518281
66518282
66518283
66518284
66518285
66518286
66518287
66518288
66518289
66518290
66518291
66518292
66518293
66518294
66518295
66518296
66518297
66518298
66518299
66518300
66518301
66518302
66518303
66518304
66518305
66518306
66518307
66518308
66518309
66518310
66518311
66518312
66518313
66518314
66518315
66518316
66518317
66518318
66518319
66518320
66518321
66518322
66518323
66518324
66518325
66518326
66518327
66518328
66518329
66518330
66518331
66518332
66518333
66518334
66518335
66518336
66518337
66518338
66518339
66518340
66518341
66518342
66518343
66518344
66518345
66518346
66518347
66518348
66518349
66518350
66518351
66518352
66518353
66518354
66518355
66518356
66518357
66518358
66518359
66518360
66518361
66518362
66518363
66518364
66518365
66518366
66518367
66518368
66518369
66518370
66518371
66518372
66518373
66518374
66518375
66518376
66518377
66518378
66518379
66518380
66518381
66518382
66518383
66518384
66518385
66518386
66518387
66518388
66518389
66518390
66518391
66518392
66518393
66518394
66518395
66518396
66518397
66518398
66518399
66518400
66518401
66518402
66518403
66518404
66518405
66518406
66518407
66518408
66518409
66518410
66518411
66518412
66518413
66518414
66518415
66518416
66518417
66518418
66518419
66518420
66518421
66518422
66518423
66518424
66518425
66518426
66518427
66518428
66518429
66518430
66518431
66518432
66518433
66518434
66518435
66518436
66518437
66518438
66518439
66518440
66518441
66518442
66518443
66518444
66518445
66518446
66518447
66518448
66518449
66518450
66518451
66518452
66518453
66518454
66518455
66518456
66518457
66518458
66518459
66518460
66518461
66518462
66518463
66518464
66518465
66518466
66518467
66518468
66518469
66518470
66518471
66518472
66518473
66518474
66518475
66518476
66518477
66518478
66518479
66518480
66518481
66518482
66518483
66518484
66518485
66518486
66518487
66518488
66518489
66518490
66518491
66518492
66518493
66518494
66518495
66518496
66518497
66518498
66518499
66518500
66518501
66518502
66518503
66518504
66518505
66518506
66518507
66518508
66518509
66518510
66518511
66518512
66518513
66518514
66518515
66518516
66518517
66518518
66518519
66518520
66518521
66518522
66518523
66518524
66518525
66518526
66518527
66518528
66518529
66518530
66518531
66518532
66518533
66518534
66518535
66518536
66518537
66518538
66518539
66518540
66518541
66518542
66518543
66518544
66518545
66518546
66518547
66518548
66518549
66518550
66518551
66518552
66518553
66518554
66518555
66518556
66518557
66518558
66518559
66518560
66518561
66518562
66518563
66518564
66518565
66518566
66518567
66518568
66518569
66518570
66518571
66518572
66518573
66518574
66518575
66518576
66518577
66518578
66518579
66518580
66518581
66518582
66518583
66518584
66518585
66518586
66518587
66518588
66518589
66518590
66518591
66518592
66518593
66518594
66518595
66518596
66518597
66518598
66518599
66518600
66518601
66518602
66518603
66518604
66518605
66518606
66518607
66518608
66518609
66518610
66518611
66518612
66518613
66518614
66518615
66518616
66518617
66518618
66518619
66518620
66518621
66518622
66518623
66518624
66518625
66518626
66518627
66518628
66518629
66518630
66518631
66518632
66518633
66518634
66518635
66518636
66518637
66518638
66518639
66518640
66518641
66518642
66518643
66518644
66518645
66518646
66518647
66518648
66518649
66518650
66518651
66518652
66518653
66518654
66518655
66518656
66518657
66518658
66518659
66518660
66518661
66518662
66518663
66518664
66518665
66518666
66518667
66518668
66518669
66518670
66518671
66518672
66518673
66518674
66518675
66518676
66518677
66518678
66518679
66518680
66518681
66518682
66518683
66518684
66518685
66518686
66518687
66518688
66518689
66518690
66518691
66518692
66518693
66518694
66518695
66518696
66518697
66518698
66518699
66518700
66518701
66518702
66518703
66518704
66518705
66518706
66518707
66518708
66518709
66518710
66518711
66518712
66518713
66518714
66518715
66518716
66518717
66518718
66518719
66518720
66518721
66518722
66518723
66518724
66518725
66518726
66518727
66518728
66518729
66518730
66518731
66518732
66518733
66518734
66518735
66518736
66518737
66518738
66518739
66518740
66518741
66518742
66518743
66518744
66518745
66518746
66518747
66518748
66518749
66518750
66518751
66518752
66518753
66518754
66518755
66518756
66518757
66518758
66518759
66518760
66518761
66518762
66518763
66518764
66518765
66518766
66518767
66518768
66518769
66518770
66518771
66518772
66518773
66518774
66518775
66518776
66518777
66518778
66518779
66518780
66518781
66518782
66518783
66518784
66518785
66518786
66518787
66518788
66518789
66518790
66518791
66518792
66518793
66518794
66518795
66518796
66518797
66518798
66518799
66518800
66518801
66518802
66518803
66518804
66518805
66518806
66518807
66518808
66518809
66518810
66518811
66518812
66518813
66518814
66518815
66518816
66518817
66518818
66518819
66518820
66518821
66518822
66518823
66518824
66518825
66518826
66518827
66518828
66518829
66518830
66518831
66518832
66518833
66518834
66518835
66518836
66518837
66518838
66518839
66518840
66518841
66518842
66518843
66518844
66518845
66518846
66518847
66518848
66518849
66518850
66518851
66518852
66518853
66518854
66518855
66518856
66518857
66518858
66518859
66518860
66518861
66518862
66518863
66518864
66518865
66518866
66518867
66518868
66518869
66518870
66518871
66518872
66518873
66518874
66518875
66518876
66518877
66518878
66518879
66518880
66518881
66518882
66518883
66518884
66518885
66518886
66518887
66518888
66518889
