71468890
71468891
71468892
71468893
71468894
71468895
71468896
71468897
71468898
71468899
71468900
71468901
71468902
71468903
71468904
71468905
71468906
71468907
71468908
71468909
71468910
71468911
71468912
71468913
71468914
71468915
71468916
71468917
71468918
71468919
71468920
71468921
71468922
71468923
71468924
71468925
71468926
71468927
71468928
71468929
71468930
71468931
71468932
71468933
71468934
71468935
71468936
71468937
71468938
71468939
71468940
71468941
71468942
71468943
71468944
71468945
71468946
71468947
71468948
71468949
71468950
71468951
71468952
71468953
71468954
71468955
71468956
71468957
71468958
71468959
71468960
71468961
71468962
71468963
71468964
71468965
71468966
71468967
71468968
71468969
71468970
71468971
71468972
71468973
71468974
71468975
71468976
71468977
71468978
71468979
71468980
71468981
71468982
71468983
71468984
71468985
71468986
71468987
71468988
71468989
71468990
71468991
71468992
71468993
71468994
71468995
71468996
71468997
71468998
71468999
71469000
71469001
71469002
71469003
71469004
71469005
71469006
71469007
71469008
71469009
71469010
71469011
71469012
71469013
71469014
71469015
71469016
71469017
71469018
71469019
71469020
71469021
71469022
71469023
71469024
71469025
71469026
71469027
71469028
71469029
71469030
71469031
71469032
71469033
71469034
71469035
71469036
71469037
71469038
71469039
71469040
71469041
71469042
71469043
71469044
71469045
71469046
71469047
71469048
71469049
71469050
71469051
71469052
71469053
71469054
71469055
71469056
71469057
71469058
71469059
71469060
71469061
71469062
71469063
71469064
71469065
71469066
71469067
71469068
71469069
71469070
71469071
71469072
71469073
71469074
71469075
71469076
71469077
71469078
71469079
71469080
71469081
71469082
71469083
71469084
71469085
71469086
71469087
71469088
71469089
71469090
71469091
71469092
71469093
71469094
71469095
71469096
71469097
71469098
71469099
71469100
71469101
71469102
71469103
71469104
71469105
71469106
71469107
71469108
71469109
71469110
71469111
71469112
71469113
71469114
71469115
71469116
71469117
71469118
71469119
71469120
71469121
71469122
71469123
71469124
71469125
71469126
71469127
71469128
71469129
71469130
71469131
71469132
71469133
71469134
71469135
71469136
71469137
71469138
71469139
71469140
71469141
71469142
71469143
71469144
71469145
71469146
71469147
71469148
71469149
71469150
71469151
71469152
71469153
71469154
71469155
71469156
71469157
71469158
71469159
71469160
71469161
71469162
71469163
71469164
71469165
71469166
71469167
71469168
71469169
71469170
71469171
71469172
71469173
71469174
71469175
71469176
71469177
71469178
71469179
71469180
71469181
71469182
71469183
71469184
71469185
71469186
71469187
71469188
71469189
71469190
71469191
71469192
71469193
71469194
71469195
71469196
71469197
71469198
71469199
71469200
71469201
71469202
71469203
71469204
71469205
71469206
71469207
71469208
71469209
71469210
71469211
71469212
71469213
71469214
71469215
71469216
71469217
71469218
71469219
71469220
71469221
71469222
71469223
71469224
71469225
71469226
71469227
71469228
71469229
71469230
71469231
71469232
71469233
71469234
71469235
71469236
71469237
71469238
71469239
71469240
71469241
71469242
71469243
71469244
71469245
71469246
71469247
71469248
71469249
71469250
71469251
71469252
71469253
71469254
71469255
71469256
71469257
71469258
71469259
71469260
71469261
71469262
71469263
71469264
71469265
71469266
71469267
71469268
71469269
71469270
71469271
71469272
71469273
71469274
71469275
71469276
71469277
71469278
71469279
71469280
71469281
71469282
71469283
71469284
71469285
71469286
71469287
71469288
71469289
71469290
71469291
71469292
71469293
71469294
71469295
71469296
71469297
71469298
71469299
71469300
71469301
71469302
71469303
71469304
71469305
71469306
71469307
71469308
71469309
71469310
71469311
71469312
71469313
71469314
71469315
71469316
71469317
71469318
71469319
71469320
71469321
71469322
71469323
71469324
71469325
71469326
71469327
71469328
71469329
71469330
71469331
71469332
71469333
71469334
71469335
71469336
71469337
71469338
71469339
71469340
71469341
71469342
71469343
71469344
71469345
71469346
71469347
71469348
71469349
71469350
71469351
71469352
71469353
71469354
71469355
71469356
71469357
71469358
71469359
71469360
71469361
71469362
71469363
71469364
71469365
71469366
71469367
71469368
71469369
71469370
71469371
71469372
71469373
71469374
71469375
71469376
71469377
71469378
71469379
71469380
71469381
71469382
71469383
71469384
71469385
71469386
71469387
71469388
71469389
71469390
71469391
71469392
71469393
71469394
71469395
71469396
71469397
71469398
71469399
71469400
71469401
71469402
71469403
71469404
71469405
71469406
71469407
71469408
71469409
71469410
71469411
71469412
71469413
71469414
71469415
71469416
71469417
71469418
71469419
71469420
71469421
71469422
71469423
71469424
71469425
71469426
71469427
71469428
71469429
71469430
71469431
71469432
71469433
71469434
71469435
71469436
71469437
71469438
71469439
71469440
71469441
71469442
71469443
71469444
71469445
71469446
71469447
71469448
71469449
71469450
71469451
71469452
71469453
71469454
71469455
71469456
71469457
71469458
71469459
71469460
71469461
71469462
71469463
71469464
71469465
71469466
71469467
71469468
71469469
71469470
71469471
71469472
71469473
71469474
71469475
71469476
71469477
71469478
71469479
71469480
71469481
71469482
71469483
71469484
71469485
71469486
71469487
71469488
71469489
71469490
71469491
71469492
71469493
71469494
71469495
71469496
71469497
71469498
71469499
71469500
71469501
71469502
71469503
71469504
71469505
71469506
71469507
71469508
71469509
71469510
71469511
71469512
71469513
71469514
71469515
71469516
71469517
71469518
71469519
71469520
71469521
71469522
71469523
71469524
71469525
71469526
71469527
71469528
71469529
71469530
71469531
71469532
71469533
71469534
71469535
71469536
71469537
71469538
71469539
71469540
71469541
71469542
71469543
71469544
71469545
71469546
71469547
71469548
71469549
71469550
71469551
71469552
71469553
71469554
71469555
71469556
71469557
71469558
71469559
71469560
71469561
71469562
71469563
71469564
71469565
71469566
71469567
71469568
71469569
71469570
71469571
71469572
71469573
71469574
71469575
71469576
71469577
71469578
71469579
71469580
71469581
71469582
71469583
71469584
71469585
71469586
71469587
71469588
71469589
71469590
71469591
71469592
71469593
71469594
71469595
71469596
71469597
71469598
71469599
71469600
71469601
71469602
71469603
71469604
71469605
71469606
71469607
71469608
71469609
71469610
71469611
71469612
71469613
71469614
71469615
71469616
71469617
71469618
71469619
71469620
71469621
71469622
71469623
71469624
71469625
71469626
71469627
71469628
71469629
71469630
71469631
71469632
71469633
71469634
71469635
71469636
71469637
71469638
71469639
71469640
71469641
71469642
71469643
71469644
71469645
71469646
71469647
71469648
71469649
71469650
71469651
71469652
71469653
71469654
71469655
71469656
71469657
71469658
71469659
71469660
71469661
71469662
71469663
71469664
71469665
71469666
71469667
71469668
71469669
71469670
71469671
71469672
71469673
71469674
71469675
71469676
71469677
71469678
71469679
71469680
71469681
71469682
71469683
71469684
71469685
71469686
71469687
71469688
71469689
71469690
71469691
71469692
71469693
71469694
71469695
71469696
71469697
71469698
71469699
71469700
71469701
71469702
71469703
71469704
71469705
71469706
71469707
71469708
71469709
71469710
71469711
71469712
71469713
71469714
71469715
71469716
71469717
71469718
71469719
71469720
71469721
71469722
71469723
71469724
71469725
71469726
71469727
71469728
71469729
71469730
71469731
71469732
71469733
71469734
71469735
71469736
71469737
71469738
71469739
71469740
71469741
71469742
71469743
71469744
71469745
71469746
71469747
71469748
71469749
71469750
71469751
71469752
71469753
71469754
71469755
71469756
71469757
71469758
71469759
71469760
71469761
71469762
71469763
71469764
71469765
71469766
71469767
71469768
71469769
71469770
71469771
71469772
71469773
71469774
71469775
71469776
71469777
71469778
71469779
71469780
71469781
71469782
71469783
71469784
71469785
71469786
71469787
71469788
71469789
71469790
71469791
71469792
71469793
71469794
71469795
71469796
71469797
71469798
71469799
71469800
71469801
71469802
71469803
71469804
71469805
71469806
71469807
71469808
71469809
71469810
71469811
71469812
71469813
71469814
71469815
71469816
71469817
71469818
71469819
71469820
71469821
71469822
71469823
71469824
71469825
71469826
71469827
71469828
71469829
71469830
71469831
71469832
71469833
71469834
71469835
71469836
71469837
71469838
71469839
71469840
71469841
71469842
71469843
71469844
71469845
71469846
71469847
71469848
71469849
71469850
71469851
71469852
71469853
71469854
71469855
71469856
71469857
71469858
71469859
71469860
71469861
71469862
71469863
71469864
71469865
71469866
71469867
71469868
71469869
71469870
71469871
71469872
71469873
71469874
71469875
71469876
71469877
71469878
71469879
71469880
71469881
71469882
71469883
71469884
71469885
71469886
71469887
71469888
71469889
71469890
71469891
71469892
71469893
71469894
71469895
71469896
71469897
71469898
71469899
71469900
71469901
71469902
71469903
71469904
71469905
71469906
71469907
71469908
71469909
71469910
71469911
71469912
71469913
71469914
71469915
71469916
71469917
71469918
71469919
71469920
71469921
71469922
71469923
71469924
71469925
71469926
71469927
71469928
71469929
71469930
71469931
71469932
71469933
71469934
71469935
71469936
71469937
71469938
71469939
71469940
71469941
71469942
71469943
71469944
71469945
71469946
71469947
71469948
71469949
71469950
71469951
71469952
71469953
71469954
71469955
71469956
71469957
71469958
71469959
71469960
71469961
71469962
71469963
71469964
71469965
71469966
71469967
71469968
71469969
71469970
71469971
71469972
71469973
71469974
71469975
71469976
71469977
71469978
71469979
71469980
71469981
71469982
71469983
71469984
71469985
71469986
71469987
71469988
71469989
71469990
71469991
71469992
71469993
71469994
71469995
71469996
71469997
71469998
71469999
71470000
71470001
71470002
71470003
71470004
71470005
71470006
71470007
71470008
71470009
71470010
71470011
71470012
71470013
71470014
71470015
71470016
71470017
71470018
71470019
71470020
71470021
71470022
71470023
71470024
71470025
71470026
71470027
71470028
71470029
71470030
71470031
71470032
71470033
71470034
71470035
71470036
71470037
71470038
71470039
71470040
71470041
71470042
71470043
71470044
71470045
71470046
71470047
71470048
71470049
71470050
71470051
71470052
71470053
71470054
71470055
71470056
71470057
71470058
71470059
71470060
71470061
71470062
71470063
71470064
71470065
71470066
71470067
71470068
71470069
71470070
71470071
71470072
71470073
71470074
71470075
71470076
71470077
71470078
71470079
71470080
71470081
71470082
71470083
71470084
71470085
71470086
71470087
71470088
71470089
71470090
71470091
71470092
71470093
71470094
71470095
71470096
71470097
71470098
71470099
71470100
71470101
71470102
71470103
71470104
71470105
71470106
71470107
71470108
71470109
71470110
71470111
71470112
71470113
71470114
71470115
71470116
71470117
71470118
71470119
71470120
71470121
71470122
71470123
71470124
71470125
71470126
71470127
71470128
71470129
71470130
71470131
71470132
71470133
71470134
71470135
71470136
71470137
71470138
71470139
71470140
71470141
71470142
71470143
71470144
71470145
71470146
71470147
71470148
71470149
71470150
71470151
71470152
71470153
71470154
71470155
71470156
71470157
71470158
71470159
71470160
71470161
71470162
71470163
71470164
71470165
71470166
71470167
71470168
71470169
71470170
71470171
71470172
71470173
71470174
71470175
71470176
71470177
71470178
71470179
71470180
71470181
71470182
71470183
71470184
71470185
71470186
71470187
71470188
71470189
71470190
71470191
71470192
71470193
71470194
71470195
71470196
71470197
71470198
71470199
71470200
71470201
71470202
71470203
71470204
71470205
71470206
71470207
71470208
71470209
71470210
71470211
71470212
71470213
71470214
71470215
71470216
71470217
71470218
71470219
71470220
71470221
71470222
71470223
71470224
71470225
71470226
71470227
71470228
71470229
71470230
71470231
71470232
71470233
71470234
71470235
71470236
71470237
71470238
71470239
71470240
71470241
71470242
71470243
71470244
71470245
71470246
71470247
71470248
71470249
71470250
71470251
71470252
71470253
71470254
71470255
71470256
71470257
71470258
71470259
71470260
71470261
71470262
71470263
71470264
71470265
71470266
71470267
71470268
71470269
71470270
71470271
71470272
71470273
71470274
71470275
71470276
71470277
71470278
71470279
71470280
71470281
71470282
71470283
71470284
71470285
71470286
71470287
71470288
71470289
71470290
71470291
71470292
71470293
71470294
71470295
71470296
71470297
71470298
71470299
71470300
71470301
71470302
71470303
71470304
71470305
71470306
71470307
71470308
71470309
71470310
71470311
71470312
71470313
71470314
71470315
71470316
71470317
71470318
71470319
71470320
71470321
71470322
71470323
71470324
71470325
71470326
71470327
71470328
71470329
71470330
71470331
71470332
71470333
71470334
71470335
71470336
71470337
71470338
71470339
71470340
71470341
71470342
71470343
71470344
71470345
71470346
71470347
71470348
71470349
71470350
71470351
71470352
71470353
71470354
71470355
71470356
71470357
71470358
71470359
71470360
71470361
71470362
71470363
71470364
71470365
71470366
71470367
71470368
71470369
71470370
71470371
71470372
71470373
71470374
71470375
71470376
71470377
71470378
71470379
71470380
71470381
71470382
71470383
71470384
71470385
71470386
71470387
71470388
71470389
71470390
71470391
71470392
71470393
71470394
71470395
71470396
71470397
71470398
71470399
71470400
71470401
71470402
71470403
71470404
71470405
71470406
71470407
71470408
71470409
71470410
71470411
71470412
71470413
71470414
71470415
71470416
71470417
71470418
71470419
71470420
71470421
71470422
71470423
71470424
71470425
71470426
71470427
71470428
71470429
71470430
71470431
71470432
71470433
71470434
71470435
71470436
71470437
71470438
71470439
71470440
71470441
71470442
71470443
71470444
71470445
71470446
71470447
71470448
71470449
71470450
71470451
71470452
71470453
71470454
71470455
71470456
71470457
71470458
71470459
71470460
71470461
71470462
71470463
71470464
71470465
71470466
71470467
71470468
71470469
71470470
71470471
71470472
71470473
71470474
71470475
71470476
71470477
71470478
71470479
71470480
71470481
71470482
71470483
71470484
71470485
71470486
71470487
71470488
71470489
71470490
71470491
71470492
71470493
71470494
71470495
71470496
71470497
71470498
71470499
71470500
71470501
71470502
71470503
71470504
71470505
71470506
71470507
71470508
71470509
71470510
71470511
71470512
71470513
71470514
71470515
71470516
71470517
71470518
71470519
71470520
71470521
71470522
71470523
71470524
71470525
71470526
71470527
71470528
71470529
71470530
71470531
71470532
71470533
71470534
71470535
71470536
71470537
71470538
71470539
71470540
71470541
71470542
71470543
71470544
71470545
71470546
71470547
71470548
71470549
71470550
71470551
71470552
71470553
71470554
71470555
71470556
71470557
71470558
71470559
71470560
71470561
71470562
71470563
71470564
71470565
71470566
71470567
71470568
71470569
71470570
71470571
71470572
71470573
71470574
71470575
71470576
71470577
71470578
71470579
71470580
71470581
71470582
71470583
71470584
71470585
71470586
71470587
71470588
71470589
71470590
71470591
71470592
71470593
71470594
71470595
71470596
71470597
71470598
71470599
71470600
71470601
71470602
71470603
71470604
71470605
71470606
71470607
71470608
71470609
71470610
71470611
71470612
71470613
71470614
71470615
71470616
71470617
71470618
71470619
71470620
71470621
71470622
71470623
71470624
71470625
71470626
71470627
71470628
71470629
71470630
71470631
71470632
71470633
71470634
71470635
71470636
71470637
71470638
71470639
71470640
71470641
71470642
71470643
71470644
71470645
71470646
71470647
71470648
71470649
71470650
71470651
71470652
71470653
71470654
71470655
71470656
71470657
71470658
71470659
71470660
71470661
71470662
71470663
71470664
71470665
71470666
71470667
71470668
71470669
71470670
71470671
71470672
71470673
71470674
71470675
71470676
71470677
71470678
71470679
71470680
71470681
71470682
71470683
71470684
71470685
71470686
71470687
71470688
71470689
71470690
71470691
71470692
71470693
71470694
71470695
71470696
71470697
71470698
71470699
71470700
71470701
71470702
71470703
71470704
71470705
71470706
71470707
71470708
71470709
71470710
71470711
71470712
71470713
71470714
71470715
71470716
71470717
71470718
71470719
71470720
71470721
71470722
71470723
71470724
71470725
71470726
71470727
71470728
71470729
71470730
71470731
71470732
71470733
71470734
71470735
71470736
71470737
71470738
71470739
71470740
71470741
71470742
71470743
71470744
71470745
71470746
71470747
71470748
71470749
71470750
71470751
71470752
71470753
71470754
71470755
71470756
71470757
71470758
71470759
71470760
71470761
71470762
71470763
71470764
71470765
71470766
71470767
71470768
71470769
71470770
71470771
71470772
71470773
71470774
71470775
71470776
71470777
71470778
71470779
71470780
71470781
71470782
71470783
71470784
71470785
71470786
71470787
71470788
71470789
71470790
71470791
71470792
71470793
71470794
71470795
71470796
71470797
71470798
71470799
71470800
71470801
71470802
71470803
71470804
71470805
71470806
71470807
71470808
71470809
71470810
71470811
71470812
71470813
71470814
71470815
71470816
71470817
71470818
71470819
71470820
71470821
71470822
71470823
71470824
71470825
71470826
71470827
71470828
71470829
71470830
71470831
71470832
71470833
71470834
71470835
71470836
71470837
71470838
71470839
71470840
71470841
71470842
71470843
71470844
71470845
71470846
71470847
71470848
71470849
71470850
71470851
71470852
71470853
71470854
71470855
71470856
71470857
71470858
71470859
71470860
71470861
71470862
71470863
71470864
71470865
71470866
71470867
71470868
71470869
71470870
71470871
71470872
71470873
71470874
71470875
71470876
71470877
71470878
71470879
71470880
71470881
71470882
71470883
71470884
71470885
71470886
71470887
71470888
71470889
71470890
71470891
71470892
71470893
71470894
71470895
71470896
71470897
71470898
71470899
71470900
71470901
71470902
71470903
71470904
71470905
71470906
71470907
71470908
71470909
71470910
71470911
71470912
71470913
71470914
71470915
71470916
71470917
71470918
71470919
71470920
71470921
71470922
71470923
71470924
71470925
71470926
71470927
71470928
71470929
71470930
71470931
71470932
71470933
71470934
71470935
71470936
71470937
71470938
71470939
71470940
71470941
71470942
71470943
71470944
71470945
71470946
71470947
71470948
71470949
71470950
71470951
71470952
71470953
71470954
71470955
71470956
71470957
71470958
71470959
71470960
71470961
71470962
71470963
71470964
71470965
71470966
71470967
71470968
71470969
71470970
71470971
71470972
71470973
71470974
71470975
71470976
71470977
71470978
71470979
71470980
71470981
71470982
71470983
71470984
71470985
71470986
71470987
71470988
71470989
71470990
71470991
71470992
71470993
71470994
71470995
71470996
71470997
71470998
71470999
71471000
71471001
71471002
71471003
71471004
71471005
71471006
71471007
71471008
71471009
71471010
71471011
71471012
71471013
71471014
71471015
71471016
71471017
71471018
71471019
71471020
71471021
71471022
71471023
71471024
71471025
71471026
71471027
71471028
71471029
71471030
71471031
71471032
71471033
71471034
71471035
71471036
71471037
71471038
71471039
71471040
71471041
71471042
71471043
71471044
71471045
71471046
71471047
71471048
71471049
71471050
71471051
71471052
71471053
71471054
71471055
71471056
71471057
71471058
71471059
71471060
71471061
71471062
71471063
71471064
71471065
71471066
71471067
71471068
71471069
71471070
71471071
71471072
71471073
71471074
71471075
71471076
71471077
71471078
71471079
71471080
71471081
71471082
71471083
71471084
71471085
71471086
71471087
71471088
71471089
71471090
71471091
71471092
71471093
71471094
71471095
71471096
71471097
71471098
71471099
71471100
71471101
71471102
71471103
71471104
71471105
71471106
71471107
71471108
71471109
71471110
71471111
71471112
71471113
71471114
71471115
71471116
71471117
71471118
71471119
71471120
71471121
71471122
71471123
71471124
71471125
71471126
71471127
71471128
71471129
71471130
71471131
71471132
71471133
71471134
71471135
71471136
71471137
71471138
71471139
71471140
71471141
71471142
71471143
71471144
71471145
71471146
71471147
71471148
71471149
71471150
71471151
71471152
71471153
71471154
71471155
71471156
71471157
71471158
71471159
71471160
71471161
71471162
71471163
71471164
71471165
71471166
71471167
71471168
71471169
71471170
71471171
71471172
71471173
71471174
71471175
71471176
71471177
71471178
71471179
71471180
71471181
71471182
71471183
71471184
71471185
71471186
71471187
71471188
71471189
71471190
71471191
71471192
71471193
71471194
71471195
71471196
71471197
71471198
71471199
71471200
71471201
71471202
71471203
71471204
71471205
71471206
71471207
71471208
71471209
71471210
71471211
71471212
71471213
71471214
71471215
71471216
71471217
71471218
71471219
71471220
71471221
71471222
71471223
71471224
71471225
71471226
71471227
71471228
71471229
71471230
71471231
71471232
71471233
71471234
71471235
71471236
71471237
71471238
71471239
71471240
71471241
71471242
71471243
71471244
71471245
71471246
71471247
71471248
71471249
71471250
71471251
71471252
71471253
71471254
71471255
71471256
71471257
71471258
71471259
71471260
71471261
71471262
71471263
71471264
71471265
71471266
71471267
71471268
71471269
71471270
71471271
71471272
71471273
71471274
71471275
71471276
71471277
71471278
71471279
71471280
71471281
71471282
71471283
71471284
71471285
71471286
71471287
71471288
71471289
71471290
71471291
71471292
71471293
71471294
71471295
71471296
71471297
71471298
71471299
71471300
71471301
71471302
71471303
71471304
71471305
71471306
71471307
71471308
71471309
71471310
71471311
71471312
71471313
71471314
71471315
71471316
71471317
71471318
71471319
71471320
71471321
71471322
71471323
71471324
71471325
71471326
71471327
71471328
71471329
71471330
71471331
71471332
71471333
71471334
71471335
71471336
71471337
71471338
71471339
71471340
71471341
71471342
71471343
71471344
71471345
71471346
71471347
71471348
71471349
71471350
71471351
71471352
71471353
71471354
71471355
71471356
71471357
71471358
71471359
71471360
71471361
71471362
71471363
71471364
71471365
71471366
71471367
71471368
71471369
71471370
71471371
71471372
71471373
71471374
71471375
71471376
71471377
71471378
71471379
71471380
71471381
71471382
71471383
71471384
71471385
71471386
71471387
71471388
71471389
71471390
71471391
71471392
71471393
71471394
71471395
71471396
71471397
71471398
71471399
71471400
71471401
71471402
71471403
71471404
71471405
71471406
71471407
71471408
71471409
71471410
71471411
71471412
71471413
71471414
71471415
71471416
71471417
71471418
71471419
71471420
71471421
71471422
71471423
71471424
71471425
71471426
71471427
71471428
71471429
71471430
71471431
71471432
71471433
71471434
71471435
71471436
71471437
71471438
71471439
71471440
71471441
71471442
71471443
71471444
71471445
71471446
71471447
71471448
71471449
71471450
71471451
71471452
71471453
71471454
71471455
71471456
71471457
71471458
71471459
71471460
71471461
71471462
71471463
71471464
71471465
71471466
71471467
71471468
71471469
71471470
71471471
71471472
71471473
71471474
71471475
71471476
71471477
71471478
71471479
71471480
71471481
71471482
71471483
71471484
71471485
71471486
71471487
71471488
71471489
71471490
71471491
71471492
71471493
71471494
71471495
71471496
71471497
71471498
71471499
71471500
71471501
71471502
71471503
71471504
71471505
71471506
71471507
71471508
71471509
71471510
71471511
71471512
71471513
71471514
71471515
71471516
71471517
71471518
71471519
71471520
71471521
71471522
71471523
71471524
71471525
71471526
71471527
71471528
71471529
71471530
71471531
71471532
71471533
71471534
71471535
71471536
71471537
71471538
71471539
71471540
71471541
71471542
71471543
71471544
71471545
71471546
71471547
71471548
71471549
71471550
71471551
71471552
71471553
71471554
71471555
71471556
71471557
71471558
71471559
71471560
71471561
71471562
71471563
71471564
71471565
71471566
71471567
71471568
71471569
71471570
71471571
71471572
71471573
71471574
71471575
71471576
71471577
71471578
71471579
71471580
71471581
71471582
71471583
71471584
71471585
71471586
71471587
71471588
71471589
71471590
71471591
71471592
71471593
71471594
71471595
71471596
71471597
71471598
71471599
71471600
71471601
71471602
71471603
71471604
71471605
71471606
71471607
71471608
71471609
71471610
71471611
71471612
71471613
71471614
71471615
71471616
71471617
71471618
71471619
71471620
71471621
71471622
71471623
71471624
71471625
71471626
71471627
71471628
71471629
71471630
71471631
71471632
71471633
71471634
71471635
71471636
71471637
71471638
71471639
71471640
71471641
71471642
71471643
71471644
71471645
71471646
71471647
71471648
71471649
71471650
71471651
71471652
71471653
71471654
71471655
71471656
71471657
71471658
71471659
71471660
71471661
71471662
71471663
71471664
71471665
71471666
71471667
71471668
71471669
71471670
71471671
71471672
71471673
71471674
71471675
71471676
71471677
71471678
71471679
71471680
71471681
71471682
71471683
71471684
71471685
71471686
71471687
71471688
71471689
71471690
71471691
71471692
71471693
71471694
71471695
71471696
71471697
71471698
71471699
71471700
71471701
71471702
71471703
71471704
71471705
71471706
71471707
71471708
71471709
71471710
71471711
71471712
71471713
71471714
71471715
71471716
71471717
71471718
71471719
71471720
71471721
71471722
71471723
71471724
71471725
71471726
71471727
71471728
71471729
71471730
71471731
71471732
71471733
71471734
71471735
71471736
71471737
71471738
71471739
71471740
71471741
71471742
71471743
71471744
71471745
71471746
71471747
71471748
71471749
71471750
71471751
71471752
71471753
71471754
71471755
71471756
71471757
71471758
71471759
71471760
71471761
71471762
71471763
71471764
71471765
71471766
71471767
71471768
71471769
71471770
71471771
71471772
71471773
71471774
71471775
71471776
71471777
71471778
71471779
71471780
71471781
71471782
71471783
71471784
71471785
71471786
71471787
71471788
71471789
71471790
71471791
71471792
71471793
71471794
71471795
71471796
71471797
71471798
71471799
71471800
71471801
71471802
71471803
71471804
71471805
71471806
71471807
71471808
71471809
71471810
71471811
71471812
71471813
71471814
71471815
71471816
71471817
71471818
71471819
71471820
71471821
71471822
71471823
71471824
71471825
71471826
71471827
71471828
71471829
71471830
71471831
71471832
71471833
71471834
71471835
71471836
71471837
71471838
71471839
71471840
71471841
71471842
71471843
71471844
71471845
71471846
71471847
71471848
71471849
71471850
71471851
71471852
71471853
71471854
71471855
71471856
71471857
71471858
71471859
71471860
71471861
71471862
71471863
71471864
71471865
71471866
71471867
71471868
71471869
71471870
71471871
71471872
71471873
71471874
71471875
71471876
71471877
71471878
71471879
71471880
71471881
71471882
71471883
71471884
71471885
71471886
71471887
71471888
71471889
71471890
71471891
71471892
71471893
71471894
71471895
71471896
71471897
71471898
71471899
71471900
71471901
71471902
71471903
71471904
71471905
71471906
71471907
71471908
71471909
71471910
71471911
71471912
71471913
71471914
71471915
71471916
71471917
71471918
71471919
71471920
71471921
71471922
71471923
71471924
71471925
71471926
71471927
71471928
71471929
71471930
71471931
71471932
71471933
71471934
71471935
71471936
71471937
71471938
71471939
71471940
71471941
71471942
71471943
71471944
71471945
71471946
71471947
71471948
71471949
71471950
71471951
71471952
71471953
71471954
71471955
71471956
71471957
71471958
71471959
71471960
71471961
71471962
71471963
71471964
71471965
71471966
71471967
71471968
71471969
71471970
71471971
71471972
71471973
71471974
71471975
71471976
71471977
71471978
71471979
71471980
71471981
71471982
71471983
71471984
71471985
71471986
71471987
71471988
71471989
71471990
71471991
71471992
71471993
71471994
71471995
71471996
71471997
71471998
71471999
71472000
71472001
71472002
71472003
71472004
71472005
71472006
71472007
71472008
71472009
71472010
71472011
71472012
71472013
71472014
71472015
71472016
71472017
71472018
71472019
71472020
71472021
71472022
71472023
71472024
71472025
71472026
71472027
71472028
71472029
71472030
71472031
71472032
71472033
71472034
71472035
71472036
71472037
71472038
71472039
71472040
71472041
71472042
71472043
71472044
71472045
71472046
71472047
71472048
71472049
71472050
71472051
71472052
71472053
71472054
71472055
71472056
71472057
71472058
71472059
71472060
71472061
71472062
71472063
71472064
71472065
71472066
71472067
71472068
71472069
71472070
71472071
71472072
71472073
71472074
71472075
71472076
71472077
71472078
71472079
71472080
71472081
71472082
71472083
71472084
71472085
71472086
71472087
71472088
71472089
71472090
71472091
71472092
71472093
71472094
71472095
71472096
71472097
71472098
71472099
71472100
71472101
71472102
71472103
71472104
71472105
71472106
71472107
71472108
71472109
71472110
71472111
71472112
71472113
71472114
71472115
71472116
71472117
71472118
71472119
71472120
71472121
71472122
71472123
71472124
71472125
71472126
71472127
71472128
71472129
71472130
71472131
71472132
71472133
71472134
71472135
71472136
71472137
71472138
71472139
71472140
71472141
71472142
71472143
71472144
71472145
71472146
71472147
71472148
71472149
71472150
71472151
71472152
71472153
71472154
71472155
71472156
71472157
71472158
71472159
71472160
71472161
71472162
71472163
71472164
71472165
71472166
71472167
71472168
71472169
71472170
71472171
71472172
71472173
71472174
71472175
71472176
71472177
71472178
71472179
71472180
71472181
71472182
71472183
71472184
71472185
71472186
71472187
71472188
71472189
71472190
71472191
71472192
71472193
71472194
71472195
71472196
71472197
71472198
71472199
71472200
71472201
71472202
71472203
71472204
71472205
71472206
71472207
71472208
71472209
71472210
71472211
71472212
71472213
71472214
71472215
71472216
71472217
71472218
71472219
71472220
71472221
71472222
71472223
71472224
71472225
71472226
71472227
71472228
71472229
71472230
71472231
71472232
71472233
71472234
71472235
71472236
71472237
71472238
71472239
71472240
71472241
71472242
71472243
71472244
71472245
71472246
71472247
71472248
71472249
71472250
71472251
71472252
71472253
71472254
71472255
71472256
71472257
71472258
71472259
71472260
71472261
71472262
71472263
71472264
71472265
71472266
71472267
71472268
71472269
71472270
71472271
71472272
71472273
71472274
71472275
71472276
71472277
71472278
71472279
71472280
71472281
71472282
71472283
71472284
71472285
71472286
71472287
71472288
71472289
71472290
71472291
71472292
71472293
71472294
71472295
71472296
71472297
71472298
71472299
71472300
71472301
71472302
71472303
71472304
71472305
71472306
71472307
71472308
71472309
71472310
71472311
71472312
71472313
71472314
71472315
71472316
71472317
71472318
71472319
71472320
71472321
71472322
71472323
71472324
71472325
71472326
71472327
71472328
71472329
71472330
71472331
71472332
71472333
71472334
71472335
71472336
71472337
71472338
71472339
71472340
71472341
71472342
71472343
71472344
71472345
71472346
71472347
71472348
71472349
71472350
71472351
71472352
71472353
71472354
71472355
71472356
71472357
71472358
71472359
71472360
71472361
71472362
71472363
71472364
71472365
71472366
71472367
71472368
71472369
71472370
71472371
71472372
71472373
71472374
71472375
71472376
71472377
71472378
71472379
71472380
71472381
71472382
71472383
71472384
71472385
71472386
71472387
71472388
71472389
71472390
71472391
71472392
71472393
71472394
71472395
71472396
71472397
71472398
71472399
71472400
71472401
71472402
71472403
71472404
71472405
71472406
71472407
71472408
71472409
71472410
71472411
71472412
71472413
71472414
71472415
71472416
71472417
71472418
71472419
71472420
71472421
71472422
71472423
71472424
71472425
71472426
71472427
71472428
71472429
71472430
71472431
71472432
71472433
71472434
71472435
71472436
71472437
71472438
71472439
71472440
71472441
71472442
71472443
71472444
71472445
71472446
71472447
71472448
71472449
71472450
71472451
71472452
71472453
71472454
71472455
71472456
71472457
71472458
71472459
71472460
71472461
71472462
71472463
71472464
71472465
71472466
71472467
71472468
71472469
71472470
71472471
71472472
71472473
71472474
71472475
71472476
71472477
71472478
71472479
71472480
71472481
71472482
71472483
71472484
71472485
71472486
71472487
71472488
71472489
71472490
71472491
71472492
71472493
71472494
71472495
71472496
71472497
71472498
71472499
71472500
71472501
71472502
71472503
71472504
71472505
71472506
71472507
71472508
71472509
71472510
71472511
71472512
71472513
71472514
71472515
71472516
71472517
71472518
71472519
71472520
71472521
71472522
71472523
71472524
71472525
71472526
71472527
71472528
71472529
71472530
71472531
71472532
71472533
71472534
71472535
71472536
71472537
71472538
71472539
71472540
71472541
71472542
71472543
71472544
71472545
71472546
71472547
71472548
71472549
71472550
71472551
71472552
71472553
71472554
71472555
71472556
71472557
71472558
71472559
71472560
71472561
71472562
71472563
71472564
71472565
71472566
71472567
71472568
71472569
71472570
71472571
71472572
71472573
71472574
71472575
71472576
71472577
71472578
71472579
71472580
71472581
71472582
71472583
71472584
71472585
71472586
71472587
71472588
71472589
71472590
71472591
71472592
71472593
71472594
71472595
71472596
71472597
71472598
71472599
71472600
71472601
71472602
71472603
71472604
71472605
71472606
71472607
71472608
71472609
71472610
71472611
71472612
71472613
71472614
71472615
71472616
71472617
71472618
71472619
71472620
71472621
71472622
71472623
71472624
71472625
71472626
71472627
71472628
71472629
71472630
71472631
71472632
71472633
71472634
71472635
71472636
71472637
71472638
71472639
71472640
71472641
71472642
71472643
71472644
71472645
71472646
71472647
71472648
71472649
71472650
71472651
71472652
71472653
71472654
71472655
71472656
71472657
71472658
71472659
71472660
71472661
71472662
71472663
71472664
71472665
71472666
71472667
71472668
71472669
71472670
71472671
71472672
71472673
71472674
71472675
71472676
71472677
71472678
71472679
71472680
71472681
71472682
71472683
71472684
71472685
71472686
71472687
71472688
71472689
71472690
71472691
71472692
71472693
71472694
71472695
71472696
71472697
71472698
71472699
71472700
71472701
71472702
71472703
71472704
71472705
71472706
71472707
71472708
71472709
71472710
71472711
71472712
71472713
71472714
71472715
71472716
71472717
71472718
71472719
71472720
71472721
71472722
71472723
71472724
71472725
71472726
71472727
71472728
71472729
71472730
71472731
71472732
71472733
71472734
71472735
71472736
71472737
71472738
71472739
71472740
71472741
71472742
71472743
71472744
71472745
71472746
71472747
71472748
71472749
71472750
71472751
71472752
71472753
71472754
71472755
71472756
71472757
71472758
71472759
71472760
71472761
71472762
71472763
71472764
71472765
71472766
71472767
71472768
71472769
71472770
71472771
71472772
71472773
71472774
71472775
71472776
71472777
71472778
71472779
71472780
71472781
71472782
71472783
71472784
71472785
71472786
71472787
71472788
71472789
71472790
71472791
71472792
71472793
71472794
71472795
71472796
71472797
71472798
71472799
71472800
71472801
71472802
71472803
71472804
71472805
71472806
71472807
71472808
71472809
71472810
71472811
71472812
71472813
71472814
71472815
71472816
71472817
71472818
71472819
71472820
71472821
71472822
71472823
71472824
71472825
71472826
71472827
71472828
71472829
71472830
71472831
71472832
71472833
71472834
71472835
71472836
71472837
71472838
71472839
71472840
71472841
71472842
71472843
71472844
71472845
71472846
71472847
71472848
71472849
71472850
71472851
71472852
71472853
71472854
71472855
71472856
71472857
71472858
71472859
71472860
71472861
71472862
71472863
71472864
71472865
71472866
71472867
71472868
71472869
71472870
71472871
71472872
71472873
71472874
71472875
71472876
71472877
71472878
71472879
71472880
71472881
71472882
71472883
71472884
71472885
71472886
71472887
71472888
71472889
71472890
71472891
71472892
71472893
71472894
71472895
71472896
71472897
71472898
71472899
71472900
71472901
71472902
71472903
71472904
71472905
71472906
71472907
71472908
71472909
71472910
71472911
71472912
71472913
71472914
71472915
71472916
71472917
71472918
71472919
71472920
71472921
71472922
71472923
71472924
71472925
71472926
71472927
71472928
71472929
71472930
71472931
71472932
71472933
71472934
71472935
71472936
71472937
71472938
71472939
71472940
71472941
71472942
71472943
71472944
71472945
71472946
71472947
71472948
71472949
71472950
71472951
71472952
71472953
71472954
71472955
71472956
71472957
71472958
71472959
71472960
71472961
71472962
71472963
71472964
71472965
71472966
71472967
71472968
71472969
71472970
71472971
71472972
71472973
71472974
71472975
71472976
71472977
71472978
71472979
71472980
71472981
71472982
71472983
71472984
71472985
71472986
71472987
71472988
71472989
71472990
71472991
71472992
71472993
71472994
71472995
71472996
71472997
71472998
71472999
71473000
71473001
71473002
71473003
71473004
71473005
71473006
71473007
71473008
71473009
71473010
71473011
71473012
71473013
71473014
71473015
71473016
71473017
71473018
71473019
71473020
71473021
71473022
71473023
71473024
71473025
71473026
71473027
71473028
71473029
71473030
71473031
71473032
71473033
71473034
71473035
71473036
71473037
71473038
71473039
71473040
71473041
71473042
71473043
71473044
71473045
71473046
71473047
71473048
71473049
71473050
71473051
71473052
71473053
71473054
71473055
71473056
71473057
71473058
71473059
71473060
71473061
71473062
71473063
71473064
71473065
71473066
71473067
71473068
71473069
71473070
71473071
71473072
71473073
71473074
71473075
71473076
71473077
71473078
71473079
71473080
71473081
71473082
71473083
71473084
71473085
71473086
71473087
71473088
71473089
71473090
71473091
71473092
71473093
71473094
71473095
71473096
71473097
71473098
71473099
71473100
71473101
71473102
71473103
71473104
71473105
71473106
71473107
71473108
71473109
71473110
71473111
71473112
71473113
71473114
71473115
71473116
71473117
71473118
71473119
71473120
71473121
71473122
71473123
71473124
71473125
71473126
71473127
71473128
71473129
71473130
71473131
71473132
71473133
71473134
71473135
71473136
71473137
71473138
71473139
71473140
71473141
71473142
71473143
71473144
71473145
71473146
71473147
71473148
71473149
71473150
71473151
71473152
71473153
71473154
71473155
71473156
71473157
71473158
71473159
71473160
71473161
71473162
71473163
71473164
71473165
71473166
71473167
71473168
71473169
71473170
71473171
71473172
71473173
71473174
71473175
71473176
71473177
71473178
71473179
71473180
71473181
71473182
71473183
71473184
71473185
71473186
71473187
71473188
71473189
71473190
71473191
71473192
71473193
71473194
71473195
71473196
71473197
71473198
71473199
71473200
71473201
71473202
71473203
71473204
71473205
71473206
71473207
71473208
71473209
71473210
71473211
71473212
71473213
71473214
71473215
71473216
71473217
71473218
71473219
71473220
71473221
71473222
71473223
71473224
71473225
71473226
71473227
71473228
71473229
71473230
71473231
71473232
71473233
71473234
71473235
71473236
71473237
71473238
71473239
71473240
71473241
71473242
71473243
71473244
71473245
71473246
71473247
71473248
71473249
71473250
71473251
71473252
71473253
71473254
71473255
71473256
71473257
71473258
71473259
71473260
71473261
71473262
71473263
71473264
71473265
71473266
71473267
71473268
71473269
71473270
71473271
71473272
71473273
71473274
71473275
71473276
71473277
71473278
71473279
71473280
71473281
71473282
71473283
71473284
71473285
71473286
71473287
71473288
71473289
71473290
71473291
71473292
71473293
71473294
71473295
71473296
71473297
71473298
71473299
71473300
71473301
71473302
71473303
71473304
71473305
71473306
71473307
71473308
71473309
71473310
71473311
71473312
71473313
71473314
71473315
71473316
71473317
71473318
71473319
71473320
71473321
71473322
71473323
71473324
71473325
71473326
71473327
71473328
71473329
71473330
71473331
71473332
71473333
71473334
71473335
71473336
71473337
71473338
71473339
71473340
71473341
71473342
71473343
71473344
71473345
71473346
71473347
71473348
71473349
71473350
71473351
71473352
71473353
71473354
71473355
71473356
71473357
71473358
71473359
71473360
71473361
71473362
71473363
71473364
71473365
71473366
71473367
71473368
71473369
71473370
71473371
71473372
71473373
71473374
71473375
71473376
71473377
71473378
71473379
71473380
71473381
71473382
71473383
71473384
71473385
71473386
71473387
71473388
71473389
71473390
71473391
71473392
71473393
71473394
71473395
71473396
71473397
71473398
71473399
71473400
71473401
71473402
71473403
71473404
71473405
71473406
71473407
71473408
71473409
71473410
71473411
71473412
71473413
71473414
71473415
71473416
71473417
71473418
71473419
71473420
71473421
71473422
71473423
71473424
71473425
71473426
71473427
71473428
71473429
71473430
71473431
71473432
71473433
71473434
71473435
71473436
71473437
71473438
71473439
71473440
71473441
71473442
71473443
71473444
71473445
71473446
71473447
71473448
71473449
71473450
71473451
71473452
71473453
71473454
71473455
71473456
71473457
71473458
71473459
71473460
71473461
71473462
71473463
71473464
71473465
71473466
71473467
71473468
71473469
71473470
71473471
71473472
71473473
71473474
71473475
71473476
71473477
71473478
71473479
71473480
71473481
71473482
71473483
71473484
71473485
71473486
71473487
71473488
71473489
71473490
71473491
71473492
71473493
71473494
71473495
71473496
71473497
71473498
71473499
71473500
71473501
71473502
71473503
71473504
71473505
71473506
71473507
71473508
71473509
71473510
71473511
71473512
71473513
71473514
71473515
71473516
71473517
71473518
71473519
71473520
71473521
71473522
71473523
71473524
71473525
71473526
71473527
71473528
71473529
71473530
71473531
71473532
71473533
71473534
71473535
71473536
71473537
71473538
71473539
71473540
71473541
71473542
71473543
71473544
71473545
71473546
71473547
71473548
71473549
71473550
71473551
71473552
71473553
71473554
71473555
71473556
71473557
71473558
71473559
71473560
71473561
71473562
71473563
71473564
71473565
71473566
71473567
71473568
71473569
71473570
71473571
71473572
71473573
71473574
71473575
71473576
71473577
71473578
71473579
71473580
71473581
71473582
71473583
71473584
71473585
71473586
71473587
71473588
71473589
71473590
71473591
71473592
71473593
71473594
71473595
71473596
71473597
71473598
71473599
71473600
71473601
71473602
71473603
71473604
71473605
71473606
71473607
71473608
71473609
71473610
71473611
71473612
71473613
71473614
71473615
71473616
71473617
71473618
71473619
71473620
71473621
71473622
71473623
71473624
71473625
71473626
71473627
71473628
71473629
71473630
71473631
71473632
71473633
71473634
71473635
71473636
71473637
71473638
71473639
71473640
71473641
71473642
71473643
71473644
71473645
71473646
71473647
71473648
71473649
71473650
71473651
71473652
71473653
71473654
71473655
71473656
71473657
71473658
71473659
71473660
71473661
71473662
71473663
71473664
71473665
71473666
71473667
71473668
71473669
71473670
71473671
71473672
71473673
71473674
71473675
71473676
71473677
71473678
71473679
71473680
71473681
71473682
71473683
71473684
71473685
71473686
71473687
71473688
71473689
71473690
71473691
71473692
71473693
71473694
71473695
71473696
71473697
71473698
71473699
71473700
71473701
71473702
71473703
71473704
71473705
71473706
71473707
71473708
71473709
71473710
71473711
71473712
71473713
71473714
71473715
71473716
71473717
71473718
71473719
71473720
71473721
71473722
71473723
71473724
71473725
71473726
71473727
71473728
71473729
71473730
71473731
71473732
71473733
71473734
71473735
71473736
71473737
71473738
71473739
71473740
71473741
71473742
71473743
71473744
71473745
71473746
71473747
71473748
71473749
71473750
71473751
71473752
71473753
71473754
71473755
71473756
71473757
71473758
71473759
71473760
71473761
71473762
71473763
71473764
71473765
71473766
71473767
71473768
71473769
71473770
71473771
71473772
71473773
71473774
71473775
71473776
71473777
71473778
71473779
71473780
71473781
71473782
71473783
71473784
71473785
71473786
71473787
71473788
71473789
71473790
71473791
71473792
71473793
71473794
71473795
71473796
71473797
71473798
71473799
71473800
71473801
71473802
71473803
71473804
71473805
71473806
71473807
71473808
71473809
71473810
71473811
71473812
71473813
71473814
71473815
71473816
71473817
71473818
71473819
71473820
71473821
71473822
71473823
71473824
71473825
71473826
71473827
71473828
71473829
71473830
71473831
71473832
71473833
71473834
71473835
71473836
71473837
71473838
71473839
71473840
71473841
71473842
71473843
71473844
71473845
71473846
71473847
71473848
71473849
71473850
71473851
71473852
71473853
71473854
71473855
71473856
71473857
71473858
71473859
71473860
71473861
71473862
71473863
71473864
71473865
71473866
71473867
71473868
71473869
71473870
71473871
71473872
71473873
71473874
71473875
71473876
71473877
71473878
71473879
71473880
71473881
71473882
71473883
71473884
71473885
71473886
71473887
71473888
71473889
71473890
71473891
71473892
71473893
71473894
71473895
71473896
71473897
71473898
71473899
71473900
71473901
71473902
71473903
71473904
71473905
71473906
71473907
71473908
71473909
71473910
71473911
71473912
71473913
71473914
71473915
71473916
71473917
71473918
71473919
71473920
71473921
71473922
71473923
71473924
71473925
71473926
71473927
71473928
71473929
71473930
71473931
71473932
71473933
71473934
71473935
71473936
71473937
71473938
71473939
71473940
71473941
71473942
71473943
71473944
71473945
71473946
71473947
71473948
71473949
71473950
71473951
71473952
71473953
71473954
71473955
71473956
71473957
71473958
71473959
71473960
71473961
71473962
71473963
71473964
71473965
71473966
71473967
71473968
71473969
71473970
71473971
71473972
71473973
71473974
71473975
71473976
71473977
71473978
71473979
71473980
71473981
71473982
71473983
71473984
71473985
71473986
71473987
71473988
71473989
71473990
71473991
71473992
71473993
71473994
71473995
71473996
71473997
71473998
71473999
71474000
71474001
71474002
71474003
71474004
71474005
71474006
71474007
71474008
71474009
71474010
71474011
71474012
71474013
71474014
71474015
71474016
71474017
71474018
71474019
71474020
71474021
71474022
71474023
71474024
71474025
71474026
71474027
71474028
71474029
71474030
71474031
71474032
71474033
71474034
71474035
71474036
71474037
71474038
71474039
71474040
71474041
71474042
71474043
71474044
71474045
71474046
71474047
71474048
71474049
71474050
71474051
71474052
71474053
71474054
71474055
71474056
71474057
71474058
71474059
71474060
71474061
71474062
71474063
71474064
71474065
71474066
71474067
71474068
71474069
71474070
71474071
71474072
71474073
71474074
71474075
71474076
71474077
71474078
71474079
71474080
71474081
71474082
71474083
71474084
71474085
71474086
71474087
71474088
71474089
71474090
71474091
71474092
71474093
71474094
71474095
71474096
71474097
71474098
71474099
71474100
71474101
71474102
71474103
71474104
71474105
71474106
71474107
71474108
71474109
71474110
71474111
71474112
71474113
71474114
71474115
71474116
71474117
71474118
71474119
71474120
71474121
71474122
71474123
71474124
71474125
71474126
71474127
71474128
71474129
71474130
71474131
71474132
71474133
71474134
71474135
71474136
71474137
71474138
71474139
71474140
71474141
71474142
71474143
71474144
71474145
71474146
71474147
71474148
71474149
71474150
71474151
71474152
71474153
71474154
71474155
71474156
71474157
71474158
71474159
71474160
71474161
71474162
71474163
71474164
71474165
71474166
71474167
71474168
71474169
71474170
71474171
71474172
71474173
71474174
71474175
71474176
71474177
71474178
71474179
71474180
71474181
71474182
71474183
71474184
71474185
71474186
71474187
71474188
71474189
71474190
71474191
71474192
71474193
71474194
71474195
71474196
71474197
71474198
71474199
71474200
71474201
71474202
71474203
71474204
71474205
71474206
71474207
71474208
71474209
71474210
71474211
71474212
71474213
71474214
71474215
71474216
71474217
71474218
71474219
71474220
71474221
71474222
71474223
71474224
71474225
71474226
71474227
71474228
71474229
71474230
71474231
71474232
71474233
71474234
71474235
71474236
71474237
71474238
71474239
71474240
71474241
71474242
71474243
71474244
71474245
71474246
71474247
71474248
71474249
71474250
71474251
71474252
71474253
71474254
71474255
71474256
71474257
71474258
71474259
71474260
71474261
71474262
71474263
71474264
71474265
71474266
71474267
71474268
71474269
71474270
71474271
71474272
71474273
71474274
71474275
71474276
71474277
71474278
71474279
71474280
71474281
71474282
71474283
71474284
71474285
71474286
71474287
71474288
71474289
71474290
71474291
71474292
71474293
71474294
71474295
71474296
71474297
71474298
71474299
71474300
71474301
71474302
71474303
71474304
71474305
71474306
71474307
71474308
71474309
71474310
71474311
71474312
71474313
71474314
71474315
71474316
71474317
71474318
71474319
71474320
71474321
71474322
71474323
71474324
71474325
71474326
71474327
71474328
71474329
71474330
71474331
71474332
71474333
71474334
71474335
71474336
71474337
71474338
71474339
71474340
71474341
71474342
71474343
71474344
71474345
71474346
71474347
71474348
71474349
71474350
71474351
71474352
71474353
71474354
71474355
71474356
71474357
71474358
71474359
71474360
71474361
71474362
71474363
71474364
71474365
71474366
71474367
71474368
71474369
71474370
71474371
71474372
71474373
71474374
71474375
71474376
71474377
71474378
71474379
71474380
71474381
71474382
71474383
71474384
71474385
71474386
71474387
71474388
71474389
71474390
71474391
71474392
71474393
71474394
71474395
71474396
71474397
71474398
71474399
71474400
71474401
71474402
71474403
71474404
71474405
71474406
71474407
71474408
71474409
71474410
71474411
71474412
71474413
71474414
71474415
71474416
71474417
71474418
71474419
71474420
71474421
71474422
71474423
71474424
71474425
71474426
71474427
71474428
71474429
71474430
71474431
71474432
71474433
71474434
71474435
71474436
71474437
71474438
71474439
71474440
71474441
71474442
71474443
71474444
71474445
71474446
71474447
71474448
71474449
71474450
71474451
71474452
71474453
71474454
71474455
71474456
71474457
71474458
71474459
71474460
71474461
71474462
71474463
71474464
71474465
71474466
71474467
71474468
71474469
71474470
71474471
71474472
71474473
71474474
71474475
71474476
71474477
71474478
71474479
71474480
71474481
71474482
71474483
71474484
71474485
71474486
71474487
71474488
71474489
71474490
71474491
71474492
71474493
71474494
71474495
71474496
71474497
71474498
71474499
71474500
71474501
71474502
71474503
71474504
71474505
71474506
71474507
71474508
71474509
71474510
71474511
71474512
71474513
71474514
71474515
71474516
71474517
71474518
71474519
71474520
71474521
71474522
71474523
71474524
71474525
71474526
71474527
71474528
71474529
71474530
71474531
71474532
71474533
71474534
71474535
71474536
71474537
71474538
71474539
71474540
71474541
71474542
71474543
71474544
71474545
71474546
71474547
71474548
71474549
71474550
71474551
71474552
71474553
71474554
71474555
71474556
71474557
71474558
71474559
71474560
71474561
71474562
71474563
71474564
71474565
71474566
71474567
71474568
71474569
71474570
71474571
71474572
71474573
71474574
71474575
71474576
71474577
71474578
71474579
71474580
71474581
71474582
71474583
71474584
71474585
71474586
71474587
71474588
71474589
71474590
71474591
71474592
71474593
71474594
71474595
71474596
71474597
71474598
71474599
71474600
71474601
71474602
71474603
71474604
71474605
71474606
71474607
71474608
71474609
71474610
71474611
71474612
71474613
71474614
71474615
71474616
71474617
71474618
71474619
71474620
71474621
71474622
71474623
71474624
71474625
71474626
71474627
71474628
71474629
71474630
71474631
71474632
71474633
71474634
71474635
71474636
71474637
71474638
71474639
71474640
71474641
71474642
71474643
71474644
71474645
71474646
71474647
71474648
71474649
71474650
71474651
71474652
71474653
71474654
71474655
71474656
71474657
71474658
71474659
71474660
71474661
71474662
71474663
71474664
71474665
71474666
71474667
71474668
71474669
71474670
71474671
71474672
71474673
71474674
71474675
71474676
71474677
71474678
71474679
71474680
71474681
71474682
71474683
71474684
71474685
71474686
71474687
71474688
71474689
71474690
71474691
71474692
71474693
71474694
71474695
71474696
71474697
71474698
71474699
71474700
71474701
71474702
71474703
71474704
71474705
71474706
71474707
71474708
71474709
71474710
71474711
71474712
71474713
71474714
71474715
71474716
71474717
71474718
71474719
71474720
71474721
71474722
71474723
71474724
71474725
71474726
71474727
71474728
71474729
71474730
71474731
71474732
71474733
71474734
71474735
71474736
71474737
71474738
71474739
71474740
71474741
71474742
71474743
71474744
71474745
71474746
71474747
71474748
71474749
71474750
71474751
71474752
71474753
71474754
71474755
71474756
71474757
71474758
71474759
71474760
71474761
71474762
71474763
71474764
71474765
71474766
71474767
71474768
71474769
71474770
71474771
71474772
71474773
71474774
71474775
71474776
71474777
71474778
71474779
71474780
71474781
71474782
71474783
71474784
71474785
71474786
71474787
71474788
71474789
71474790
71474791
71474792
71474793
71474794
71474795
71474796
71474797
71474798
71474799
71474800
71474801
71474802
71474803
71474804
71474805
71474806
71474807
71474808
71474809
71474810
71474811
71474812
71474813
71474814
71474815
71474816
71474817
71474818
71474819
71474820
71474821
71474822
71474823
71474824
71474825
71474826
71474827
71474828
71474829
71474830
71474831
71474832
71474833
71474834
71474835
71474836
71474837
71474838
71474839
71474840
71474841
71474842
71474843
71474844
71474845
71474846
71474847
71474848
71474849
71474850
71474851
71474852
71474853
71474854
71474855
71474856
71474857
71474858
71474859
71474860
71474861
71474862
71474863
71474864
71474865
71474866
71474867
71474868
71474869
71474870
71474871
71474872
71474873
71474874
71474875
71474876
71474877
71474878
71474879
71474880
71474881
71474882
71474883
71474884
71474885
71474886
71474887
71474888
71474889
71474890
71474891
71474892
71474893
71474894
71474895
71474896
71474897
71474898
71474899
71474900
71474901
71474902
71474903
71474904
71474905
71474906
71474907
71474908
71474909
71474910
71474911
71474912
71474913
71474914
71474915
71474916
71474917
71474918
71474919
71474920
71474921
71474922
71474923
71474924
71474925
71474926
71474927
71474928
71474929
71474930
71474931
71474932
71474933
71474934
71474935
71474936
71474937
71474938
71474939
71474940
71474941
71474942
71474943
71474944
71474945
71474946
71474947
71474948
71474949
71474950
71474951
71474952
71474953
71474954
71474955
71474956
71474957
71474958
71474959
71474960
71474961
71474962
71474963
71474964
71474965
71474966
71474967
71474968
71474969
71474970
71474971
71474972
71474973
71474974
71474975
71474976
71474977
71474978
71474979
71474980
71474981
71474982
71474983
71474984
71474985
71474986
71474987
71474988
71474989
71474990
71474991
71474992
71474993
71474994
71474995
71474996
71474997
71474998
71474999
71475000
71475001
71475002
71475003
71475004
71475005
71475006
71475007
71475008
71475009
71475010
71475011
71475012
71475013
71475014
71475015
71475016
71475017
71475018
71475019
71475020
71475021
71475022
71475023
71475024
71475025
71475026
71475027
71475028
71475029
71475030
71475031
71475032
71475033
71475034
71475035
71475036
71475037
71475038
71475039
71475040
71475041
71475042
71475043
71475044
71475045
71475046
71475047
71475048
71475049
71475050
71475051
71475052
71475053
71475054
71475055
71475056
71475057
71475058
71475059
71475060
71475061
71475062
71475063
71475064
71475065
71475066
71475067
71475068
71475069
71475070
71475071
71475072
71475073
71475074
71475075
71475076
71475077
71475078
71475079
71475080
71475081
71475082
71475083
71475084
71475085
71475086
71475087
71475088
71475089
71475090
71475091
71475092
71475093
71475094
71475095
71475096
71475097
71475098
71475099
71475100
71475101
71475102
71475103
71475104
71475105
71475106
71475107
71475108
71475109
71475110
71475111
71475112
71475113
71475114
71475115
71475116
71475117
71475118
71475119
71475120
71475121
71475122
71475123
71475124
71475125
71475126
71475127
71475128
71475129
71475130
71475131
71475132
71475133
71475134
71475135
71475136
71475137
71475138
71475139
71475140
71475141
71475142
71475143
71475144
71475145
71475146
71475147
71475148
71475149
71475150
71475151
71475152
71475153
71475154
71475155
71475156
71475157
71475158
71475159
71475160
71475161
71475162
71475163
71475164
71475165
71475166
71475167
71475168
71475169
71475170
71475171
71475172
71475173
71475174
71475175
71475176
71475177
71475178
71475179
71475180
71475181
71475182
71475183
71475184
71475185
71475186
71475187
71475188
71475189
71475190
71475191
71475192
71475193
71475194
71475195
71475196
71475197
71475198
71475199
71475200
71475201
71475202
71475203
71475204
71475205
71475206
71475207
71475208
71475209
71475210
71475211
71475212
71475213
71475214
71475215
71475216
71475217
71475218
71475219
71475220
71475221
71475222
71475223
71475224
71475225
71475226
71475227
71475228
71475229
71475230
71475231
71475232
71475233
71475234
71475235
71475236
71475237
71475238
71475239
71475240
71475241
71475242
71475243
71475244
71475245
71475246
71475247
71475248
71475249
71475250
71475251
71475252
71475253
71475254
71475255
71475256
71475257
71475258
71475259
71475260
71475261
71475262
71475263
71475264
71475265
71475266
71475267
71475268
71475269
71475270
71475271
71475272
71475273
71475274
71475275
71475276
71475277
71475278
71475279
71475280
71475281
71475282
71475283
71475284
71475285
71475286
71475287
71475288
71475289
71475290
71475291
71475292
71475293
71475294
71475295
71475296
71475297
71475298
71475299
71475300
71475301
71475302
71475303
71475304
71475305
71475306
71475307
71475308
71475309
71475310
71475311
71475312
71475313
71475314
71475315
71475316
71475317
71475318
71475319
71475320
71475321
71475322
71475323
71475324
71475325
71475326
71475327
71475328
71475329
71475330
71475331
71475332
71475333
71475334
71475335
71475336
71475337
71475338
71475339
71475340
71475341
71475342
71475343
71475344
71475345
71475346
71475347
71475348
71475349
71475350
71475351
71475352
71475353
71475354
71475355
71475356
71475357
71475358
71475359
71475360
71475361
71475362
71475363
71475364
71475365
71475366
71475367
71475368
71475369
71475370
71475371
71475372
71475373
71475374
71475375
71475376
71475377
71475378
71475379
71475380
71475381
71475382
71475383
71475384
71475385
71475386
71475387
71475388
71475389
71475390
71475391
71475392
71475393
71475394
71475395
71475396
71475397
71475398
71475399
71475400
71475401
71475402
71475403
71475404
71475405
71475406
71475407
71475408
71475409
71475410
71475411
71475412
71475413
71475414
71475415
71475416
71475417
71475418
71475419
71475420
71475421
71475422
71475423
71475424
71475425
71475426
71475427
71475428
71475429
71475430
71475431
71475432
71475433
71475434
71475435
71475436
71475437
71475438
71475439
71475440
71475441
71475442
71475443
71475444
71475445
71475446
71475447
71475448
71475449
71475450
71475451
71475452
71475453
71475454
71475455
71475456
71475457
71475458
71475459
71475460
71475461
71475462
71475463
71475464
71475465
71475466
71475467
71475468
71475469
71475470
71475471
71475472
71475473
71475474
71475475
71475476
71475477
71475478
71475479
71475480
71475481
71475482
71475483
71475484
71475485
71475486
71475487
71475488
71475489
71475490
71475491
71475492
71475493
71475494
71475495
71475496
71475497
71475498
71475499
71475500
71475501
71475502
71475503
71475504
71475505
71475506
71475507
71475508
71475509
71475510
71475511
71475512
71475513
71475514
71475515
71475516
71475517
71475518
71475519
71475520
71475521
71475522
71475523
71475524
71475525
71475526
71475527
71475528
71475529
71475530
71475531
71475532
71475533
71475534
71475535
71475536
71475537
71475538
71475539
71475540
71475541
71475542
71475543
71475544
71475545
71475546
71475547
71475548
71475549
71475550
71475551
71475552
71475553
71475554
71475555
71475556
71475557
71475558
71475559
71475560
71475561
71475562
71475563
71475564
71475565
71475566
71475567
71475568
71475569
71475570
71475571
71475572
71475573
71475574
71475575
71475576
71475577
71475578
71475579
71475580
71475581
71475582
71475583
71475584
71475585
71475586
71475587
71475588
71475589
71475590
71475591
71475592
71475593
71475594
71475595
71475596
71475597
71475598
71475599
71475600
71475601
71475602
71475603
71475604
71475605
71475606
71475607
71475608
71475609
71475610
71475611
71475612
71475613
71475614
71475615
71475616
71475617
71475618
71475619
71475620
71475621
71475622
71475623
71475624
71475625
71475626
71475627
71475628
71475629
71475630
71475631
71475632
71475633
71475634
71475635
71475636
71475637
71475638
71475639
71475640
71475641
71475642
71475643
71475644
71475645
71475646
71475647
71475648
71475649
71475650
71475651
71475652
71475653
71475654
71475655
71475656
71475657
71475658
71475659
71475660
71475661
71475662
71475663
71475664
71475665
71475666
71475667
71475668
71475669
71475670
71475671
71475672
71475673
71475674
71475675
71475676
71475677
71475678
71475679
71475680
71475681
71475682
71475683
71475684
71475685
71475686
71475687
71475688
71475689
71475690
71475691
71475692
71475693
71475694
71475695
71475696
71475697
71475698
71475699
71475700
71475701
71475702
71475703
71475704
71475705
71475706
71475707
71475708
71475709
71475710
71475711
71475712
71475713
71475714
71475715
71475716
71475717
71475718
71475719
71475720
71475721
71475722
71475723
71475724
71475725
71475726
71475727
71475728
71475729
71475730
71475731
71475732
71475733
71475734
71475735
71475736
71475737
71475738
71475739
71475740
71475741
71475742
71475743
71475744
71475745
71475746
71475747
71475748
71475749
71475750
71475751
71475752
71475753
71475754
71475755
71475756
71475757
71475758
71475759
71475760
71475761
71475762
71475763
71475764
71475765
71475766
71475767
71475768
71475769
71475770
71475771
71475772
71475773
71475774
71475775
71475776
71475777
71475778
71475779
71475780
71475781
71475782
71475783
71475784
71475785
71475786
71475787
71475788
71475789
71475790
71475791
71475792
71475793
71475794
71475795
71475796
71475797
71475798
71475799
71475800
71475801
71475802
71475803
71475804
71475805
71475806
71475807
71475808
71475809
71475810
71475811
71475812
71475813
71475814
71475815
71475816
71475817
71475818
71475819
71475820
71475821
71475822
71475823
71475824
71475825
71475826
71475827
71475828
71475829
71475830
71475831
71475832
71475833
71475834
71475835
71475836
71475837
71475838
71475839
71475840
71475841
71475842
71475843
71475844
71475845
71475846
71475847
71475848
71475849
71475850
71475851
71475852
71475853
71475854
71475855
71475856
71475857
71475858
71475859
71475860
71475861
71475862
71475863
71475864
71475865
71475866
71475867
71475868
71475869
71475870
71475871
71475872
71475873
71475874
71475875
71475876
71475877
71475878
71475879
71475880
71475881
71475882
71475883
71475884
71475885
71475886
71475887
71475888
71475889
71475890
71475891
71475892
71475893
71475894
71475895
71475896
71475897
71475898
71475899
71475900
71475901
71475902
71475903
71475904
71475905
71475906
71475907
71475908
71475909
71475910
71475911
71475912
71475913
71475914
71475915
71475916
71475917
71475918
71475919
71475920
71475921
71475922
71475923
71475924
71475925
71475926
71475927
71475928
71475929
71475930
71475931
71475932
71475933
71475934
71475935
71475936
71475937
71475938
71475939
71475940
71475941
71475942
71475943
71475944
71475945
71475946
71475947
71475948
71475949
71475950
71475951
71475952
71475953
71475954
71475955
71475956
71475957
71475958
71475959
71475960
71475961
71475962
71475963
71475964
71475965
71475966
71475967
71475968
71475969
71475970
71475971
71475972
71475973
71475974
71475975
71475976
71475977
71475978
71475979
71475980
71475981
71475982
71475983
71475984
71475985
71475986
71475987
71475988
71475989
71475990
71475991
71475992
71475993
71475994
71475995
71475996
71475997
71475998
71475999
71476000
71476001
71476002
71476003
71476004
71476005
71476006
71476007
71476008
71476009
71476010
71476011
71476012
71476013
71476014
71476015
71476016
71476017
71476018
71476019
71476020
71476021
71476022
71476023
71476024
71476025
71476026
71476027
71476028
71476029
71476030
71476031
71476032
71476033
71476034
71476035
71476036
71476037
71476038
71476039
71476040
71476041
71476042
71476043
71476044
71476045
71476046
71476047
71476048
71476049
71476050
71476051
71476052
71476053
71476054
71476055
71476056
71476057
71476058
71476059
71476060
71476061
71476062
71476063
71476064
71476065
71476066
71476067
71476068
71476069
71476070
71476071
71476072
71476073
71476074
71476075
71476076
71476077
71476078
71476079
71476080
71476081
71476082
71476083
71476084
71476085
71476086
71476087
71476088
71476089
71476090
71476091
71476092
71476093
71476094
71476095
71476096
71476097
71476098
71476099
71476100
71476101
71476102
71476103
71476104
71476105
71476106
71476107
71476108
71476109
71476110
71476111
71476112
71476113
71476114
71476115
71476116
71476117
71476118
71476119
71476120
71476121
71476122
71476123
71476124
71476125
71476126
71476127
71476128
71476129
71476130
71476131
71476132
71476133
71476134
71476135
71476136
71476137
71476138
71476139
71476140
71476141
71476142
71476143
71476144
71476145
71476146
71476147
71476148
71476149
71476150
71476151
71476152
71476153
71476154
71476155
71476156
71476157
71476158
71476159
71476160
71476161
71476162
71476163
71476164
71476165
71476166
71476167
71476168
71476169
71476170
71476171
71476172
71476173
71476174
71476175
71476176
71476177
71476178
71476179
71476180
71476181
71476182
71476183
71476184
71476185
71476186
71476187
71476188
71476189
71476190
71476191
71476192
71476193
71476194
71476195
71476196
71476197
71476198
71476199
71476200
71476201
71476202
71476203
71476204
71476205
71476206
71476207
71476208
71476209
71476210
71476211
71476212
71476213
71476214
71476215
71476216
71476217
71476218
71476219
71476220
71476221
71476222
71476223
71476224
71476225
71476226
71476227
71476228
71476229
71476230
71476231
71476232
71476233
71476234
71476235
71476236
71476237
71476238
71476239
71476240
71476241
71476242
71476243
71476244
71476245
71476246
71476247
71476248
71476249
71476250
71476251
71476252
71476253
71476254
71476255
71476256
71476257
71476258
71476259
71476260
71476261
71476262
71476263
71476264
71476265
71476266
71476267
71476268
71476269
71476270
71476271
71476272
71476273
71476274
71476275
71476276
71476277
71476278
71476279
71476280
71476281
71476282
71476283
71476284
71476285
71476286
71476287
71476288
71476289
71476290
71476291
71476292
71476293
71476294
71476295
71476296
71476297
71476298
71476299
71476300
71476301
71476302
71476303
71476304
71476305
71476306
71476307
71476308
71476309
71476310
71476311
71476312
71476313
71476314
71476315
71476316
71476317
71476318
71476319
71476320
71476321
71476322
71476323
71476324
71476325
71476326
71476327
71476328
71476329
71476330
71476331
71476332
71476333
71476334
71476335
71476336
71476337
71476338
71476339
71476340
71476341
71476342
71476343
71476344
71476345
71476346
71476347
71476348
71476349
71476350
71476351
71476352
71476353
71476354
71476355
71476356
71476357
71476358
71476359
71476360
71476361
71476362
71476363
71476364
71476365
71476366
71476367
71476368
71476369
71476370
71476371
71476372
71476373
71476374
71476375
71476376
71476377
71476378
71476379
71476380
71476381
71476382
71476383
71476384
71476385
71476386
71476387
71476388
71476389
71476390
71476391
71476392
71476393
71476394
71476395
71476396
71476397
71476398
71476399
71476400
71476401
71476402
71476403
71476404
71476405
71476406
71476407
71476408
71476409
71476410
71476411
71476412
71476413
71476414
71476415
71476416
71476417
71476418
71476419
71476420
71476421
71476422
71476423
71476424
71476425
71476426
71476427
71476428
71476429
71476430
71476431
71476432
71476433
71476434
71476435
71476436
71476437
71476438
71476439
71476440
71476441
71476442
71476443
71476444
71476445
71476446
71476447
71476448
71476449
71476450
71476451
71476452
71476453
71476454
71476455
71476456
71476457
71476458
71476459
71476460
71476461
71476462
71476463
71476464
71476465
71476466
71476467
71476468
71476469
71476470
71476471
71476472
71476473
71476474
71476475
71476476
71476477
71476478
71476479
71476480
71476481
71476482
71476483
71476484
71476485
71476486
71476487
71476488
71476489
71476490
71476491
71476492
71476493
71476494
71476495
71476496
71476497
71476498
71476499
71476500
71476501
71476502
71476503
71476504
71476505
71476506
71476507
71476508
71476509
71476510
71476511
71476512
71476513
71476514
71476515
71476516
71476517
71476518
71476519
71476520
71476521
71476522
71476523
71476524
71476525
71476526
71476527
71476528
71476529
71476530
71476531
71476532
71476533
71476534
71476535
71476536
71476537
71476538
71476539
71476540
71476541
71476542
71476543
71476544
71476545
71476546
71476547
71476548
71476549
71476550
71476551
71476552
71476553
71476554
71476555
71476556
71476557
71476558
71476559
71476560
71476561
71476562
71476563
71476564
71476565
71476566
71476567
71476568
71476569
71476570
71476571
71476572
71476573
71476574
71476575
71476576
71476577
71476578
71476579
71476580
71476581
71476582
71476583
71476584
71476585
71476586
71476587
71476588
71476589
71476590
71476591
71476592
71476593
71476594
71476595
71476596
71476597
71476598
71476599
71476600
71476601
71476602
71476603
71476604
71476605
71476606
71476607
71476608
71476609
71476610
71476611
71476612
71476613
71476614
71476615
71476616
71476617
71476618
71476619
71476620
71476621
71476622
71476623
71476624
71476625
71476626
71476627
71476628
71476629
71476630
71476631
71476632
71476633
71476634
71476635
71476636
71476637
71476638
71476639
71476640
71476641
71476642
71476643
71476644
71476645
71476646
71476647
71476648
71476649
71476650
71476651
71476652
71476653
71476654
71476655
71476656
71476657
71476658
71476659
71476660
71476661
71476662
71476663
71476664
71476665
71476666
71476667
71476668
71476669
71476670
71476671
71476672
71476673
71476674
71476675
71476676
71476677
71476678
71476679
71476680
71476681
71476682
71476683
71476684
71476685
71476686
71476687
71476688
71476689
71476690
71476691
71476692
71476693
71476694
71476695
71476696
71476697
71476698
71476699
71476700
71476701
71476702
71476703
71476704
71476705
71476706
71476707
71476708
71476709
71476710
71476711
71476712
71476713
71476714
71476715
71476716
71476717
71476718
71476719
71476720
71476721
71476722
71476723
71476724
71476725
71476726
71476727
71476728
71476729
71476730
71476731
71476732
71476733
71476734
71476735
71476736
71476737
71476738
71476739
71476740
71476741
71476742
71476743
71476744
71476745
71476746
71476747
71476748
71476749
71476750
71476751
71476752
71476753
71476754
71476755
71476756
71476757
71476758
71476759
71476760
71476761
71476762
71476763
71476764
71476765
71476766
71476767
71476768
71476769
71476770
71476771
71476772
71476773
71476774
71476775
71476776
71476777
71476778
71476779
71476780
71476781
71476782
71476783
71476784
71476785
71476786
71476787
71476788
71476789
71476790
71476791
71476792
71476793
71476794
71476795
71476796
71476797
71476798
71476799
71476800
71476801
71476802
71476803
71476804
71476805
71476806
71476807
71476808
71476809
71476810
71476811
71476812
71476813
71476814
71476815
71476816
71476817
71476818
71476819
71476820
71476821
71476822
71476823
71476824
71476825
71476826
71476827
71476828
71476829
71476830
71476831
71476832
71476833
71476834
71476835
71476836
71476837
71476838
71476839
71476840
71476841
71476842
71476843
71476844
71476845
71476846
71476847
71476848
71476849
71476850
71476851
71476852
71476853
71476854
71476855
71476856
71476857
71476858
71476859
71476860
71476861
71476862
71476863
71476864
71476865
71476866
71476867
71476868
71476869
71476870
71476871
71476872
71476873
71476874
71476875
71476876
71476877
71476878
71476879
71476880
71476881
71476882
71476883
71476884
71476885
71476886
71476887
71476888
71476889
71476890
71476891
71476892
71476893
71476894
71476895
71476896
71476897
71476898
71476899
71476900
71476901
71476902
71476903
71476904
71476905
71476906
71476907
71476908
71476909
71476910
71476911
71476912
71476913
71476914
71476915
71476916
71476917
71476918
71476919
71476920
71476921
71476922
71476923
71476924
71476925
71476926
71476927
71476928
71476929
71476930
71476931
71476932
71476933
71476934
71476935
71476936
71476937
71476938
71476939
71476940
71476941
71476942
71476943
71476944
71476945
71476946
71476947
71476948
71476949
71476950
71476951
71476952
71476953
71476954
71476955
71476956
71476957
71476958
71476959
71476960
71476961
71476962
71476963
71476964
71476965
71476966
71476967
71476968
71476969
71476970
71476971
71476972
71476973
71476974
71476975
71476976
71476977
71476978
71476979
71476980
71476981
71476982
71476983
71476984
71476985
71476986
71476987
71476988
71476989
71476990
71476991
71476992
71476993
71476994
71476995
71476996
71476997
71476998
71476999
71477000
71477001
71477002
71477003
71477004
71477005
71477006
71477007
71477008
71477009
71477010
71477011
71477012
71477013
71477014
71477015
71477016
71477017
71477018
71477019
71477020
71477021
71477022
71477023
71477024
71477025
71477026
71477027
71477028
71477029
71477030
71477031
71477032
71477033
71477034
71477035
71477036
71477037
71477038
71477039
71477040
71477041
71477042
71477043
71477044
71477045
71477046
71477047
71477048
71477049
71477050
71477051
71477052
71477053
71477054
71477055
71477056
71477057
71477058
71477059
71477060
71477061
71477062
71477063
71477064
71477065
71477066
71477067
71477068
71477069
71477070
71477071
71477072
71477073
71477074
71477075
71477076
71477077
71477078
71477079
71477080
71477081
71477082
71477083
71477084
71477085
71477086
71477087
71477088
71477089
71477090
71477091
71477092
71477093
71477094
71477095
71477096
71477097
71477098
71477099
71477100
71477101
71477102
71477103
71477104
71477105
71477106
71477107
71477108
71477109
71477110
71477111
71477112
71477113
71477114
71477115
71477116
71477117
71477118
71477119
71477120
71477121
71477122
71477123
71477124
71477125
71477126
71477127
71477128
71477129
71477130
71477131
71477132
71477133
71477134
71477135
71477136
71477137
71477138
71477139
71477140
71477141
71477142
71477143
71477144
71477145
71477146
71477147
71477148
71477149
71477150
71477151
71477152
71477153
71477154
71477155
71477156
71477157
71477158
71477159
71477160
71477161
71477162
71477163
71477164
71477165
71477166
71477167
71477168
71477169
71477170
71477171
71477172
71477173
71477174
71477175
71477176
71477177
71477178
71477179
71477180
71477181
71477182
71477183
71477184
71477185
71477186
71477187
71477188
71477189
71477190
71477191
71477192
71477193
71477194
71477195
71477196
71477197
71477198
71477199
71477200
71477201
71477202
71477203
71477204
71477205
71477206
71477207
71477208
71477209
71477210
71477211
71477212
71477213
71477214
71477215
71477216
71477217
71477218
71477219
71477220
71477221
71477222
71477223
71477224
71477225
71477226
71477227
71477228
71477229
71477230
71477231
71477232
71477233
71477234
71477235
71477236
71477237
71477238
71477239
71477240
71477241
71477242
71477243
71477244
71477245
71477246
71477247
71477248
71477249
71477250
71477251
71477252
71477253
71477254
71477255
71477256
71477257
71477258
71477259
71477260
71477261
71477262
71477263
71477264
71477265
71477266
71477267
71477268
71477269
71477270
71477271
71477272
71477273
71477274
71477275
71477276
71477277
71477278
71477279
71477280
71477281
71477282
71477283
71477284
71477285
71477286
71477287
71477288
71477289
71477290
71477291
71477292
71477293
71477294
71477295
71477296
71477297
71477298
71477299
71477300
71477301
71477302
71477303
71477304
71477305
71477306
71477307
71477308
71477309
71477310
71477311
71477312
71477313
71477314
71477315
71477316
71477317
71477318
71477319
71477320
71477321
71477322
71477323
71477324
71477325
71477326
71477327
71477328
71477329
71477330
71477331
71477332
71477333
71477334
71477335
71477336
71477337
71477338
71477339
71477340
71477341
71477342
71477343
71477344
71477345
71477346
71477347
71477348
71477349
71477350
71477351
71477352
71477353
71477354
71477355
71477356
71477357
71477358
71477359
71477360
71477361
71477362
71477363
71477364
71477365
71477366
71477367
71477368
71477369
71477370
71477371
71477372
71477373
71477374
71477375
71477376
71477377
71477378
71477379
71477380
71477381
71477382
71477383
71477384
71477385
71477386
71477387
71477388
71477389
71477390
71477391
71477392
71477393
71477394
71477395
71477396
71477397
71477398
71477399
71477400
71477401
71477402
71477403
71477404
71477405
71477406
71477407
71477408
71477409
71477410
71477411
71477412
71477413
71477414
71477415
71477416
71477417
71477418
71477419
71477420
71477421
71477422
71477423
71477424
71477425
71477426
71477427
71477428
71477429
71477430
71477431
71477432
71477433
71477434
71477435
71477436
71477437
71477438
71477439
71477440
71477441
71477442
71477443
71477444
71477445
71477446
71477447
71477448
71477449
71477450
71477451
71477452
71477453
71477454
71477455
71477456
71477457
71477458
71477459
71477460
71477461
71477462
71477463
71477464
71477465
71477466
71477467
71477468
71477469
71477470
71477471
71477472
71477473
71477474
71477475
71477476
71477477
71477478
71477479
71477480
71477481
71477482
71477483
71477484
71477485
71477486
71477487
71477488
71477489
71477490
71477491
71477492
71477493
71477494
71477495
71477496
71477497
71477498
71477499
71477500
71477501
71477502
71477503
71477504
71477505
71477506
71477507
71477508
71477509
71477510
71477511
71477512
71477513
71477514
71477515
71477516
71477517
71477518
71477519
71477520
71477521
71477522
71477523
71477524
71477525
71477526
71477527
71477528
71477529
71477530
71477531
71477532
71477533
71477534
71477535
71477536
71477537
71477538
71477539
71477540
71477541
71477542
71477543
71477544
71477545
71477546
71477547
71477548
71477549
71477550
71477551
71477552
71477553
71477554
71477555
71477556
71477557
71477558
71477559
71477560
71477561
71477562
71477563
71477564
71477565
71477566
71477567
71477568
71477569
71477570
71477571
71477572
71477573
71477574
71477575
71477576
71477577
71477578
71477579
71477580
71477581
71477582
71477583
71477584
71477585
71477586
71477587
71477588
71477589
71477590
71477591
71477592
71477593
71477594
71477595
71477596
71477597
71477598
71477599
71477600
71477601
71477602
71477603
71477604
71477605
71477606
71477607
71477608
71477609
71477610
71477611
71477612
71477613
71477614
71477615
71477616
71477617
71477618
71477619
71477620
71477621
71477622
71477623
71477624
71477625
71477626
71477627
71477628
71477629
71477630
71477631
71477632
71477633
71477634
71477635
71477636
71477637
71477638
71477639
71477640
71477641
71477642
71477643
71477644
71477645
71477646
71477647
71477648
71477649
71477650
71477651
71477652
71477653
71477654
71477655
71477656
71477657
71477658
71477659
71477660
71477661
71477662
71477663
71477664
71477665
71477666
71477667
71477668
71477669
71477670
71477671
71477672
71477673
71477674
71477675
71477676
71477677
71477678
71477679
71477680
71477681
71477682
71477683
71477684
71477685
71477686
71477687
71477688
71477689
71477690
71477691
71477692
71477693
71477694
71477695
71477696
71477697
71477698
71477699
71477700
71477701
71477702
71477703
71477704
71477705
71477706
71477707
71477708
71477709
71477710
71477711
71477712
71477713
71477714
71477715
71477716
71477717
71477718
71477719
71477720
71477721
71477722
71477723
71477724
71477725
71477726
71477727
71477728
71477729
71477730
71477731
71477732
71477733
71477734
71477735
71477736
71477737
71477738
71477739
71477740
71477741
71477742
71477743
71477744
71477745
71477746
71477747
71477748
71477749
71477750
71477751
71477752
71477753
71477754
71477755
71477756
71477757
71477758
71477759
71477760
71477761
71477762
71477763
71477764
71477765
71477766
71477767
71477768
71477769
71477770
71477771
71477772
71477773
71477774
71477775
71477776
71477777
71477778
71477779
71477780
71477781
71477782
71477783
71477784
71477785
71477786
71477787
71477788
71477789
71477790
71477791
71477792
71477793
71477794
71477795
71477796
71477797
71477798
71477799
71477800
71477801
71477802
71477803
71477804
71477805
71477806
71477807
71477808
71477809
71477810
71477811
71477812
71477813
71477814
71477815
71477816
71477817
71477818
71477819
71477820
71477821
71477822
71477823
71477824
71477825
71477826
71477827
71477828
71477829
71477830
71477831
71477832
71477833
71477834
71477835
71477836
71477837
71477838
71477839
71477840
71477841
71477842
71477843
71477844
71477845
71477846
71477847
71477848
71477849
71477850
71477851
71477852
71477853
71477854
71477855
71477856
71477857
71477858
71477859
71477860
71477861
71477862
71477863
71477864
71477865
71477866
71477867
71477868
71477869
71477870
71477871
71477872
71477873
71477874
71477875
71477876
71477877
71477878
71477879
71477880
71477881
71477882
71477883
71477884
71477885
71477886
71477887
71477888
71477889
71477890
71477891
71477892
71477893
71477894
71477895
71477896
71477897
71477898
71477899
71477900
71477901
71477902
71477903
71477904
71477905
71477906
71477907
71477908
71477909
71477910
71477911
71477912
71477913
71477914
71477915
71477916
71477917
71477918
71477919
71477920
71477921
71477922
71477923
71477924
71477925
71477926
71477927
71477928
71477929
71477930
71477931
71477932
71477933
71477934
71477935
71477936
71477937
71477938
71477939
71477940
71477941
71477942
71477943
71477944
71477945
71477946
71477947
71477948
71477949
71477950
71477951
71477952
71477953
71477954
71477955
71477956
71477957
71477958
71477959
71477960
71477961
71477962
71477963
71477964
71477965
71477966
71477967
71477968
71477969
71477970
71477971
71477972
71477973
71477974
71477975
71477976
71477977
71477978
71477979
71477980
71477981
71477982
71477983
71477984
71477985
71477986
71477987
71477988
71477989
71477990
71477991
71477992
71477993
71477994
71477995
71477996
71477997
71477998
71477999
71478000
71478001
71478002
71478003
71478004
71478005
71478006
71478007
71478008
71478009
71478010
71478011
71478012
71478013
71478014
71478015
71478016
71478017
71478018
71478019
71478020
71478021
71478022
71478023
71478024
71478025
71478026
71478027
71478028
71478029
71478030
71478031
71478032
71478033
71478034
71478035
71478036
71478037
71478038
71478039
71478040
71478041
71478042
71478043
71478044
71478045
71478046
71478047
71478048
71478049
71478050
71478051
71478052
71478053
71478054
71478055
71478056
71478057
71478058
71478059
71478060
71478061
71478062
71478063
71478064
71478065
71478066
71478067
71478068
71478069
71478070
71478071
71478072
71478073
71478074
71478075
71478076
71478077
71478078
71478079
71478080
71478081
71478082
71478083
71478084
71478085
71478086
71478087
71478088
71478089
71478090
71478091
71478092
71478093
71478094
71478095
71478096
71478097
71478098
71478099
71478100
71478101
71478102
71478103
71478104
71478105
71478106
71478107
71478108
71478109
71478110
71478111
71478112
71478113
71478114
71478115
71478116
71478117
71478118
71478119
71478120
71478121
71478122
71478123
71478124
71478125
71478126
71478127
71478128
71478129
71478130
71478131
71478132
71478133
71478134
71478135
71478136
71478137
71478138
71478139
71478140
71478141
71478142
71478143
71478144
71478145
71478146
71478147
71478148
71478149
71478150
71478151
71478152
71478153
71478154
71478155
71478156
71478157
71478158
71478159
71478160
71478161
71478162
71478163
71478164
71478165
71478166
71478167
71478168
71478169
71478170
71478171
71478172
71478173
71478174
71478175
71478176
71478177
71478178
71478179
71478180
71478181
71478182
71478183
71478184
71478185
71478186
71478187
71478188
71478189
71478190
71478191
71478192
71478193
71478194
71478195
71478196
71478197
71478198
71478199
71478200
71478201
71478202
71478203
71478204
71478205
71478206
71478207
71478208
71478209
71478210
71478211
71478212
71478213
71478214
71478215
71478216
71478217
71478218
71478219
71478220
71478221
71478222
71478223
71478224
71478225
71478226
71478227
71478228
71478229
71478230
71478231
71478232
71478233
71478234
71478235
71478236
71478237
71478238
71478239
71478240
71478241
71478242
71478243
71478244
71478245
71478246
71478247
71478248
71478249
71478250
71478251
71478252
71478253
71478254
71478255
71478256
71478257
71478258
71478259
71478260
71478261
71478262
71478263
71478264
71478265
71478266
71478267
71478268
71478269
71478270
71478271
71478272
71478273
71478274
71478275
71478276
71478277
71478278
71478279
71478280
71478281
71478282
71478283
71478284
71478285
71478286
71478287
71478288
71478289
71478290
71478291
71478292
71478293
71478294
71478295
71478296
71478297
71478298
71478299
71478300
71478301
71478302
71478303
71478304
71478305
71478306
71478307
71478308
71478309
71478310
71478311
71478312
71478313
71478314
71478315
71478316
71478317
71478318
71478319
71478320
71478321
71478322
71478323
71478324
71478325
71478326
71478327
71478328
71478329
71478330
71478331
71478332
71478333
71478334
71478335
71478336
71478337
71478338
71478339
71478340
71478341
71478342
71478343
71478344
71478345
71478346
71478347
71478348
71478349
71478350
71478351
71478352
71478353
71478354
71478355
71478356
71478357
71478358
71478359
71478360
71478361
71478362
71478363
71478364
71478365
71478366
71478367
71478368
71478369
71478370
71478371
71478372
71478373
71478374
71478375
71478376
71478377
71478378
71478379
71478380
71478381
71478382
71478383
71478384
71478385
71478386
71478387
71478388
71478389
71478390
71478391
71478392
71478393
71478394
71478395
71478396
71478397
71478398
71478399
71478400
71478401
71478402
71478403
71478404
71478405
71478406
71478407
71478408
71478409
71478410
71478411
71478412
71478413
71478414
71478415
71478416
71478417
71478418
71478419
71478420
71478421
71478422
71478423
71478424
71478425
71478426
71478427
71478428
71478429
71478430
71478431
71478432
71478433
71478434
71478435
71478436
71478437
71478438
71478439
71478440
71478441
71478442
71478443
71478444
71478445
71478446
71478447
71478448
71478449
71478450
71478451
71478452
71478453
71478454
71478455
71478456
71478457
71478458
71478459
71478460
71478461
71478462
71478463
71478464
71478465
71478466
71478467
71478468
71478469
71478470
71478471
71478472
71478473
71478474
71478475
71478476
71478477
71478478
71478479
71478480
71478481
71478482
71478483
71478484
71478485
71478486
71478487
71478488
71478489
71478490
71478491
71478492
71478493
71478494
71478495
71478496
71478497
71478498
71478499
71478500
71478501
71478502
71478503
71478504
71478505
71478506
71478507
71478508
71478509
71478510
71478511
71478512
71478513
71478514
71478515
71478516
71478517
71478518
71478519
71478520
71478521
71478522
71478523
71478524
71478525
71478526
71478527
71478528
71478529
71478530
71478531
71478532
71478533
71478534
71478535
71478536
71478537
71478538
71478539
71478540
71478541
71478542
71478543
71478544
71478545
71478546
71478547
71478548
71478549
71478550
71478551
71478552
71478553
71478554
71478555
71478556
71478557
71478558
71478559
71478560
71478561
71478562
71478563
71478564
71478565
71478566
71478567
71478568
71478569
71478570
71478571
71478572
71478573
71478574
71478575
71478576
71478577
71478578
71478579
71478580
71478581
71478582
71478583
71478584
71478585
71478586
71478587
71478588
71478589
71478590
71478591
71478592
71478593
71478594
71478595
71478596
71478597
71478598
71478599
71478600
71478601
71478602
71478603
71478604
71478605
71478606
71478607
71478608
71478609
71478610
71478611
71478612
71478613
71478614
71478615
71478616
71478617
71478618
71478619
71478620
71478621
71478622
71478623
71478624
71478625
71478626
71478627
71478628
71478629
71478630
71478631
71478632
71478633
71478634
71478635
71478636
71478637
71478638
71478639
71478640
71478641
71478642
71478643
71478644
71478645
71478646
71478647
71478648
71478649
71478650
71478651
71478652
71478653
71478654
71478655
71478656
71478657
71478658
71478659
71478660
71478661
71478662
71478663
71478664
71478665
71478666
71478667
71478668
71478669
71478670
71478671
71478672
71478673
71478674
71478675
71478676
71478677
71478678
71478679
71478680
71478681
71478682
71478683
71478684
71478685
71478686
71478687
71478688
71478689
71478690
71478691
71478692
71478693
71478694
71478695
71478696
71478697
71478698
71478699
71478700
71478701
71478702
71478703
71478704
71478705
71478706
71478707
71478708
71478709
71478710
71478711
71478712
71478713
71478714
71478715
71478716
71478717
71478718
71478719
71478720
71478721
71478722
71478723
71478724
71478725
71478726
71478727
71478728
71478729
71478730
71478731
71478732
71478733
71478734
71478735
71478736
71478737
71478738
71478739
71478740
71478741
71478742
71478743
71478744
71478745
71478746
71478747
71478748
71478749
71478750
71478751
71478752
71478753
71478754
71478755
71478756
71478757
71478758
71478759
71478760
71478761
71478762
71478763
71478764
71478765
71478766
71478767
71478768
71478769
71478770
71478771
71478772
71478773
71478774
71478775
71478776
71478777
71478778
71478779
71478780
71478781
71478782
71478783
71478784
71478785
71478786
71478787
71478788
71478789
71478790
71478791
71478792
71478793
71478794
71478795
71478796
71478797
71478798
71478799
71478800
71478801
71478802
71478803
71478804
71478805
71478806
71478807
71478808
71478809
71478810
71478811
71478812
71478813
71478814
71478815
71478816
71478817
71478818
71478819
71478820
71478821
71478822
71478823
71478824
71478825
71478826
71478827
71478828
71478829
71478830
71478831
71478832
71478833
71478834
71478835
71478836
71478837
71478838
71478839
71478840
71478841
71478842
71478843
71478844
71478845
71478846
71478847
71478848
71478849
71478850
71478851
71478852
71478853
71478854
71478855
71478856
71478857
71478858
71478859
71478860
71478861
71478862
71478863
71478864
71478865
71478866
71478867
71478868
71478869
71478870
71478871
71478872
71478873
71478874
71478875
71478876
71478877
71478878
71478879
71478880
71478881
71478882
71478883
71478884
71478885
71478886
71478887
71478888
71478889
