73328890
73328891
73328892
73328893
73328894
73328895
73328896
73328897
73328898
73328899
73328900
73328901
73328902
73328903
73328904
73328905
73328906
73328907
73328908
73328909
73328910
73328911
73328912
73328913
73328914
73328915
73328916
73328917
73328918
73328919
73328920
73328921
73328922
73328923
73328924
73328925
73328926
73328927
73328928
73328929
73328930
73328931
73328932
73328933
73328934
73328935
73328936
73328937
73328938
73328939
73328940
73328941
73328942
73328943
73328944
73328945
73328946
73328947
73328948
73328949
73328950
73328951
73328952
73328953
73328954
73328955
73328956
73328957
73328958
73328959
73328960
73328961
73328962
73328963
73328964
73328965
73328966
73328967
73328968
73328969
73328970
73328971
73328972
73328973
73328974
73328975
73328976
73328977
73328978
73328979
73328980
73328981
73328982
73328983
73328984
73328985
73328986
73328987
73328988
73328989
73328990
73328991
73328992
73328993
73328994
73328995
73328996
73328997
73328998
73328999
73329000
73329001
73329002
73329003
73329004
73329005
73329006
73329007
73329008
73329009
73329010
73329011
73329012
73329013
73329014
73329015
73329016
73329017
73329018
73329019
73329020
73329021
73329022
73329023
73329024
73329025
73329026
73329027
73329028
73329029
73329030
73329031
73329032
73329033
73329034
73329035
73329036
73329037
73329038
73329039
73329040
73329041
73329042
73329043
73329044
73329045
73329046
73329047
73329048
73329049
73329050
73329051
73329052
73329053
73329054
73329055
73329056
73329057
73329058
73329059
73329060
73329061
73329062
73329063
73329064
73329065
73329066
73329067
73329068
73329069
73329070
73329071
73329072
73329073
73329074
73329075
73329076
73329077
73329078
73329079
73329080
73329081
73329082
73329083
73329084
73329085
73329086
73329087
73329088
73329089
73329090
73329091
73329092
73329093
73329094
73329095
73329096
73329097
73329098
73329099
73329100
73329101
73329102
73329103
73329104
73329105
73329106
73329107
73329108
73329109
73329110
73329111
73329112
73329113
73329114
73329115
73329116
73329117
73329118
73329119
73329120
73329121
73329122
73329123
73329124
73329125
73329126
73329127
73329128
73329129
73329130
73329131
73329132
73329133
73329134
73329135
73329136
73329137
73329138
73329139
73329140
73329141
73329142
73329143
73329144
73329145
73329146
73329147
73329148
73329149
73329150
73329151
73329152
73329153
73329154
73329155
73329156
73329157
73329158
73329159
73329160
73329161
73329162
73329163
73329164
73329165
73329166
73329167
73329168
73329169
73329170
73329171
73329172
73329173
73329174
73329175
73329176
73329177
73329178
73329179
73329180
73329181
73329182
73329183
73329184
73329185
73329186
73329187
73329188
73329189
73329190
73329191
73329192
73329193
73329194
73329195
73329196
73329197
73329198
73329199
73329200
73329201
73329202
73329203
73329204
73329205
73329206
73329207
73329208
73329209
73329210
73329211
73329212
73329213
73329214
73329215
73329216
73329217
73329218
73329219
73329220
73329221
73329222
73329223
73329224
73329225
73329226
73329227
73329228
73329229
73329230
73329231
73329232
73329233
73329234
73329235
73329236
73329237
73329238
73329239
73329240
73329241
73329242
73329243
73329244
73329245
73329246
73329247
73329248
73329249
73329250
73329251
73329252
73329253
73329254
73329255
73329256
73329257
73329258
73329259
73329260
73329261
73329262
73329263
73329264
73329265
73329266
73329267
73329268
73329269
73329270
73329271
73329272
73329273
73329274
73329275
73329276
73329277
73329278
73329279
73329280
73329281
73329282
73329283
73329284
73329285
73329286
73329287
73329288
73329289
73329290
73329291
73329292
73329293
73329294
73329295
73329296
73329297
73329298
73329299
73329300
73329301
73329302
73329303
73329304
73329305
73329306
73329307
73329308
73329309
73329310
73329311
73329312
73329313
73329314
73329315
73329316
73329317
73329318
73329319
73329320
73329321
73329322
73329323
73329324
73329325
73329326
73329327
73329328
73329329
73329330
73329331
73329332
73329333
73329334
73329335
73329336
73329337
73329338
73329339
73329340
73329341
73329342
73329343
73329344
73329345
73329346
73329347
73329348
73329349
73329350
73329351
73329352
73329353
73329354
73329355
73329356
73329357
73329358
73329359
73329360
73329361
73329362
73329363
73329364
73329365
73329366
73329367
73329368
73329369
73329370
73329371
73329372
73329373
73329374
73329375
73329376
73329377
73329378
73329379
73329380
73329381
73329382
73329383
73329384
73329385
73329386
73329387
73329388
73329389
73329390
73329391
73329392
73329393
73329394
73329395
73329396
73329397
73329398
73329399
73329400
73329401
73329402
73329403
73329404
73329405
73329406
73329407
73329408
73329409
73329410
73329411
73329412
73329413
73329414
73329415
73329416
73329417
73329418
73329419
73329420
73329421
73329422
73329423
73329424
73329425
73329426
73329427
73329428
73329429
73329430
73329431
73329432
73329433
73329434
73329435
73329436
73329437
73329438
73329439
73329440
73329441
73329442
73329443
73329444
73329445
73329446
73329447
73329448
73329449
73329450
73329451
73329452
73329453
73329454
73329455
73329456
73329457
73329458
73329459
73329460
73329461
73329462
73329463
73329464
73329465
73329466
73329467
73329468
73329469
73329470
73329471
73329472
73329473
73329474
73329475
73329476
73329477
73329478
73329479
73329480
73329481
73329482
73329483
73329484
73329485
73329486
73329487
73329488
73329489
73329490
73329491
73329492
73329493
73329494
73329495
73329496
73329497
73329498
73329499
73329500
73329501
73329502
73329503
73329504
73329505
73329506
73329507
73329508
73329509
73329510
73329511
73329512
73329513
73329514
73329515
73329516
73329517
73329518
73329519
73329520
73329521
73329522
73329523
73329524
73329525
73329526
73329527
73329528
73329529
73329530
73329531
73329532
73329533
73329534
73329535
73329536
73329537
73329538
73329539
73329540
73329541
73329542
73329543
73329544
73329545
73329546
73329547
73329548
73329549
73329550
73329551
73329552
73329553
73329554
73329555
73329556
73329557
73329558
73329559
73329560
73329561
73329562
73329563
73329564
73329565
73329566
73329567
73329568
73329569
73329570
73329571
73329572
73329573
73329574
73329575
73329576
73329577
73329578
73329579
73329580
73329581
73329582
73329583
73329584
73329585
73329586
73329587
73329588
73329589
73329590
73329591
73329592
73329593
73329594
73329595
73329596
73329597
73329598
73329599
73329600
73329601
73329602
73329603
73329604
73329605
73329606
73329607
73329608
73329609
73329610
73329611
73329612
73329613
73329614
73329615
73329616
73329617
73329618
73329619
73329620
73329621
73329622
73329623
73329624
73329625
73329626
73329627
73329628
73329629
73329630
73329631
73329632
73329633
73329634
73329635
73329636
73329637
73329638
73329639
73329640
73329641
73329642
73329643
73329644
73329645
73329646
73329647
73329648
73329649
73329650
73329651
73329652
73329653
73329654
73329655
73329656
73329657
73329658
73329659
73329660
73329661
73329662
73329663
73329664
73329665
73329666
73329667
73329668
73329669
73329670
73329671
73329672
73329673
73329674
73329675
73329676
73329677
73329678
73329679
73329680
73329681
73329682
73329683
73329684
73329685
73329686
73329687
73329688
73329689
73329690
73329691
73329692
73329693
73329694
73329695
73329696
73329697
73329698
73329699
73329700
73329701
73329702
73329703
73329704
73329705
73329706
73329707
73329708
73329709
73329710
73329711
73329712
73329713
73329714
73329715
73329716
73329717
73329718
73329719
73329720
73329721
73329722
73329723
73329724
73329725
73329726
73329727
73329728
73329729
73329730
73329731
73329732
73329733
73329734
73329735
73329736
73329737
73329738
73329739
73329740
73329741
73329742
73329743
73329744
73329745
73329746
73329747
73329748
73329749
73329750
73329751
73329752
73329753
73329754
73329755
73329756
73329757
73329758
73329759
73329760
73329761
73329762
73329763
73329764
73329765
73329766
73329767
73329768
73329769
73329770
73329771
73329772
73329773
73329774
73329775
73329776
73329777
73329778
73329779
73329780
73329781
73329782
73329783
73329784
73329785
73329786
73329787
73329788
73329789
73329790
73329791
73329792
73329793
73329794
73329795
73329796
73329797
73329798
73329799
73329800
73329801
73329802
73329803
73329804
73329805
73329806
73329807
73329808
73329809
73329810
73329811
73329812
73329813
73329814
73329815
73329816
73329817
73329818
73329819
73329820
73329821
73329822
73329823
73329824
73329825
73329826
73329827
73329828
73329829
73329830
73329831
73329832
73329833
73329834
73329835
73329836
73329837
73329838
73329839
73329840
73329841
73329842
73329843
73329844
73329845
73329846
73329847
73329848
73329849
73329850
73329851
73329852
73329853
73329854
73329855
73329856
73329857
73329858
73329859
73329860
73329861
73329862
73329863
73329864
73329865
73329866
73329867
73329868
73329869
73329870
73329871
73329872
73329873
73329874
73329875
73329876
73329877
73329878
73329879
73329880
73329881
73329882
73329883
73329884
73329885
73329886
73329887
73329888
73329889
73329890
73329891
73329892
73329893
73329894
73329895
73329896
73329897
73329898
73329899
73329900
73329901
73329902
73329903
73329904
73329905
73329906
73329907
73329908
73329909
73329910
73329911
73329912
73329913
73329914
73329915
73329916
73329917
73329918
73329919
73329920
73329921
73329922
73329923
73329924
73329925
73329926
73329927
73329928
73329929
73329930
73329931
73329932
73329933
73329934
73329935
73329936
73329937
73329938
73329939
73329940
73329941
73329942
73329943
73329944
73329945
73329946
73329947
73329948
73329949
73329950
73329951
73329952
73329953
73329954
73329955
73329956
73329957
73329958
73329959
73329960
73329961
73329962
73329963
73329964
73329965
73329966
73329967
73329968
73329969
73329970
73329971
73329972
73329973
73329974
73329975
73329976
73329977
73329978
73329979
73329980
73329981
73329982
73329983
73329984
73329985
73329986
73329987
73329988
73329989
73329990
73329991
73329992
73329993
73329994
73329995
73329996
73329997
73329998
73329999
73330000
73330001
73330002
73330003
73330004
73330005
73330006
73330007
73330008
73330009
73330010
73330011
73330012
73330013
73330014
73330015
73330016
73330017
73330018
73330019
73330020
73330021
73330022
73330023
73330024
73330025
73330026
73330027
73330028
73330029
73330030
73330031
73330032
73330033
73330034
73330035
73330036
73330037
73330038
73330039
73330040
73330041
73330042
73330043
73330044
73330045
73330046
73330047
73330048
73330049
73330050
73330051
73330052
73330053
73330054
73330055
73330056
73330057
73330058
73330059
73330060
73330061
73330062
73330063
73330064
73330065
73330066
73330067
73330068
73330069
73330070
73330071
73330072
73330073
73330074
73330075
73330076
73330077
73330078
73330079
73330080
73330081
73330082
73330083
73330084
73330085
73330086
73330087
73330088
73330089
73330090
73330091
73330092
73330093
73330094
73330095
73330096
73330097
73330098
73330099
73330100
73330101
73330102
73330103
73330104
73330105
73330106
73330107
73330108
73330109
73330110
73330111
73330112
73330113
73330114
73330115
73330116
73330117
73330118
73330119
73330120
73330121
73330122
73330123
73330124
73330125
73330126
73330127
73330128
73330129
73330130
73330131
73330132
73330133
73330134
73330135
73330136
73330137
73330138
73330139
73330140
73330141
73330142
73330143
73330144
73330145
73330146
73330147
73330148
73330149
73330150
73330151
73330152
73330153
73330154
73330155
73330156
73330157
73330158
73330159
73330160
73330161
73330162
73330163
73330164
73330165
73330166
73330167
73330168
73330169
73330170
73330171
73330172
73330173
73330174
73330175
73330176
73330177
73330178
73330179
73330180
73330181
73330182
73330183
73330184
73330185
73330186
73330187
73330188
73330189
73330190
73330191
73330192
73330193
73330194
73330195
73330196
73330197
73330198
73330199
73330200
73330201
73330202
73330203
73330204
73330205
73330206
73330207
73330208
73330209
73330210
73330211
73330212
73330213
73330214
73330215
73330216
73330217
73330218
73330219
73330220
73330221
73330222
73330223
73330224
73330225
73330226
73330227
73330228
73330229
73330230
73330231
73330232
73330233
73330234
73330235
73330236
73330237
73330238
73330239
73330240
73330241
73330242
73330243
73330244
73330245
73330246
73330247
73330248
73330249
73330250
73330251
73330252
73330253
73330254
73330255
73330256
73330257
73330258
73330259
73330260
73330261
73330262
73330263
73330264
73330265
73330266
73330267
73330268
73330269
73330270
73330271
73330272
73330273
73330274
73330275
73330276
73330277
73330278
73330279
73330280
73330281
73330282
73330283
73330284
73330285
73330286
73330287
73330288
73330289
73330290
73330291
73330292
73330293
73330294
73330295
73330296
73330297
73330298
73330299
73330300
73330301
73330302
73330303
73330304
73330305
73330306
73330307
73330308
73330309
73330310
73330311
73330312
73330313
73330314
73330315
73330316
73330317
73330318
73330319
73330320
73330321
73330322
73330323
73330324
73330325
73330326
73330327
73330328
73330329
73330330
73330331
73330332
73330333
73330334
73330335
73330336
73330337
73330338
73330339
73330340
73330341
73330342
73330343
73330344
73330345
73330346
73330347
73330348
73330349
73330350
73330351
73330352
73330353
73330354
73330355
73330356
73330357
73330358
73330359
73330360
73330361
73330362
73330363
73330364
73330365
73330366
73330367
73330368
73330369
73330370
73330371
73330372
73330373
73330374
73330375
73330376
73330377
73330378
73330379
73330380
73330381
73330382
73330383
73330384
73330385
73330386
73330387
73330388
73330389
73330390
73330391
73330392
73330393
73330394
73330395
73330396
73330397
73330398
73330399
73330400
73330401
73330402
73330403
73330404
73330405
73330406
73330407
73330408
73330409
73330410
73330411
73330412
73330413
73330414
73330415
73330416
73330417
73330418
73330419
73330420
73330421
73330422
73330423
73330424
73330425
73330426
73330427
73330428
73330429
73330430
73330431
73330432
73330433
73330434
73330435
73330436
73330437
73330438
73330439
73330440
73330441
73330442
73330443
73330444
73330445
73330446
73330447
73330448
73330449
73330450
73330451
73330452
73330453
73330454
73330455
73330456
73330457
73330458
73330459
73330460
73330461
73330462
73330463
73330464
73330465
73330466
73330467
73330468
73330469
73330470
73330471
73330472
73330473
73330474
73330475
73330476
73330477
73330478
73330479
73330480
73330481
73330482
73330483
73330484
73330485
73330486
73330487
73330488
73330489
73330490
73330491
73330492
73330493
73330494
73330495
73330496
73330497
73330498
73330499
73330500
73330501
73330502
73330503
73330504
73330505
73330506
73330507
73330508
73330509
73330510
73330511
73330512
73330513
73330514
73330515
73330516
73330517
73330518
73330519
73330520
73330521
73330522
73330523
73330524
73330525
73330526
73330527
73330528
73330529
73330530
73330531
73330532
73330533
73330534
73330535
73330536
73330537
73330538
73330539
73330540
73330541
73330542
73330543
73330544
73330545
73330546
73330547
73330548
73330549
73330550
73330551
73330552
73330553
73330554
73330555
73330556
73330557
73330558
73330559
73330560
73330561
73330562
73330563
73330564
73330565
73330566
73330567
73330568
73330569
73330570
73330571
73330572
73330573
73330574
73330575
73330576
73330577
73330578
73330579
73330580
73330581
73330582
73330583
73330584
73330585
73330586
73330587
73330588
73330589
73330590
73330591
73330592
73330593
73330594
73330595
73330596
73330597
73330598
73330599
73330600
73330601
73330602
73330603
73330604
73330605
73330606
73330607
73330608
73330609
73330610
73330611
73330612
73330613
73330614
73330615
73330616
73330617
73330618
73330619
73330620
73330621
73330622
73330623
73330624
73330625
73330626
73330627
73330628
73330629
73330630
73330631
73330632
73330633
73330634
73330635
73330636
73330637
73330638
73330639
73330640
73330641
73330642
73330643
73330644
73330645
73330646
73330647
73330648
73330649
73330650
73330651
73330652
73330653
73330654
73330655
73330656
73330657
73330658
73330659
73330660
73330661
73330662
73330663
73330664
73330665
73330666
73330667
73330668
73330669
73330670
73330671
73330672
73330673
73330674
73330675
73330676
73330677
73330678
73330679
73330680
73330681
73330682
73330683
73330684
73330685
73330686
73330687
73330688
73330689
73330690
73330691
73330692
73330693
73330694
73330695
73330696
73330697
73330698
73330699
73330700
73330701
73330702
73330703
73330704
73330705
73330706
73330707
73330708
73330709
73330710
73330711
73330712
73330713
73330714
73330715
73330716
73330717
73330718
73330719
73330720
73330721
73330722
73330723
73330724
73330725
73330726
73330727
73330728
73330729
73330730
73330731
73330732
73330733
73330734
73330735
73330736
73330737
73330738
73330739
73330740
73330741
73330742
73330743
73330744
73330745
73330746
73330747
73330748
73330749
73330750
73330751
73330752
73330753
73330754
73330755
73330756
73330757
73330758
73330759
73330760
73330761
73330762
73330763
73330764
73330765
73330766
73330767
73330768
73330769
73330770
73330771
73330772
73330773
73330774
73330775
73330776
73330777
73330778
73330779
73330780
73330781
73330782
73330783
73330784
73330785
73330786
73330787
73330788
73330789
73330790
73330791
73330792
73330793
73330794
73330795
73330796
73330797
73330798
73330799
73330800
73330801
73330802
73330803
73330804
73330805
73330806
73330807
73330808
73330809
73330810
73330811
73330812
73330813
73330814
73330815
73330816
73330817
73330818
73330819
73330820
73330821
73330822
73330823
73330824
73330825
73330826
73330827
73330828
73330829
73330830
73330831
73330832
73330833
73330834
73330835
73330836
73330837
73330838
73330839
73330840
73330841
73330842
73330843
73330844
73330845
73330846
73330847
73330848
73330849
73330850
73330851
73330852
73330853
73330854
73330855
73330856
73330857
73330858
73330859
73330860
73330861
73330862
73330863
73330864
73330865
73330866
73330867
73330868
73330869
73330870
73330871
73330872
73330873
73330874
73330875
73330876
73330877
73330878
73330879
73330880
73330881
73330882
73330883
73330884
73330885
73330886
73330887
73330888
73330889
73330890
73330891
73330892
73330893
73330894
73330895
73330896
73330897
73330898
73330899
73330900
73330901
73330902
73330903
73330904
73330905
73330906
73330907
73330908
73330909
73330910
73330911
73330912
73330913
73330914
73330915
73330916
73330917
73330918
73330919
73330920
73330921
73330922
73330923
73330924
73330925
73330926
73330927
73330928
73330929
73330930
73330931
73330932
73330933
73330934
73330935
73330936
73330937
73330938
73330939
73330940
73330941
73330942
73330943
73330944
73330945
73330946
73330947
73330948
73330949
73330950
73330951
73330952
73330953
73330954
73330955
73330956
73330957
73330958
73330959
73330960
73330961
73330962
73330963
73330964
73330965
73330966
73330967
73330968
73330969
73330970
73330971
73330972
73330973
73330974
73330975
73330976
73330977
73330978
73330979
73330980
73330981
73330982
73330983
73330984
73330985
73330986
73330987
73330988
73330989
73330990
73330991
73330992
73330993
73330994
73330995
73330996
73330997
73330998
73330999
73331000
73331001
73331002
73331003
73331004
73331005
73331006
73331007
73331008
73331009
73331010
73331011
73331012
73331013
73331014
73331015
73331016
73331017
73331018
73331019
73331020
73331021
73331022
73331023
73331024
73331025
73331026
73331027
73331028
73331029
73331030
73331031
73331032
73331033
73331034
73331035
73331036
73331037
73331038
73331039
73331040
73331041
73331042
73331043
73331044
73331045
73331046
73331047
73331048
73331049
73331050
73331051
73331052
73331053
73331054
73331055
73331056
73331057
73331058
73331059
73331060
73331061
73331062
73331063
73331064
73331065
73331066
73331067
73331068
73331069
73331070
73331071
73331072
73331073
73331074
73331075
73331076
73331077
73331078
73331079
73331080
73331081
73331082
73331083
73331084
73331085
73331086
73331087
73331088
73331089
73331090
73331091
73331092
73331093
73331094
73331095
73331096
73331097
73331098
73331099
73331100
73331101
73331102
73331103
73331104
73331105
73331106
73331107
73331108
73331109
73331110
73331111
73331112
73331113
73331114
73331115
73331116
73331117
73331118
73331119
73331120
73331121
73331122
73331123
73331124
73331125
73331126
73331127
73331128
73331129
73331130
73331131
73331132
73331133
73331134
73331135
73331136
73331137
73331138
73331139
73331140
73331141
73331142
73331143
73331144
73331145
73331146
73331147
73331148
73331149
73331150
73331151
73331152
73331153
73331154
73331155
73331156
73331157
73331158
73331159
73331160
73331161
73331162
73331163
73331164
73331165
73331166
73331167
73331168
73331169
73331170
73331171
73331172
73331173
73331174
73331175
73331176
73331177
73331178
73331179
73331180
73331181
73331182
73331183
73331184
73331185
73331186
73331187
73331188
73331189
73331190
73331191
73331192
73331193
73331194
73331195
73331196
73331197
73331198
73331199
73331200
73331201
73331202
73331203
73331204
73331205
73331206
73331207
73331208
73331209
73331210
73331211
73331212
73331213
73331214
73331215
73331216
73331217
73331218
73331219
73331220
73331221
73331222
73331223
73331224
73331225
73331226
73331227
73331228
73331229
73331230
73331231
73331232
73331233
73331234
73331235
73331236
73331237
73331238
73331239
73331240
73331241
73331242
73331243
73331244
73331245
73331246
73331247
73331248
73331249
73331250
73331251
73331252
73331253
73331254
73331255
73331256
73331257
73331258
73331259
73331260
73331261
73331262
73331263
73331264
73331265
73331266
73331267
73331268
73331269
73331270
73331271
73331272
73331273
73331274
73331275
73331276
73331277
73331278
73331279
73331280
73331281
73331282
73331283
73331284
73331285
73331286
73331287
73331288
73331289
73331290
73331291
73331292
73331293
73331294
73331295
73331296
73331297
73331298
73331299
73331300
73331301
73331302
73331303
73331304
73331305
73331306
73331307
73331308
73331309
73331310
73331311
73331312
73331313
73331314
73331315
73331316
73331317
73331318
73331319
73331320
73331321
73331322
73331323
73331324
73331325
73331326
73331327
73331328
73331329
73331330
73331331
73331332
73331333
73331334
73331335
73331336
73331337
73331338
73331339
73331340
73331341
73331342
73331343
73331344
73331345
73331346
73331347
73331348
73331349
73331350
73331351
73331352
73331353
73331354
73331355
73331356
73331357
73331358
73331359
73331360
73331361
73331362
73331363
73331364
73331365
73331366
73331367
73331368
73331369
73331370
73331371
73331372
73331373
73331374
73331375
73331376
73331377
73331378
73331379
73331380
73331381
73331382
73331383
73331384
73331385
73331386
73331387
73331388
73331389
73331390
73331391
73331392
73331393
73331394
73331395
73331396
73331397
73331398
73331399
73331400
73331401
73331402
73331403
73331404
73331405
73331406
73331407
73331408
73331409
73331410
73331411
73331412
73331413
73331414
73331415
73331416
73331417
73331418
73331419
73331420
73331421
73331422
73331423
73331424
73331425
73331426
73331427
73331428
73331429
73331430
73331431
73331432
73331433
73331434
73331435
73331436
73331437
73331438
73331439
73331440
73331441
73331442
73331443
73331444
73331445
73331446
73331447
73331448
73331449
73331450
73331451
73331452
73331453
73331454
73331455
73331456
73331457
73331458
73331459
73331460
73331461
73331462
73331463
73331464
73331465
73331466
73331467
73331468
73331469
73331470
73331471
73331472
73331473
73331474
73331475
73331476
73331477
73331478
73331479
73331480
73331481
73331482
73331483
73331484
73331485
73331486
73331487
73331488
73331489
73331490
73331491
73331492
73331493
73331494
73331495
73331496
73331497
73331498
73331499
73331500
73331501
73331502
73331503
73331504
73331505
73331506
73331507
73331508
73331509
73331510
73331511
73331512
73331513
73331514
73331515
73331516
73331517
73331518
73331519
73331520
73331521
73331522
73331523
73331524
73331525
73331526
73331527
73331528
73331529
73331530
73331531
73331532
73331533
73331534
73331535
73331536
73331537
73331538
73331539
73331540
73331541
73331542
73331543
73331544
73331545
73331546
73331547
73331548
73331549
73331550
73331551
73331552
73331553
73331554
73331555
73331556
73331557
73331558
73331559
73331560
73331561
73331562
73331563
73331564
73331565
73331566
73331567
73331568
73331569
73331570
73331571
73331572
73331573
73331574
73331575
73331576
73331577
73331578
73331579
73331580
73331581
73331582
73331583
73331584
73331585
73331586
73331587
73331588
73331589
73331590
73331591
73331592
73331593
73331594
73331595
73331596
73331597
73331598
73331599
73331600
73331601
73331602
73331603
73331604
73331605
73331606
73331607
73331608
73331609
73331610
73331611
73331612
73331613
73331614
73331615
73331616
73331617
73331618
73331619
73331620
73331621
73331622
73331623
73331624
73331625
73331626
73331627
73331628
73331629
73331630
73331631
73331632
73331633
73331634
73331635
73331636
73331637
73331638
73331639
73331640
73331641
73331642
73331643
73331644
73331645
73331646
73331647
73331648
73331649
73331650
73331651
73331652
73331653
73331654
73331655
73331656
73331657
73331658
73331659
73331660
73331661
73331662
73331663
73331664
73331665
73331666
73331667
73331668
73331669
73331670
73331671
73331672
73331673
73331674
73331675
73331676
73331677
73331678
73331679
73331680
73331681
73331682
73331683
73331684
73331685
73331686
73331687
73331688
73331689
73331690
73331691
73331692
73331693
73331694
73331695
73331696
73331697
73331698
73331699
73331700
73331701
73331702
73331703
73331704
73331705
73331706
73331707
73331708
73331709
73331710
73331711
73331712
73331713
73331714
73331715
73331716
73331717
73331718
73331719
73331720
73331721
73331722
73331723
73331724
73331725
73331726
73331727
73331728
73331729
73331730
73331731
73331732
73331733
73331734
73331735
73331736
73331737
73331738
73331739
73331740
73331741
73331742
73331743
73331744
73331745
73331746
73331747
73331748
73331749
73331750
73331751
73331752
73331753
73331754
73331755
73331756
73331757
73331758
73331759
73331760
73331761
73331762
73331763
73331764
73331765
73331766
73331767
73331768
73331769
73331770
73331771
73331772
73331773
73331774
73331775
73331776
73331777
73331778
73331779
73331780
73331781
73331782
73331783
73331784
73331785
73331786
73331787
73331788
73331789
73331790
73331791
73331792
73331793
73331794
73331795
73331796
73331797
73331798
73331799
73331800
73331801
73331802
73331803
73331804
73331805
73331806
73331807
73331808
73331809
73331810
73331811
73331812
73331813
73331814
73331815
73331816
73331817
73331818
73331819
73331820
73331821
73331822
73331823
73331824
73331825
73331826
73331827
73331828
73331829
73331830
73331831
73331832
73331833
73331834
73331835
73331836
73331837
73331838
73331839
73331840
73331841
73331842
73331843
73331844
73331845
73331846
73331847
73331848
73331849
73331850
73331851
73331852
73331853
73331854
73331855
73331856
73331857
73331858
73331859
73331860
73331861
73331862
73331863
73331864
73331865
73331866
73331867
73331868
73331869
73331870
73331871
73331872
73331873
73331874
73331875
73331876
73331877
73331878
73331879
73331880
73331881
73331882
73331883
73331884
73331885
73331886
73331887
73331888
73331889
73331890
73331891
73331892
73331893
73331894
73331895
73331896
73331897
73331898
73331899
73331900
73331901
73331902
73331903
73331904
73331905
73331906
73331907
73331908
73331909
73331910
73331911
73331912
73331913
73331914
73331915
73331916
73331917
73331918
73331919
73331920
73331921
73331922
73331923
73331924
73331925
73331926
73331927
73331928
73331929
73331930
73331931
73331932
73331933
73331934
73331935
73331936
73331937
73331938
73331939
73331940
73331941
73331942
73331943
73331944
73331945
73331946
73331947
73331948
73331949
73331950
73331951
73331952
73331953
73331954
73331955
73331956
73331957
73331958
73331959
73331960
73331961
73331962
73331963
73331964
73331965
73331966
73331967
73331968
73331969
73331970
73331971
73331972
73331973
73331974
73331975
73331976
73331977
73331978
73331979
73331980
73331981
73331982
73331983
73331984
73331985
73331986
73331987
73331988
73331989
73331990
73331991
73331992
73331993
73331994
73331995
73331996
73331997
73331998
73331999
73332000
73332001
73332002
73332003
73332004
73332005
73332006
73332007
73332008
73332009
73332010
73332011
73332012
73332013
73332014
73332015
73332016
73332017
73332018
73332019
73332020
73332021
73332022
73332023
73332024
73332025
73332026
73332027
73332028
73332029
73332030
73332031
73332032
73332033
73332034
73332035
73332036
73332037
73332038
73332039
73332040
73332041
73332042
73332043
73332044
73332045
73332046
73332047
73332048
73332049
73332050
73332051
73332052
73332053
73332054
73332055
73332056
73332057
73332058
73332059
73332060
73332061
73332062
73332063
73332064
73332065
73332066
73332067
73332068
73332069
73332070
73332071
73332072
73332073
73332074
73332075
73332076
73332077
73332078
73332079
73332080
73332081
73332082
73332083
73332084
73332085
73332086
73332087
73332088
73332089
73332090
73332091
73332092
73332093
73332094
73332095
73332096
73332097
73332098
73332099
73332100
73332101
73332102
73332103
73332104
73332105
73332106
73332107
73332108
73332109
73332110
73332111
73332112
73332113
73332114
73332115
73332116
73332117
73332118
73332119
73332120
73332121
73332122
73332123
73332124
73332125
73332126
73332127
73332128
73332129
73332130
73332131
73332132
73332133
73332134
73332135
73332136
73332137
73332138
73332139
73332140
73332141
73332142
73332143
73332144
73332145
73332146
73332147
73332148
73332149
73332150
73332151
73332152
73332153
73332154
73332155
73332156
73332157
73332158
73332159
73332160
73332161
73332162
73332163
73332164
73332165
73332166
73332167
73332168
73332169
73332170
73332171
73332172
73332173
73332174
73332175
73332176
73332177
73332178
73332179
73332180
73332181
73332182
73332183
73332184
73332185
73332186
73332187
73332188
73332189
73332190
73332191
73332192
73332193
73332194
73332195
73332196
73332197
73332198
73332199
73332200
73332201
73332202
73332203
73332204
73332205
73332206
73332207
73332208
73332209
73332210
73332211
73332212
73332213
73332214
73332215
73332216
73332217
73332218
73332219
73332220
73332221
73332222
73332223
73332224
73332225
73332226
73332227
73332228
73332229
73332230
73332231
73332232
73332233
73332234
73332235
73332236
73332237
73332238
73332239
73332240
73332241
73332242
73332243
73332244
73332245
73332246
73332247
73332248
73332249
73332250
73332251
73332252
73332253
73332254
73332255
73332256
73332257
73332258
73332259
73332260
73332261
73332262
73332263
73332264
73332265
73332266
73332267
73332268
73332269
73332270
73332271
73332272
73332273
73332274
73332275
73332276
73332277
73332278
73332279
73332280
73332281
73332282
73332283
73332284
73332285
73332286
73332287
73332288
73332289
73332290
73332291
73332292
73332293
73332294
73332295
73332296
73332297
73332298
73332299
73332300
73332301
73332302
73332303
73332304
73332305
73332306
73332307
73332308
73332309
73332310
73332311
73332312
73332313
73332314
73332315
73332316
73332317
73332318
73332319
73332320
73332321
73332322
73332323
73332324
73332325
73332326
73332327
73332328
73332329
73332330
73332331
73332332
73332333
73332334
73332335
73332336
73332337
73332338
73332339
73332340
73332341
73332342
73332343
73332344
73332345
73332346
73332347
73332348
73332349
73332350
73332351
73332352
73332353
73332354
73332355
73332356
73332357
73332358
73332359
73332360
73332361
73332362
73332363
73332364
73332365
73332366
73332367
73332368
73332369
73332370
73332371
73332372
73332373
73332374
73332375
73332376
73332377
73332378
73332379
73332380
73332381
73332382
73332383
73332384
73332385
73332386
73332387
73332388
73332389
73332390
73332391
73332392
73332393
73332394
73332395
73332396
73332397
73332398
73332399
73332400
73332401
73332402
73332403
73332404
73332405
73332406
73332407
73332408
73332409
73332410
73332411
73332412
73332413
73332414
73332415
73332416
73332417
73332418
73332419
73332420
73332421
73332422
73332423
73332424
73332425
73332426
73332427
73332428
73332429
73332430
73332431
73332432
73332433
73332434
73332435
73332436
73332437
73332438
73332439
73332440
73332441
73332442
73332443
73332444
73332445
73332446
73332447
73332448
73332449
73332450
73332451
73332452
73332453
73332454
73332455
73332456
73332457
73332458
73332459
73332460
73332461
73332462
73332463
73332464
73332465
73332466
73332467
73332468
73332469
73332470
73332471
73332472
73332473
73332474
73332475
73332476
73332477
73332478
73332479
73332480
73332481
73332482
73332483
73332484
73332485
73332486
73332487
73332488
73332489
73332490
73332491
73332492
73332493
73332494
73332495
73332496
73332497
73332498
73332499
73332500
73332501
73332502
73332503
73332504
73332505
73332506
73332507
73332508
73332509
73332510
73332511
73332512
73332513
73332514
73332515
73332516
73332517
73332518
73332519
73332520
73332521
73332522
73332523
73332524
73332525
73332526
73332527
73332528
73332529
73332530
73332531
73332532
73332533
73332534
73332535
73332536
73332537
73332538
73332539
73332540
73332541
73332542
73332543
73332544
73332545
73332546
73332547
73332548
73332549
73332550
73332551
73332552
73332553
73332554
73332555
73332556
73332557
73332558
73332559
73332560
73332561
73332562
73332563
73332564
73332565
73332566
73332567
73332568
73332569
73332570
73332571
73332572
73332573
73332574
73332575
73332576
73332577
73332578
73332579
73332580
73332581
73332582
73332583
73332584
73332585
73332586
73332587
73332588
73332589
73332590
73332591
73332592
73332593
73332594
73332595
73332596
73332597
73332598
73332599
73332600
73332601
73332602
73332603
73332604
73332605
73332606
73332607
73332608
73332609
73332610
73332611
73332612
73332613
73332614
73332615
73332616
73332617
73332618
73332619
73332620
73332621
73332622
73332623
73332624
73332625
73332626
73332627
73332628
73332629
73332630
73332631
73332632
73332633
73332634
73332635
73332636
73332637
73332638
73332639
73332640
73332641
73332642
73332643
73332644
73332645
73332646
73332647
73332648
73332649
73332650
73332651
73332652
73332653
73332654
73332655
73332656
73332657
73332658
73332659
73332660
73332661
73332662
73332663
73332664
73332665
73332666
73332667
73332668
73332669
73332670
73332671
73332672
73332673
73332674
73332675
73332676
73332677
73332678
73332679
73332680
73332681
73332682
73332683
73332684
73332685
73332686
73332687
73332688
73332689
73332690
73332691
73332692
73332693
73332694
73332695
73332696
73332697
73332698
73332699
73332700
73332701
73332702
73332703
73332704
73332705
73332706
73332707
73332708
73332709
73332710
73332711
73332712
73332713
73332714
73332715
73332716
73332717
73332718
73332719
73332720
73332721
73332722
73332723
73332724
73332725
73332726
73332727
73332728
73332729
73332730
73332731
73332732
73332733
73332734
73332735
73332736
73332737
73332738
73332739
73332740
73332741
73332742
73332743
73332744
73332745
73332746
73332747
73332748
73332749
73332750
73332751
73332752
73332753
73332754
73332755
73332756
73332757
73332758
73332759
73332760
73332761
73332762
73332763
73332764
73332765
73332766
73332767
73332768
73332769
73332770
73332771
73332772
73332773
73332774
73332775
73332776
73332777
73332778
73332779
73332780
73332781
73332782
73332783
73332784
73332785
73332786
73332787
73332788
73332789
73332790
73332791
73332792
73332793
73332794
73332795
73332796
73332797
73332798
73332799
73332800
73332801
73332802
73332803
73332804
73332805
73332806
73332807
73332808
73332809
73332810
73332811
73332812
73332813
73332814
73332815
73332816
73332817
73332818
73332819
73332820
73332821
73332822
73332823
73332824
73332825
73332826
73332827
73332828
73332829
73332830
73332831
73332832
73332833
73332834
73332835
73332836
73332837
73332838
73332839
73332840
73332841
73332842
73332843
73332844
73332845
73332846
73332847
73332848
73332849
73332850
73332851
73332852
73332853
73332854
73332855
73332856
73332857
73332858
73332859
73332860
73332861
73332862
73332863
73332864
73332865
73332866
73332867
73332868
73332869
73332870
73332871
73332872
73332873
73332874
73332875
73332876
73332877
73332878
73332879
73332880
73332881
73332882
73332883
73332884
73332885
73332886
73332887
73332888
73332889
73332890
73332891
73332892
73332893
73332894
73332895
73332896
73332897
73332898
73332899
73332900
73332901
73332902
73332903
73332904
73332905
73332906
73332907
73332908
73332909
73332910
73332911
73332912
73332913
73332914
73332915
73332916
73332917
73332918
73332919
73332920
73332921
73332922
73332923
73332924
73332925
73332926
73332927
73332928
73332929
73332930
73332931
73332932
73332933
73332934
73332935
73332936
73332937
73332938
73332939
73332940
73332941
73332942
73332943
73332944
73332945
73332946
73332947
73332948
73332949
73332950
73332951
73332952
73332953
73332954
73332955
73332956
73332957
73332958
73332959
73332960
73332961
73332962
73332963
73332964
73332965
73332966
73332967
73332968
73332969
73332970
73332971
73332972
73332973
73332974
73332975
73332976
73332977
73332978
73332979
73332980
73332981
73332982
73332983
73332984
73332985
73332986
73332987
73332988
73332989
73332990
73332991
73332992
73332993
73332994
73332995
73332996
73332997
73332998
73332999
73333000
73333001
73333002
73333003
73333004
73333005
73333006
73333007
73333008
73333009
73333010
73333011
73333012
73333013
73333014
73333015
73333016
73333017
73333018
73333019
73333020
73333021
73333022
73333023
73333024
73333025
73333026
73333027
73333028
73333029
73333030
73333031
73333032
73333033
73333034
73333035
73333036
73333037
73333038
73333039
73333040
73333041
73333042
73333043
73333044
73333045
73333046
73333047
73333048
73333049
73333050
73333051
73333052
73333053
73333054
73333055
73333056
73333057
73333058
73333059
73333060
73333061
73333062
73333063
73333064
73333065
73333066
73333067
73333068
73333069
73333070
73333071
73333072
73333073
73333074
73333075
73333076
73333077
73333078
73333079
73333080
73333081
73333082
73333083
73333084
73333085
73333086
73333087
73333088
73333089
73333090
73333091
73333092
73333093
73333094
73333095
73333096
73333097
73333098
73333099
73333100
73333101
73333102
73333103
73333104
73333105
73333106
73333107
73333108
73333109
73333110
73333111
73333112
73333113
73333114
73333115
73333116
73333117
73333118
73333119
73333120
73333121
73333122
73333123
73333124
73333125
73333126
73333127
73333128
73333129
73333130
73333131
73333132
73333133
73333134
73333135
73333136
73333137
73333138
73333139
73333140
73333141
73333142
73333143
73333144
73333145
73333146
73333147
73333148
73333149
73333150
73333151
73333152
73333153
73333154
73333155
73333156
73333157
73333158
73333159
73333160
73333161
73333162
73333163
73333164
73333165
73333166
73333167
73333168
73333169
73333170
73333171
73333172
73333173
73333174
73333175
73333176
73333177
73333178
73333179
73333180
73333181
73333182
73333183
73333184
73333185
73333186
73333187
73333188
73333189
73333190
73333191
73333192
73333193
73333194
73333195
73333196
73333197
73333198
73333199
73333200
73333201
73333202
73333203
73333204
73333205
73333206
73333207
73333208
73333209
73333210
73333211
73333212
73333213
73333214
73333215
73333216
73333217
73333218
73333219
73333220
73333221
73333222
73333223
73333224
73333225
73333226
73333227
73333228
73333229
73333230
73333231
73333232
73333233
73333234
73333235
73333236
73333237
73333238
73333239
73333240
73333241
73333242
73333243
73333244
73333245
73333246
73333247
73333248
73333249
73333250
73333251
73333252
73333253
73333254
73333255
73333256
73333257
73333258
73333259
73333260
73333261
73333262
73333263
73333264
73333265
73333266
73333267
73333268
73333269
73333270
73333271
73333272
73333273
73333274
73333275
73333276
73333277
73333278
73333279
73333280
73333281
73333282
73333283
73333284
73333285
73333286
73333287
73333288
73333289
73333290
73333291
73333292
73333293
73333294
73333295
73333296
73333297
73333298
73333299
73333300
73333301
73333302
73333303
73333304
73333305
73333306
73333307
73333308
73333309
73333310
73333311
73333312
73333313
73333314
73333315
73333316
73333317
73333318
73333319
73333320
73333321
73333322
73333323
73333324
73333325
73333326
73333327
73333328
73333329
73333330
73333331
73333332
73333333
73333334
73333335
73333336
73333337
73333338
73333339
73333340
73333341
73333342
73333343
73333344
73333345
73333346
73333347
73333348
73333349
73333350
73333351
73333352
73333353
73333354
73333355
73333356
73333357
73333358
73333359
73333360
73333361
73333362
73333363
73333364
73333365
73333366
73333367
73333368
73333369
73333370
73333371
73333372
73333373
73333374
73333375
73333376
73333377
73333378
73333379
73333380
73333381
73333382
73333383
73333384
73333385
73333386
73333387
73333388
73333389
73333390
73333391
73333392
73333393
73333394
73333395
73333396
73333397
73333398
73333399
73333400
73333401
73333402
73333403
73333404
73333405
73333406
73333407
73333408
73333409
73333410
73333411
73333412
73333413
73333414
73333415
73333416
73333417
73333418
73333419
73333420
73333421
73333422
73333423
73333424
73333425
73333426
73333427
73333428
73333429
73333430
73333431
73333432
73333433
73333434
73333435
73333436
73333437
73333438
73333439
73333440
73333441
73333442
73333443
73333444
73333445
73333446
73333447
73333448
73333449
73333450
73333451
73333452
73333453
73333454
73333455
73333456
73333457
73333458
73333459
73333460
73333461
73333462
73333463
73333464
73333465
73333466
73333467
73333468
73333469
73333470
73333471
73333472
73333473
73333474
73333475
73333476
73333477
73333478
73333479
73333480
73333481
73333482
73333483
73333484
73333485
73333486
73333487
73333488
73333489
73333490
73333491
73333492
73333493
73333494
73333495
73333496
73333497
73333498
73333499
73333500
73333501
73333502
73333503
73333504
73333505
73333506
73333507
73333508
73333509
73333510
73333511
73333512
73333513
73333514
73333515
73333516
73333517
73333518
73333519
73333520
73333521
73333522
73333523
73333524
73333525
73333526
73333527
73333528
73333529
73333530
73333531
73333532
73333533
73333534
73333535
73333536
73333537
73333538
73333539
73333540
73333541
73333542
73333543
73333544
73333545
73333546
73333547
73333548
73333549
73333550
73333551
73333552
73333553
73333554
73333555
73333556
73333557
73333558
73333559
73333560
73333561
73333562
73333563
73333564
73333565
73333566
73333567
73333568
73333569
73333570
73333571
73333572
73333573
73333574
73333575
73333576
73333577
73333578
73333579
73333580
73333581
73333582
73333583
73333584
73333585
73333586
73333587
73333588
73333589
73333590
73333591
73333592
73333593
73333594
73333595
73333596
73333597
73333598
73333599
73333600
73333601
73333602
73333603
73333604
73333605
73333606
73333607
73333608
73333609
73333610
73333611
73333612
73333613
73333614
73333615
73333616
73333617
73333618
73333619
73333620
73333621
73333622
73333623
73333624
73333625
73333626
73333627
73333628
73333629
73333630
73333631
73333632
73333633
73333634
73333635
73333636
73333637
73333638
73333639
73333640
73333641
73333642
73333643
73333644
73333645
73333646
73333647
73333648
73333649
73333650
73333651
73333652
73333653
73333654
73333655
73333656
73333657
73333658
73333659
73333660
73333661
73333662
73333663
73333664
73333665
73333666
73333667
73333668
73333669
73333670
73333671
73333672
73333673
73333674
73333675
73333676
73333677
73333678
73333679
73333680
73333681
73333682
73333683
73333684
73333685
73333686
73333687
73333688
73333689
73333690
73333691
73333692
73333693
73333694
73333695
73333696
73333697
73333698
73333699
73333700
73333701
73333702
73333703
73333704
73333705
73333706
73333707
73333708
73333709
73333710
73333711
73333712
73333713
73333714
73333715
73333716
73333717
73333718
73333719
73333720
73333721
73333722
73333723
73333724
73333725
73333726
73333727
73333728
73333729
73333730
73333731
73333732
73333733
73333734
73333735
73333736
73333737
73333738
73333739
73333740
73333741
73333742
73333743
73333744
73333745
73333746
73333747
73333748
73333749
73333750
73333751
73333752
73333753
73333754
73333755
73333756
73333757
73333758
73333759
73333760
73333761
73333762
73333763
73333764
73333765
73333766
73333767
73333768
73333769
73333770
73333771
73333772
73333773
73333774
73333775
73333776
73333777
73333778
73333779
73333780
73333781
73333782
73333783
73333784
73333785
73333786
73333787
73333788
73333789
73333790
73333791
73333792
73333793
73333794
73333795
73333796
73333797
73333798
73333799
73333800
73333801
73333802
73333803
73333804
73333805
73333806
73333807
73333808
73333809
73333810
73333811
73333812
73333813
73333814
73333815
73333816
73333817
73333818
73333819
73333820
73333821
73333822
73333823
73333824
73333825
73333826
73333827
73333828
73333829
73333830
73333831
73333832
73333833
73333834
73333835
73333836
73333837
73333838
73333839
73333840
73333841
73333842
73333843
73333844
73333845
73333846
73333847
73333848
73333849
73333850
73333851
73333852
73333853
73333854
73333855
73333856
73333857
73333858
73333859
73333860
73333861
73333862
73333863
73333864
73333865
73333866
73333867
73333868
73333869
73333870
73333871
73333872
73333873
73333874
73333875
73333876
73333877
73333878
73333879
73333880
73333881
73333882
73333883
73333884
73333885
73333886
73333887
73333888
73333889
73333890
73333891
73333892
73333893
73333894
73333895
73333896
73333897
73333898
73333899
73333900
73333901
73333902
73333903
73333904
73333905
73333906
73333907
73333908
73333909
73333910
73333911
73333912
73333913
73333914
73333915
73333916
73333917
73333918
73333919
73333920
73333921
73333922
73333923
73333924
73333925
73333926
73333927
73333928
73333929
73333930
73333931
73333932
73333933
73333934
73333935
73333936
73333937
73333938
73333939
73333940
73333941
73333942
73333943
73333944
73333945
73333946
73333947
73333948
73333949
73333950
73333951
73333952
73333953
73333954
73333955
73333956
73333957
73333958
73333959
73333960
73333961
73333962
73333963
73333964
73333965
73333966
73333967
73333968
73333969
73333970
73333971
73333972
73333973
73333974
73333975
73333976
73333977
73333978
73333979
73333980
73333981
73333982
73333983
73333984
73333985
73333986
73333987
73333988
73333989
73333990
73333991
73333992
73333993
73333994
73333995
73333996
73333997
73333998
73333999
73334000
73334001
73334002
73334003
73334004
73334005
73334006
73334007
73334008
73334009
73334010
73334011
73334012
73334013
73334014
73334015
73334016
73334017
73334018
73334019
73334020
73334021
73334022
73334023
73334024
73334025
73334026
73334027
73334028
73334029
73334030
73334031
73334032
73334033
73334034
73334035
73334036
73334037
73334038
73334039
73334040
73334041
73334042
73334043
73334044
73334045
73334046
73334047
73334048
73334049
73334050
73334051
73334052
73334053
73334054
73334055
73334056
73334057
73334058
73334059
73334060
73334061
73334062
73334063
73334064
73334065
73334066
73334067
73334068
73334069
73334070
73334071
73334072
73334073
73334074
73334075
73334076
73334077
73334078
73334079
73334080
73334081
73334082
73334083
73334084
73334085
73334086
73334087
73334088
73334089
73334090
73334091
73334092
73334093
73334094
73334095
73334096
73334097
73334098
73334099
73334100
73334101
73334102
73334103
73334104
73334105
73334106
73334107
73334108
73334109
73334110
73334111
73334112
73334113
73334114
73334115
73334116
73334117
73334118
73334119
73334120
73334121
73334122
73334123
73334124
73334125
73334126
73334127
73334128
73334129
73334130
73334131
73334132
73334133
73334134
73334135
73334136
73334137
73334138
73334139
73334140
73334141
73334142
73334143
73334144
73334145
73334146
73334147
73334148
73334149
73334150
73334151
73334152
73334153
73334154
73334155
73334156
73334157
73334158
73334159
73334160
73334161
73334162
73334163
73334164
73334165
73334166
73334167
73334168
73334169
73334170
73334171
73334172
73334173
73334174
73334175
73334176
73334177
73334178
73334179
73334180
73334181
73334182
73334183
73334184
73334185
73334186
73334187
73334188
73334189
73334190
73334191
73334192
73334193
73334194
73334195
73334196
73334197
73334198
73334199
73334200
73334201
73334202
73334203
73334204
73334205
73334206
73334207
73334208
73334209
73334210
73334211
73334212
73334213
73334214
73334215
73334216
73334217
73334218
73334219
73334220
73334221
73334222
73334223
73334224
73334225
73334226
73334227
73334228
73334229
73334230
73334231
73334232
73334233
73334234
73334235
73334236
73334237
73334238
73334239
73334240
73334241
73334242
73334243
73334244
73334245
73334246
73334247
73334248
73334249
73334250
73334251
73334252
73334253
73334254
73334255
73334256
73334257
73334258
73334259
73334260
73334261
73334262
73334263
73334264
73334265
73334266
73334267
73334268
73334269
73334270
73334271
73334272
73334273
73334274
73334275
73334276
73334277
73334278
73334279
73334280
73334281
73334282
73334283
73334284
73334285
73334286
73334287
73334288
73334289
73334290
73334291
73334292
73334293
73334294
73334295
73334296
73334297
73334298
73334299
73334300
73334301
73334302
73334303
73334304
73334305
73334306
73334307
73334308
73334309
73334310
73334311
73334312
73334313
73334314
73334315
73334316
73334317
73334318
73334319
73334320
73334321
73334322
73334323
73334324
73334325
73334326
73334327
73334328
73334329
73334330
73334331
73334332
73334333
73334334
73334335
73334336
73334337
73334338
73334339
73334340
73334341
73334342
73334343
73334344
73334345
73334346
73334347
73334348
73334349
73334350
73334351
73334352
73334353
73334354
73334355
73334356
73334357
73334358
73334359
73334360
73334361
73334362
73334363
73334364
73334365
73334366
73334367
73334368
73334369
73334370
73334371
73334372
73334373
73334374
73334375
73334376
73334377
73334378
73334379
73334380
73334381
73334382
73334383
73334384
73334385
73334386
73334387
73334388
73334389
73334390
73334391
73334392
73334393
73334394
73334395
73334396
73334397
73334398
73334399
73334400
73334401
73334402
73334403
73334404
73334405
73334406
73334407
73334408
73334409
73334410
73334411
73334412
73334413
73334414
73334415
73334416
73334417
73334418
73334419
73334420
73334421
73334422
73334423
73334424
73334425
73334426
73334427
73334428
73334429
73334430
73334431
73334432
73334433
73334434
73334435
73334436
73334437
73334438
73334439
73334440
73334441
73334442
73334443
73334444
73334445
73334446
73334447
73334448
73334449
73334450
73334451
73334452
73334453
73334454
73334455
73334456
73334457
73334458
73334459
73334460
73334461
73334462
73334463
73334464
73334465
73334466
73334467
73334468
73334469
73334470
73334471
73334472
73334473
73334474
73334475
73334476
73334477
73334478
73334479
73334480
73334481
73334482
73334483
73334484
73334485
73334486
73334487
73334488
73334489
73334490
73334491
73334492
73334493
73334494
73334495
73334496
73334497
73334498
73334499
73334500
73334501
73334502
73334503
73334504
73334505
73334506
73334507
73334508
73334509
73334510
73334511
73334512
73334513
73334514
73334515
73334516
73334517
73334518
73334519
73334520
73334521
73334522
73334523
73334524
73334525
73334526
73334527
73334528
73334529
73334530
73334531
73334532
73334533
73334534
73334535
73334536
73334537
73334538
73334539
73334540
73334541
73334542
73334543
73334544
73334545
73334546
73334547
73334548
73334549
73334550
73334551
73334552
73334553
73334554
73334555
73334556
73334557
73334558
73334559
73334560
73334561
73334562
73334563
73334564
73334565
73334566
73334567
73334568
73334569
73334570
73334571
73334572
73334573
73334574
73334575
73334576
73334577
73334578
73334579
73334580
73334581
73334582
73334583
73334584
73334585
73334586
73334587
73334588
73334589
73334590
73334591
73334592
73334593
73334594
73334595
73334596
73334597
73334598
73334599
73334600
73334601
73334602
73334603
73334604
73334605
73334606
73334607
73334608
73334609
73334610
73334611
73334612
73334613
73334614
73334615
73334616
73334617
73334618
73334619
73334620
73334621
73334622
73334623
73334624
73334625
73334626
73334627
73334628
73334629
73334630
73334631
73334632
73334633
73334634
73334635
73334636
73334637
73334638
73334639
73334640
73334641
73334642
73334643
73334644
73334645
73334646
73334647
73334648
73334649
73334650
73334651
73334652
73334653
73334654
73334655
73334656
73334657
73334658
73334659
73334660
73334661
73334662
73334663
73334664
73334665
73334666
73334667
73334668
73334669
73334670
73334671
73334672
73334673
73334674
73334675
73334676
73334677
73334678
73334679
73334680
73334681
73334682
73334683
73334684
73334685
73334686
73334687
73334688
73334689
73334690
73334691
73334692
73334693
73334694
73334695
73334696
73334697
73334698
73334699
73334700
73334701
73334702
73334703
73334704
73334705
73334706
73334707
73334708
73334709
73334710
73334711
73334712
73334713
73334714
73334715
73334716
73334717
73334718
73334719
73334720
73334721
73334722
73334723
73334724
73334725
73334726
73334727
73334728
73334729
73334730
73334731
73334732
73334733
73334734
73334735
73334736
73334737
73334738
73334739
73334740
73334741
73334742
73334743
73334744
73334745
73334746
73334747
73334748
73334749
73334750
73334751
73334752
73334753
73334754
73334755
73334756
73334757
73334758
73334759
73334760
73334761
73334762
73334763
73334764
73334765
73334766
73334767
73334768
73334769
73334770
73334771
73334772
73334773
73334774
73334775
73334776
73334777
73334778
73334779
73334780
73334781
73334782
73334783
73334784
73334785
73334786
73334787
73334788
73334789
73334790
73334791
73334792
73334793
73334794
73334795
73334796
73334797
73334798
73334799
73334800
73334801
73334802
73334803
73334804
73334805
73334806
73334807
73334808
73334809
73334810
73334811
73334812
73334813
73334814
73334815
73334816
73334817
73334818
73334819
73334820
73334821
73334822
73334823
73334824
73334825
73334826
73334827
73334828
73334829
73334830
73334831
73334832
73334833
73334834
73334835
73334836
73334837
73334838
73334839
73334840
73334841
73334842
73334843
73334844
73334845
73334846
73334847
73334848
73334849
73334850
73334851
73334852
73334853
73334854
73334855
73334856
73334857
73334858
73334859
73334860
73334861
73334862
73334863
73334864
73334865
73334866
73334867
73334868
73334869
73334870
73334871
73334872
73334873
73334874
73334875
73334876
73334877
73334878
73334879
73334880
73334881
73334882
73334883
73334884
73334885
73334886
73334887
73334888
73334889
73334890
73334891
73334892
73334893
73334894
73334895
73334896
73334897
73334898
73334899
73334900
73334901
73334902
73334903
73334904
73334905
73334906
73334907
73334908
73334909
73334910
73334911
73334912
73334913
73334914
73334915
73334916
73334917
73334918
73334919
73334920
73334921
73334922
73334923
73334924
73334925
73334926
73334927
73334928
73334929
73334930
73334931
73334932
73334933
73334934
73334935
73334936
73334937
73334938
73334939
73334940
73334941
73334942
73334943
73334944
73334945
73334946
73334947
73334948
73334949
73334950
73334951
73334952
73334953
73334954
73334955
73334956
73334957
73334958
73334959
73334960
73334961
73334962
73334963
73334964
73334965
73334966
73334967
73334968
73334969
73334970
73334971
73334972
73334973
73334974
73334975
73334976
73334977
73334978
73334979
73334980
73334981
73334982
73334983
73334984
73334985
73334986
73334987
73334988
73334989
73334990
73334991
73334992
73334993
73334994
73334995
73334996
73334997
73334998
73334999
73335000
73335001
73335002
73335003
73335004
73335005
73335006
73335007
73335008
73335009
73335010
73335011
73335012
73335013
73335014
73335015
73335016
73335017
73335018
73335019
73335020
73335021
73335022
73335023
73335024
73335025
73335026
73335027
73335028
73335029
73335030
73335031
73335032
73335033
73335034
73335035
73335036
73335037
73335038
73335039
73335040
73335041
73335042
73335043
73335044
73335045
73335046
73335047
73335048
73335049
73335050
73335051
73335052
73335053
73335054
73335055
73335056
73335057
73335058
73335059
73335060
73335061
73335062
73335063
73335064
73335065
73335066
73335067
73335068
73335069
73335070
73335071
73335072
73335073
73335074
73335075
73335076
73335077
73335078
73335079
73335080
73335081
73335082
73335083
73335084
73335085
73335086
73335087
73335088
73335089
73335090
73335091
73335092
73335093
73335094
73335095
73335096
73335097
73335098
73335099
73335100
73335101
73335102
73335103
73335104
73335105
73335106
73335107
73335108
73335109
73335110
73335111
73335112
73335113
73335114
73335115
73335116
73335117
73335118
73335119
73335120
73335121
73335122
73335123
73335124
73335125
73335126
73335127
73335128
73335129
73335130
73335131
73335132
73335133
73335134
73335135
73335136
73335137
73335138
73335139
73335140
73335141
73335142
73335143
73335144
73335145
73335146
73335147
73335148
73335149
73335150
73335151
73335152
73335153
73335154
73335155
73335156
73335157
73335158
73335159
73335160
73335161
73335162
73335163
73335164
73335165
73335166
73335167
73335168
73335169
73335170
73335171
73335172
73335173
73335174
73335175
73335176
73335177
73335178
73335179
73335180
73335181
73335182
73335183
73335184
73335185
73335186
73335187
73335188
73335189
73335190
73335191
73335192
73335193
73335194
73335195
73335196
73335197
73335198
73335199
73335200
73335201
73335202
73335203
73335204
73335205
73335206
73335207
73335208
73335209
73335210
73335211
73335212
73335213
73335214
73335215
73335216
73335217
73335218
73335219
73335220
73335221
73335222
73335223
73335224
73335225
73335226
73335227
73335228
73335229
73335230
73335231
73335232
73335233
73335234
73335235
73335236
73335237
73335238
73335239
73335240
73335241
73335242
73335243
73335244
73335245
73335246
73335247
73335248
73335249
73335250
73335251
73335252
73335253
73335254
73335255
73335256
73335257
73335258
73335259
73335260
73335261
73335262
73335263
73335264
73335265
73335266
73335267
73335268
73335269
73335270
73335271
73335272
73335273
73335274
73335275
73335276
73335277
73335278
73335279
73335280
73335281
73335282
73335283
73335284
73335285
73335286
73335287
73335288
73335289
73335290
73335291
73335292
73335293
73335294
73335295
73335296
73335297
73335298
73335299
73335300
73335301
73335302
73335303
73335304
73335305
73335306
73335307
73335308
73335309
73335310
73335311
73335312
73335313
73335314
73335315
73335316
73335317
73335318
73335319
73335320
73335321
73335322
73335323
73335324
73335325
73335326
73335327
73335328
73335329
73335330
73335331
73335332
73335333
73335334
73335335
73335336
73335337
73335338
73335339
73335340
73335341
73335342
73335343
73335344
73335345
73335346
73335347
73335348
73335349
73335350
73335351
73335352
73335353
73335354
73335355
73335356
73335357
73335358
73335359
73335360
73335361
73335362
73335363
73335364
73335365
73335366
73335367
73335368
73335369
73335370
73335371
73335372
73335373
73335374
73335375
73335376
73335377
73335378
73335379
73335380
73335381
73335382
73335383
73335384
73335385
73335386
73335387
73335388
73335389
73335390
73335391
73335392
73335393
73335394
73335395
73335396
73335397
73335398
73335399
73335400
73335401
73335402
73335403
73335404
73335405
73335406
73335407
73335408
73335409
73335410
73335411
73335412
73335413
73335414
73335415
73335416
73335417
73335418
73335419
73335420
73335421
73335422
73335423
73335424
73335425
73335426
73335427
73335428
73335429
73335430
73335431
73335432
73335433
73335434
73335435
73335436
73335437
73335438
73335439
73335440
73335441
73335442
73335443
73335444
73335445
73335446
73335447
73335448
73335449
73335450
73335451
73335452
73335453
73335454
73335455
73335456
73335457
73335458
73335459
73335460
73335461
73335462
73335463
73335464
73335465
73335466
73335467
73335468
73335469
73335470
73335471
73335472
73335473
73335474
73335475
73335476
73335477
73335478
73335479
73335480
73335481
73335482
73335483
73335484
73335485
73335486
73335487
73335488
73335489
73335490
73335491
73335492
73335493
73335494
73335495
73335496
73335497
73335498
73335499
73335500
73335501
73335502
73335503
73335504
73335505
73335506
73335507
73335508
73335509
73335510
73335511
73335512
73335513
73335514
73335515
73335516
73335517
73335518
73335519
73335520
73335521
73335522
73335523
73335524
73335525
73335526
73335527
73335528
73335529
73335530
73335531
73335532
73335533
73335534
73335535
73335536
73335537
73335538
73335539
73335540
73335541
73335542
73335543
73335544
73335545
73335546
73335547
73335548
73335549
73335550
73335551
73335552
73335553
73335554
73335555
73335556
73335557
73335558
73335559
73335560
73335561
73335562
73335563
73335564
73335565
73335566
73335567
73335568
73335569
73335570
73335571
73335572
73335573
73335574
73335575
73335576
73335577
73335578
73335579
73335580
73335581
73335582
73335583
73335584
73335585
73335586
73335587
73335588
73335589
73335590
73335591
73335592
73335593
73335594
73335595
73335596
73335597
73335598
73335599
73335600
73335601
73335602
73335603
73335604
73335605
73335606
73335607
73335608
73335609
73335610
73335611
73335612
73335613
73335614
73335615
73335616
73335617
73335618
73335619
73335620
73335621
73335622
73335623
73335624
73335625
73335626
73335627
73335628
73335629
73335630
73335631
73335632
73335633
73335634
73335635
73335636
73335637
73335638
73335639
73335640
73335641
73335642
73335643
73335644
73335645
73335646
73335647
73335648
73335649
73335650
73335651
73335652
73335653
73335654
73335655
73335656
73335657
73335658
73335659
73335660
73335661
73335662
73335663
73335664
73335665
73335666
73335667
73335668
73335669
73335670
73335671
73335672
73335673
73335674
73335675
73335676
73335677
73335678
73335679
73335680
73335681
73335682
73335683
73335684
73335685
73335686
73335687
73335688
73335689
73335690
73335691
73335692
73335693
73335694
73335695
73335696
73335697
73335698
73335699
73335700
73335701
73335702
73335703
73335704
73335705
73335706
73335707
73335708
73335709
73335710
73335711
73335712
73335713
73335714
73335715
73335716
73335717
73335718
73335719
73335720
73335721
73335722
73335723
73335724
73335725
73335726
73335727
73335728
73335729
73335730
73335731
73335732
73335733
73335734
73335735
73335736
73335737
73335738
73335739
73335740
73335741
73335742
73335743
73335744
73335745
73335746
73335747
73335748
73335749
73335750
73335751
73335752
73335753
73335754
73335755
73335756
73335757
73335758
73335759
73335760
73335761
73335762
73335763
73335764
73335765
73335766
73335767
73335768
73335769
73335770
73335771
73335772
73335773
73335774
73335775
73335776
73335777
73335778
73335779
73335780
73335781
73335782
73335783
73335784
73335785
73335786
73335787
73335788
73335789
73335790
73335791
73335792
73335793
73335794
73335795
73335796
73335797
73335798
73335799
73335800
73335801
73335802
73335803
73335804
73335805
73335806
73335807
73335808
73335809
73335810
73335811
73335812
73335813
73335814
73335815
73335816
73335817
73335818
73335819
73335820
73335821
73335822
73335823
73335824
73335825
73335826
73335827
73335828
73335829
73335830
73335831
73335832
73335833
73335834
73335835
73335836
73335837
73335838
73335839
73335840
73335841
73335842
73335843
73335844
73335845
73335846
73335847
73335848
73335849
73335850
73335851
73335852
73335853
73335854
73335855
73335856
73335857
73335858
73335859
73335860
73335861
73335862
73335863
73335864
73335865
73335866
73335867
73335868
73335869
73335870
73335871
73335872
73335873
73335874
73335875
73335876
73335877
73335878
73335879
73335880
73335881
73335882
73335883
73335884
73335885
73335886
73335887
73335888
73335889
73335890
73335891
73335892
73335893
73335894
73335895
73335896
73335897
73335898
73335899
73335900
73335901
73335902
73335903
73335904
73335905
73335906
73335907
73335908
73335909
73335910
73335911
73335912
73335913
73335914
73335915
73335916
73335917
73335918
73335919
73335920
73335921
73335922
73335923
73335924
73335925
73335926
73335927
73335928
73335929
73335930
73335931
73335932
73335933
73335934
73335935
73335936
73335937
73335938
73335939
73335940
73335941
73335942
73335943
73335944
73335945
73335946
73335947
73335948
73335949
73335950
73335951
73335952
73335953
73335954
73335955
73335956
73335957
73335958
73335959
73335960
73335961
73335962
73335963
73335964
73335965
73335966
73335967
73335968
73335969
73335970
73335971
73335972
73335973
73335974
73335975
73335976
73335977
73335978
73335979
73335980
73335981
73335982
73335983
73335984
73335985
73335986
73335987
73335988
73335989
73335990
73335991
73335992
73335993
73335994
73335995
73335996
73335997
73335998
73335999
73336000
73336001
73336002
73336003
73336004
73336005
73336006
73336007
73336008
73336009
73336010
73336011
73336012
73336013
73336014
73336015
73336016
73336017
73336018
73336019
73336020
73336021
73336022
73336023
73336024
73336025
73336026
73336027
73336028
73336029
73336030
73336031
73336032
73336033
73336034
73336035
73336036
73336037
73336038
73336039
73336040
73336041
73336042
73336043
73336044
73336045
73336046
73336047
73336048
73336049
73336050
73336051
73336052
73336053
73336054
73336055
73336056
73336057
73336058
73336059
73336060
73336061
73336062
73336063
73336064
73336065
73336066
73336067
73336068
73336069
73336070
73336071
73336072
73336073
73336074
73336075
73336076
73336077
73336078
73336079
73336080
73336081
73336082
73336083
73336084
73336085
73336086
73336087
73336088
73336089
73336090
73336091
73336092
73336093
73336094
73336095
73336096
73336097
73336098
73336099
73336100
73336101
73336102
73336103
73336104
73336105
73336106
73336107
73336108
73336109
73336110
73336111
73336112
73336113
73336114
73336115
73336116
73336117
73336118
73336119
73336120
73336121
73336122
73336123
73336124
73336125
73336126
73336127
73336128
73336129
73336130
73336131
73336132
73336133
73336134
73336135
73336136
73336137
73336138
73336139
73336140
73336141
73336142
73336143
73336144
73336145
73336146
73336147
73336148
73336149
73336150
73336151
73336152
73336153
73336154
73336155
73336156
73336157
73336158
73336159
73336160
73336161
73336162
73336163
73336164
73336165
73336166
73336167
73336168
73336169
73336170
73336171
73336172
73336173
73336174
73336175
73336176
73336177
73336178
73336179
73336180
73336181
73336182
73336183
73336184
73336185
73336186
73336187
73336188
73336189
73336190
73336191
73336192
73336193
73336194
73336195
73336196
73336197
73336198
73336199
73336200
73336201
73336202
73336203
73336204
73336205
73336206
73336207
73336208
73336209
73336210
73336211
73336212
73336213
73336214
73336215
73336216
73336217
73336218
73336219
73336220
73336221
73336222
73336223
73336224
73336225
73336226
73336227
73336228
73336229
73336230
73336231
73336232
73336233
73336234
73336235
73336236
73336237
73336238
73336239
73336240
73336241
73336242
73336243
73336244
73336245
73336246
73336247
73336248
73336249
73336250
73336251
73336252
73336253
73336254
73336255
73336256
73336257
73336258
73336259
73336260
73336261
73336262
73336263
73336264
73336265
73336266
73336267
73336268
73336269
73336270
73336271
73336272
73336273
73336274
73336275
73336276
73336277
73336278
73336279
73336280
73336281
73336282
73336283
73336284
73336285
73336286
73336287
73336288
73336289
73336290
73336291
73336292
73336293
73336294
73336295
73336296
73336297
73336298
73336299
73336300
73336301
73336302
73336303
73336304
73336305
73336306
73336307
73336308
73336309
73336310
73336311
73336312
73336313
73336314
73336315
73336316
73336317
73336318
73336319
73336320
73336321
73336322
73336323
73336324
73336325
73336326
73336327
73336328
73336329
73336330
73336331
73336332
73336333
73336334
73336335
73336336
73336337
73336338
73336339
73336340
73336341
73336342
73336343
73336344
73336345
73336346
73336347
73336348
73336349
73336350
73336351
73336352
73336353
73336354
73336355
73336356
73336357
73336358
73336359
73336360
73336361
73336362
73336363
73336364
73336365
73336366
73336367
73336368
73336369
73336370
73336371
73336372
73336373
73336374
73336375
73336376
73336377
73336378
73336379
73336380
73336381
73336382
73336383
73336384
73336385
73336386
73336387
73336388
73336389
73336390
73336391
73336392
73336393
73336394
73336395
73336396
73336397
73336398
73336399
73336400
73336401
73336402
73336403
73336404
73336405
73336406
73336407
73336408
73336409
73336410
73336411
73336412
73336413
73336414
73336415
73336416
73336417
73336418
73336419
73336420
73336421
73336422
73336423
73336424
73336425
73336426
73336427
73336428
73336429
73336430
73336431
73336432
73336433
73336434
73336435
73336436
73336437
73336438
73336439
73336440
73336441
73336442
73336443
73336444
73336445
73336446
73336447
73336448
73336449
73336450
73336451
73336452
73336453
73336454
73336455
73336456
73336457
73336458
73336459
73336460
73336461
73336462
73336463
73336464
73336465
73336466
73336467
73336468
73336469
73336470
73336471
73336472
73336473
73336474
73336475
73336476
73336477
73336478
73336479
73336480
73336481
73336482
73336483
73336484
73336485
73336486
73336487
73336488
73336489
73336490
73336491
73336492
73336493
73336494
73336495
73336496
73336497
73336498
73336499
73336500
73336501
73336502
73336503
73336504
73336505
73336506
73336507
73336508
73336509
73336510
73336511
73336512
73336513
73336514
73336515
73336516
73336517
73336518
73336519
73336520
73336521
73336522
73336523
73336524
73336525
73336526
73336527
73336528
73336529
73336530
73336531
73336532
73336533
73336534
73336535
73336536
73336537
73336538
73336539
73336540
73336541
73336542
73336543
73336544
73336545
73336546
73336547
73336548
73336549
73336550
73336551
73336552
73336553
73336554
73336555
73336556
73336557
73336558
73336559
73336560
73336561
73336562
73336563
73336564
73336565
73336566
73336567
73336568
73336569
73336570
73336571
73336572
73336573
73336574
73336575
73336576
73336577
73336578
73336579
73336580
73336581
73336582
73336583
73336584
73336585
73336586
73336587
73336588
73336589
73336590
73336591
73336592
73336593
73336594
73336595
73336596
73336597
73336598
73336599
73336600
73336601
73336602
73336603
73336604
73336605
73336606
73336607
73336608
73336609
73336610
73336611
73336612
73336613
73336614
73336615
73336616
73336617
73336618
73336619
73336620
73336621
73336622
73336623
73336624
73336625
73336626
73336627
73336628
73336629
73336630
73336631
73336632
73336633
73336634
73336635
73336636
73336637
73336638
73336639
73336640
73336641
73336642
73336643
73336644
73336645
73336646
73336647
73336648
73336649
73336650
73336651
73336652
73336653
73336654
73336655
73336656
73336657
73336658
73336659
73336660
73336661
73336662
73336663
73336664
73336665
73336666
73336667
73336668
73336669
73336670
73336671
73336672
73336673
73336674
73336675
73336676
73336677
73336678
73336679
73336680
73336681
73336682
73336683
73336684
73336685
73336686
73336687
73336688
73336689
73336690
73336691
73336692
73336693
73336694
73336695
73336696
73336697
73336698
73336699
73336700
73336701
73336702
73336703
73336704
73336705
73336706
73336707
73336708
73336709
73336710
73336711
73336712
73336713
73336714
73336715
73336716
73336717
73336718
73336719
73336720
73336721
73336722
73336723
73336724
73336725
73336726
73336727
73336728
73336729
73336730
73336731
73336732
73336733
73336734
73336735
73336736
73336737
73336738
73336739
73336740
73336741
73336742
73336743
73336744
73336745
73336746
73336747
73336748
73336749
73336750
73336751
73336752
73336753
73336754
73336755
73336756
73336757
73336758
73336759
73336760
73336761
73336762
73336763
73336764
73336765
73336766
73336767
73336768
73336769
73336770
73336771
73336772
73336773
73336774
73336775
73336776
73336777
73336778
73336779
73336780
73336781
73336782
73336783
73336784
73336785
73336786
73336787
73336788
73336789
73336790
73336791
73336792
73336793
73336794
73336795
73336796
73336797
73336798
73336799
73336800
73336801
73336802
73336803
73336804
73336805
73336806
73336807
73336808
73336809
73336810
73336811
73336812
73336813
73336814
73336815
73336816
73336817
73336818
73336819
73336820
73336821
73336822
73336823
73336824
73336825
73336826
73336827
73336828
73336829
73336830
73336831
73336832
73336833
73336834
73336835
73336836
73336837
73336838
73336839
73336840
73336841
73336842
73336843
73336844
73336845
73336846
73336847
73336848
73336849
73336850
73336851
73336852
73336853
73336854
73336855
73336856
73336857
73336858
73336859
73336860
73336861
73336862
73336863
73336864
73336865
73336866
73336867
73336868
73336869
73336870
73336871
73336872
73336873
73336874
73336875
73336876
73336877
73336878
73336879
73336880
73336881
73336882
73336883
73336884
73336885
73336886
73336887
73336888
73336889
73336890
73336891
73336892
73336893
73336894
73336895
73336896
73336897
73336898
73336899
73336900
73336901
73336902
73336903
73336904
73336905
73336906
73336907
73336908
73336909
73336910
73336911
73336912
73336913
73336914
73336915
73336916
73336917
73336918
73336919
73336920
73336921
73336922
73336923
73336924
73336925
73336926
73336927
73336928
73336929
73336930
73336931
73336932
73336933
73336934
73336935
73336936
73336937
73336938
73336939
73336940
73336941
73336942
73336943
73336944
73336945
73336946
73336947
73336948
73336949
73336950
73336951
73336952
73336953
73336954
73336955
73336956
73336957
73336958
73336959
73336960
73336961
73336962
73336963
73336964
73336965
73336966
73336967
73336968
73336969
73336970
73336971
73336972
73336973
73336974
73336975
73336976
73336977
73336978
73336979
73336980
73336981
73336982
73336983
73336984
73336985
73336986
73336987
73336988
73336989
73336990
73336991
73336992
73336993
73336994
73336995
73336996
73336997
73336998
73336999
73337000
73337001
73337002
73337003
73337004
73337005
73337006
73337007
73337008
73337009
73337010
73337011
73337012
73337013
73337014
73337015
73337016
73337017
73337018
73337019
73337020
73337021
73337022
73337023
73337024
73337025
73337026
73337027
73337028
73337029
73337030
73337031
73337032
73337033
73337034
73337035
73337036
73337037
73337038
73337039
73337040
73337041
73337042
73337043
73337044
73337045
73337046
73337047
73337048
73337049
73337050
73337051
73337052
73337053
73337054
73337055
73337056
73337057
73337058
73337059
73337060
73337061
73337062
73337063
73337064
73337065
73337066
73337067
73337068
73337069
73337070
73337071
73337072
73337073
73337074
73337075
73337076
73337077
73337078
73337079
73337080
73337081
73337082
73337083
73337084
73337085
73337086
73337087
73337088
73337089
73337090
73337091
73337092
73337093
73337094
73337095
73337096
73337097
73337098
73337099
73337100
73337101
73337102
73337103
73337104
73337105
73337106
73337107
73337108
73337109
73337110
73337111
73337112
73337113
73337114
73337115
73337116
73337117
73337118
73337119
73337120
73337121
73337122
73337123
73337124
73337125
73337126
73337127
73337128
73337129
73337130
73337131
73337132
73337133
73337134
73337135
73337136
73337137
73337138
73337139
73337140
73337141
73337142
73337143
73337144
73337145
73337146
73337147
73337148
73337149
73337150
73337151
73337152
73337153
73337154
73337155
73337156
73337157
73337158
73337159
73337160
73337161
73337162
73337163
73337164
73337165
73337166
73337167
73337168
73337169
73337170
73337171
73337172
73337173
73337174
73337175
73337176
73337177
73337178
73337179
73337180
73337181
73337182
73337183
73337184
73337185
73337186
73337187
73337188
73337189
73337190
73337191
73337192
73337193
73337194
73337195
73337196
73337197
73337198
73337199
73337200
73337201
73337202
73337203
73337204
73337205
73337206
73337207
73337208
73337209
73337210
73337211
73337212
73337213
73337214
73337215
73337216
73337217
73337218
73337219
73337220
73337221
73337222
73337223
73337224
73337225
73337226
73337227
73337228
73337229
73337230
73337231
73337232
73337233
73337234
73337235
73337236
73337237
73337238
73337239
73337240
73337241
73337242
73337243
73337244
73337245
73337246
73337247
73337248
73337249
73337250
73337251
73337252
73337253
73337254
73337255
73337256
73337257
73337258
73337259
73337260
73337261
73337262
73337263
73337264
73337265
73337266
73337267
73337268
73337269
73337270
73337271
73337272
73337273
73337274
73337275
73337276
73337277
73337278
73337279
73337280
73337281
73337282
73337283
73337284
73337285
73337286
73337287
73337288
73337289
73337290
73337291
73337292
73337293
73337294
73337295
73337296
73337297
73337298
73337299
73337300
73337301
73337302
73337303
73337304
73337305
73337306
73337307
73337308
73337309
73337310
73337311
73337312
73337313
73337314
73337315
73337316
73337317
73337318
73337319
73337320
73337321
73337322
73337323
73337324
73337325
73337326
73337327
73337328
73337329
73337330
73337331
73337332
73337333
73337334
73337335
73337336
73337337
73337338
73337339
73337340
73337341
73337342
73337343
73337344
73337345
73337346
73337347
73337348
73337349
73337350
73337351
73337352
73337353
73337354
73337355
73337356
73337357
73337358
73337359
73337360
73337361
73337362
73337363
73337364
73337365
73337366
73337367
73337368
73337369
73337370
73337371
73337372
73337373
73337374
73337375
73337376
73337377
73337378
73337379
73337380
73337381
73337382
73337383
73337384
73337385
73337386
73337387
73337388
73337389
73337390
73337391
73337392
73337393
73337394
73337395
73337396
73337397
73337398
73337399
73337400
73337401
73337402
73337403
73337404
73337405
73337406
73337407
73337408
73337409
73337410
73337411
73337412
73337413
73337414
73337415
73337416
73337417
73337418
73337419
73337420
73337421
73337422
73337423
73337424
73337425
73337426
73337427
73337428
73337429
73337430
73337431
73337432
73337433
73337434
73337435
73337436
73337437
73337438
73337439
73337440
73337441
73337442
73337443
73337444
73337445
73337446
73337447
73337448
73337449
73337450
73337451
73337452
73337453
73337454
73337455
73337456
73337457
73337458
73337459
73337460
73337461
73337462
73337463
73337464
73337465
73337466
73337467
73337468
73337469
73337470
73337471
73337472
73337473
73337474
73337475
73337476
73337477
73337478
73337479
73337480
73337481
73337482
73337483
73337484
73337485
73337486
73337487
73337488
73337489
73337490
73337491
73337492
73337493
73337494
73337495
73337496
73337497
73337498
73337499
73337500
73337501
73337502
73337503
73337504
73337505
73337506
73337507
73337508
73337509
73337510
73337511
73337512
73337513
73337514
73337515
73337516
73337517
73337518
73337519
73337520
73337521
73337522
73337523
73337524
73337525
73337526
73337527
73337528
73337529
73337530
73337531
73337532
73337533
73337534
73337535
73337536
73337537
73337538
73337539
73337540
73337541
73337542
73337543
73337544
73337545
73337546
73337547
73337548
73337549
73337550
73337551
73337552
73337553
73337554
73337555
73337556
73337557
73337558
73337559
73337560
73337561
73337562
73337563
73337564
73337565
73337566
73337567
73337568
73337569
73337570
73337571
73337572
73337573
73337574
73337575
73337576
73337577
73337578
73337579
73337580
73337581
73337582
73337583
73337584
73337585
73337586
73337587
73337588
73337589
73337590
73337591
73337592
73337593
73337594
73337595
73337596
73337597
73337598
73337599
73337600
73337601
73337602
73337603
73337604
73337605
73337606
73337607
73337608
73337609
73337610
73337611
73337612
73337613
73337614
73337615
73337616
73337617
73337618
73337619
73337620
73337621
73337622
73337623
73337624
73337625
73337626
73337627
73337628
73337629
73337630
73337631
73337632
73337633
73337634
73337635
73337636
73337637
73337638
73337639
73337640
73337641
73337642
73337643
73337644
73337645
73337646
73337647
73337648
73337649
73337650
73337651
73337652
73337653
73337654
73337655
73337656
73337657
73337658
73337659
73337660
73337661
73337662
73337663
73337664
73337665
73337666
73337667
73337668
73337669
73337670
73337671
73337672
73337673
73337674
73337675
73337676
73337677
73337678
73337679
73337680
73337681
73337682
73337683
73337684
73337685
73337686
73337687
73337688
73337689
73337690
73337691
73337692
73337693
73337694
73337695
73337696
73337697
73337698
73337699
73337700
73337701
73337702
73337703
73337704
73337705
73337706
73337707
73337708
73337709
73337710
73337711
73337712
73337713
73337714
73337715
73337716
73337717
73337718
73337719
73337720
73337721
73337722
73337723
73337724
73337725
73337726
73337727
73337728
73337729
73337730
73337731
73337732
73337733
73337734
73337735
73337736
73337737
73337738
73337739
73337740
73337741
73337742
73337743
73337744
73337745
73337746
73337747
73337748
73337749
73337750
73337751
73337752
73337753
73337754
73337755
73337756
73337757
73337758
73337759
73337760
73337761
73337762
73337763
73337764
73337765
73337766
73337767
73337768
73337769
73337770
73337771
73337772
73337773
73337774
73337775
73337776
73337777
73337778
73337779
73337780
73337781
73337782
73337783
73337784
73337785
73337786
73337787
73337788
73337789
73337790
73337791
73337792
73337793
73337794
73337795
73337796
73337797
73337798
73337799
73337800
73337801
73337802
73337803
73337804
73337805
73337806
73337807
73337808
73337809
73337810
73337811
73337812
73337813
73337814
73337815
73337816
73337817
73337818
73337819
73337820
73337821
73337822
73337823
73337824
73337825
73337826
73337827
73337828
73337829
73337830
73337831
73337832
73337833
73337834
73337835
73337836
73337837
73337838
73337839
73337840
73337841
73337842
73337843
73337844
73337845
73337846
73337847
73337848
73337849
73337850
73337851
73337852
73337853
73337854
73337855
73337856
73337857
73337858
73337859
73337860
73337861
73337862
73337863
73337864
73337865
73337866
73337867
73337868
73337869
73337870
73337871
73337872
73337873
73337874
73337875
73337876
73337877
73337878
73337879
73337880
73337881
73337882
73337883
73337884
73337885
73337886
73337887
73337888
73337889
73337890
73337891
73337892
73337893
73337894
73337895
73337896
73337897
73337898
73337899
73337900
73337901
73337902
73337903
73337904
73337905
73337906
73337907
73337908
73337909
73337910
73337911
73337912
73337913
73337914
73337915
73337916
73337917
73337918
73337919
73337920
73337921
73337922
73337923
73337924
73337925
73337926
73337927
73337928
73337929
73337930
73337931
73337932
73337933
73337934
73337935
73337936
73337937
73337938
73337939
73337940
73337941
73337942
73337943
73337944
73337945
73337946
73337947
73337948
73337949
73337950
73337951
73337952
73337953
73337954
73337955
73337956
73337957
73337958
73337959
73337960
73337961
73337962
73337963
73337964
73337965
73337966
73337967
73337968
73337969
73337970
73337971
73337972
73337973
73337974
73337975
73337976
73337977
73337978
73337979
73337980
73337981
73337982
73337983
73337984
73337985
73337986
73337987
73337988
73337989
73337990
73337991
73337992
73337993
73337994
73337995
73337996
73337997
73337998
73337999
73338000
73338001
73338002
73338003
73338004
73338005
73338006
73338007
73338008
73338009
73338010
73338011
73338012
73338013
73338014
73338015
73338016
73338017
73338018
73338019
73338020
73338021
73338022
73338023
73338024
73338025
73338026
73338027
73338028
73338029
73338030
73338031
73338032
73338033
73338034
73338035
73338036
73338037
73338038
73338039
73338040
73338041
73338042
73338043
73338044
73338045
73338046
73338047
73338048
73338049
73338050
73338051
73338052
73338053
73338054
73338055
73338056
73338057
73338058
73338059
73338060
73338061
73338062
73338063
73338064
73338065
73338066
73338067
73338068
73338069
73338070
73338071
73338072
73338073
73338074
73338075
73338076
73338077
73338078
73338079
73338080
73338081
73338082
73338083
73338084
73338085
73338086
73338087
73338088
73338089
73338090
73338091
73338092
73338093
73338094
73338095
73338096
73338097
73338098
73338099
73338100
73338101
73338102
73338103
73338104
73338105
73338106
73338107
73338108
73338109
73338110
73338111
73338112
73338113
73338114
73338115
73338116
73338117
73338118
73338119
73338120
73338121
73338122
73338123
73338124
73338125
73338126
73338127
73338128
73338129
73338130
73338131
73338132
73338133
73338134
73338135
73338136
73338137
73338138
73338139
73338140
73338141
73338142
73338143
73338144
73338145
73338146
73338147
73338148
73338149
73338150
73338151
73338152
73338153
73338154
73338155
73338156
73338157
73338158
73338159
73338160
73338161
73338162
73338163
73338164
73338165
73338166
73338167
73338168
73338169
73338170
73338171
73338172
73338173
73338174
73338175
73338176
73338177
73338178
73338179
73338180
73338181
73338182
73338183
73338184
73338185
73338186
73338187
73338188
73338189
73338190
73338191
73338192
73338193
73338194
73338195
73338196
73338197
73338198
73338199
73338200
73338201
73338202
73338203
73338204
73338205
73338206
73338207
73338208
73338209
73338210
73338211
73338212
73338213
73338214
73338215
73338216
73338217
73338218
73338219
73338220
73338221
73338222
73338223
73338224
73338225
73338226
73338227
73338228
73338229
73338230
73338231
73338232
73338233
73338234
73338235
73338236
73338237
73338238
73338239
73338240
73338241
73338242
73338243
73338244
73338245
73338246
73338247
73338248
73338249
73338250
73338251
73338252
73338253
73338254
73338255
73338256
73338257
73338258
73338259
73338260
73338261
73338262
73338263
73338264
73338265
73338266
73338267
73338268
73338269
73338270
73338271
73338272
73338273
73338274
73338275
73338276
73338277
73338278
73338279
73338280
73338281
73338282
73338283
73338284
73338285
73338286
73338287
73338288
73338289
73338290
73338291
73338292
73338293
73338294
73338295
73338296
73338297
73338298
73338299
73338300
73338301
73338302
73338303
73338304
73338305
73338306
73338307
73338308
73338309
73338310
73338311
73338312
73338313
73338314
73338315
73338316
73338317
73338318
73338319
73338320
73338321
73338322
73338323
73338324
73338325
73338326
73338327
73338328
73338329
73338330
73338331
73338332
73338333
73338334
73338335
73338336
73338337
73338338
73338339
73338340
73338341
73338342
73338343
73338344
73338345
73338346
73338347
73338348
73338349
73338350
73338351
73338352
73338353
73338354
73338355
73338356
73338357
73338358
73338359
73338360
73338361
73338362
73338363
73338364
73338365
73338366
73338367
73338368
73338369
73338370
73338371
73338372
73338373
73338374
73338375
73338376
73338377
73338378
73338379
73338380
73338381
73338382
73338383
73338384
73338385
73338386
73338387
73338388
73338389
73338390
73338391
73338392
73338393
73338394
73338395
73338396
73338397
73338398
73338399
73338400
73338401
73338402
73338403
73338404
73338405
73338406
73338407
73338408
73338409
73338410
73338411
73338412
73338413
73338414
73338415
73338416
73338417
73338418
73338419
73338420
73338421
73338422
73338423
73338424
73338425
73338426
73338427
73338428
73338429
73338430
73338431
73338432
73338433
73338434
73338435
73338436
73338437
73338438
73338439
73338440
73338441
73338442
73338443
73338444
73338445
73338446
73338447
73338448
73338449
73338450
73338451
73338452
73338453
73338454
73338455
73338456
73338457
73338458
73338459
73338460
73338461
73338462
73338463
73338464
73338465
73338466
73338467
73338468
73338469
73338470
73338471
73338472
73338473
73338474
73338475
73338476
73338477
73338478
73338479
73338480
73338481
73338482
73338483
73338484
73338485
73338486
73338487
73338488
73338489
73338490
73338491
73338492
73338493
73338494
73338495
73338496
73338497
73338498
73338499
73338500
73338501
73338502
73338503
73338504
73338505
73338506
73338507
73338508
73338509
73338510
73338511
73338512
73338513
73338514
73338515
73338516
73338517
73338518
73338519
73338520
73338521
73338522
73338523
73338524
73338525
73338526
73338527
73338528
73338529
73338530
73338531
73338532
73338533
73338534
73338535
73338536
73338537
73338538
73338539
73338540
73338541
73338542
73338543
73338544
73338545
73338546
73338547
73338548
73338549
73338550
73338551
73338552
73338553
73338554
73338555
73338556
73338557
73338558
73338559
73338560
73338561
73338562
73338563
73338564
73338565
73338566
73338567
73338568
73338569
73338570
73338571
73338572
73338573
73338574
73338575
73338576
73338577
73338578
73338579
73338580
73338581
73338582
73338583
73338584
73338585
73338586
73338587
73338588
73338589
73338590
73338591
73338592
73338593
73338594
73338595
73338596
73338597
73338598
73338599
73338600
73338601
73338602
73338603
73338604
73338605
73338606
73338607
73338608
73338609
73338610
73338611
73338612
73338613
73338614
73338615
73338616
73338617
73338618
73338619
73338620
73338621
73338622
73338623
73338624
73338625
73338626
73338627
73338628
73338629
73338630
73338631
73338632
73338633
73338634
73338635
73338636
73338637
73338638
73338639
73338640
73338641
73338642
73338643
73338644
73338645
73338646
73338647
73338648
73338649
73338650
73338651
73338652
73338653
73338654
73338655
73338656
73338657
73338658
73338659
73338660
73338661
73338662
73338663
73338664
73338665
73338666
73338667
73338668
73338669
73338670
73338671
73338672
73338673
73338674
73338675
73338676
73338677
73338678
73338679
73338680
73338681
73338682
73338683
73338684
73338685
73338686
73338687
73338688
73338689
73338690
73338691
73338692
73338693
73338694
73338695
73338696
73338697
73338698
73338699
73338700
73338701
73338702
73338703
73338704
73338705
73338706
73338707
73338708
73338709
73338710
73338711
73338712
73338713
73338714
73338715
73338716
73338717
73338718
73338719
73338720
73338721
73338722
73338723
73338724
73338725
73338726
73338727
73338728
73338729
73338730
73338731
73338732
73338733
73338734
73338735
73338736
73338737
73338738
73338739
73338740
73338741
73338742
73338743
73338744
73338745
73338746
73338747
73338748
73338749
73338750
73338751
73338752
73338753
73338754
73338755
73338756
73338757
73338758
73338759
73338760
73338761
73338762
73338763
73338764
73338765
73338766
73338767
73338768
73338769
73338770
73338771
73338772
73338773
73338774
73338775
73338776
73338777
73338778
73338779
73338780
73338781
73338782
73338783
73338784
73338785
73338786
73338787
73338788
73338789
73338790
73338791
73338792
73338793
73338794
73338795
73338796
73338797
73338798
73338799
73338800
73338801
73338802
73338803
73338804
73338805
73338806
73338807
73338808
73338809
73338810
73338811
73338812
73338813
73338814
73338815
73338816
73338817
73338818
73338819
73338820
73338821
73338822
73338823
73338824
73338825
73338826
73338827
73338828
73338829
73338830
73338831
73338832
73338833
73338834
73338835
73338836
73338837
73338838
73338839
73338840
73338841
73338842
73338843
73338844
73338845
73338846
73338847
73338848
73338849
73338850
73338851
73338852
73338853
73338854
73338855
73338856
73338857
73338858
73338859
73338860
73338861
73338862
73338863
73338864
73338865
73338866
73338867
73338868
73338869
73338870
73338871
73338872
73338873
73338874
73338875
73338876
73338877
73338878
73338879
73338880
73338881
73338882
73338883
73338884
73338885
73338886
73338887
73338888
73338889
