73648890
73648891
73648892
73648893
73648894
73648895
73648896
73648897
73648898
73648899
73648900
73648901
73648902
73648903
73648904
73648905
73648906
73648907
73648908
73648909
73648910
73648911
73648912
73648913
73648914
73648915
73648916
73648917
73648918
73648919
73648920
73648921
73648922
73648923
73648924
73648925
73648926
73648927
73648928
73648929
73648930
73648931
73648932
73648933
73648934
73648935
73648936
73648937
73648938
73648939
73648940
73648941
73648942
73648943
73648944
73648945
73648946
73648947
73648948
73648949
73648950
73648951
73648952
73648953
73648954
73648955
73648956
73648957
73648958
73648959
73648960
73648961
73648962
73648963
73648964
73648965
73648966
73648967
73648968
73648969
73648970
73648971
73648972
73648973
73648974
73648975
73648976
73648977
73648978
73648979
73648980
73648981
73648982
73648983
73648984
73648985
73648986
73648987
73648988
73648989
73648990
73648991
73648992
73648993
73648994
73648995
73648996
73648997
73648998
73648999
73649000
73649001
73649002
73649003
73649004
73649005
73649006
73649007
73649008
73649009
73649010
73649011
73649012
73649013
73649014
73649015
73649016
73649017
73649018
73649019
73649020
73649021
73649022
73649023
73649024
73649025
73649026
73649027
73649028
73649029
73649030
73649031
73649032
73649033
73649034
73649035
73649036
73649037
73649038
73649039
73649040
73649041
73649042
73649043
73649044
73649045
73649046
73649047
73649048
73649049
73649050
73649051
73649052
73649053
73649054
73649055
73649056
73649057
73649058
73649059
73649060
73649061
73649062
73649063
73649064
73649065
73649066
73649067
73649068
73649069
73649070
73649071
73649072
73649073
73649074
73649075
73649076
73649077
73649078
73649079
73649080
73649081
73649082
73649083
73649084
73649085
73649086
73649087
73649088
73649089
73649090
73649091
73649092
73649093
73649094
73649095
73649096
73649097
73649098
73649099
73649100
73649101
73649102
73649103
73649104
73649105
73649106
73649107
73649108
73649109
73649110
73649111
73649112
73649113
73649114
73649115
73649116
73649117
73649118
73649119
73649120
73649121
73649122
73649123
73649124
73649125
73649126
73649127
73649128
73649129
73649130
73649131
73649132
73649133
73649134
73649135
73649136
73649137
73649138
73649139
73649140
73649141
73649142
73649143
73649144
73649145
73649146
73649147
73649148
73649149
73649150
73649151
73649152
73649153
73649154
73649155
73649156
73649157
73649158
73649159
73649160
73649161
73649162
73649163
73649164
73649165
73649166
73649167
73649168
73649169
73649170
73649171
73649172
73649173
73649174
73649175
73649176
73649177
73649178
73649179
73649180
73649181
73649182
73649183
73649184
73649185
73649186
73649187
73649188
73649189
73649190
73649191
73649192
73649193
73649194
73649195
73649196
73649197
73649198
73649199
73649200
73649201
73649202
73649203
73649204
73649205
73649206
73649207
73649208
73649209
73649210
73649211
73649212
73649213
73649214
73649215
73649216
73649217
73649218
73649219
73649220
73649221
73649222
73649223
73649224
73649225
73649226
73649227
73649228
73649229
73649230
73649231
73649232
73649233
73649234
73649235
73649236
73649237
73649238
73649239
73649240
73649241
73649242
73649243
73649244
73649245
73649246
73649247
73649248
73649249
73649250
73649251
73649252
73649253
73649254
73649255
73649256
73649257
73649258
73649259
73649260
73649261
73649262
73649263
73649264
73649265
73649266
73649267
73649268
73649269
73649270
73649271
73649272
73649273
73649274
73649275
73649276
73649277
73649278
73649279
73649280
73649281
73649282
73649283
73649284
73649285
73649286
73649287
73649288
73649289
73649290
73649291
73649292
73649293
73649294
73649295
73649296
73649297
73649298
73649299
73649300
73649301
73649302
73649303
73649304
73649305
73649306
73649307
73649308
73649309
73649310
73649311
73649312
73649313
73649314
73649315
73649316
73649317
73649318
73649319
73649320
73649321
73649322
73649323
73649324
73649325
73649326
73649327
73649328
73649329
73649330
73649331
73649332
73649333
73649334
73649335
73649336
73649337
73649338
73649339
73649340
73649341
73649342
73649343
73649344
73649345
73649346
73649347
73649348
73649349
73649350
73649351
73649352
73649353
73649354
73649355
73649356
73649357
73649358
73649359
73649360
73649361
73649362
73649363
73649364
73649365
73649366
73649367
73649368
73649369
73649370
73649371
73649372
73649373
73649374
73649375
73649376
73649377
73649378
73649379
73649380
73649381
73649382
73649383
73649384
73649385
73649386
73649387
73649388
73649389
73649390
73649391
73649392
73649393
73649394
73649395
73649396
73649397
73649398
73649399
73649400
73649401
73649402
73649403
73649404
73649405
73649406
73649407
73649408
73649409
73649410
73649411
73649412
73649413
73649414
73649415
73649416
73649417
73649418
73649419
73649420
73649421
73649422
73649423
73649424
73649425
73649426
73649427
73649428
73649429
73649430
73649431
73649432
73649433
73649434
73649435
73649436
73649437
73649438
73649439
73649440
73649441
73649442
73649443
73649444
73649445
73649446
73649447
73649448
73649449
73649450
73649451
73649452
73649453
73649454
73649455
73649456
73649457
73649458
73649459
73649460
73649461
73649462
73649463
73649464
73649465
73649466
73649467
73649468
73649469
73649470
73649471
73649472
73649473
73649474
73649475
73649476
73649477
73649478
73649479
73649480
73649481
73649482
73649483
73649484
73649485
73649486
73649487
73649488
73649489
73649490
73649491
73649492
73649493
73649494
73649495
73649496
73649497
73649498
73649499
73649500
73649501
73649502
73649503
73649504
73649505
73649506
73649507
73649508
73649509
73649510
73649511
73649512
73649513
73649514
73649515
73649516
73649517
73649518
73649519
73649520
73649521
73649522
73649523
73649524
73649525
73649526
73649527
73649528
73649529
73649530
73649531
73649532
73649533
73649534
73649535
73649536
73649537
73649538
73649539
73649540
73649541
73649542
73649543
73649544
73649545
73649546
73649547
73649548
73649549
73649550
73649551
73649552
73649553
73649554
73649555
73649556
73649557
73649558
73649559
73649560
73649561
73649562
73649563
73649564
73649565
73649566
73649567
73649568
73649569
73649570
73649571
73649572
73649573
73649574
73649575
73649576
73649577
73649578
73649579
73649580
73649581
73649582
73649583
73649584
73649585
73649586
73649587
73649588
73649589
73649590
73649591
73649592
73649593
73649594
73649595
73649596
73649597
73649598
73649599
73649600
73649601
73649602
73649603
73649604
73649605
73649606
73649607
73649608
73649609
73649610
73649611
73649612
73649613
73649614
73649615
73649616
73649617
73649618
73649619
73649620
73649621
73649622
73649623
73649624
73649625
73649626
73649627
73649628
73649629
73649630
73649631
73649632
73649633
73649634
73649635
73649636
73649637
73649638
73649639
73649640
73649641
73649642
73649643
73649644
73649645
73649646
73649647
73649648
73649649
73649650
73649651
73649652
73649653
73649654
73649655
73649656
73649657
73649658
73649659
73649660
73649661
73649662
73649663
73649664
73649665
73649666
73649667
73649668
73649669
73649670
73649671
73649672
73649673
73649674
73649675
73649676
73649677
73649678
73649679
73649680
73649681
73649682
73649683
73649684
73649685
73649686
73649687
73649688
73649689
73649690
73649691
73649692
73649693
73649694
73649695
73649696
73649697
73649698
73649699
73649700
73649701
73649702
73649703
73649704
73649705
73649706
73649707
73649708
73649709
73649710
73649711
73649712
73649713
73649714
73649715
73649716
73649717
73649718
73649719
73649720
73649721
73649722
73649723
73649724
73649725
73649726
73649727
73649728
73649729
73649730
73649731
73649732
73649733
73649734
73649735
73649736
73649737
73649738
73649739
73649740
73649741
73649742
73649743
73649744
73649745
73649746
73649747
73649748
73649749
73649750
73649751
73649752
73649753
73649754
73649755
73649756
73649757
73649758
73649759
73649760
73649761
73649762
73649763
73649764
73649765
73649766
73649767
73649768
73649769
73649770
73649771
73649772
73649773
73649774
73649775
73649776
73649777
73649778
73649779
73649780
73649781
73649782
73649783
73649784
73649785
73649786
73649787
73649788
73649789
73649790
73649791
73649792
73649793
73649794
73649795
73649796
73649797
73649798
73649799
73649800
73649801
73649802
73649803
73649804
73649805
73649806
73649807
73649808
73649809
73649810
73649811
73649812
73649813
73649814
73649815
73649816
73649817
73649818
73649819
73649820
73649821
73649822
73649823
73649824
73649825
73649826
73649827
73649828
73649829
73649830
73649831
73649832
73649833
73649834
73649835
73649836
73649837
73649838
73649839
73649840
73649841
73649842
73649843
73649844
73649845
73649846
73649847
73649848
73649849
73649850
73649851
73649852
73649853
73649854
73649855
73649856
73649857
73649858
73649859
73649860
73649861
73649862
73649863
73649864
73649865
73649866
73649867
73649868
73649869
73649870
73649871
73649872
73649873
73649874
73649875
73649876
73649877
73649878
73649879
73649880
73649881
73649882
73649883
73649884
73649885
73649886
73649887
73649888
73649889
73649890
73649891
73649892
73649893
73649894
73649895
73649896
73649897
73649898
73649899
73649900
73649901
73649902
73649903
73649904
73649905
73649906
73649907
73649908
73649909
73649910
73649911
73649912
73649913
73649914
73649915
73649916
73649917
73649918
73649919
73649920
73649921
73649922
73649923
73649924
73649925
73649926
73649927
73649928
73649929
73649930
73649931
73649932
73649933
73649934
73649935
73649936
73649937
73649938
73649939
73649940
73649941
73649942
73649943
73649944
73649945
73649946
73649947
73649948
73649949
73649950
73649951
73649952
73649953
73649954
73649955
73649956
73649957
73649958
73649959
73649960
73649961
73649962
73649963
73649964
73649965
73649966
73649967
73649968
73649969
73649970
73649971
73649972
73649973
73649974
73649975
73649976
73649977
73649978
73649979
73649980
73649981
73649982
73649983
73649984
73649985
73649986
73649987
73649988
73649989
73649990
73649991
73649992
73649993
73649994
73649995
73649996
73649997
73649998
73649999
73650000
73650001
73650002
73650003
73650004
73650005
73650006
73650007
73650008
73650009
73650010
73650011
73650012
73650013
73650014
73650015
73650016
73650017
73650018
73650019
73650020
73650021
73650022
73650023
73650024
73650025
73650026
73650027
73650028
73650029
73650030
73650031
73650032
73650033
73650034
73650035
73650036
73650037
73650038
73650039
73650040
73650041
73650042
73650043
73650044
73650045
73650046
73650047
73650048
73650049
73650050
73650051
73650052
73650053
73650054
73650055
73650056
73650057
73650058
73650059
73650060
73650061
73650062
73650063
73650064
73650065
73650066
73650067
73650068
73650069
73650070
73650071
73650072
73650073
73650074
73650075
73650076
73650077
73650078
73650079
73650080
73650081
73650082
73650083
73650084
73650085
73650086
73650087
73650088
73650089
73650090
73650091
73650092
73650093
73650094
73650095
73650096
73650097
73650098
73650099
73650100
73650101
73650102
73650103
73650104
73650105
73650106
73650107
73650108
73650109
73650110
73650111
73650112
73650113
73650114
73650115
73650116
73650117
73650118
73650119
73650120
73650121
73650122
73650123
73650124
73650125
73650126
73650127
73650128
73650129
73650130
73650131
73650132
73650133
73650134
73650135
73650136
73650137
73650138
73650139
73650140
73650141
73650142
73650143
73650144
73650145
73650146
73650147
73650148
73650149
73650150
73650151
73650152
73650153
73650154
73650155
73650156
73650157
73650158
73650159
73650160
73650161
73650162
73650163
73650164
73650165
73650166
73650167
73650168
73650169
73650170
73650171
73650172
73650173
73650174
73650175
73650176
73650177
73650178
73650179
73650180
73650181
73650182
73650183
73650184
73650185
73650186
73650187
73650188
73650189
73650190
73650191
73650192
73650193
73650194
73650195
73650196
73650197
73650198
73650199
73650200
73650201
73650202
73650203
73650204
73650205
73650206
73650207
73650208
73650209
73650210
73650211
73650212
73650213
73650214
73650215
73650216
73650217
73650218
73650219
73650220
73650221
73650222
73650223
73650224
73650225
73650226
73650227
73650228
73650229
73650230
73650231
73650232
73650233
73650234
73650235
73650236
73650237
73650238
73650239
73650240
73650241
73650242
73650243
73650244
73650245
73650246
73650247
73650248
73650249
73650250
73650251
73650252
73650253
73650254
73650255
73650256
73650257
73650258
73650259
73650260
73650261
73650262
73650263
73650264
73650265
73650266
73650267
73650268
73650269
73650270
73650271
73650272
73650273
73650274
73650275
73650276
73650277
73650278
73650279
73650280
73650281
73650282
73650283
73650284
73650285
73650286
73650287
73650288
73650289
73650290
73650291
73650292
73650293
73650294
73650295
73650296
73650297
73650298
73650299
73650300
73650301
73650302
73650303
73650304
73650305
73650306
73650307
73650308
73650309
73650310
73650311
73650312
73650313
73650314
73650315
73650316
73650317
73650318
73650319
73650320
73650321
73650322
73650323
73650324
73650325
73650326
73650327
73650328
73650329
73650330
73650331
73650332
73650333
73650334
73650335
73650336
73650337
73650338
73650339
73650340
73650341
73650342
73650343
73650344
73650345
73650346
73650347
73650348
73650349
73650350
73650351
73650352
73650353
73650354
73650355
73650356
73650357
73650358
73650359
73650360
73650361
73650362
73650363
73650364
73650365
73650366
73650367
73650368
73650369
73650370
73650371
73650372
73650373
73650374
73650375
73650376
73650377
73650378
73650379
73650380
73650381
73650382
73650383
73650384
73650385
73650386
73650387
73650388
73650389
73650390
73650391
73650392
73650393
73650394
73650395
73650396
73650397
73650398
73650399
73650400
73650401
73650402
73650403
73650404
73650405
73650406
73650407
73650408
73650409
73650410
73650411
73650412
73650413
73650414
73650415
73650416
73650417
73650418
73650419
73650420
73650421
73650422
73650423
73650424
73650425
73650426
73650427
73650428
73650429
73650430
73650431
73650432
73650433
73650434
73650435
73650436
73650437
73650438
73650439
73650440
73650441
73650442
73650443
73650444
73650445
73650446
73650447
73650448
73650449
73650450
73650451
73650452
73650453
73650454
73650455
73650456
73650457
73650458
73650459
73650460
73650461
73650462
73650463
73650464
73650465
73650466
73650467
73650468
73650469
73650470
73650471
73650472
73650473
73650474
73650475
73650476
73650477
73650478
73650479
73650480
73650481
73650482
73650483
73650484
73650485
73650486
73650487
73650488
73650489
73650490
73650491
73650492
73650493
73650494
73650495
73650496
73650497
73650498
73650499
73650500
73650501
73650502
73650503
73650504
73650505
73650506
73650507
73650508
73650509
73650510
73650511
73650512
73650513
73650514
73650515
73650516
73650517
73650518
73650519
73650520
73650521
73650522
73650523
73650524
73650525
73650526
73650527
73650528
73650529
73650530
73650531
73650532
73650533
73650534
73650535
73650536
73650537
73650538
73650539
73650540
73650541
73650542
73650543
73650544
73650545
73650546
73650547
73650548
73650549
73650550
73650551
73650552
73650553
73650554
73650555
73650556
73650557
73650558
73650559
73650560
73650561
73650562
73650563
73650564
73650565
73650566
73650567
73650568
73650569
73650570
73650571
73650572
73650573
73650574
73650575
73650576
73650577
73650578
73650579
73650580
73650581
73650582
73650583
73650584
73650585
73650586
73650587
73650588
73650589
73650590
73650591
73650592
73650593
73650594
73650595
73650596
73650597
73650598
73650599
73650600
73650601
73650602
73650603
73650604
73650605
73650606
73650607
73650608
73650609
73650610
73650611
73650612
73650613
73650614
73650615
73650616
73650617
73650618
73650619
73650620
73650621
73650622
73650623
73650624
73650625
73650626
73650627
73650628
73650629
73650630
73650631
73650632
73650633
73650634
73650635
73650636
73650637
73650638
73650639
73650640
73650641
73650642
73650643
73650644
73650645
73650646
73650647
73650648
73650649
73650650
73650651
73650652
73650653
73650654
73650655
73650656
73650657
73650658
73650659
73650660
73650661
73650662
73650663
73650664
73650665
73650666
73650667
73650668
73650669
73650670
73650671
73650672
73650673
73650674
73650675
73650676
73650677
73650678
73650679
73650680
73650681
73650682
73650683
73650684
73650685
73650686
73650687
73650688
73650689
73650690
73650691
73650692
73650693
73650694
73650695
73650696
73650697
73650698
73650699
73650700
73650701
73650702
73650703
73650704
73650705
73650706
73650707
73650708
73650709
73650710
73650711
73650712
73650713
73650714
73650715
73650716
73650717
73650718
73650719
73650720
73650721
73650722
73650723
73650724
73650725
73650726
73650727
73650728
73650729
73650730
73650731
73650732
73650733
73650734
73650735
73650736
73650737
73650738
73650739
73650740
73650741
73650742
73650743
73650744
73650745
73650746
73650747
73650748
73650749
73650750
73650751
73650752
73650753
73650754
73650755
73650756
73650757
73650758
73650759
73650760
73650761
73650762
73650763
73650764
73650765
73650766
73650767
73650768
73650769
73650770
73650771
73650772
73650773
73650774
73650775
73650776
73650777
73650778
73650779
73650780
73650781
73650782
73650783
73650784
73650785
73650786
73650787
73650788
73650789
73650790
73650791
73650792
73650793
73650794
73650795
73650796
73650797
73650798
73650799
73650800
73650801
73650802
73650803
73650804
73650805
73650806
73650807
73650808
73650809
73650810
73650811
73650812
73650813
73650814
73650815
73650816
73650817
73650818
73650819
73650820
73650821
73650822
73650823
73650824
73650825
73650826
73650827
73650828
73650829
73650830
73650831
73650832
73650833
73650834
73650835
73650836
73650837
73650838
73650839
73650840
73650841
73650842
73650843
73650844
73650845
73650846
73650847
73650848
73650849
73650850
73650851
73650852
73650853
73650854
73650855
73650856
73650857
73650858
73650859
73650860
73650861
73650862
73650863
73650864
73650865
73650866
73650867
73650868
73650869
73650870
73650871
73650872
73650873
73650874
73650875
73650876
73650877
73650878
73650879
73650880
73650881
73650882
73650883
73650884
73650885
73650886
73650887
73650888
73650889
73650890
73650891
73650892
73650893
73650894
73650895
73650896
73650897
73650898
73650899
73650900
73650901
73650902
73650903
73650904
73650905
73650906
73650907
73650908
73650909
73650910
73650911
73650912
73650913
73650914
73650915
73650916
73650917
73650918
73650919
73650920
73650921
73650922
73650923
73650924
73650925
73650926
73650927
73650928
73650929
73650930
73650931
73650932
73650933
73650934
73650935
73650936
73650937
73650938
73650939
73650940
73650941
73650942
73650943
73650944
73650945
73650946
73650947
73650948
73650949
73650950
73650951
73650952
73650953
73650954
73650955
73650956
73650957
73650958
73650959
73650960
73650961
73650962
73650963
73650964
73650965
73650966
73650967
73650968
73650969
73650970
73650971
73650972
73650973
73650974
73650975
73650976
73650977
73650978
73650979
73650980
73650981
73650982
73650983
73650984
73650985
73650986
73650987
73650988
73650989
73650990
73650991
73650992
73650993
73650994
73650995
73650996
73650997
73650998
73650999
73651000
73651001
73651002
73651003
73651004
73651005
73651006
73651007
73651008
73651009
73651010
73651011
73651012
73651013
73651014
73651015
73651016
73651017
73651018
73651019
73651020
73651021
73651022
73651023
73651024
73651025
73651026
73651027
73651028
73651029
73651030
73651031
73651032
73651033
73651034
73651035
73651036
73651037
73651038
73651039
73651040
73651041
73651042
73651043
73651044
73651045
73651046
73651047
73651048
73651049
73651050
73651051
73651052
73651053
73651054
73651055
73651056
73651057
73651058
73651059
73651060
73651061
73651062
73651063
73651064
73651065
73651066
73651067
73651068
73651069
73651070
73651071
73651072
73651073
73651074
73651075
73651076
73651077
73651078
73651079
73651080
73651081
73651082
73651083
73651084
73651085
73651086
73651087
73651088
73651089
73651090
73651091
73651092
73651093
73651094
73651095
73651096
73651097
73651098
73651099
73651100
73651101
73651102
73651103
73651104
73651105
73651106
73651107
73651108
73651109
73651110
73651111
73651112
73651113
73651114
73651115
73651116
73651117
73651118
73651119
73651120
73651121
73651122
73651123
73651124
73651125
73651126
73651127
73651128
73651129
73651130
73651131
73651132
73651133
73651134
73651135
73651136
73651137
73651138
73651139
73651140
73651141
73651142
73651143
73651144
73651145
73651146
73651147
73651148
73651149
73651150
73651151
73651152
73651153
73651154
73651155
73651156
73651157
73651158
73651159
73651160
73651161
73651162
73651163
73651164
73651165
73651166
73651167
73651168
73651169
73651170
73651171
73651172
73651173
73651174
73651175
73651176
73651177
73651178
73651179
73651180
73651181
73651182
73651183
73651184
73651185
73651186
73651187
73651188
73651189
73651190
73651191
73651192
73651193
73651194
73651195
73651196
73651197
73651198
73651199
73651200
73651201
73651202
73651203
73651204
73651205
73651206
73651207
73651208
73651209
73651210
73651211
73651212
73651213
73651214
73651215
73651216
73651217
73651218
73651219
73651220
73651221
73651222
73651223
73651224
73651225
73651226
73651227
73651228
73651229
73651230
73651231
73651232
73651233
73651234
73651235
73651236
73651237
73651238
73651239
73651240
73651241
73651242
73651243
73651244
73651245
73651246
73651247
73651248
73651249
73651250
73651251
73651252
73651253
73651254
73651255
73651256
73651257
73651258
73651259
73651260
73651261
73651262
73651263
73651264
73651265
73651266
73651267
73651268
73651269
73651270
73651271
73651272
73651273
73651274
73651275
73651276
73651277
73651278
73651279
73651280
73651281
73651282
73651283
73651284
73651285
73651286
73651287
73651288
73651289
73651290
73651291
73651292
73651293
73651294
73651295
73651296
73651297
73651298
73651299
73651300
73651301
73651302
73651303
73651304
73651305
73651306
73651307
73651308
73651309
73651310
73651311
73651312
73651313
73651314
73651315
73651316
73651317
73651318
73651319
73651320
73651321
73651322
73651323
73651324
73651325
73651326
73651327
73651328
73651329
73651330
73651331
73651332
73651333
73651334
73651335
73651336
73651337
73651338
73651339
73651340
73651341
73651342
73651343
73651344
73651345
73651346
73651347
73651348
73651349
73651350
73651351
73651352
73651353
73651354
73651355
73651356
73651357
73651358
73651359
73651360
73651361
73651362
73651363
73651364
73651365
73651366
73651367
73651368
73651369
73651370
73651371
73651372
73651373
73651374
73651375
73651376
73651377
73651378
73651379
73651380
73651381
73651382
73651383
73651384
73651385
73651386
73651387
73651388
73651389
73651390
73651391
73651392
73651393
73651394
73651395
73651396
73651397
73651398
73651399
73651400
73651401
73651402
73651403
73651404
73651405
73651406
73651407
73651408
73651409
73651410
73651411
73651412
73651413
73651414
73651415
73651416
73651417
73651418
73651419
73651420
73651421
73651422
73651423
73651424
73651425
73651426
73651427
73651428
73651429
73651430
73651431
73651432
73651433
73651434
73651435
73651436
73651437
73651438
73651439
73651440
73651441
73651442
73651443
73651444
73651445
73651446
73651447
73651448
73651449
73651450
73651451
73651452
73651453
73651454
73651455
73651456
73651457
73651458
73651459
73651460
73651461
73651462
73651463
73651464
73651465
73651466
73651467
73651468
73651469
73651470
73651471
73651472
73651473
73651474
73651475
73651476
73651477
73651478
73651479
73651480
73651481
73651482
73651483
73651484
73651485
73651486
73651487
73651488
73651489
73651490
73651491
73651492
73651493
73651494
73651495
73651496
73651497
73651498
73651499
73651500
73651501
73651502
73651503
73651504
73651505
73651506
73651507
73651508
73651509
73651510
73651511
73651512
73651513
73651514
73651515
73651516
73651517
73651518
73651519
73651520
73651521
73651522
73651523
73651524
73651525
73651526
73651527
73651528
73651529
73651530
73651531
73651532
73651533
73651534
73651535
73651536
73651537
73651538
73651539
73651540
73651541
73651542
73651543
73651544
73651545
73651546
73651547
73651548
73651549
73651550
73651551
73651552
73651553
73651554
73651555
73651556
73651557
73651558
73651559
73651560
73651561
73651562
73651563
73651564
73651565
73651566
73651567
73651568
73651569
73651570
73651571
73651572
73651573
73651574
73651575
73651576
73651577
73651578
73651579
73651580
73651581
73651582
73651583
73651584
73651585
73651586
73651587
73651588
73651589
73651590
73651591
73651592
73651593
73651594
73651595
73651596
73651597
73651598
73651599
73651600
73651601
73651602
73651603
73651604
73651605
73651606
73651607
73651608
73651609
73651610
73651611
73651612
73651613
73651614
73651615
73651616
73651617
73651618
73651619
73651620
73651621
73651622
73651623
73651624
73651625
73651626
73651627
73651628
73651629
73651630
73651631
73651632
73651633
73651634
73651635
73651636
73651637
73651638
73651639
73651640
73651641
73651642
73651643
73651644
73651645
73651646
73651647
73651648
73651649
73651650
73651651
73651652
73651653
73651654
73651655
73651656
73651657
73651658
73651659
73651660
73651661
73651662
73651663
73651664
73651665
73651666
73651667
73651668
73651669
73651670
73651671
73651672
73651673
73651674
73651675
73651676
73651677
73651678
73651679
73651680
73651681
73651682
73651683
73651684
73651685
73651686
73651687
73651688
73651689
73651690
73651691
73651692
73651693
73651694
73651695
73651696
73651697
73651698
73651699
73651700
73651701
73651702
73651703
73651704
73651705
73651706
73651707
73651708
73651709
73651710
73651711
73651712
73651713
73651714
73651715
73651716
73651717
73651718
73651719
73651720
73651721
73651722
73651723
73651724
73651725
73651726
73651727
73651728
73651729
73651730
73651731
73651732
73651733
73651734
73651735
73651736
73651737
73651738
73651739
73651740
73651741
73651742
73651743
73651744
73651745
73651746
73651747
73651748
73651749
73651750
73651751
73651752
73651753
73651754
73651755
73651756
73651757
73651758
73651759
73651760
73651761
73651762
73651763
73651764
73651765
73651766
73651767
73651768
73651769
73651770
73651771
73651772
73651773
73651774
73651775
73651776
73651777
73651778
73651779
73651780
73651781
73651782
73651783
73651784
73651785
73651786
73651787
73651788
73651789
73651790
73651791
73651792
73651793
73651794
73651795
73651796
73651797
73651798
73651799
73651800
73651801
73651802
73651803
73651804
73651805
73651806
73651807
73651808
73651809
73651810
73651811
73651812
73651813
73651814
73651815
73651816
73651817
73651818
73651819
73651820
73651821
73651822
73651823
73651824
73651825
73651826
73651827
73651828
73651829
73651830
73651831
73651832
73651833
73651834
73651835
73651836
73651837
73651838
73651839
73651840
73651841
73651842
73651843
73651844
73651845
73651846
73651847
73651848
73651849
73651850
73651851
73651852
73651853
73651854
73651855
73651856
73651857
73651858
73651859
73651860
73651861
73651862
73651863
73651864
73651865
73651866
73651867
73651868
73651869
73651870
73651871
73651872
73651873
73651874
73651875
73651876
73651877
73651878
73651879
73651880
73651881
73651882
73651883
73651884
73651885
73651886
73651887
73651888
73651889
73651890
73651891
73651892
73651893
73651894
73651895
73651896
73651897
73651898
73651899
73651900
73651901
73651902
73651903
73651904
73651905
73651906
73651907
73651908
73651909
73651910
73651911
73651912
73651913
73651914
73651915
73651916
73651917
73651918
73651919
73651920
73651921
73651922
73651923
73651924
73651925
73651926
73651927
73651928
73651929
73651930
73651931
73651932
73651933
73651934
73651935
73651936
73651937
73651938
73651939
73651940
73651941
73651942
73651943
73651944
73651945
73651946
73651947
73651948
73651949
73651950
73651951
73651952
73651953
73651954
73651955
73651956
73651957
73651958
73651959
73651960
73651961
73651962
73651963
73651964
73651965
73651966
73651967
73651968
73651969
73651970
73651971
73651972
73651973
73651974
73651975
73651976
73651977
73651978
73651979
73651980
73651981
73651982
73651983
73651984
73651985
73651986
73651987
73651988
73651989
73651990
73651991
73651992
73651993
73651994
73651995
73651996
73651997
73651998
73651999
73652000
73652001
73652002
73652003
73652004
73652005
73652006
73652007
73652008
73652009
73652010
73652011
73652012
73652013
73652014
73652015
73652016
73652017
73652018
73652019
73652020
73652021
73652022
73652023
73652024
73652025
73652026
73652027
73652028
73652029
73652030
73652031
73652032
73652033
73652034
73652035
73652036
73652037
73652038
73652039
73652040
73652041
73652042
73652043
73652044
73652045
73652046
73652047
73652048
73652049
73652050
73652051
73652052
73652053
73652054
73652055
73652056
73652057
73652058
73652059
73652060
73652061
73652062
73652063
73652064
73652065
73652066
73652067
73652068
73652069
73652070
73652071
73652072
73652073
73652074
73652075
73652076
73652077
73652078
73652079
73652080
73652081
73652082
73652083
73652084
73652085
73652086
73652087
73652088
73652089
73652090
73652091
73652092
73652093
73652094
73652095
73652096
73652097
73652098
73652099
73652100
73652101
73652102
73652103
73652104
73652105
73652106
73652107
73652108
73652109
73652110
73652111
73652112
73652113
73652114
73652115
73652116
73652117
73652118
73652119
73652120
73652121
73652122
73652123
73652124
73652125
73652126
73652127
73652128
73652129
73652130
73652131
73652132
73652133
73652134
73652135
73652136
73652137
73652138
73652139
73652140
73652141
73652142
73652143
73652144
73652145
73652146
73652147
73652148
73652149
73652150
73652151
73652152
73652153
73652154
73652155
73652156
73652157
73652158
73652159
73652160
73652161
73652162
73652163
73652164
73652165
73652166
73652167
73652168
73652169
73652170
73652171
73652172
73652173
73652174
73652175
73652176
73652177
73652178
73652179
73652180
73652181
73652182
73652183
73652184
73652185
73652186
73652187
73652188
73652189
73652190
73652191
73652192
73652193
73652194
73652195
73652196
73652197
73652198
73652199
73652200
73652201
73652202
73652203
73652204
73652205
73652206
73652207
73652208
73652209
73652210
73652211
73652212
73652213
73652214
73652215
73652216
73652217
73652218
73652219
73652220
73652221
73652222
73652223
73652224
73652225
73652226
73652227
73652228
73652229
73652230
73652231
73652232
73652233
73652234
73652235
73652236
73652237
73652238
73652239
73652240
73652241
73652242
73652243
73652244
73652245
73652246
73652247
73652248
73652249
73652250
73652251
73652252
73652253
73652254
73652255
73652256
73652257
73652258
73652259
73652260
73652261
73652262
73652263
73652264
73652265
73652266
73652267
73652268
73652269
73652270
73652271
73652272
73652273
73652274
73652275
73652276
73652277
73652278
73652279
73652280
73652281
73652282
73652283
73652284
73652285
73652286
73652287
73652288
73652289
73652290
73652291
73652292
73652293
73652294
73652295
73652296
73652297
73652298
73652299
73652300
73652301
73652302
73652303
73652304
73652305
73652306
73652307
73652308
73652309
73652310
73652311
73652312
73652313
73652314
73652315
73652316
73652317
73652318
73652319
73652320
73652321
73652322
73652323
73652324
73652325
73652326
73652327
73652328
73652329
73652330
73652331
73652332
73652333
73652334
73652335
73652336
73652337
73652338
73652339
73652340
73652341
73652342
73652343
73652344
73652345
73652346
73652347
73652348
73652349
73652350
73652351
73652352
73652353
73652354
73652355
73652356
73652357
73652358
73652359
73652360
73652361
73652362
73652363
73652364
73652365
73652366
73652367
73652368
73652369
73652370
73652371
73652372
73652373
73652374
73652375
73652376
73652377
73652378
73652379
73652380
73652381
73652382
73652383
73652384
73652385
73652386
73652387
73652388
73652389
73652390
73652391
73652392
73652393
73652394
73652395
73652396
73652397
73652398
73652399
73652400
73652401
73652402
73652403
73652404
73652405
73652406
73652407
73652408
73652409
73652410
73652411
73652412
73652413
73652414
73652415
73652416
73652417
73652418
73652419
73652420
73652421
73652422
73652423
73652424
73652425
73652426
73652427
73652428
73652429
73652430
73652431
73652432
73652433
73652434
73652435
73652436
73652437
73652438
73652439
73652440
73652441
73652442
73652443
73652444
73652445
73652446
73652447
73652448
73652449
73652450
73652451
73652452
73652453
73652454
73652455
73652456
73652457
73652458
73652459
73652460
73652461
73652462
73652463
73652464
73652465
73652466
73652467
73652468
73652469
73652470
73652471
73652472
73652473
73652474
73652475
73652476
73652477
73652478
73652479
73652480
73652481
73652482
73652483
73652484
73652485
73652486
73652487
73652488
73652489
73652490
73652491
73652492
73652493
73652494
73652495
73652496
73652497
73652498
73652499
73652500
73652501
73652502
73652503
73652504
73652505
73652506
73652507
73652508
73652509
73652510
73652511
73652512
73652513
73652514
73652515
73652516
73652517
73652518
73652519
73652520
73652521
73652522
73652523
73652524
73652525
73652526
73652527
73652528
73652529
73652530
73652531
73652532
73652533
73652534
73652535
73652536
73652537
73652538
73652539
73652540
73652541
73652542
73652543
73652544
73652545
73652546
73652547
73652548
73652549
73652550
73652551
73652552
73652553
73652554
73652555
73652556
73652557
73652558
73652559
73652560
73652561
73652562
73652563
73652564
73652565
73652566
73652567
73652568
73652569
73652570
73652571
73652572
73652573
73652574
73652575
73652576
73652577
73652578
73652579
73652580
73652581
73652582
73652583
73652584
73652585
73652586
73652587
73652588
73652589
73652590
73652591
73652592
73652593
73652594
73652595
73652596
73652597
73652598
73652599
73652600
73652601
73652602
73652603
73652604
73652605
73652606
73652607
73652608
73652609
73652610
73652611
73652612
73652613
73652614
73652615
73652616
73652617
73652618
73652619
73652620
73652621
73652622
73652623
73652624
73652625
73652626
73652627
73652628
73652629
73652630
73652631
73652632
73652633
73652634
73652635
73652636
73652637
73652638
73652639
73652640
73652641
73652642
73652643
73652644
73652645
73652646
73652647
73652648
73652649
73652650
73652651
73652652
73652653
73652654
73652655
73652656
73652657
73652658
73652659
73652660
73652661
73652662
73652663
73652664
73652665
73652666
73652667
73652668
73652669
73652670
73652671
73652672
73652673
73652674
73652675
73652676
73652677
73652678
73652679
73652680
73652681
73652682
73652683
73652684
73652685
73652686
73652687
73652688
73652689
73652690
73652691
73652692
73652693
73652694
73652695
73652696
73652697
73652698
73652699
73652700
73652701
73652702
73652703
73652704
73652705
73652706
73652707
73652708
73652709
73652710
73652711
73652712
73652713
73652714
73652715
73652716
73652717
73652718
73652719
73652720
73652721
73652722
73652723
73652724
73652725
73652726
73652727
73652728
73652729
73652730
73652731
73652732
73652733
73652734
73652735
73652736
73652737
73652738
73652739
73652740
73652741
73652742
73652743
73652744
73652745
73652746
73652747
73652748
73652749
73652750
73652751
73652752
73652753
73652754
73652755
73652756
73652757
73652758
73652759
73652760
73652761
73652762
73652763
73652764
73652765
73652766
73652767
73652768
73652769
73652770
73652771
73652772
73652773
73652774
73652775
73652776
73652777
73652778
73652779
73652780
73652781
73652782
73652783
73652784
73652785
73652786
73652787
73652788
73652789
73652790
73652791
73652792
73652793
73652794
73652795
73652796
73652797
73652798
73652799
73652800
73652801
73652802
73652803
73652804
73652805
73652806
73652807
73652808
73652809
73652810
73652811
73652812
73652813
73652814
73652815
73652816
73652817
73652818
73652819
73652820
73652821
73652822
73652823
73652824
73652825
73652826
73652827
73652828
73652829
73652830
73652831
73652832
73652833
73652834
73652835
73652836
73652837
73652838
73652839
73652840
73652841
73652842
73652843
73652844
73652845
73652846
73652847
73652848
73652849
73652850
73652851
73652852
73652853
73652854
73652855
73652856
73652857
73652858
73652859
73652860
73652861
73652862
73652863
73652864
73652865
73652866
73652867
73652868
73652869
73652870
73652871
73652872
73652873
73652874
73652875
73652876
73652877
73652878
73652879
73652880
73652881
73652882
73652883
73652884
73652885
73652886
73652887
73652888
73652889
73652890
73652891
73652892
73652893
73652894
73652895
73652896
73652897
73652898
73652899
73652900
73652901
73652902
73652903
73652904
73652905
73652906
73652907
73652908
73652909
73652910
73652911
73652912
73652913
73652914
73652915
73652916
73652917
73652918
73652919
73652920
73652921
73652922
73652923
73652924
73652925
73652926
73652927
73652928
73652929
73652930
73652931
73652932
73652933
73652934
73652935
73652936
73652937
73652938
73652939
73652940
73652941
73652942
73652943
73652944
73652945
73652946
73652947
73652948
73652949
73652950
73652951
73652952
73652953
73652954
73652955
73652956
73652957
73652958
73652959
73652960
73652961
73652962
73652963
73652964
73652965
73652966
73652967
73652968
73652969
73652970
73652971
73652972
73652973
73652974
73652975
73652976
73652977
73652978
73652979
73652980
73652981
73652982
73652983
73652984
73652985
73652986
73652987
73652988
73652989
73652990
73652991
73652992
73652993
73652994
73652995
73652996
73652997
73652998
73652999
73653000
73653001
73653002
73653003
73653004
73653005
73653006
73653007
73653008
73653009
73653010
73653011
73653012
73653013
73653014
73653015
73653016
73653017
73653018
73653019
73653020
73653021
73653022
73653023
73653024
73653025
73653026
73653027
73653028
73653029
73653030
73653031
73653032
73653033
73653034
73653035
73653036
73653037
73653038
73653039
73653040
73653041
73653042
73653043
73653044
73653045
73653046
73653047
73653048
73653049
73653050
73653051
73653052
73653053
73653054
73653055
73653056
73653057
73653058
73653059
73653060
73653061
73653062
73653063
73653064
73653065
73653066
73653067
73653068
73653069
73653070
73653071
73653072
73653073
73653074
73653075
73653076
73653077
73653078
73653079
73653080
73653081
73653082
73653083
73653084
73653085
73653086
73653087
73653088
73653089
73653090
73653091
73653092
73653093
73653094
73653095
73653096
73653097
73653098
73653099
73653100
73653101
73653102
73653103
73653104
73653105
73653106
73653107
73653108
73653109
73653110
73653111
73653112
73653113
73653114
73653115
73653116
73653117
73653118
73653119
73653120
73653121
73653122
73653123
73653124
73653125
73653126
73653127
73653128
73653129
73653130
73653131
73653132
73653133
73653134
73653135
73653136
73653137
73653138
73653139
73653140
73653141
73653142
73653143
73653144
73653145
73653146
73653147
73653148
73653149
73653150
73653151
73653152
73653153
73653154
73653155
73653156
73653157
73653158
73653159
73653160
73653161
73653162
73653163
73653164
73653165
73653166
73653167
73653168
73653169
73653170
73653171
73653172
73653173
73653174
73653175
73653176
73653177
73653178
73653179
73653180
73653181
73653182
73653183
73653184
73653185
73653186
73653187
73653188
73653189
73653190
73653191
73653192
73653193
73653194
73653195
73653196
73653197
73653198
73653199
73653200
73653201
73653202
73653203
73653204
73653205
73653206
73653207
73653208
73653209
73653210
73653211
73653212
73653213
73653214
73653215
73653216
73653217
73653218
73653219
73653220
73653221
73653222
73653223
73653224
73653225
73653226
73653227
73653228
73653229
73653230
73653231
73653232
73653233
73653234
73653235
73653236
73653237
73653238
73653239
73653240
73653241
73653242
73653243
73653244
73653245
73653246
73653247
73653248
73653249
73653250
73653251
73653252
73653253
73653254
73653255
73653256
73653257
73653258
73653259
73653260
73653261
73653262
73653263
73653264
73653265
73653266
73653267
73653268
73653269
73653270
73653271
73653272
73653273
73653274
73653275
73653276
73653277
73653278
73653279
73653280
73653281
73653282
73653283
73653284
73653285
73653286
73653287
73653288
73653289
73653290
73653291
73653292
73653293
73653294
73653295
73653296
73653297
73653298
73653299
73653300
73653301
73653302
73653303
73653304
73653305
73653306
73653307
73653308
73653309
73653310
73653311
73653312
73653313
73653314
73653315
73653316
73653317
73653318
73653319
73653320
73653321
73653322
73653323
73653324
73653325
73653326
73653327
73653328
73653329
73653330
73653331
73653332
73653333
73653334
73653335
73653336
73653337
73653338
73653339
73653340
73653341
73653342
73653343
73653344
73653345
73653346
73653347
73653348
73653349
73653350
73653351
73653352
73653353
73653354
73653355
73653356
73653357
73653358
73653359
73653360
73653361
73653362
73653363
73653364
73653365
73653366
73653367
73653368
73653369
73653370
73653371
73653372
73653373
73653374
73653375
73653376
73653377
73653378
73653379
73653380
73653381
73653382
73653383
73653384
73653385
73653386
73653387
73653388
73653389
73653390
73653391
73653392
73653393
73653394
73653395
73653396
73653397
73653398
73653399
73653400
73653401
73653402
73653403
73653404
73653405
73653406
73653407
73653408
73653409
73653410
73653411
73653412
73653413
73653414
73653415
73653416
73653417
73653418
73653419
73653420
73653421
73653422
73653423
73653424
73653425
73653426
73653427
73653428
73653429
73653430
73653431
73653432
73653433
73653434
73653435
73653436
73653437
73653438
73653439
73653440
73653441
73653442
73653443
73653444
73653445
73653446
73653447
73653448
73653449
73653450
73653451
73653452
73653453
73653454
73653455
73653456
73653457
73653458
73653459
73653460
73653461
73653462
73653463
73653464
73653465
73653466
73653467
73653468
73653469
73653470
73653471
73653472
73653473
73653474
73653475
73653476
73653477
73653478
73653479
73653480
73653481
73653482
73653483
73653484
73653485
73653486
73653487
73653488
73653489
73653490
73653491
73653492
73653493
73653494
73653495
73653496
73653497
73653498
73653499
73653500
73653501
73653502
73653503
73653504
73653505
73653506
73653507
73653508
73653509
73653510
73653511
73653512
73653513
73653514
73653515
73653516
73653517
73653518
73653519
73653520
73653521
73653522
73653523
73653524
73653525
73653526
73653527
73653528
73653529
73653530
73653531
73653532
73653533
73653534
73653535
73653536
73653537
73653538
73653539
73653540
73653541
73653542
73653543
73653544
73653545
73653546
73653547
73653548
73653549
73653550
73653551
73653552
73653553
73653554
73653555
73653556
73653557
73653558
73653559
73653560
73653561
73653562
73653563
73653564
73653565
73653566
73653567
73653568
73653569
73653570
73653571
73653572
73653573
73653574
73653575
73653576
73653577
73653578
73653579
73653580
73653581
73653582
73653583
73653584
73653585
73653586
73653587
73653588
73653589
73653590
73653591
73653592
73653593
73653594
73653595
73653596
73653597
73653598
73653599
73653600
73653601
73653602
73653603
73653604
73653605
73653606
73653607
73653608
73653609
73653610
73653611
73653612
73653613
73653614
73653615
73653616
73653617
73653618
73653619
73653620
73653621
73653622
73653623
73653624
73653625
73653626
73653627
73653628
73653629
73653630
73653631
73653632
73653633
73653634
73653635
73653636
73653637
73653638
73653639
73653640
73653641
73653642
73653643
73653644
73653645
73653646
73653647
73653648
73653649
73653650
73653651
73653652
73653653
73653654
73653655
73653656
73653657
73653658
73653659
73653660
73653661
73653662
73653663
73653664
73653665
73653666
73653667
73653668
73653669
73653670
73653671
73653672
73653673
73653674
73653675
73653676
73653677
73653678
73653679
73653680
73653681
73653682
73653683
73653684
73653685
73653686
73653687
73653688
73653689
73653690
73653691
73653692
73653693
73653694
73653695
73653696
73653697
73653698
73653699
73653700
73653701
73653702
73653703
73653704
73653705
73653706
73653707
73653708
73653709
73653710
73653711
73653712
73653713
73653714
73653715
73653716
73653717
73653718
73653719
73653720
73653721
73653722
73653723
73653724
73653725
73653726
73653727
73653728
73653729
73653730
73653731
73653732
73653733
73653734
73653735
73653736
73653737
73653738
73653739
73653740
73653741
73653742
73653743
73653744
73653745
73653746
73653747
73653748
73653749
73653750
73653751
73653752
73653753
73653754
73653755
73653756
73653757
73653758
73653759
73653760
73653761
73653762
73653763
73653764
73653765
73653766
73653767
73653768
73653769
73653770
73653771
73653772
73653773
73653774
73653775
73653776
73653777
73653778
73653779
73653780
73653781
73653782
73653783
73653784
73653785
73653786
73653787
73653788
73653789
73653790
73653791
73653792
73653793
73653794
73653795
73653796
73653797
73653798
73653799
73653800
73653801
73653802
73653803
73653804
73653805
73653806
73653807
73653808
73653809
73653810
73653811
73653812
73653813
73653814
73653815
73653816
73653817
73653818
73653819
73653820
73653821
73653822
73653823
73653824
73653825
73653826
73653827
73653828
73653829
73653830
73653831
73653832
73653833
73653834
73653835
73653836
73653837
73653838
73653839
73653840
73653841
73653842
73653843
73653844
73653845
73653846
73653847
73653848
73653849
73653850
73653851
73653852
73653853
73653854
73653855
73653856
73653857
73653858
73653859
73653860
73653861
73653862
73653863
73653864
73653865
73653866
73653867
73653868
73653869
73653870
73653871
73653872
73653873
73653874
73653875
73653876
73653877
73653878
73653879
73653880
73653881
73653882
73653883
73653884
73653885
73653886
73653887
73653888
73653889
73653890
73653891
73653892
73653893
73653894
73653895
73653896
73653897
73653898
73653899
73653900
73653901
73653902
73653903
73653904
73653905
73653906
73653907
73653908
73653909
73653910
73653911
73653912
73653913
73653914
73653915
73653916
73653917
73653918
73653919
73653920
73653921
73653922
73653923
73653924
73653925
73653926
73653927
73653928
73653929
73653930
73653931
73653932
73653933
73653934
73653935
73653936
73653937
73653938
73653939
73653940
73653941
73653942
73653943
73653944
73653945
73653946
73653947
73653948
73653949
73653950
73653951
73653952
73653953
73653954
73653955
73653956
73653957
73653958
73653959
73653960
73653961
73653962
73653963
73653964
73653965
73653966
73653967
73653968
73653969
73653970
73653971
73653972
73653973
73653974
73653975
73653976
73653977
73653978
73653979
73653980
73653981
73653982
73653983
73653984
73653985
73653986
73653987
73653988
73653989
73653990
73653991
73653992
73653993
73653994
73653995
73653996
73653997
73653998
73653999
73654000
73654001
73654002
73654003
73654004
73654005
73654006
73654007
73654008
73654009
73654010
73654011
73654012
73654013
73654014
73654015
73654016
73654017
73654018
73654019
73654020
73654021
73654022
73654023
73654024
73654025
73654026
73654027
73654028
73654029
73654030
73654031
73654032
73654033
73654034
73654035
73654036
73654037
73654038
73654039
73654040
73654041
73654042
73654043
73654044
73654045
73654046
73654047
73654048
73654049
73654050
73654051
73654052
73654053
73654054
73654055
73654056
73654057
73654058
73654059
73654060
73654061
73654062
73654063
73654064
73654065
73654066
73654067
73654068
73654069
73654070
73654071
73654072
73654073
73654074
73654075
73654076
73654077
73654078
73654079
73654080
73654081
73654082
73654083
73654084
73654085
73654086
73654087
73654088
73654089
73654090
73654091
73654092
73654093
73654094
73654095
73654096
73654097
73654098
73654099
73654100
73654101
73654102
73654103
73654104
73654105
73654106
73654107
73654108
73654109
73654110
73654111
73654112
73654113
73654114
73654115
73654116
73654117
73654118
73654119
73654120
73654121
73654122
73654123
73654124
73654125
73654126
73654127
73654128
73654129
73654130
73654131
73654132
73654133
73654134
73654135
73654136
73654137
73654138
73654139
73654140
73654141
73654142
73654143
73654144
73654145
73654146
73654147
73654148
73654149
73654150
73654151
73654152
73654153
73654154
73654155
73654156
73654157
73654158
73654159
73654160
73654161
73654162
73654163
73654164
73654165
73654166
73654167
73654168
73654169
73654170
73654171
73654172
73654173
73654174
73654175
73654176
73654177
73654178
73654179
73654180
73654181
73654182
73654183
73654184
73654185
73654186
73654187
73654188
73654189
73654190
73654191
73654192
73654193
73654194
73654195
73654196
73654197
73654198
73654199
73654200
73654201
73654202
73654203
73654204
73654205
73654206
73654207
73654208
73654209
73654210
73654211
73654212
73654213
73654214
73654215
73654216
73654217
73654218
73654219
73654220
73654221
73654222
73654223
73654224
73654225
73654226
73654227
73654228
73654229
73654230
73654231
73654232
73654233
73654234
73654235
73654236
73654237
73654238
73654239
73654240
73654241
73654242
73654243
73654244
73654245
73654246
73654247
73654248
73654249
73654250
73654251
73654252
73654253
73654254
73654255
73654256
73654257
73654258
73654259
73654260
73654261
73654262
73654263
73654264
73654265
73654266
73654267
73654268
73654269
73654270
73654271
73654272
73654273
73654274
73654275
73654276
73654277
73654278
73654279
73654280
73654281
73654282
73654283
73654284
73654285
73654286
73654287
73654288
73654289
73654290
73654291
73654292
73654293
73654294
73654295
73654296
73654297
73654298
73654299
73654300
73654301
73654302
73654303
73654304
73654305
73654306
73654307
73654308
73654309
73654310
73654311
73654312
73654313
73654314
73654315
73654316
73654317
73654318
73654319
73654320
73654321
73654322
73654323
73654324
73654325
73654326
73654327
73654328
73654329
73654330
73654331
73654332
73654333
73654334
73654335
73654336
73654337
73654338
73654339
73654340
73654341
73654342
73654343
73654344
73654345
73654346
73654347
73654348
73654349
73654350
73654351
73654352
73654353
73654354
73654355
73654356
73654357
73654358
73654359
73654360
73654361
73654362
73654363
73654364
73654365
73654366
73654367
73654368
73654369
73654370
73654371
73654372
73654373
73654374
73654375
73654376
73654377
73654378
73654379
73654380
73654381
73654382
73654383
73654384
73654385
73654386
73654387
73654388
73654389
73654390
73654391
73654392
73654393
73654394
73654395
73654396
73654397
73654398
73654399
73654400
73654401
73654402
73654403
73654404
73654405
73654406
73654407
73654408
73654409
73654410
73654411
73654412
73654413
73654414
73654415
73654416
73654417
73654418
73654419
73654420
73654421
73654422
73654423
73654424
73654425
73654426
73654427
73654428
73654429
73654430
73654431
73654432
73654433
73654434
73654435
73654436
73654437
73654438
73654439
73654440
73654441
73654442
73654443
73654444
73654445
73654446
73654447
73654448
73654449
73654450
73654451
73654452
73654453
73654454
73654455
73654456
73654457
73654458
73654459
73654460
73654461
73654462
73654463
73654464
73654465
73654466
73654467
73654468
73654469
73654470
73654471
73654472
73654473
73654474
73654475
73654476
73654477
73654478
73654479
73654480
73654481
73654482
73654483
73654484
73654485
73654486
73654487
73654488
73654489
73654490
73654491
73654492
73654493
73654494
73654495
73654496
73654497
73654498
73654499
73654500
73654501
73654502
73654503
73654504
73654505
73654506
73654507
73654508
73654509
73654510
73654511
73654512
73654513
73654514
73654515
73654516
73654517
73654518
73654519
73654520
73654521
73654522
73654523
73654524
73654525
73654526
73654527
73654528
73654529
73654530
73654531
73654532
73654533
73654534
73654535
73654536
73654537
73654538
73654539
73654540
73654541
73654542
73654543
73654544
73654545
73654546
73654547
73654548
73654549
73654550
73654551
73654552
73654553
73654554
73654555
73654556
73654557
73654558
73654559
73654560
73654561
73654562
73654563
73654564
73654565
73654566
73654567
73654568
73654569
73654570
73654571
73654572
73654573
73654574
73654575
73654576
73654577
73654578
73654579
73654580
73654581
73654582
73654583
73654584
73654585
73654586
73654587
73654588
73654589
73654590
73654591
73654592
73654593
73654594
73654595
73654596
73654597
73654598
73654599
73654600
73654601
73654602
73654603
73654604
73654605
73654606
73654607
73654608
73654609
73654610
73654611
73654612
73654613
73654614
73654615
73654616
73654617
73654618
73654619
73654620
73654621
73654622
73654623
73654624
73654625
73654626
73654627
73654628
73654629
73654630
73654631
73654632
73654633
73654634
73654635
73654636
73654637
73654638
73654639
73654640
73654641
73654642
73654643
73654644
73654645
73654646
73654647
73654648
73654649
73654650
73654651
73654652
73654653
73654654
73654655
73654656
73654657
73654658
73654659
73654660
73654661
73654662
73654663
73654664
73654665
73654666
73654667
73654668
73654669
73654670
73654671
73654672
73654673
73654674
73654675
73654676
73654677
73654678
73654679
73654680
73654681
73654682
73654683
73654684
73654685
73654686
73654687
73654688
73654689
73654690
73654691
73654692
73654693
73654694
73654695
73654696
73654697
73654698
73654699
73654700
73654701
73654702
73654703
73654704
73654705
73654706
73654707
73654708
73654709
73654710
73654711
73654712
73654713
73654714
73654715
73654716
73654717
73654718
73654719
73654720
73654721
73654722
73654723
73654724
73654725
73654726
73654727
73654728
73654729
73654730
73654731
73654732
73654733
73654734
73654735
73654736
73654737
73654738
73654739
73654740
73654741
73654742
73654743
73654744
73654745
73654746
73654747
73654748
73654749
73654750
73654751
73654752
73654753
73654754
73654755
73654756
73654757
73654758
73654759
73654760
73654761
73654762
73654763
73654764
73654765
73654766
73654767
73654768
73654769
73654770
73654771
73654772
73654773
73654774
73654775
73654776
73654777
73654778
73654779
73654780
73654781
73654782
73654783
73654784
73654785
73654786
73654787
73654788
73654789
73654790
73654791
73654792
73654793
73654794
73654795
73654796
73654797
73654798
73654799
73654800
73654801
73654802
73654803
73654804
73654805
73654806
73654807
73654808
73654809
73654810
73654811
73654812
73654813
73654814
73654815
73654816
73654817
73654818
73654819
73654820
73654821
73654822
73654823
73654824
73654825
73654826
73654827
73654828
73654829
73654830
73654831
73654832
73654833
73654834
73654835
73654836
73654837
73654838
73654839
73654840
73654841
73654842
73654843
73654844
73654845
73654846
73654847
73654848
73654849
73654850
73654851
73654852
73654853
73654854
73654855
73654856
73654857
73654858
73654859
73654860
73654861
73654862
73654863
73654864
73654865
73654866
73654867
73654868
73654869
73654870
73654871
73654872
73654873
73654874
73654875
73654876
73654877
73654878
73654879
73654880
73654881
73654882
73654883
73654884
73654885
73654886
73654887
73654888
73654889
73654890
73654891
73654892
73654893
73654894
73654895
73654896
73654897
73654898
73654899
73654900
73654901
73654902
73654903
73654904
73654905
73654906
73654907
73654908
73654909
73654910
73654911
73654912
73654913
73654914
73654915
73654916
73654917
73654918
73654919
73654920
73654921
73654922
73654923
73654924
73654925
73654926
73654927
73654928
73654929
73654930
73654931
73654932
73654933
73654934
73654935
73654936
73654937
73654938
73654939
73654940
73654941
73654942
73654943
73654944
73654945
73654946
73654947
73654948
73654949
73654950
73654951
73654952
73654953
73654954
73654955
73654956
73654957
73654958
73654959
73654960
73654961
73654962
73654963
73654964
73654965
73654966
73654967
73654968
73654969
73654970
73654971
73654972
73654973
73654974
73654975
73654976
73654977
73654978
73654979
73654980
73654981
73654982
73654983
73654984
73654985
73654986
73654987
73654988
73654989
73654990
73654991
73654992
73654993
73654994
73654995
73654996
73654997
73654998
73654999
73655000
73655001
73655002
73655003
73655004
73655005
73655006
73655007
73655008
73655009
73655010
73655011
73655012
73655013
73655014
73655015
73655016
73655017
73655018
73655019
73655020
73655021
73655022
73655023
73655024
73655025
73655026
73655027
73655028
73655029
73655030
73655031
73655032
73655033
73655034
73655035
73655036
73655037
73655038
73655039
73655040
73655041
73655042
73655043
73655044
73655045
73655046
73655047
73655048
73655049
73655050
73655051
73655052
73655053
73655054
73655055
73655056
73655057
73655058
73655059
73655060
73655061
73655062
73655063
73655064
73655065
73655066
73655067
73655068
73655069
73655070
73655071
73655072
73655073
73655074
73655075
73655076
73655077
73655078
73655079
73655080
73655081
73655082
73655083
73655084
73655085
73655086
73655087
73655088
73655089
73655090
73655091
73655092
73655093
73655094
73655095
73655096
73655097
73655098
73655099
73655100
73655101
73655102
73655103
73655104
73655105
73655106
73655107
73655108
73655109
73655110
73655111
73655112
73655113
73655114
73655115
73655116
73655117
73655118
73655119
73655120
73655121
73655122
73655123
73655124
73655125
73655126
73655127
73655128
73655129
73655130
73655131
73655132
73655133
73655134
73655135
73655136
73655137
73655138
73655139
73655140
73655141
73655142
73655143
73655144
73655145
73655146
73655147
73655148
73655149
73655150
73655151
73655152
73655153
73655154
73655155
73655156
73655157
73655158
73655159
73655160
73655161
73655162
73655163
73655164
73655165
73655166
73655167
73655168
73655169
73655170
73655171
73655172
73655173
73655174
73655175
73655176
73655177
73655178
73655179
73655180
73655181
73655182
73655183
73655184
73655185
73655186
73655187
73655188
73655189
73655190
73655191
73655192
73655193
73655194
73655195
73655196
73655197
73655198
73655199
73655200
73655201
73655202
73655203
73655204
73655205
73655206
73655207
73655208
73655209
73655210
73655211
73655212
73655213
73655214
73655215
73655216
73655217
73655218
73655219
73655220
73655221
73655222
73655223
73655224
73655225
73655226
73655227
73655228
73655229
73655230
73655231
73655232
73655233
73655234
73655235
73655236
73655237
73655238
73655239
73655240
73655241
73655242
73655243
73655244
73655245
73655246
73655247
73655248
73655249
73655250
73655251
73655252
73655253
73655254
73655255
73655256
73655257
73655258
73655259
73655260
73655261
73655262
73655263
73655264
73655265
73655266
73655267
73655268
73655269
73655270
73655271
73655272
73655273
73655274
73655275
73655276
73655277
73655278
73655279
73655280
73655281
73655282
73655283
73655284
73655285
73655286
73655287
73655288
73655289
73655290
73655291
73655292
73655293
73655294
73655295
73655296
73655297
73655298
73655299
73655300
73655301
73655302
73655303
73655304
73655305
73655306
73655307
73655308
73655309
73655310
73655311
73655312
73655313
73655314
73655315
73655316
73655317
73655318
73655319
73655320
73655321
73655322
73655323
73655324
73655325
73655326
73655327
73655328
73655329
73655330
73655331
73655332
73655333
73655334
73655335
73655336
73655337
73655338
73655339
73655340
73655341
73655342
73655343
73655344
73655345
73655346
73655347
73655348
73655349
73655350
73655351
73655352
73655353
73655354
73655355
73655356
73655357
73655358
73655359
73655360
73655361
73655362
73655363
73655364
73655365
73655366
73655367
73655368
73655369
73655370
73655371
73655372
73655373
73655374
73655375
73655376
73655377
73655378
73655379
73655380
73655381
73655382
73655383
73655384
73655385
73655386
73655387
73655388
73655389
73655390
73655391
73655392
73655393
73655394
73655395
73655396
73655397
73655398
73655399
73655400
73655401
73655402
73655403
73655404
73655405
73655406
73655407
73655408
73655409
73655410
73655411
73655412
73655413
73655414
73655415
73655416
73655417
73655418
73655419
73655420
73655421
73655422
73655423
73655424
73655425
73655426
73655427
73655428
73655429
73655430
73655431
73655432
73655433
73655434
73655435
73655436
73655437
73655438
73655439
73655440
73655441
73655442
73655443
73655444
73655445
73655446
73655447
73655448
73655449
73655450
73655451
73655452
73655453
73655454
73655455
73655456
73655457
73655458
73655459
73655460
73655461
73655462
73655463
73655464
73655465
73655466
73655467
73655468
73655469
73655470
73655471
73655472
73655473
73655474
73655475
73655476
73655477
73655478
73655479
73655480
73655481
73655482
73655483
73655484
73655485
73655486
73655487
73655488
73655489
73655490
73655491
73655492
73655493
73655494
73655495
73655496
73655497
73655498
73655499
73655500
73655501
73655502
73655503
73655504
73655505
73655506
73655507
73655508
73655509
73655510
73655511
73655512
73655513
73655514
73655515
73655516
73655517
73655518
73655519
73655520
73655521
73655522
73655523
73655524
73655525
73655526
73655527
73655528
73655529
73655530
73655531
73655532
73655533
73655534
73655535
73655536
73655537
73655538
73655539
73655540
73655541
73655542
73655543
73655544
73655545
73655546
73655547
73655548
73655549
73655550
73655551
73655552
73655553
73655554
73655555
73655556
73655557
73655558
73655559
73655560
73655561
73655562
73655563
73655564
73655565
73655566
73655567
73655568
73655569
73655570
73655571
73655572
73655573
73655574
73655575
73655576
73655577
73655578
73655579
73655580
73655581
73655582
73655583
73655584
73655585
73655586
73655587
73655588
73655589
73655590
73655591
73655592
73655593
73655594
73655595
73655596
73655597
73655598
73655599
73655600
73655601
73655602
73655603
73655604
73655605
73655606
73655607
73655608
73655609
73655610
73655611
73655612
73655613
73655614
73655615
73655616
73655617
73655618
73655619
73655620
73655621
73655622
73655623
73655624
73655625
73655626
73655627
73655628
73655629
73655630
73655631
73655632
73655633
73655634
73655635
73655636
73655637
73655638
73655639
73655640
73655641
73655642
73655643
73655644
73655645
73655646
73655647
73655648
73655649
73655650
73655651
73655652
73655653
73655654
73655655
73655656
73655657
73655658
73655659
73655660
73655661
73655662
73655663
73655664
73655665
73655666
73655667
73655668
73655669
73655670
73655671
73655672
73655673
73655674
73655675
73655676
73655677
73655678
73655679
73655680
73655681
73655682
73655683
73655684
73655685
73655686
73655687
73655688
73655689
73655690
73655691
73655692
73655693
73655694
73655695
73655696
73655697
73655698
73655699
73655700
73655701
73655702
73655703
73655704
73655705
73655706
73655707
73655708
73655709
73655710
73655711
73655712
73655713
73655714
73655715
73655716
73655717
73655718
73655719
73655720
73655721
73655722
73655723
73655724
73655725
73655726
73655727
73655728
73655729
73655730
73655731
73655732
73655733
73655734
73655735
73655736
73655737
73655738
73655739
73655740
73655741
73655742
73655743
73655744
73655745
73655746
73655747
73655748
73655749
73655750
73655751
73655752
73655753
73655754
73655755
73655756
73655757
73655758
73655759
73655760
73655761
73655762
73655763
73655764
73655765
73655766
73655767
73655768
73655769
73655770
73655771
73655772
73655773
73655774
73655775
73655776
73655777
73655778
73655779
73655780
73655781
73655782
73655783
73655784
73655785
73655786
73655787
73655788
73655789
73655790
73655791
73655792
73655793
73655794
73655795
73655796
73655797
73655798
73655799
73655800
73655801
73655802
73655803
73655804
73655805
73655806
73655807
73655808
73655809
73655810
73655811
73655812
73655813
73655814
73655815
73655816
73655817
73655818
73655819
73655820
73655821
73655822
73655823
73655824
73655825
73655826
73655827
73655828
73655829
73655830
73655831
73655832
73655833
73655834
73655835
73655836
73655837
73655838
73655839
73655840
73655841
73655842
73655843
73655844
73655845
73655846
73655847
73655848
73655849
73655850
73655851
73655852
73655853
73655854
73655855
73655856
73655857
73655858
73655859
73655860
73655861
73655862
73655863
73655864
73655865
73655866
73655867
73655868
73655869
73655870
73655871
73655872
73655873
73655874
73655875
73655876
73655877
73655878
73655879
73655880
73655881
73655882
73655883
73655884
73655885
73655886
73655887
73655888
73655889
73655890
73655891
73655892
73655893
73655894
73655895
73655896
73655897
73655898
73655899
73655900
73655901
73655902
73655903
73655904
73655905
73655906
73655907
73655908
73655909
73655910
73655911
73655912
73655913
73655914
73655915
73655916
73655917
73655918
73655919
73655920
73655921
73655922
73655923
73655924
73655925
73655926
73655927
73655928
73655929
73655930
73655931
73655932
73655933
73655934
73655935
73655936
73655937
73655938
73655939
73655940
73655941
73655942
73655943
73655944
73655945
73655946
73655947
73655948
73655949
73655950
73655951
73655952
73655953
73655954
73655955
73655956
73655957
73655958
73655959
73655960
73655961
73655962
73655963
73655964
73655965
73655966
73655967
73655968
73655969
73655970
73655971
73655972
73655973
73655974
73655975
73655976
73655977
73655978
73655979
73655980
73655981
73655982
73655983
73655984
73655985
73655986
73655987
73655988
73655989
73655990
73655991
73655992
73655993
73655994
73655995
73655996
73655997
73655998
73655999
73656000
73656001
73656002
73656003
73656004
73656005
73656006
73656007
73656008
73656009
73656010
73656011
73656012
73656013
73656014
73656015
73656016
73656017
73656018
73656019
73656020
73656021
73656022
73656023
73656024
73656025
73656026
73656027
73656028
73656029
73656030
73656031
73656032
73656033
73656034
73656035
73656036
73656037
73656038
73656039
73656040
73656041
73656042
73656043
73656044
73656045
73656046
73656047
73656048
73656049
73656050
73656051
73656052
73656053
73656054
73656055
73656056
73656057
73656058
73656059
73656060
73656061
73656062
73656063
73656064
73656065
73656066
73656067
73656068
73656069
73656070
73656071
73656072
73656073
73656074
73656075
73656076
73656077
73656078
73656079
73656080
73656081
73656082
73656083
73656084
73656085
73656086
73656087
73656088
73656089
73656090
73656091
73656092
73656093
73656094
73656095
73656096
73656097
73656098
73656099
73656100
73656101
73656102
73656103
73656104
73656105
73656106
73656107
73656108
73656109
73656110
73656111
73656112
73656113
73656114
73656115
73656116
73656117
73656118
73656119
73656120
73656121
73656122
73656123
73656124
73656125
73656126
73656127
73656128
73656129
73656130
73656131
73656132
73656133
73656134
73656135
73656136
73656137
73656138
73656139
73656140
73656141
73656142
73656143
73656144
73656145
73656146
73656147
73656148
73656149
73656150
73656151
73656152
73656153
73656154
73656155
73656156
73656157
73656158
73656159
73656160
73656161
73656162
73656163
73656164
73656165
73656166
73656167
73656168
73656169
73656170
73656171
73656172
73656173
73656174
73656175
73656176
73656177
73656178
73656179
73656180
73656181
73656182
73656183
73656184
73656185
73656186
73656187
73656188
73656189
73656190
73656191
73656192
73656193
73656194
73656195
73656196
73656197
73656198
73656199
73656200
73656201
73656202
73656203
73656204
73656205
73656206
73656207
73656208
73656209
73656210
73656211
73656212
73656213
73656214
73656215
73656216
73656217
73656218
73656219
73656220
73656221
73656222
73656223
73656224
73656225
73656226
73656227
73656228
73656229
73656230
73656231
73656232
73656233
73656234
73656235
73656236
73656237
73656238
73656239
73656240
73656241
73656242
73656243
73656244
73656245
73656246
73656247
73656248
73656249
73656250
73656251
73656252
73656253
73656254
73656255
73656256
73656257
73656258
73656259
73656260
73656261
73656262
73656263
73656264
73656265
73656266
73656267
73656268
73656269
73656270
73656271
73656272
73656273
73656274
73656275
73656276
73656277
73656278
73656279
73656280
73656281
73656282
73656283
73656284
73656285
73656286
73656287
73656288
73656289
73656290
73656291
73656292
73656293
73656294
73656295
73656296
73656297
73656298
73656299
73656300
73656301
73656302
73656303
73656304
73656305
73656306
73656307
73656308
73656309
73656310
73656311
73656312
73656313
73656314
73656315
73656316
73656317
73656318
73656319
73656320
73656321
73656322
73656323
73656324
73656325
73656326
73656327
73656328
73656329
73656330
73656331
73656332
73656333
73656334
73656335
73656336
73656337
73656338
73656339
73656340
73656341
73656342
73656343
73656344
73656345
73656346
73656347
73656348
73656349
73656350
73656351
73656352
73656353
73656354
73656355
73656356
73656357
73656358
73656359
73656360
73656361
73656362
73656363
73656364
73656365
73656366
73656367
73656368
73656369
73656370
73656371
73656372
73656373
73656374
73656375
73656376
73656377
73656378
73656379
73656380
73656381
73656382
73656383
73656384
73656385
73656386
73656387
73656388
73656389
73656390
73656391
73656392
73656393
73656394
73656395
73656396
73656397
73656398
73656399
73656400
73656401
73656402
73656403
73656404
73656405
73656406
73656407
73656408
73656409
73656410
73656411
73656412
73656413
73656414
73656415
73656416
73656417
73656418
73656419
73656420
73656421
73656422
73656423
73656424
73656425
73656426
73656427
73656428
73656429
73656430
73656431
73656432
73656433
73656434
73656435
73656436
73656437
73656438
73656439
73656440
73656441
73656442
73656443
73656444
73656445
73656446
73656447
73656448
73656449
73656450
73656451
73656452
73656453
73656454
73656455
73656456
73656457
73656458
73656459
73656460
73656461
73656462
73656463
73656464
73656465
73656466
73656467
73656468
73656469
73656470
73656471
73656472
73656473
73656474
73656475
73656476
73656477
73656478
73656479
73656480
73656481
73656482
73656483
73656484
73656485
73656486
73656487
73656488
73656489
73656490
73656491
73656492
73656493
73656494
73656495
73656496
73656497
73656498
73656499
73656500
73656501
73656502
73656503
73656504
73656505
73656506
73656507
73656508
73656509
73656510
73656511
73656512
73656513
73656514
73656515
73656516
73656517
73656518
73656519
73656520
73656521
73656522
73656523
73656524
73656525
73656526
73656527
73656528
73656529
73656530
73656531
73656532
73656533
73656534
73656535
73656536
73656537
73656538
73656539
73656540
73656541
73656542
73656543
73656544
73656545
73656546
73656547
73656548
73656549
73656550
73656551
73656552
73656553
73656554
73656555
73656556
73656557
73656558
73656559
73656560
73656561
73656562
73656563
73656564
73656565
73656566
73656567
73656568
73656569
73656570
73656571
73656572
73656573
73656574
73656575
73656576
73656577
73656578
73656579
73656580
73656581
73656582
73656583
73656584
73656585
73656586
73656587
73656588
73656589
73656590
73656591
73656592
73656593
73656594
73656595
73656596
73656597
73656598
73656599
73656600
73656601
73656602
73656603
73656604
73656605
73656606
73656607
73656608
73656609
73656610
73656611
73656612
73656613
73656614
73656615
73656616
73656617
73656618
73656619
73656620
73656621
73656622
73656623
73656624
73656625
73656626
73656627
73656628
73656629
73656630
73656631
73656632
73656633
73656634
73656635
73656636
73656637
73656638
73656639
73656640
73656641
73656642
73656643
73656644
73656645
73656646
73656647
73656648
73656649
73656650
73656651
73656652
73656653
73656654
73656655
73656656
73656657
73656658
73656659
73656660
73656661
73656662
73656663
73656664
73656665
73656666
73656667
73656668
73656669
73656670
73656671
73656672
73656673
73656674
73656675
73656676
73656677
73656678
73656679
73656680
73656681
73656682
73656683
73656684
73656685
73656686
73656687
73656688
73656689
73656690
73656691
73656692
73656693
73656694
73656695
73656696
73656697
73656698
73656699
73656700
73656701
73656702
73656703
73656704
73656705
73656706
73656707
73656708
73656709
73656710
73656711
73656712
73656713
73656714
73656715
73656716
73656717
73656718
73656719
73656720
73656721
73656722
73656723
73656724
73656725
73656726
73656727
73656728
73656729
73656730
73656731
73656732
73656733
73656734
73656735
73656736
73656737
73656738
73656739
73656740
73656741
73656742
73656743
73656744
73656745
73656746
73656747
73656748
73656749
73656750
73656751
73656752
73656753
73656754
73656755
73656756
73656757
73656758
73656759
73656760
73656761
73656762
73656763
73656764
73656765
73656766
73656767
73656768
73656769
73656770
73656771
73656772
73656773
73656774
73656775
73656776
73656777
73656778
73656779
73656780
73656781
73656782
73656783
73656784
73656785
73656786
73656787
73656788
73656789
73656790
73656791
73656792
73656793
73656794
73656795
73656796
73656797
73656798
73656799
73656800
73656801
73656802
73656803
73656804
73656805
73656806
73656807
73656808
73656809
73656810
73656811
73656812
73656813
73656814
73656815
73656816
73656817
73656818
73656819
73656820
73656821
73656822
73656823
73656824
73656825
73656826
73656827
73656828
73656829
73656830
73656831
73656832
73656833
73656834
73656835
73656836
73656837
73656838
73656839
73656840
73656841
73656842
73656843
73656844
73656845
73656846
73656847
73656848
73656849
73656850
73656851
73656852
73656853
73656854
73656855
73656856
73656857
73656858
73656859
73656860
73656861
73656862
73656863
73656864
73656865
73656866
73656867
73656868
73656869
73656870
73656871
73656872
73656873
73656874
73656875
73656876
73656877
73656878
73656879
73656880
73656881
73656882
73656883
73656884
73656885
73656886
73656887
73656888
73656889
73656890
73656891
73656892
73656893
73656894
73656895
73656896
73656897
73656898
73656899
73656900
73656901
73656902
73656903
73656904
73656905
73656906
73656907
73656908
73656909
73656910
73656911
73656912
73656913
73656914
73656915
73656916
73656917
73656918
73656919
73656920
73656921
73656922
73656923
73656924
73656925
73656926
73656927
73656928
73656929
73656930
73656931
73656932
73656933
73656934
73656935
73656936
73656937
73656938
73656939
73656940
73656941
73656942
73656943
73656944
73656945
73656946
73656947
73656948
73656949
73656950
73656951
73656952
73656953
73656954
73656955
73656956
73656957
73656958
73656959
73656960
73656961
73656962
73656963
73656964
73656965
73656966
73656967
73656968
73656969
73656970
73656971
73656972
73656973
73656974
73656975
73656976
73656977
73656978
73656979
73656980
73656981
73656982
73656983
73656984
73656985
73656986
73656987
73656988
73656989
73656990
73656991
73656992
73656993
73656994
73656995
73656996
73656997
73656998
73656999
73657000
73657001
73657002
73657003
73657004
73657005
73657006
73657007
73657008
73657009
73657010
73657011
73657012
73657013
73657014
73657015
73657016
73657017
73657018
73657019
73657020
73657021
73657022
73657023
73657024
73657025
73657026
73657027
73657028
73657029
73657030
73657031
73657032
73657033
73657034
73657035
73657036
73657037
73657038
73657039
73657040
73657041
73657042
73657043
73657044
73657045
73657046
73657047
73657048
73657049
73657050
73657051
73657052
73657053
73657054
73657055
73657056
73657057
73657058
73657059
73657060
73657061
73657062
73657063
73657064
73657065
73657066
73657067
73657068
73657069
73657070
73657071
73657072
73657073
73657074
73657075
73657076
73657077
73657078
73657079
73657080
73657081
73657082
73657083
73657084
73657085
73657086
73657087
73657088
73657089
73657090
73657091
73657092
73657093
73657094
73657095
73657096
73657097
73657098
73657099
73657100
73657101
73657102
73657103
73657104
73657105
73657106
73657107
73657108
73657109
73657110
73657111
73657112
73657113
73657114
73657115
73657116
73657117
73657118
73657119
73657120
73657121
73657122
73657123
73657124
73657125
73657126
73657127
73657128
73657129
73657130
73657131
73657132
73657133
73657134
73657135
73657136
73657137
73657138
73657139
73657140
73657141
73657142
73657143
73657144
73657145
73657146
73657147
73657148
73657149
73657150
73657151
73657152
73657153
73657154
73657155
73657156
73657157
73657158
73657159
73657160
73657161
73657162
73657163
73657164
73657165
73657166
73657167
73657168
73657169
73657170
73657171
73657172
73657173
73657174
73657175
73657176
73657177
73657178
73657179
73657180
73657181
73657182
73657183
73657184
73657185
73657186
73657187
73657188
73657189
73657190
73657191
73657192
73657193
73657194
73657195
73657196
73657197
73657198
73657199
73657200
73657201
73657202
73657203
73657204
73657205
73657206
73657207
73657208
73657209
73657210
73657211
73657212
73657213
73657214
73657215
73657216
73657217
73657218
73657219
73657220
73657221
73657222
73657223
73657224
73657225
73657226
73657227
73657228
73657229
73657230
73657231
73657232
73657233
73657234
73657235
73657236
73657237
73657238
73657239
73657240
73657241
73657242
73657243
73657244
73657245
73657246
73657247
73657248
73657249
73657250
73657251
73657252
73657253
73657254
73657255
73657256
73657257
73657258
73657259
73657260
73657261
73657262
73657263
73657264
73657265
73657266
73657267
73657268
73657269
73657270
73657271
73657272
73657273
73657274
73657275
73657276
73657277
73657278
73657279
73657280
73657281
73657282
73657283
73657284
73657285
73657286
73657287
73657288
73657289
73657290
73657291
73657292
73657293
73657294
73657295
73657296
73657297
73657298
73657299
73657300
73657301
73657302
73657303
73657304
73657305
73657306
73657307
73657308
73657309
73657310
73657311
73657312
73657313
73657314
73657315
73657316
73657317
73657318
73657319
73657320
73657321
73657322
73657323
73657324
73657325
73657326
73657327
73657328
73657329
73657330
73657331
73657332
73657333
73657334
73657335
73657336
73657337
73657338
73657339
73657340
73657341
73657342
73657343
73657344
73657345
73657346
73657347
73657348
73657349
73657350
73657351
73657352
73657353
73657354
73657355
73657356
73657357
73657358
73657359
73657360
73657361
73657362
73657363
73657364
73657365
73657366
73657367
73657368
73657369
73657370
73657371
73657372
73657373
73657374
73657375
73657376
73657377
73657378
73657379
73657380
73657381
73657382
73657383
73657384
73657385
73657386
73657387
73657388
73657389
73657390
73657391
73657392
73657393
73657394
73657395
73657396
73657397
73657398
73657399
73657400
73657401
73657402
73657403
73657404
73657405
73657406
73657407
73657408
73657409
73657410
73657411
73657412
73657413
73657414
73657415
73657416
73657417
73657418
73657419
73657420
73657421
73657422
73657423
73657424
73657425
73657426
73657427
73657428
73657429
73657430
73657431
73657432
73657433
73657434
73657435
73657436
73657437
73657438
73657439
73657440
73657441
73657442
73657443
73657444
73657445
73657446
73657447
73657448
73657449
73657450
73657451
73657452
73657453
73657454
73657455
73657456
73657457
73657458
73657459
73657460
73657461
73657462
73657463
73657464
73657465
73657466
73657467
73657468
73657469
73657470
73657471
73657472
73657473
73657474
73657475
73657476
73657477
73657478
73657479
73657480
73657481
73657482
73657483
73657484
73657485
73657486
73657487
73657488
73657489
73657490
73657491
73657492
73657493
73657494
73657495
73657496
73657497
73657498
73657499
73657500
73657501
73657502
73657503
73657504
73657505
73657506
73657507
73657508
73657509
73657510
73657511
73657512
73657513
73657514
73657515
73657516
73657517
73657518
73657519
73657520
73657521
73657522
73657523
73657524
73657525
73657526
73657527
73657528
73657529
73657530
73657531
73657532
73657533
73657534
73657535
73657536
73657537
73657538
73657539
73657540
73657541
73657542
73657543
73657544
73657545
73657546
73657547
73657548
73657549
73657550
73657551
73657552
73657553
73657554
73657555
73657556
73657557
73657558
73657559
73657560
73657561
73657562
73657563
73657564
73657565
73657566
73657567
73657568
73657569
73657570
73657571
73657572
73657573
73657574
73657575
73657576
73657577
73657578
73657579
73657580
73657581
73657582
73657583
73657584
73657585
73657586
73657587
73657588
73657589
73657590
73657591
73657592
73657593
73657594
73657595
73657596
73657597
73657598
73657599
73657600
73657601
73657602
73657603
73657604
73657605
73657606
73657607
73657608
73657609
73657610
73657611
73657612
73657613
73657614
73657615
73657616
73657617
73657618
73657619
73657620
73657621
73657622
73657623
73657624
73657625
73657626
73657627
73657628
73657629
73657630
73657631
73657632
73657633
73657634
73657635
73657636
73657637
73657638
73657639
73657640
73657641
73657642
73657643
73657644
73657645
73657646
73657647
73657648
73657649
73657650
73657651
73657652
73657653
73657654
73657655
73657656
73657657
73657658
73657659
73657660
73657661
73657662
73657663
73657664
73657665
73657666
73657667
73657668
73657669
73657670
73657671
73657672
73657673
73657674
73657675
73657676
73657677
73657678
73657679
73657680
73657681
73657682
73657683
73657684
73657685
73657686
73657687
73657688
73657689
73657690
73657691
73657692
73657693
73657694
73657695
73657696
73657697
73657698
73657699
73657700
73657701
73657702
73657703
73657704
73657705
73657706
73657707
73657708
73657709
73657710
73657711
73657712
73657713
73657714
73657715
73657716
73657717
73657718
73657719
73657720
73657721
73657722
73657723
73657724
73657725
73657726
73657727
73657728
73657729
73657730
73657731
73657732
73657733
73657734
73657735
73657736
73657737
73657738
73657739
73657740
73657741
73657742
73657743
73657744
73657745
73657746
73657747
73657748
73657749
73657750
73657751
73657752
73657753
73657754
73657755
73657756
73657757
73657758
73657759
73657760
73657761
73657762
73657763
73657764
73657765
73657766
73657767
73657768
73657769
73657770
73657771
73657772
73657773
73657774
73657775
73657776
73657777
73657778
73657779
73657780
73657781
73657782
73657783
73657784
73657785
73657786
73657787
73657788
73657789
73657790
73657791
73657792
73657793
73657794
73657795
73657796
73657797
73657798
73657799
73657800
73657801
73657802
73657803
73657804
73657805
73657806
73657807
73657808
73657809
73657810
73657811
73657812
73657813
73657814
73657815
73657816
73657817
73657818
73657819
73657820
73657821
73657822
73657823
73657824
73657825
73657826
73657827
73657828
73657829
73657830
73657831
73657832
73657833
73657834
73657835
73657836
73657837
73657838
73657839
73657840
73657841
73657842
73657843
73657844
73657845
73657846
73657847
73657848
73657849
73657850
73657851
73657852
73657853
73657854
73657855
73657856
73657857
73657858
73657859
73657860
73657861
73657862
73657863
73657864
73657865
73657866
73657867
73657868
73657869
73657870
73657871
73657872
73657873
73657874
73657875
73657876
73657877
73657878
73657879
73657880
73657881
73657882
73657883
73657884
73657885
73657886
73657887
73657888
73657889
73657890
73657891
73657892
73657893
73657894
73657895
73657896
73657897
73657898
73657899
73657900
73657901
73657902
73657903
73657904
73657905
73657906
73657907
73657908
73657909
73657910
73657911
73657912
73657913
73657914
73657915
73657916
73657917
73657918
73657919
73657920
73657921
73657922
73657923
73657924
73657925
73657926
73657927
73657928
73657929
73657930
73657931
73657932
73657933
73657934
73657935
73657936
73657937
73657938
73657939
73657940
73657941
73657942
73657943
73657944
73657945
73657946
73657947
73657948
73657949
73657950
73657951
73657952
73657953
73657954
73657955
73657956
73657957
73657958
73657959
73657960
73657961
73657962
73657963
73657964
73657965
73657966
73657967
73657968
73657969
73657970
73657971
73657972
73657973
73657974
73657975
73657976
73657977
73657978
73657979
73657980
73657981
73657982
73657983
73657984
73657985
73657986
73657987
73657988
73657989
73657990
73657991
73657992
73657993
73657994
73657995
73657996
73657997
73657998
73657999
73658000
73658001
73658002
73658003
73658004
73658005
73658006
73658007
73658008
73658009
73658010
73658011
73658012
73658013
73658014
73658015
73658016
73658017
73658018
73658019
73658020
73658021
73658022
73658023
73658024
73658025
73658026
73658027
73658028
73658029
73658030
73658031
73658032
73658033
73658034
73658035
73658036
73658037
73658038
73658039
73658040
73658041
73658042
73658043
73658044
73658045
73658046
73658047
73658048
73658049
73658050
73658051
73658052
73658053
73658054
73658055
73658056
73658057
73658058
73658059
73658060
73658061
73658062
73658063
73658064
73658065
73658066
73658067
73658068
73658069
73658070
73658071
73658072
73658073
73658074
73658075
73658076
73658077
73658078
73658079
73658080
73658081
73658082
73658083
73658084
73658085
73658086
73658087
73658088
73658089
73658090
73658091
73658092
73658093
73658094
73658095
73658096
73658097
73658098
73658099
73658100
73658101
73658102
73658103
73658104
73658105
73658106
73658107
73658108
73658109
73658110
73658111
73658112
73658113
73658114
73658115
73658116
73658117
73658118
73658119
73658120
73658121
73658122
73658123
73658124
73658125
73658126
73658127
73658128
73658129
73658130
73658131
73658132
73658133
73658134
73658135
73658136
73658137
73658138
73658139
73658140
73658141
73658142
73658143
73658144
73658145
73658146
73658147
73658148
73658149
73658150
73658151
73658152
73658153
73658154
73658155
73658156
73658157
73658158
73658159
73658160
73658161
73658162
73658163
73658164
73658165
73658166
73658167
73658168
73658169
73658170
73658171
73658172
73658173
73658174
73658175
73658176
73658177
73658178
73658179
73658180
73658181
73658182
73658183
73658184
73658185
73658186
73658187
73658188
73658189
73658190
73658191
73658192
73658193
73658194
73658195
73658196
73658197
73658198
73658199
73658200
73658201
73658202
73658203
73658204
73658205
73658206
73658207
73658208
73658209
73658210
73658211
73658212
73658213
73658214
73658215
73658216
73658217
73658218
73658219
73658220
73658221
73658222
73658223
73658224
73658225
73658226
73658227
73658228
73658229
73658230
73658231
73658232
73658233
73658234
73658235
73658236
73658237
73658238
73658239
73658240
73658241
73658242
73658243
73658244
73658245
73658246
73658247
73658248
73658249
73658250
73658251
73658252
73658253
73658254
73658255
73658256
73658257
73658258
73658259
73658260
73658261
73658262
73658263
73658264
73658265
73658266
73658267
73658268
73658269
73658270
73658271
73658272
73658273
73658274
73658275
73658276
73658277
73658278
73658279
73658280
73658281
73658282
73658283
73658284
73658285
73658286
73658287
73658288
73658289
73658290
73658291
73658292
73658293
73658294
73658295
73658296
73658297
73658298
73658299
73658300
73658301
73658302
73658303
73658304
73658305
73658306
73658307
73658308
73658309
73658310
73658311
73658312
73658313
73658314
73658315
73658316
73658317
73658318
73658319
73658320
73658321
73658322
73658323
73658324
73658325
73658326
73658327
73658328
73658329
73658330
73658331
73658332
73658333
73658334
73658335
73658336
73658337
73658338
73658339
73658340
73658341
73658342
73658343
73658344
73658345
73658346
73658347
73658348
73658349
73658350
73658351
73658352
73658353
73658354
73658355
73658356
73658357
73658358
73658359
73658360
73658361
73658362
73658363
73658364
73658365
73658366
73658367
73658368
73658369
73658370
73658371
73658372
73658373
73658374
73658375
73658376
73658377
73658378
73658379
73658380
73658381
73658382
73658383
73658384
73658385
73658386
73658387
73658388
73658389
73658390
73658391
73658392
73658393
73658394
73658395
73658396
73658397
73658398
73658399
73658400
73658401
73658402
73658403
73658404
73658405
73658406
73658407
73658408
73658409
73658410
73658411
73658412
73658413
73658414
73658415
73658416
73658417
73658418
73658419
73658420
73658421
73658422
73658423
73658424
73658425
73658426
73658427
73658428
73658429
73658430
73658431
73658432
73658433
73658434
73658435
73658436
73658437
73658438
73658439
73658440
73658441
73658442
73658443
73658444
73658445
73658446
73658447
73658448
73658449
73658450
73658451
73658452
73658453
73658454
73658455
73658456
73658457
73658458
73658459
73658460
73658461
73658462
73658463
73658464
73658465
73658466
73658467
73658468
73658469
73658470
73658471
73658472
73658473
73658474
73658475
73658476
73658477
73658478
73658479
73658480
73658481
73658482
73658483
73658484
73658485
73658486
73658487
73658488
73658489
73658490
73658491
73658492
73658493
73658494
73658495
73658496
73658497
73658498
73658499
73658500
73658501
73658502
73658503
73658504
73658505
73658506
73658507
73658508
73658509
73658510
73658511
73658512
73658513
73658514
73658515
73658516
73658517
73658518
73658519
73658520
73658521
73658522
73658523
73658524
73658525
73658526
73658527
73658528
73658529
73658530
73658531
73658532
73658533
73658534
73658535
73658536
73658537
73658538
73658539
73658540
73658541
73658542
73658543
73658544
73658545
73658546
73658547
73658548
73658549
73658550
73658551
73658552
73658553
73658554
73658555
73658556
73658557
73658558
73658559
73658560
73658561
73658562
73658563
73658564
73658565
73658566
73658567
73658568
73658569
73658570
73658571
73658572
73658573
73658574
73658575
73658576
73658577
73658578
73658579
73658580
73658581
73658582
73658583
73658584
73658585
73658586
73658587
73658588
73658589
73658590
73658591
73658592
73658593
73658594
73658595
73658596
73658597
73658598
73658599
73658600
73658601
73658602
73658603
73658604
73658605
73658606
73658607
73658608
73658609
73658610
73658611
73658612
73658613
73658614
73658615
73658616
73658617
73658618
73658619
73658620
73658621
73658622
73658623
73658624
73658625
73658626
73658627
73658628
73658629
73658630
73658631
73658632
73658633
73658634
73658635
73658636
73658637
73658638
73658639
73658640
73658641
73658642
73658643
73658644
73658645
73658646
73658647
73658648
73658649
73658650
73658651
73658652
73658653
73658654
73658655
73658656
73658657
73658658
73658659
73658660
73658661
73658662
73658663
73658664
73658665
73658666
73658667
73658668
73658669
73658670
73658671
73658672
73658673
73658674
73658675
73658676
73658677
73658678
73658679
73658680
73658681
73658682
73658683
73658684
73658685
73658686
73658687
73658688
73658689
73658690
73658691
73658692
73658693
73658694
73658695
73658696
73658697
73658698
73658699
73658700
73658701
73658702
73658703
73658704
73658705
73658706
73658707
73658708
73658709
73658710
73658711
73658712
73658713
73658714
73658715
73658716
73658717
73658718
73658719
73658720
73658721
73658722
73658723
73658724
73658725
73658726
73658727
73658728
73658729
73658730
73658731
73658732
73658733
73658734
73658735
73658736
73658737
73658738
73658739
73658740
73658741
73658742
73658743
73658744
73658745
73658746
73658747
73658748
73658749
73658750
73658751
73658752
73658753
73658754
73658755
73658756
73658757
73658758
73658759
73658760
73658761
73658762
73658763
73658764
73658765
73658766
73658767
73658768
73658769
73658770
73658771
73658772
73658773
73658774
73658775
73658776
73658777
73658778
73658779
73658780
73658781
73658782
73658783
73658784
73658785
73658786
73658787
73658788
73658789
73658790
73658791
73658792
73658793
73658794
73658795
73658796
73658797
73658798
73658799
73658800
73658801
73658802
73658803
73658804
73658805
73658806
73658807
73658808
73658809
73658810
73658811
73658812
73658813
73658814
73658815
73658816
73658817
73658818
73658819
73658820
73658821
73658822
73658823
73658824
73658825
73658826
73658827
73658828
73658829
73658830
73658831
73658832
73658833
73658834
73658835
73658836
73658837
73658838
73658839
73658840
73658841
73658842
73658843
73658844
73658845
73658846
73658847
73658848
73658849
73658850
73658851
73658852
73658853
73658854
73658855
73658856
73658857
73658858
73658859
73658860
73658861
73658862
73658863
73658864
73658865
73658866
73658867
73658868
73658869
73658870
73658871
73658872
73658873
73658874
73658875
73658876
73658877
73658878
73658879
73658880
73658881
73658882
73658883
73658884
73658885
73658886
73658887
73658888
73658889
