84598890
84598891
84598892
84598893
84598894
84598895
84598896
84598897
84598898
84598899
84598900
84598901
84598902
84598903
84598904
84598905
84598906
84598907
84598908
84598909
84598910
84598911
84598912
84598913
84598914
84598915
84598916
84598917
84598918
84598919
84598920
84598921
84598922
84598923
84598924
84598925
84598926
84598927
84598928
84598929
84598930
84598931
84598932
84598933
84598934
84598935
84598936
84598937
84598938
84598939
84598940
84598941
84598942
84598943
84598944
84598945
84598946
84598947
84598948
84598949
84598950
84598951
84598952
84598953
84598954
84598955
84598956
84598957
84598958
84598959
84598960
84598961
84598962
84598963
84598964
84598965
84598966
84598967
84598968
84598969
84598970
84598971
84598972
84598973
84598974
84598975
84598976
84598977
84598978
84598979
84598980
84598981
84598982
84598983
84598984
84598985
84598986
84598987
84598988
84598989
84598990
84598991
84598992
84598993
84598994
84598995
84598996
84598997
84598998
84598999
84599000
84599001
84599002
84599003
84599004
84599005
84599006
84599007
84599008
84599009
84599010
84599011
84599012
84599013
84599014
84599015
84599016
84599017
84599018
84599019
84599020
84599021
84599022
84599023
84599024
84599025
84599026
84599027
84599028
84599029
84599030
84599031
84599032
84599033
84599034
84599035
84599036
84599037
84599038
84599039
84599040
84599041
84599042
84599043
84599044
84599045
84599046
84599047
84599048
84599049
84599050
84599051
84599052
84599053
84599054
84599055
84599056
84599057
84599058
84599059
84599060
84599061
84599062
84599063
84599064
84599065
84599066
84599067
84599068
84599069
84599070
84599071
84599072
84599073
84599074
84599075
84599076
84599077
84599078
84599079
84599080
84599081
84599082
84599083
84599084
84599085
84599086
84599087
84599088
84599089
84599090
84599091
84599092
84599093
84599094
84599095
84599096
84599097
84599098
84599099
84599100
84599101
84599102
84599103
84599104
84599105
84599106
84599107
84599108
84599109
84599110
84599111
84599112
84599113
84599114
84599115
84599116
84599117
84599118
84599119
84599120
84599121
84599122
84599123
84599124
84599125
84599126
84599127
84599128
84599129
84599130
84599131
84599132
84599133
84599134
84599135
84599136
84599137
84599138
84599139
84599140
84599141
84599142
84599143
84599144
84599145
84599146
84599147
84599148
84599149
84599150
84599151
84599152
84599153
84599154
84599155
84599156
84599157
84599158
84599159
84599160
84599161
84599162
84599163
84599164
84599165
84599166
84599167
84599168
84599169
84599170
84599171
84599172
84599173
84599174
84599175
84599176
84599177
84599178
84599179
84599180
84599181
84599182
84599183
84599184
84599185
84599186
84599187
84599188
84599189
84599190
84599191
84599192
84599193
84599194
84599195
84599196
84599197
84599198
84599199
84599200
84599201
84599202
84599203
84599204
84599205
84599206
84599207
84599208
84599209
84599210
84599211
84599212
84599213
84599214
84599215
84599216
84599217
84599218
84599219
84599220
84599221
84599222
84599223
84599224
84599225
84599226
84599227
84599228
84599229
84599230
84599231
84599232
84599233
84599234
84599235
84599236
84599237
84599238
84599239
84599240
84599241
84599242
84599243
84599244
84599245
84599246
84599247
84599248
84599249
84599250
84599251
84599252
84599253
84599254
84599255
84599256
84599257
84599258
84599259
84599260
84599261
84599262
84599263
84599264
84599265
84599266
84599267
84599268
84599269
84599270
84599271
84599272
84599273
84599274
84599275
84599276
84599277
84599278
84599279
84599280
84599281
84599282
84599283
84599284
84599285
84599286
84599287
84599288
84599289
84599290
84599291
84599292
84599293
84599294
84599295
84599296
84599297
84599298
84599299
84599300
84599301
84599302
84599303
84599304
84599305
84599306
84599307
84599308
84599309
84599310
84599311
84599312
84599313
84599314
84599315
84599316
84599317
84599318
84599319
84599320
84599321
84599322
84599323
84599324
84599325
84599326
84599327
84599328
84599329
84599330
84599331
84599332
84599333
84599334
84599335
84599336
84599337
84599338
84599339
84599340
84599341
84599342
84599343
84599344
84599345
84599346
84599347
84599348
84599349
84599350
84599351
84599352
84599353
84599354
84599355
84599356
84599357
84599358
84599359
84599360
84599361
84599362
84599363
84599364
84599365
84599366
84599367
84599368
84599369
84599370
84599371
84599372
84599373
84599374
84599375
84599376
84599377
84599378
84599379
84599380
84599381
84599382
84599383
84599384
84599385
84599386
84599387
84599388
84599389
84599390
84599391
84599392
84599393
84599394
84599395
84599396
84599397
84599398
84599399
84599400
84599401
84599402
84599403
84599404
84599405
84599406
84599407
84599408
84599409
84599410
84599411
84599412
84599413
84599414
84599415
84599416
84599417
84599418
84599419
84599420
84599421
84599422
84599423
84599424
84599425
84599426
84599427
84599428
84599429
84599430
84599431
84599432
84599433
84599434
84599435
84599436
84599437
84599438
84599439
84599440
84599441
84599442
84599443
84599444
84599445
84599446
84599447
84599448
84599449
84599450
84599451
84599452
84599453
84599454
84599455
84599456
84599457
84599458
84599459
84599460
84599461
84599462
84599463
84599464
84599465
84599466
84599467
84599468
84599469
84599470
84599471
84599472
84599473
84599474
84599475
84599476
84599477
84599478
84599479
84599480
84599481
84599482
84599483
84599484
84599485
84599486
84599487
84599488
84599489
84599490
84599491
84599492
84599493
84599494
84599495
84599496
84599497
84599498
84599499
84599500
84599501
84599502
84599503
84599504
84599505
84599506
84599507
84599508
84599509
84599510
84599511
84599512
84599513
84599514
84599515
84599516
84599517
84599518
84599519
84599520
84599521
84599522
84599523
84599524
84599525
84599526
84599527
84599528
84599529
84599530
84599531
84599532
84599533
84599534
84599535
84599536
84599537
84599538
84599539
84599540
84599541
84599542
84599543
84599544
84599545
84599546
84599547
84599548
84599549
84599550
84599551
84599552
84599553
84599554
84599555
84599556
84599557
84599558
84599559
84599560
84599561
84599562
84599563
84599564
84599565
84599566
84599567
84599568
84599569
84599570
84599571
84599572
84599573
84599574
84599575
84599576
84599577
84599578
84599579
84599580
84599581
84599582
84599583
84599584
84599585
84599586
84599587
84599588
84599589
84599590
84599591
84599592
84599593
84599594
84599595
84599596
84599597
84599598
84599599
84599600
84599601
84599602
84599603
84599604
84599605
84599606
84599607
84599608
84599609
84599610
84599611
84599612
84599613
84599614
84599615
84599616
84599617
84599618
84599619
84599620
84599621
84599622
84599623
84599624
84599625
84599626
84599627
84599628
84599629
84599630
84599631
84599632
84599633
84599634
84599635
84599636
84599637
84599638
84599639
84599640
84599641
84599642
84599643
84599644
84599645
84599646
84599647
84599648
84599649
84599650
84599651
84599652
84599653
84599654
84599655
84599656
84599657
84599658
84599659
84599660
84599661
84599662
84599663
84599664
84599665
84599666
84599667
84599668
84599669
84599670
84599671
84599672
84599673
84599674
84599675
84599676
84599677
84599678
84599679
84599680
84599681
84599682
84599683
84599684
84599685
84599686
84599687
84599688
84599689
84599690
84599691
84599692
84599693
84599694
84599695
84599696
84599697
84599698
84599699
84599700
84599701
84599702
84599703
84599704
84599705
84599706
84599707
84599708
84599709
84599710
84599711
84599712
84599713
84599714
84599715
84599716
84599717
84599718
84599719
84599720
84599721
84599722
84599723
84599724
84599725
84599726
84599727
84599728
84599729
84599730
84599731
84599732
84599733
84599734
84599735
84599736
84599737
84599738
84599739
84599740
84599741
84599742
84599743
84599744
84599745
84599746
84599747
84599748
84599749
84599750
84599751
84599752
84599753
84599754
84599755
84599756
84599757
84599758
84599759
84599760
84599761
84599762
84599763
84599764
84599765
84599766
84599767
84599768
84599769
84599770
84599771
84599772
84599773
84599774
84599775
84599776
84599777
84599778
84599779
84599780
84599781
84599782
84599783
84599784
84599785
84599786
84599787
84599788
84599789
84599790
84599791
84599792
84599793
84599794
84599795
84599796
84599797
84599798
84599799
84599800
84599801
84599802
84599803
84599804
84599805
84599806
84599807
84599808
84599809
84599810
84599811
84599812
84599813
84599814
84599815
84599816
84599817
84599818
84599819
84599820
84599821
84599822
84599823
84599824
84599825
84599826
84599827
84599828
84599829
84599830
84599831
84599832
84599833
84599834
84599835
84599836
84599837
84599838
84599839
84599840
84599841
84599842
84599843
84599844
84599845
84599846
84599847
84599848
84599849
84599850
84599851
84599852
84599853
84599854
84599855
84599856
84599857
84599858
84599859
84599860
84599861
84599862
84599863
84599864
84599865
84599866
84599867
84599868
84599869
84599870
84599871
84599872
84599873
84599874
84599875
84599876
84599877
84599878
84599879
84599880
84599881
84599882
84599883
84599884
84599885
84599886
84599887
84599888
84599889
84599890
84599891
84599892
84599893
84599894
84599895
84599896
84599897
84599898
84599899
84599900
84599901
84599902
84599903
84599904
84599905
84599906
84599907
84599908
84599909
84599910
84599911
84599912
84599913
84599914
84599915
84599916
84599917
84599918
84599919
84599920
84599921
84599922
84599923
84599924
84599925
84599926
84599927
84599928
84599929
84599930
84599931
84599932
84599933
84599934
84599935
84599936
84599937
84599938
84599939
84599940
84599941
84599942
84599943
84599944
84599945
84599946
84599947
84599948
84599949
84599950
84599951
84599952
84599953
84599954
84599955
84599956
84599957
84599958
84599959
84599960
84599961
84599962
84599963
84599964
84599965
84599966
84599967
84599968
84599969
84599970
84599971
84599972
84599973
84599974
84599975
84599976
84599977
84599978
84599979
84599980
84599981
84599982
84599983
84599984
84599985
84599986
84599987
84599988
84599989
84599990
84599991
84599992
84599993
84599994
84599995
84599996
84599997
84599998
84599999
84600000
84600001
84600002
84600003
84600004
84600005
84600006
84600007
84600008
84600009
84600010
84600011
84600012
84600013
84600014
84600015
84600016
84600017
84600018
84600019
84600020
84600021
84600022
84600023
84600024
84600025
84600026
84600027
84600028
84600029
84600030
84600031
84600032
84600033
84600034
84600035
84600036
84600037
84600038
84600039
84600040
84600041
84600042
84600043
84600044
84600045
84600046
84600047
84600048
84600049
84600050
84600051
84600052
84600053
84600054
84600055
84600056
84600057
84600058
84600059
84600060
84600061
84600062
84600063
84600064
84600065
84600066
84600067
84600068
84600069
84600070
84600071
84600072
84600073
84600074
84600075
84600076
84600077
84600078
84600079
84600080
84600081
84600082
84600083
84600084
84600085
84600086
84600087
84600088
84600089
84600090
84600091
84600092
84600093
84600094
84600095
84600096
84600097
84600098
84600099
84600100
84600101
84600102
84600103
84600104
84600105
84600106
84600107
84600108
84600109
84600110
84600111
84600112
84600113
84600114
84600115
84600116
84600117
84600118
84600119
84600120
84600121
84600122
84600123
84600124
84600125
84600126
84600127
84600128
84600129
84600130
84600131
84600132
84600133
84600134
84600135
84600136
84600137
84600138
84600139
84600140
84600141
84600142
84600143
84600144
84600145
84600146
84600147
84600148
84600149
84600150
84600151
84600152
84600153
84600154
84600155
84600156
84600157
84600158
84600159
84600160
84600161
84600162
84600163
84600164
84600165
84600166
84600167
84600168
84600169
84600170
84600171
84600172
84600173
84600174
84600175
84600176
84600177
84600178
84600179
84600180
84600181
84600182
84600183
84600184
84600185
84600186
84600187
84600188
84600189
84600190
84600191
84600192
84600193
84600194
84600195
84600196
84600197
84600198
84600199
84600200
84600201
84600202
84600203
84600204
84600205
84600206
84600207
84600208
84600209
84600210
84600211
84600212
84600213
84600214
84600215
84600216
84600217
84600218
84600219
84600220
84600221
84600222
84600223
84600224
84600225
84600226
84600227
84600228
84600229
84600230
84600231
84600232
84600233
84600234
84600235
84600236
84600237
84600238
84600239
84600240
84600241
84600242
84600243
84600244
84600245
84600246
84600247
84600248
84600249
84600250
84600251
84600252
84600253
84600254
84600255
84600256
84600257
84600258
84600259
84600260
84600261
84600262
84600263
84600264
84600265
84600266
84600267
84600268
84600269
84600270
84600271
84600272
84600273
84600274
84600275
84600276
84600277
84600278
84600279
84600280
84600281
84600282
84600283
84600284
84600285
84600286
84600287
84600288
84600289
84600290
84600291
84600292
84600293
84600294
84600295
84600296
84600297
84600298
84600299
84600300
84600301
84600302
84600303
84600304
84600305
84600306
84600307
84600308
84600309
84600310
84600311
84600312
84600313
84600314
84600315
84600316
84600317
84600318
84600319
84600320
84600321
84600322
84600323
84600324
84600325
84600326
84600327
84600328
84600329
84600330
84600331
84600332
84600333
84600334
84600335
84600336
84600337
84600338
84600339
84600340
84600341
84600342
84600343
84600344
84600345
84600346
84600347
84600348
84600349
84600350
84600351
84600352
84600353
84600354
84600355
84600356
84600357
84600358
84600359
84600360
84600361
84600362
84600363
84600364
84600365
84600366
84600367
84600368
84600369
84600370
84600371
84600372
84600373
84600374
84600375
84600376
84600377
84600378
84600379
84600380
84600381
84600382
84600383
84600384
84600385
84600386
84600387
84600388
84600389
84600390
84600391
84600392
84600393
84600394
84600395
84600396
84600397
84600398
84600399
84600400
84600401
84600402
84600403
84600404
84600405
84600406
84600407
84600408
84600409
84600410
84600411
84600412
84600413
84600414
84600415
84600416
84600417
84600418
84600419
84600420
84600421
84600422
84600423
84600424
84600425
84600426
84600427
84600428
84600429
84600430
84600431
84600432
84600433
84600434
84600435
84600436
84600437
84600438
84600439
84600440
84600441
84600442
84600443
84600444
84600445
84600446
84600447
84600448
84600449
84600450
84600451
84600452
84600453
84600454
84600455
84600456
84600457
84600458
84600459
84600460
84600461
84600462
84600463
84600464
84600465
84600466
84600467
84600468
84600469
84600470
84600471
84600472
84600473
84600474
84600475
84600476
84600477
84600478
84600479
84600480
84600481
84600482
84600483
84600484
84600485
84600486
84600487
84600488
84600489
84600490
84600491
84600492
84600493
84600494
84600495
84600496
84600497
84600498
84600499
84600500
84600501
84600502
84600503
84600504
84600505
84600506
84600507
84600508
84600509
84600510
84600511
84600512
84600513
84600514
84600515
84600516
84600517
84600518
84600519
84600520
84600521
84600522
84600523
84600524
84600525
84600526
84600527
84600528
84600529
84600530
84600531
84600532
84600533
84600534
84600535
84600536
84600537
84600538
84600539
84600540
84600541
84600542
84600543
84600544
84600545
84600546
84600547
84600548
84600549
84600550
84600551
84600552
84600553
84600554
84600555
84600556
84600557
84600558
84600559
84600560
84600561
84600562
84600563
84600564
84600565
84600566
84600567
84600568
84600569
84600570
84600571
84600572
84600573
84600574
84600575
84600576
84600577
84600578
84600579
84600580
84600581
84600582
84600583
84600584
84600585
84600586
84600587
84600588
84600589
84600590
84600591
84600592
84600593
84600594
84600595
84600596
84600597
84600598
84600599
84600600
84600601
84600602
84600603
84600604
84600605
84600606
84600607
84600608
84600609
84600610
84600611
84600612
84600613
84600614
84600615
84600616
84600617
84600618
84600619
84600620
84600621
84600622
84600623
84600624
84600625
84600626
84600627
84600628
84600629
84600630
84600631
84600632
84600633
84600634
84600635
84600636
84600637
84600638
84600639
84600640
84600641
84600642
84600643
84600644
84600645
84600646
84600647
84600648
84600649
84600650
84600651
84600652
84600653
84600654
84600655
84600656
84600657
84600658
84600659
84600660
84600661
84600662
84600663
84600664
84600665
84600666
84600667
84600668
84600669
84600670
84600671
84600672
84600673
84600674
84600675
84600676
84600677
84600678
84600679
84600680
84600681
84600682
84600683
84600684
84600685
84600686
84600687
84600688
84600689
84600690
84600691
84600692
84600693
84600694
84600695
84600696
84600697
84600698
84600699
84600700
84600701
84600702
84600703
84600704
84600705
84600706
84600707
84600708
84600709
84600710
84600711
84600712
84600713
84600714
84600715
84600716
84600717
84600718
84600719
84600720
84600721
84600722
84600723
84600724
84600725
84600726
84600727
84600728
84600729
84600730
84600731
84600732
84600733
84600734
84600735
84600736
84600737
84600738
84600739
84600740
84600741
84600742
84600743
84600744
84600745
84600746
84600747
84600748
84600749
84600750
84600751
84600752
84600753
84600754
84600755
84600756
84600757
84600758
84600759
84600760
84600761
84600762
84600763
84600764
84600765
84600766
84600767
84600768
84600769
84600770
84600771
84600772
84600773
84600774
84600775
84600776
84600777
84600778
84600779
84600780
84600781
84600782
84600783
84600784
84600785
84600786
84600787
84600788
84600789
84600790
84600791
84600792
84600793
84600794
84600795
84600796
84600797
84600798
84600799
84600800
84600801
84600802
84600803
84600804
84600805
84600806
84600807
84600808
84600809
84600810
84600811
84600812
84600813
84600814
84600815
84600816
84600817
84600818
84600819
84600820
84600821
84600822
84600823
84600824
84600825
84600826
84600827
84600828
84600829
84600830
84600831
84600832
84600833
84600834
84600835
84600836
84600837
84600838
84600839
84600840
84600841
84600842
84600843
84600844
84600845
84600846
84600847
84600848
84600849
84600850
84600851
84600852
84600853
84600854
84600855
84600856
84600857
84600858
84600859
84600860
84600861
84600862
84600863
84600864
84600865
84600866
84600867
84600868
84600869
84600870
84600871
84600872
84600873
84600874
84600875
84600876
84600877
84600878
84600879
84600880
84600881
84600882
84600883
84600884
84600885
84600886
84600887
84600888
84600889
84600890
84600891
84600892
84600893
84600894
84600895
84600896
84600897
84600898
84600899
84600900
84600901
84600902
84600903
84600904
84600905
84600906
84600907
84600908
84600909
84600910
84600911
84600912
84600913
84600914
84600915
84600916
84600917
84600918
84600919
84600920
84600921
84600922
84600923
84600924
84600925
84600926
84600927
84600928
84600929
84600930
84600931
84600932
84600933
84600934
84600935
84600936
84600937
84600938
84600939
84600940
84600941
84600942
84600943
84600944
84600945
84600946
84600947
84600948
84600949
84600950
84600951
84600952
84600953
84600954
84600955
84600956
84600957
84600958
84600959
84600960
84600961
84600962
84600963
84600964
84600965
84600966
84600967
84600968
84600969
84600970
84600971
84600972
84600973
84600974
84600975
84600976
84600977
84600978
84600979
84600980
84600981
84600982
84600983
84600984
84600985
84600986
84600987
84600988
84600989
84600990
84600991
84600992
84600993
84600994
84600995
84600996
84600997
84600998
84600999
84601000
84601001
84601002
84601003
84601004
84601005
84601006
84601007
84601008
84601009
84601010
84601011
84601012
84601013
84601014
84601015
84601016
84601017
84601018
84601019
84601020
84601021
84601022
84601023
84601024
84601025
84601026
84601027
84601028
84601029
84601030
84601031
84601032
84601033
84601034
84601035
84601036
84601037
84601038
84601039
84601040
84601041
84601042
84601043
84601044
84601045
84601046
84601047
84601048
84601049
84601050
84601051
84601052
84601053
84601054
84601055
84601056
84601057
84601058
84601059
84601060
84601061
84601062
84601063
84601064
84601065
84601066
84601067
84601068
84601069
84601070
84601071
84601072
84601073
84601074
84601075
84601076
84601077
84601078
84601079
84601080
84601081
84601082
84601083
84601084
84601085
84601086
84601087
84601088
84601089
84601090
84601091
84601092
84601093
84601094
84601095
84601096
84601097
84601098
84601099
84601100
84601101
84601102
84601103
84601104
84601105
84601106
84601107
84601108
84601109
84601110
84601111
84601112
84601113
84601114
84601115
84601116
84601117
84601118
84601119
84601120
84601121
84601122
84601123
84601124
84601125
84601126
84601127
84601128
84601129
84601130
84601131
84601132
84601133
84601134
84601135
84601136
84601137
84601138
84601139
84601140
84601141
84601142
84601143
84601144
84601145
84601146
84601147
84601148
84601149
84601150
84601151
84601152
84601153
84601154
84601155
84601156
84601157
84601158
84601159
84601160
84601161
84601162
84601163
84601164
84601165
84601166
84601167
84601168
84601169
84601170
84601171
84601172
84601173
84601174
84601175
84601176
84601177
84601178
84601179
84601180
84601181
84601182
84601183
84601184
84601185
84601186
84601187
84601188
84601189
84601190
84601191
84601192
84601193
84601194
84601195
84601196
84601197
84601198
84601199
84601200
84601201
84601202
84601203
84601204
84601205
84601206
84601207
84601208
84601209
84601210
84601211
84601212
84601213
84601214
84601215
84601216
84601217
84601218
84601219
84601220
84601221
84601222
84601223
84601224
84601225
84601226
84601227
84601228
84601229
84601230
84601231
84601232
84601233
84601234
84601235
84601236
84601237
84601238
84601239
84601240
84601241
84601242
84601243
84601244
84601245
84601246
84601247
84601248
84601249
84601250
84601251
84601252
84601253
84601254
84601255
84601256
84601257
84601258
84601259
84601260
84601261
84601262
84601263
84601264
84601265
84601266
84601267
84601268
84601269
84601270
84601271
84601272
84601273
84601274
84601275
84601276
84601277
84601278
84601279
84601280
84601281
84601282
84601283
84601284
84601285
84601286
84601287
84601288
84601289
84601290
84601291
84601292
84601293
84601294
84601295
84601296
84601297
84601298
84601299
84601300
84601301
84601302
84601303
84601304
84601305
84601306
84601307
84601308
84601309
84601310
84601311
84601312
84601313
84601314
84601315
84601316
84601317
84601318
84601319
84601320
84601321
84601322
84601323
84601324
84601325
84601326
84601327
84601328
84601329
84601330
84601331
84601332
84601333
84601334
84601335
84601336
84601337
84601338
84601339
84601340
84601341
84601342
84601343
84601344
84601345
84601346
84601347
84601348
84601349
84601350
84601351
84601352
84601353
84601354
84601355
84601356
84601357
84601358
84601359
84601360
84601361
84601362
84601363
84601364
84601365
84601366
84601367
84601368
84601369
84601370
84601371
84601372
84601373
84601374
84601375
84601376
84601377
84601378
84601379
84601380
84601381
84601382
84601383
84601384
84601385
84601386
84601387
84601388
84601389
84601390
84601391
84601392
84601393
84601394
84601395
84601396
84601397
84601398
84601399
84601400
84601401
84601402
84601403
84601404
84601405
84601406
84601407
84601408
84601409
84601410
84601411
84601412
84601413
84601414
84601415
84601416
84601417
84601418
84601419
84601420
84601421
84601422
84601423
84601424
84601425
84601426
84601427
84601428
84601429
84601430
84601431
84601432
84601433
84601434
84601435
84601436
84601437
84601438
84601439
84601440
84601441
84601442
84601443
84601444
84601445
84601446
84601447
84601448
84601449
84601450
84601451
84601452
84601453
84601454
84601455
84601456
84601457
84601458
84601459
84601460
84601461
84601462
84601463
84601464
84601465
84601466
84601467
84601468
84601469
84601470
84601471
84601472
84601473
84601474
84601475
84601476
84601477
84601478
84601479
84601480
84601481
84601482
84601483
84601484
84601485
84601486
84601487
84601488
84601489
84601490
84601491
84601492
84601493
84601494
84601495
84601496
84601497
84601498
84601499
84601500
84601501
84601502
84601503
84601504
84601505
84601506
84601507
84601508
84601509
84601510
84601511
84601512
84601513
84601514
84601515
84601516
84601517
84601518
84601519
84601520
84601521
84601522
84601523
84601524
84601525
84601526
84601527
84601528
84601529
84601530
84601531
84601532
84601533
84601534
84601535
84601536
84601537
84601538
84601539
84601540
84601541
84601542
84601543
84601544
84601545
84601546
84601547
84601548
84601549
84601550
84601551
84601552
84601553
84601554
84601555
84601556
84601557
84601558
84601559
84601560
84601561
84601562
84601563
84601564
84601565
84601566
84601567
84601568
84601569
84601570
84601571
84601572
84601573
84601574
84601575
84601576
84601577
84601578
84601579
84601580
84601581
84601582
84601583
84601584
84601585
84601586
84601587
84601588
84601589
84601590
84601591
84601592
84601593
84601594
84601595
84601596
84601597
84601598
84601599
84601600
84601601
84601602
84601603
84601604
84601605
84601606
84601607
84601608
84601609
84601610
84601611
84601612
84601613
84601614
84601615
84601616
84601617
84601618
84601619
84601620
84601621
84601622
84601623
84601624
84601625
84601626
84601627
84601628
84601629
84601630
84601631
84601632
84601633
84601634
84601635
84601636
84601637
84601638
84601639
84601640
84601641
84601642
84601643
84601644
84601645
84601646
84601647
84601648
84601649
84601650
84601651
84601652
84601653
84601654
84601655
84601656
84601657
84601658
84601659
84601660
84601661
84601662
84601663
84601664
84601665
84601666
84601667
84601668
84601669
84601670
84601671
84601672
84601673
84601674
84601675
84601676
84601677
84601678
84601679
84601680
84601681
84601682
84601683
84601684
84601685
84601686
84601687
84601688
84601689
84601690
84601691
84601692
84601693
84601694
84601695
84601696
84601697
84601698
84601699
84601700
84601701
84601702
84601703
84601704
84601705
84601706
84601707
84601708
84601709
84601710
84601711
84601712
84601713
84601714
84601715
84601716
84601717
84601718
84601719
84601720
84601721
84601722
84601723
84601724
84601725
84601726
84601727
84601728
84601729
84601730
84601731
84601732
84601733
84601734
84601735
84601736
84601737
84601738
84601739
84601740
84601741
84601742
84601743
84601744
84601745
84601746
84601747
84601748
84601749
84601750
84601751
84601752
84601753
84601754
84601755
84601756
84601757
84601758
84601759
84601760
84601761
84601762
84601763
84601764
84601765
84601766
84601767
84601768
84601769
84601770
84601771
84601772
84601773
84601774
84601775
84601776
84601777
84601778
84601779
84601780
84601781
84601782
84601783
84601784
84601785
84601786
84601787
84601788
84601789
84601790
84601791
84601792
84601793
84601794
84601795
84601796
84601797
84601798
84601799
84601800
84601801
84601802
84601803
84601804
84601805
84601806
84601807
84601808
84601809
84601810
84601811
84601812
84601813
84601814
84601815
84601816
84601817
84601818
84601819
84601820
84601821
84601822
84601823
84601824
84601825
84601826
84601827
84601828
84601829
84601830
84601831
84601832
84601833
84601834
84601835
84601836
84601837
84601838
84601839
84601840
84601841
84601842
84601843
84601844
84601845
84601846
84601847
84601848
84601849
84601850
84601851
84601852
84601853
84601854
84601855
84601856
84601857
84601858
84601859
84601860
84601861
84601862
84601863
84601864
84601865
84601866
84601867
84601868
84601869
84601870
84601871
84601872
84601873
84601874
84601875
84601876
84601877
84601878
84601879
84601880
84601881
84601882
84601883
84601884
84601885
84601886
84601887
84601888
84601889
84601890
84601891
84601892
84601893
84601894
84601895
84601896
84601897
84601898
84601899
84601900
84601901
84601902
84601903
84601904
84601905
84601906
84601907
84601908
84601909
84601910
84601911
84601912
84601913
84601914
84601915
84601916
84601917
84601918
84601919
84601920
84601921
84601922
84601923
84601924
84601925
84601926
84601927
84601928
84601929
84601930
84601931
84601932
84601933
84601934
84601935
84601936
84601937
84601938
84601939
84601940
84601941
84601942
84601943
84601944
84601945
84601946
84601947
84601948
84601949
84601950
84601951
84601952
84601953
84601954
84601955
84601956
84601957
84601958
84601959
84601960
84601961
84601962
84601963
84601964
84601965
84601966
84601967
84601968
84601969
84601970
84601971
84601972
84601973
84601974
84601975
84601976
84601977
84601978
84601979
84601980
84601981
84601982
84601983
84601984
84601985
84601986
84601987
84601988
84601989
84601990
84601991
84601992
84601993
84601994
84601995
84601996
84601997
84601998
84601999
84602000
84602001
84602002
84602003
84602004
84602005
84602006
84602007
84602008
84602009
84602010
84602011
84602012
84602013
84602014
84602015
84602016
84602017
84602018
84602019
84602020
84602021
84602022
84602023
84602024
84602025
84602026
84602027
84602028
84602029
84602030
84602031
84602032
84602033
84602034
84602035
84602036
84602037
84602038
84602039
84602040
84602041
84602042
84602043
84602044
84602045
84602046
84602047
84602048
84602049
84602050
84602051
84602052
84602053
84602054
84602055
84602056
84602057
84602058
84602059
84602060
84602061
84602062
84602063
84602064
84602065
84602066
84602067
84602068
84602069
84602070
84602071
84602072
84602073
84602074
84602075
84602076
84602077
84602078
84602079
84602080
84602081
84602082
84602083
84602084
84602085
84602086
84602087
84602088
84602089
84602090
84602091
84602092
84602093
84602094
84602095
84602096
84602097
84602098
84602099
84602100
84602101
84602102
84602103
84602104
84602105
84602106
84602107
84602108
84602109
84602110
84602111
84602112
84602113
84602114
84602115
84602116
84602117
84602118
84602119
84602120
84602121
84602122
84602123
84602124
84602125
84602126
84602127
84602128
84602129
84602130
84602131
84602132
84602133
84602134
84602135
84602136
84602137
84602138
84602139
84602140
84602141
84602142
84602143
84602144
84602145
84602146
84602147
84602148
84602149
84602150
84602151
84602152
84602153
84602154
84602155
84602156
84602157
84602158
84602159
84602160
84602161
84602162
84602163
84602164
84602165
84602166
84602167
84602168
84602169
84602170
84602171
84602172
84602173
84602174
84602175
84602176
84602177
84602178
84602179
84602180
84602181
84602182
84602183
84602184
84602185
84602186
84602187
84602188
84602189
84602190
84602191
84602192
84602193
84602194
84602195
84602196
84602197
84602198
84602199
84602200
84602201
84602202
84602203
84602204
84602205
84602206
84602207
84602208
84602209
84602210
84602211
84602212
84602213
84602214
84602215
84602216
84602217
84602218
84602219
84602220
84602221
84602222
84602223
84602224
84602225
84602226
84602227
84602228
84602229
84602230
84602231
84602232
84602233
84602234
84602235
84602236
84602237
84602238
84602239
84602240
84602241
84602242
84602243
84602244
84602245
84602246
84602247
84602248
84602249
84602250
84602251
84602252
84602253
84602254
84602255
84602256
84602257
84602258
84602259
84602260
84602261
84602262
84602263
84602264
84602265
84602266
84602267
84602268
84602269
84602270
84602271
84602272
84602273
84602274
84602275
84602276
84602277
84602278
84602279
84602280
84602281
84602282
84602283
84602284
84602285
84602286
84602287
84602288
84602289
84602290
84602291
84602292
84602293
84602294
84602295
84602296
84602297
84602298
84602299
84602300
84602301
84602302
84602303
84602304
84602305
84602306
84602307
84602308
84602309
84602310
84602311
84602312
84602313
84602314
84602315
84602316
84602317
84602318
84602319
84602320
84602321
84602322
84602323
84602324
84602325
84602326
84602327
84602328
84602329
84602330
84602331
84602332
84602333
84602334
84602335
84602336
84602337
84602338
84602339
84602340
84602341
84602342
84602343
84602344
84602345
84602346
84602347
84602348
84602349
84602350
84602351
84602352
84602353
84602354
84602355
84602356
84602357
84602358
84602359
84602360
84602361
84602362
84602363
84602364
84602365
84602366
84602367
84602368
84602369
84602370
84602371
84602372
84602373
84602374
84602375
84602376
84602377
84602378
84602379
84602380
84602381
84602382
84602383
84602384
84602385
84602386
84602387
84602388
84602389
84602390
84602391
84602392
84602393
84602394
84602395
84602396
84602397
84602398
84602399
84602400
84602401
84602402
84602403
84602404
84602405
84602406
84602407
84602408
84602409
84602410
84602411
84602412
84602413
84602414
84602415
84602416
84602417
84602418
84602419
84602420
84602421
84602422
84602423
84602424
84602425
84602426
84602427
84602428
84602429
84602430
84602431
84602432
84602433
84602434
84602435
84602436
84602437
84602438
84602439
84602440
84602441
84602442
84602443
84602444
84602445
84602446
84602447
84602448
84602449
84602450
84602451
84602452
84602453
84602454
84602455
84602456
84602457
84602458
84602459
84602460
84602461
84602462
84602463
84602464
84602465
84602466
84602467
84602468
84602469
84602470
84602471
84602472
84602473
84602474
84602475
84602476
84602477
84602478
84602479
84602480
84602481
84602482
84602483
84602484
84602485
84602486
84602487
84602488
84602489
84602490
84602491
84602492
84602493
84602494
84602495
84602496
84602497
84602498
84602499
84602500
84602501
84602502
84602503
84602504
84602505
84602506
84602507
84602508
84602509
84602510
84602511
84602512
84602513
84602514
84602515
84602516
84602517
84602518
84602519
84602520
84602521
84602522
84602523
84602524
84602525
84602526
84602527
84602528
84602529
84602530
84602531
84602532
84602533
84602534
84602535
84602536
84602537
84602538
84602539
84602540
84602541
84602542
84602543
84602544
84602545
84602546
84602547
84602548
84602549
84602550
84602551
84602552
84602553
84602554
84602555
84602556
84602557
84602558
84602559
84602560
84602561
84602562
84602563
84602564
84602565
84602566
84602567
84602568
84602569
84602570
84602571
84602572
84602573
84602574
84602575
84602576
84602577
84602578
84602579
84602580
84602581
84602582
84602583
84602584
84602585
84602586
84602587
84602588
84602589
84602590
84602591
84602592
84602593
84602594
84602595
84602596
84602597
84602598
84602599
84602600
84602601
84602602
84602603
84602604
84602605
84602606
84602607
84602608
84602609
84602610
84602611
84602612
84602613
84602614
84602615
84602616
84602617
84602618
84602619
84602620
84602621
84602622
84602623
84602624
84602625
84602626
84602627
84602628
84602629
84602630
84602631
84602632
84602633
84602634
84602635
84602636
84602637
84602638
84602639
84602640
84602641
84602642
84602643
84602644
84602645
84602646
84602647
84602648
84602649
84602650
84602651
84602652
84602653
84602654
84602655
84602656
84602657
84602658
84602659
84602660
84602661
84602662
84602663
84602664
84602665
84602666
84602667
84602668
84602669
84602670
84602671
84602672
84602673
84602674
84602675
84602676
84602677
84602678
84602679
84602680
84602681
84602682
84602683
84602684
84602685
84602686
84602687
84602688
84602689
84602690
84602691
84602692
84602693
84602694
84602695
84602696
84602697
84602698
84602699
84602700
84602701
84602702
84602703
84602704
84602705
84602706
84602707
84602708
84602709
84602710
84602711
84602712
84602713
84602714
84602715
84602716
84602717
84602718
84602719
84602720
84602721
84602722
84602723
84602724
84602725
84602726
84602727
84602728
84602729
84602730
84602731
84602732
84602733
84602734
84602735
84602736
84602737
84602738
84602739
84602740
84602741
84602742
84602743
84602744
84602745
84602746
84602747
84602748
84602749
84602750
84602751
84602752
84602753
84602754
84602755
84602756
84602757
84602758
84602759
84602760
84602761
84602762
84602763
84602764
84602765
84602766
84602767
84602768
84602769
84602770
84602771
84602772
84602773
84602774
84602775
84602776
84602777
84602778
84602779
84602780
84602781
84602782
84602783
84602784
84602785
84602786
84602787
84602788
84602789
84602790
84602791
84602792
84602793
84602794
84602795
84602796
84602797
84602798
84602799
84602800
84602801
84602802
84602803
84602804
84602805
84602806
84602807
84602808
84602809
84602810
84602811
84602812
84602813
84602814
84602815
84602816
84602817
84602818
84602819
84602820
84602821
84602822
84602823
84602824
84602825
84602826
84602827
84602828
84602829
84602830
84602831
84602832
84602833
84602834
84602835
84602836
84602837
84602838
84602839
84602840
84602841
84602842
84602843
84602844
84602845
84602846
84602847
84602848
84602849
84602850
84602851
84602852
84602853
84602854
84602855
84602856
84602857
84602858
84602859
84602860
84602861
84602862
84602863
84602864
84602865
84602866
84602867
84602868
84602869
84602870
84602871
84602872
84602873
84602874
84602875
84602876
84602877
84602878
84602879
84602880
84602881
84602882
84602883
84602884
84602885
84602886
84602887
84602888
84602889
84602890
84602891
84602892
84602893
84602894
84602895
84602896
84602897
84602898
84602899
84602900
84602901
84602902
84602903
84602904
84602905
84602906
84602907
84602908
84602909
84602910
84602911
84602912
84602913
84602914
84602915
84602916
84602917
84602918
84602919
84602920
84602921
84602922
84602923
84602924
84602925
84602926
84602927
84602928
84602929
84602930
84602931
84602932
84602933
84602934
84602935
84602936
84602937
84602938
84602939
84602940
84602941
84602942
84602943
84602944
84602945
84602946
84602947
84602948
84602949
84602950
84602951
84602952
84602953
84602954
84602955
84602956
84602957
84602958
84602959
84602960
84602961
84602962
84602963
84602964
84602965
84602966
84602967
84602968
84602969
84602970
84602971
84602972
84602973
84602974
84602975
84602976
84602977
84602978
84602979
84602980
84602981
84602982
84602983
84602984
84602985
84602986
84602987
84602988
84602989
84602990
84602991
84602992
84602993
84602994
84602995
84602996
84602997
84602998
84602999
84603000
84603001
84603002
84603003
84603004
84603005
84603006
84603007
84603008
84603009
84603010
84603011
84603012
84603013
84603014
84603015
84603016
84603017
84603018
84603019
84603020
84603021
84603022
84603023
84603024
84603025
84603026
84603027
84603028
84603029
84603030
84603031
84603032
84603033
84603034
84603035
84603036
84603037
84603038
84603039
84603040
84603041
84603042
84603043
84603044
84603045
84603046
84603047
84603048
84603049
84603050
84603051
84603052
84603053
84603054
84603055
84603056
84603057
84603058
84603059
84603060
84603061
84603062
84603063
84603064
84603065
84603066
84603067
84603068
84603069
84603070
84603071
84603072
84603073
84603074
84603075
84603076
84603077
84603078
84603079
84603080
84603081
84603082
84603083
84603084
84603085
84603086
84603087
84603088
84603089
84603090
84603091
84603092
84603093
84603094
84603095
84603096
84603097
84603098
84603099
84603100
84603101
84603102
84603103
84603104
84603105
84603106
84603107
84603108
84603109
84603110
84603111
84603112
84603113
84603114
84603115
84603116
84603117
84603118
84603119
84603120
84603121
84603122
84603123
84603124
84603125
84603126
84603127
84603128
84603129
84603130
84603131
84603132
84603133
84603134
84603135
84603136
84603137
84603138
84603139
84603140
84603141
84603142
84603143
84603144
84603145
84603146
84603147
84603148
84603149
84603150
84603151
84603152
84603153
84603154
84603155
84603156
84603157
84603158
84603159
84603160
84603161
84603162
84603163
84603164
84603165
84603166
84603167
84603168
84603169
84603170
84603171
84603172
84603173
84603174
84603175
84603176
84603177
84603178
84603179
84603180
84603181
84603182
84603183
84603184
84603185
84603186
84603187
84603188
84603189
84603190
84603191
84603192
84603193
84603194
84603195
84603196
84603197
84603198
84603199
84603200
84603201
84603202
84603203
84603204
84603205
84603206
84603207
84603208
84603209
84603210
84603211
84603212
84603213
84603214
84603215
84603216
84603217
84603218
84603219
84603220
84603221
84603222
84603223
84603224
84603225
84603226
84603227
84603228
84603229
84603230
84603231
84603232
84603233
84603234
84603235
84603236
84603237
84603238
84603239
84603240
84603241
84603242
84603243
84603244
84603245
84603246
84603247
84603248
84603249
84603250
84603251
84603252
84603253
84603254
84603255
84603256
84603257
84603258
84603259
84603260
84603261
84603262
84603263
84603264
84603265
84603266
84603267
84603268
84603269
84603270
84603271
84603272
84603273
84603274
84603275
84603276
84603277
84603278
84603279
84603280
84603281
84603282
84603283
84603284
84603285
84603286
84603287
84603288
84603289
84603290
84603291
84603292
84603293
84603294
84603295
84603296
84603297
84603298
84603299
84603300
84603301
84603302
84603303
84603304
84603305
84603306
84603307
84603308
84603309
84603310
84603311
84603312
84603313
84603314
84603315
84603316
84603317
84603318
84603319
84603320
84603321
84603322
84603323
84603324
84603325
84603326
84603327
84603328
84603329
84603330
84603331
84603332
84603333
84603334
84603335
84603336
84603337
84603338
84603339
84603340
84603341
84603342
84603343
84603344
84603345
84603346
84603347
84603348
84603349
84603350
84603351
84603352
84603353
84603354
84603355
84603356
84603357
84603358
84603359
84603360
84603361
84603362
84603363
84603364
84603365
84603366
84603367
84603368
84603369
84603370
84603371
84603372
84603373
84603374
84603375
84603376
84603377
84603378
84603379
84603380
84603381
84603382
84603383
84603384
84603385
84603386
84603387
84603388
84603389
84603390
84603391
84603392
84603393
84603394
84603395
84603396
84603397
84603398
84603399
84603400
84603401
84603402
84603403
84603404
84603405
84603406
84603407
84603408
84603409
84603410
84603411
84603412
84603413
84603414
84603415
84603416
84603417
84603418
84603419
84603420
84603421
84603422
84603423
84603424
84603425
84603426
84603427
84603428
84603429
84603430
84603431
84603432
84603433
84603434
84603435
84603436
84603437
84603438
84603439
84603440
84603441
84603442
84603443
84603444
84603445
84603446
84603447
84603448
84603449
84603450
84603451
84603452
84603453
84603454
84603455
84603456
84603457
84603458
84603459
84603460
84603461
84603462
84603463
84603464
84603465
84603466
84603467
84603468
84603469
84603470
84603471
84603472
84603473
84603474
84603475
84603476
84603477
84603478
84603479
84603480
84603481
84603482
84603483
84603484
84603485
84603486
84603487
84603488
84603489
84603490
84603491
84603492
84603493
84603494
84603495
84603496
84603497
84603498
84603499
84603500
84603501
84603502
84603503
84603504
84603505
84603506
84603507
84603508
84603509
84603510
84603511
84603512
84603513
84603514
84603515
84603516
84603517
84603518
84603519
84603520
84603521
84603522
84603523
84603524
84603525
84603526
84603527
84603528
84603529
84603530
84603531
84603532
84603533
84603534
84603535
84603536
84603537
84603538
84603539
84603540
84603541
84603542
84603543
84603544
84603545
84603546
84603547
84603548
84603549
84603550
84603551
84603552
84603553
84603554
84603555
84603556
84603557
84603558
84603559
84603560
84603561
84603562
84603563
84603564
84603565
84603566
84603567
84603568
84603569
84603570
84603571
84603572
84603573
84603574
84603575
84603576
84603577
84603578
84603579
84603580
84603581
84603582
84603583
84603584
84603585
84603586
84603587
84603588
84603589
84603590
84603591
84603592
84603593
84603594
84603595
84603596
84603597
84603598
84603599
84603600
84603601
84603602
84603603
84603604
84603605
84603606
84603607
84603608
84603609
84603610
84603611
84603612
84603613
84603614
84603615
84603616
84603617
84603618
84603619
84603620
84603621
84603622
84603623
84603624
84603625
84603626
84603627
84603628
84603629
84603630
84603631
84603632
84603633
84603634
84603635
84603636
84603637
84603638
84603639
84603640
84603641
84603642
84603643
84603644
84603645
84603646
84603647
84603648
84603649
84603650
84603651
84603652
84603653
84603654
84603655
84603656
84603657
84603658
84603659
84603660
84603661
84603662
84603663
84603664
84603665
84603666
84603667
84603668
84603669
84603670
84603671
84603672
84603673
84603674
84603675
84603676
84603677
84603678
84603679
84603680
84603681
84603682
84603683
84603684
84603685
84603686
84603687
84603688
84603689
84603690
84603691
84603692
84603693
84603694
84603695
84603696
84603697
84603698
84603699
84603700
84603701
84603702
84603703
84603704
84603705
84603706
84603707
84603708
84603709
84603710
84603711
84603712
84603713
84603714
84603715
84603716
84603717
84603718
84603719
84603720
84603721
84603722
84603723
84603724
84603725
84603726
84603727
84603728
84603729
84603730
84603731
84603732
84603733
84603734
84603735
84603736
84603737
84603738
84603739
84603740
84603741
84603742
84603743
84603744
84603745
84603746
84603747
84603748
84603749
84603750
84603751
84603752
84603753
84603754
84603755
84603756
84603757
84603758
84603759
84603760
84603761
84603762
84603763
84603764
84603765
84603766
84603767
84603768
84603769
84603770
84603771
84603772
84603773
84603774
84603775
84603776
84603777
84603778
84603779
84603780
84603781
84603782
84603783
84603784
84603785
84603786
84603787
84603788
84603789
84603790
84603791
84603792
84603793
84603794
84603795
84603796
84603797
84603798
84603799
84603800
84603801
84603802
84603803
84603804
84603805
84603806
84603807
84603808
84603809
84603810
84603811
84603812
84603813
84603814
84603815
84603816
84603817
84603818
84603819
84603820
84603821
84603822
84603823
84603824
84603825
84603826
84603827
84603828
84603829
84603830
84603831
84603832
84603833
84603834
84603835
84603836
84603837
84603838
84603839
84603840
84603841
84603842
84603843
84603844
84603845
84603846
84603847
84603848
84603849
84603850
84603851
84603852
84603853
84603854
84603855
84603856
84603857
84603858
84603859
84603860
84603861
84603862
84603863
84603864
84603865
84603866
84603867
84603868
84603869
84603870
84603871
84603872
84603873
84603874
84603875
84603876
84603877
84603878
84603879
84603880
84603881
84603882
84603883
84603884
84603885
84603886
84603887
84603888
84603889
84603890
84603891
84603892
84603893
84603894
84603895
84603896
84603897
84603898
84603899
84603900
84603901
84603902
84603903
84603904
84603905
84603906
84603907
84603908
84603909
84603910
84603911
84603912
84603913
84603914
84603915
84603916
84603917
84603918
84603919
84603920
84603921
84603922
84603923
84603924
84603925
84603926
84603927
84603928
84603929
84603930
84603931
84603932
84603933
84603934
84603935
84603936
84603937
84603938
84603939
84603940
84603941
84603942
84603943
84603944
84603945
84603946
84603947
84603948
84603949
84603950
84603951
84603952
84603953
84603954
84603955
84603956
84603957
84603958
84603959
84603960
84603961
84603962
84603963
84603964
84603965
84603966
84603967
84603968
84603969
84603970
84603971
84603972
84603973
84603974
84603975
84603976
84603977
84603978
84603979
84603980
84603981
84603982
84603983
84603984
84603985
84603986
84603987
84603988
84603989
84603990
84603991
84603992
84603993
84603994
84603995
84603996
84603997
84603998
84603999
84604000
84604001
84604002
84604003
84604004
84604005
84604006
84604007
84604008
84604009
84604010
84604011
84604012
84604013
84604014
84604015
84604016
84604017
84604018
84604019
84604020
84604021
84604022
84604023
84604024
84604025
84604026
84604027
84604028
84604029
84604030
84604031
84604032
84604033
84604034
84604035
84604036
84604037
84604038
84604039
84604040
84604041
84604042
84604043
84604044
84604045
84604046
84604047
84604048
84604049
84604050
84604051
84604052
84604053
84604054
84604055
84604056
84604057
84604058
84604059
84604060
84604061
84604062
84604063
84604064
84604065
84604066
84604067
84604068
84604069
84604070
84604071
84604072
84604073
84604074
84604075
84604076
84604077
84604078
84604079
84604080
84604081
84604082
84604083
84604084
84604085
84604086
84604087
84604088
84604089
84604090
84604091
84604092
84604093
84604094
84604095
84604096
84604097
84604098
84604099
84604100
84604101
84604102
84604103
84604104
84604105
84604106
84604107
84604108
84604109
84604110
84604111
84604112
84604113
84604114
84604115
84604116
84604117
84604118
84604119
84604120
84604121
84604122
84604123
84604124
84604125
84604126
84604127
84604128
84604129
84604130
84604131
84604132
84604133
84604134
84604135
84604136
84604137
84604138
84604139
84604140
84604141
84604142
84604143
84604144
84604145
84604146
84604147
84604148
84604149
84604150
84604151
84604152
84604153
84604154
84604155
84604156
84604157
84604158
84604159
84604160
84604161
84604162
84604163
84604164
84604165
84604166
84604167
84604168
84604169
84604170
84604171
84604172
84604173
84604174
84604175
84604176
84604177
84604178
84604179
84604180
84604181
84604182
84604183
84604184
84604185
84604186
84604187
84604188
84604189
84604190
84604191
84604192
84604193
84604194
84604195
84604196
84604197
84604198
84604199
84604200
84604201
84604202
84604203
84604204
84604205
84604206
84604207
84604208
84604209
84604210
84604211
84604212
84604213
84604214
84604215
84604216
84604217
84604218
84604219
84604220
84604221
84604222
84604223
84604224
84604225
84604226
84604227
84604228
84604229
84604230
84604231
84604232
84604233
84604234
84604235
84604236
84604237
84604238
84604239
84604240
84604241
84604242
84604243
84604244
84604245
84604246
84604247
84604248
84604249
84604250
84604251
84604252
84604253
84604254
84604255
84604256
84604257
84604258
84604259
84604260
84604261
84604262
84604263
84604264
84604265
84604266
84604267
84604268
84604269
84604270
84604271
84604272
84604273
84604274
84604275
84604276
84604277
84604278
84604279
84604280
84604281
84604282
84604283
84604284
84604285
84604286
84604287
84604288
84604289
84604290
84604291
84604292
84604293
84604294
84604295
84604296
84604297
84604298
84604299
84604300
84604301
84604302
84604303
84604304
84604305
84604306
84604307
84604308
84604309
84604310
84604311
84604312
84604313
84604314
84604315
84604316
84604317
84604318
84604319
84604320
84604321
84604322
84604323
84604324
84604325
84604326
84604327
84604328
84604329
84604330
84604331
84604332
84604333
84604334
84604335
84604336
84604337
84604338
84604339
84604340
84604341
84604342
84604343
84604344
84604345
84604346
84604347
84604348
84604349
84604350
84604351
84604352
84604353
84604354
84604355
84604356
84604357
84604358
84604359
84604360
84604361
84604362
84604363
84604364
84604365
84604366
84604367
84604368
84604369
84604370
84604371
84604372
84604373
84604374
84604375
84604376
84604377
84604378
84604379
84604380
84604381
84604382
84604383
84604384
84604385
84604386
84604387
84604388
84604389
84604390
84604391
84604392
84604393
84604394
84604395
84604396
84604397
84604398
84604399
84604400
84604401
84604402
84604403
84604404
84604405
84604406
84604407
84604408
84604409
84604410
84604411
84604412
84604413
84604414
84604415
84604416
84604417
84604418
84604419
84604420
84604421
84604422
84604423
84604424
84604425
84604426
84604427
84604428
84604429
84604430
84604431
84604432
84604433
84604434
84604435
84604436
84604437
84604438
84604439
84604440
84604441
84604442
84604443
84604444
84604445
84604446
84604447
84604448
84604449
84604450
84604451
84604452
84604453
84604454
84604455
84604456
84604457
84604458
84604459
84604460
84604461
84604462
84604463
84604464
84604465
84604466
84604467
84604468
84604469
84604470
84604471
84604472
84604473
84604474
84604475
84604476
84604477
84604478
84604479
84604480
84604481
84604482
84604483
84604484
84604485
84604486
84604487
84604488
84604489
84604490
84604491
84604492
84604493
84604494
84604495
84604496
84604497
84604498
84604499
84604500
84604501
84604502
84604503
84604504
84604505
84604506
84604507
84604508
84604509
84604510
84604511
84604512
84604513
84604514
84604515
84604516
84604517
84604518
84604519
84604520
84604521
84604522
84604523
84604524
84604525
84604526
84604527
84604528
84604529
84604530
84604531
84604532
84604533
84604534
84604535
84604536
84604537
84604538
84604539
84604540
84604541
84604542
84604543
84604544
84604545
84604546
84604547
84604548
84604549
84604550
84604551
84604552
84604553
84604554
84604555
84604556
84604557
84604558
84604559
84604560
84604561
84604562
84604563
84604564
84604565
84604566
84604567
84604568
84604569
84604570
84604571
84604572
84604573
84604574
84604575
84604576
84604577
84604578
84604579
84604580
84604581
84604582
84604583
84604584
84604585
84604586
84604587
84604588
84604589
84604590
84604591
84604592
84604593
84604594
84604595
84604596
84604597
84604598
84604599
84604600
84604601
84604602
84604603
84604604
84604605
84604606
84604607
84604608
84604609
84604610
84604611
84604612
84604613
84604614
84604615
84604616
84604617
84604618
84604619
84604620
84604621
84604622
84604623
84604624
84604625
84604626
84604627
84604628
84604629
84604630
84604631
84604632
84604633
84604634
84604635
84604636
84604637
84604638
84604639
84604640
84604641
84604642
84604643
84604644
84604645
84604646
84604647
84604648
84604649
84604650
84604651
84604652
84604653
84604654
84604655
84604656
84604657
84604658
84604659
84604660
84604661
84604662
84604663
84604664
84604665
84604666
84604667
84604668
84604669
84604670
84604671
84604672
84604673
84604674
84604675
84604676
84604677
84604678
84604679
84604680
84604681
84604682
84604683
84604684
84604685
84604686
84604687
84604688
84604689
84604690
84604691
84604692
84604693
84604694
84604695
84604696
84604697
84604698
84604699
84604700
84604701
84604702
84604703
84604704
84604705
84604706
84604707
84604708
84604709
84604710
84604711
84604712
84604713
84604714
84604715
84604716
84604717
84604718
84604719
84604720
84604721
84604722
84604723
84604724
84604725
84604726
84604727
84604728
84604729
84604730
84604731
84604732
84604733
84604734
84604735
84604736
84604737
84604738
84604739
84604740
84604741
84604742
84604743
84604744
84604745
84604746
84604747
84604748
84604749
84604750
84604751
84604752
84604753
84604754
84604755
84604756
84604757
84604758
84604759
84604760
84604761
84604762
84604763
84604764
84604765
84604766
84604767
84604768
84604769
84604770
84604771
84604772
84604773
84604774
84604775
84604776
84604777
84604778
84604779
84604780
84604781
84604782
84604783
84604784
84604785
84604786
84604787
84604788
84604789
84604790
84604791
84604792
84604793
84604794
84604795
84604796
84604797
84604798
84604799
84604800
84604801
84604802
84604803
84604804
84604805
84604806
84604807
84604808
84604809
84604810
84604811
84604812
84604813
84604814
84604815
84604816
84604817
84604818
84604819
84604820
84604821
84604822
84604823
84604824
84604825
84604826
84604827
84604828
84604829
84604830
84604831
84604832
84604833
84604834
84604835
84604836
84604837
84604838
84604839
84604840
84604841
84604842
84604843
84604844
84604845
84604846
84604847
84604848
84604849
84604850
84604851
84604852
84604853
84604854
84604855
84604856
84604857
84604858
84604859
84604860
84604861
84604862
84604863
84604864
84604865
84604866
84604867
84604868
84604869
84604870
84604871
84604872
84604873
84604874
84604875
84604876
84604877
84604878
84604879
84604880
84604881
84604882
84604883
84604884
84604885
84604886
84604887
84604888
84604889
84604890
84604891
84604892
84604893
84604894
84604895
84604896
84604897
84604898
84604899
84604900
84604901
84604902
84604903
84604904
84604905
84604906
84604907
84604908
84604909
84604910
84604911
84604912
84604913
84604914
84604915
84604916
84604917
84604918
84604919
84604920
84604921
84604922
84604923
84604924
84604925
84604926
84604927
84604928
84604929
84604930
84604931
84604932
84604933
84604934
84604935
84604936
84604937
84604938
84604939
84604940
84604941
84604942
84604943
84604944
84604945
84604946
84604947
84604948
84604949
84604950
84604951
84604952
84604953
84604954
84604955
84604956
84604957
84604958
84604959
84604960
84604961
84604962
84604963
84604964
84604965
84604966
84604967
84604968
84604969
84604970
84604971
84604972
84604973
84604974
84604975
84604976
84604977
84604978
84604979
84604980
84604981
84604982
84604983
84604984
84604985
84604986
84604987
84604988
84604989
84604990
84604991
84604992
84604993
84604994
84604995
84604996
84604997
84604998
84604999
84605000
84605001
84605002
84605003
84605004
84605005
84605006
84605007
84605008
84605009
84605010
84605011
84605012
84605013
84605014
84605015
84605016
84605017
84605018
84605019
84605020
84605021
84605022
84605023
84605024
84605025
84605026
84605027
84605028
84605029
84605030
84605031
84605032
84605033
84605034
84605035
84605036
84605037
84605038
84605039
84605040
84605041
84605042
84605043
84605044
84605045
84605046
84605047
84605048
84605049
84605050
84605051
84605052
84605053
84605054
84605055
84605056
84605057
84605058
84605059
84605060
84605061
84605062
84605063
84605064
84605065
84605066
84605067
84605068
84605069
84605070
84605071
84605072
84605073
84605074
84605075
84605076
84605077
84605078
84605079
84605080
84605081
84605082
84605083
84605084
84605085
84605086
84605087
84605088
84605089
84605090
84605091
84605092
84605093
84605094
84605095
84605096
84605097
84605098
84605099
84605100
84605101
84605102
84605103
84605104
84605105
84605106
84605107
84605108
84605109
84605110
84605111
84605112
84605113
84605114
84605115
84605116
84605117
84605118
84605119
84605120
84605121
84605122
84605123
84605124
84605125
84605126
84605127
84605128
84605129
84605130
84605131
84605132
84605133
84605134
84605135
84605136
84605137
84605138
84605139
84605140
84605141
84605142
84605143
84605144
84605145
84605146
84605147
84605148
84605149
84605150
84605151
84605152
84605153
84605154
84605155
84605156
84605157
84605158
84605159
84605160
84605161
84605162
84605163
84605164
84605165
84605166
84605167
84605168
84605169
84605170
84605171
84605172
84605173
84605174
84605175
84605176
84605177
84605178
84605179
84605180
84605181
84605182
84605183
84605184
84605185
84605186
84605187
84605188
84605189
84605190
84605191
84605192
84605193
84605194
84605195
84605196
84605197
84605198
84605199
84605200
84605201
84605202
84605203
84605204
84605205
84605206
84605207
84605208
84605209
84605210
84605211
84605212
84605213
84605214
84605215
84605216
84605217
84605218
84605219
84605220
84605221
84605222
84605223
84605224
84605225
84605226
84605227
84605228
84605229
84605230
84605231
84605232
84605233
84605234
84605235
84605236
84605237
84605238
84605239
84605240
84605241
84605242
84605243
84605244
84605245
84605246
84605247
84605248
84605249
84605250
84605251
84605252
84605253
84605254
84605255
84605256
84605257
84605258
84605259
84605260
84605261
84605262
84605263
84605264
84605265
84605266
84605267
84605268
84605269
84605270
84605271
84605272
84605273
84605274
84605275
84605276
84605277
84605278
84605279
84605280
84605281
84605282
84605283
84605284
84605285
84605286
84605287
84605288
84605289
84605290
84605291
84605292
84605293
84605294
84605295
84605296
84605297
84605298
84605299
84605300
84605301
84605302
84605303
84605304
84605305
84605306
84605307
84605308
84605309
84605310
84605311
84605312
84605313
84605314
84605315
84605316
84605317
84605318
84605319
84605320
84605321
84605322
84605323
84605324
84605325
84605326
84605327
84605328
84605329
84605330
84605331
84605332
84605333
84605334
84605335
84605336
84605337
84605338
84605339
84605340
84605341
84605342
84605343
84605344
84605345
84605346
84605347
84605348
84605349
84605350
84605351
84605352
84605353
84605354
84605355
84605356
84605357
84605358
84605359
84605360
84605361
84605362
84605363
84605364
84605365
84605366
84605367
84605368
84605369
84605370
84605371
84605372
84605373
84605374
84605375
84605376
84605377
84605378
84605379
84605380
84605381
84605382
84605383
84605384
84605385
84605386
84605387
84605388
84605389
84605390
84605391
84605392
84605393
84605394
84605395
84605396
84605397
84605398
84605399
84605400
84605401
84605402
84605403
84605404
84605405
84605406
84605407
84605408
84605409
84605410
84605411
84605412
84605413
84605414
84605415
84605416
84605417
84605418
84605419
84605420
84605421
84605422
84605423
84605424
84605425
84605426
84605427
84605428
84605429
84605430
84605431
84605432
84605433
84605434
84605435
84605436
84605437
84605438
84605439
84605440
84605441
84605442
84605443
84605444
84605445
84605446
84605447
84605448
84605449
84605450
84605451
84605452
84605453
84605454
84605455
84605456
84605457
84605458
84605459
84605460
84605461
84605462
84605463
84605464
84605465
84605466
84605467
84605468
84605469
84605470
84605471
84605472
84605473
84605474
84605475
84605476
84605477
84605478
84605479
84605480
84605481
84605482
84605483
84605484
84605485
84605486
84605487
84605488
84605489
84605490
84605491
84605492
84605493
84605494
84605495
84605496
84605497
84605498
84605499
84605500
84605501
84605502
84605503
84605504
84605505
84605506
84605507
84605508
84605509
84605510
84605511
84605512
84605513
84605514
84605515
84605516
84605517
84605518
84605519
84605520
84605521
84605522
84605523
84605524
84605525
84605526
84605527
84605528
84605529
84605530
84605531
84605532
84605533
84605534
84605535
84605536
84605537
84605538
84605539
84605540
84605541
84605542
84605543
84605544
84605545
84605546
84605547
84605548
84605549
84605550
84605551
84605552
84605553
84605554
84605555
84605556
84605557
84605558
84605559
84605560
84605561
84605562
84605563
84605564
84605565
84605566
84605567
84605568
84605569
84605570
84605571
84605572
84605573
84605574
84605575
84605576
84605577
84605578
84605579
84605580
84605581
84605582
84605583
84605584
84605585
84605586
84605587
84605588
84605589
84605590
84605591
84605592
84605593
84605594
84605595
84605596
84605597
84605598
84605599
84605600
84605601
84605602
84605603
84605604
84605605
84605606
84605607
84605608
84605609
84605610
84605611
84605612
84605613
84605614
84605615
84605616
84605617
84605618
84605619
84605620
84605621
84605622
84605623
84605624
84605625
84605626
84605627
84605628
84605629
84605630
84605631
84605632
84605633
84605634
84605635
84605636
84605637
84605638
84605639
84605640
84605641
84605642
84605643
84605644
84605645
84605646
84605647
84605648
84605649
84605650
84605651
84605652
84605653
84605654
84605655
84605656
84605657
84605658
84605659
84605660
84605661
84605662
84605663
84605664
84605665
84605666
84605667
84605668
84605669
84605670
84605671
84605672
84605673
84605674
84605675
84605676
84605677
84605678
84605679
84605680
84605681
84605682
84605683
84605684
84605685
84605686
84605687
84605688
84605689
84605690
84605691
84605692
84605693
84605694
84605695
84605696
84605697
84605698
84605699
84605700
84605701
84605702
84605703
84605704
84605705
84605706
84605707
84605708
84605709
84605710
84605711
84605712
84605713
84605714
84605715
84605716
84605717
84605718
84605719
84605720
84605721
84605722
84605723
84605724
84605725
84605726
84605727
84605728
84605729
84605730
84605731
84605732
84605733
84605734
84605735
84605736
84605737
84605738
84605739
84605740
84605741
84605742
84605743
84605744
84605745
84605746
84605747
84605748
84605749
84605750
84605751
84605752
84605753
84605754
84605755
84605756
84605757
84605758
84605759
84605760
84605761
84605762
84605763
84605764
84605765
84605766
84605767
84605768
84605769
84605770
84605771
84605772
84605773
84605774
84605775
84605776
84605777
84605778
84605779
84605780
84605781
84605782
84605783
84605784
84605785
84605786
84605787
84605788
84605789
84605790
84605791
84605792
84605793
84605794
84605795
84605796
84605797
84605798
84605799
84605800
84605801
84605802
84605803
84605804
84605805
84605806
84605807
84605808
84605809
84605810
84605811
84605812
84605813
84605814
84605815
84605816
84605817
84605818
84605819
84605820
84605821
84605822
84605823
84605824
84605825
84605826
84605827
84605828
84605829
84605830
84605831
84605832
84605833
84605834
84605835
84605836
84605837
84605838
84605839
84605840
84605841
84605842
84605843
84605844
84605845
84605846
84605847
84605848
84605849
84605850
84605851
84605852
84605853
84605854
84605855
84605856
84605857
84605858
84605859
84605860
84605861
84605862
84605863
84605864
84605865
84605866
84605867
84605868
84605869
84605870
84605871
84605872
84605873
84605874
84605875
84605876
84605877
84605878
84605879
84605880
84605881
84605882
84605883
84605884
84605885
84605886
84605887
84605888
84605889
84605890
84605891
84605892
84605893
84605894
84605895
84605896
84605897
84605898
84605899
84605900
84605901
84605902
84605903
84605904
84605905
84605906
84605907
84605908
84605909
84605910
84605911
84605912
84605913
84605914
84605915
84605916
84605917
84605918
84605919
84605920
84605921
84605922
84605923
84605924
84605925
84605926
84605927
84605928
84605929
84605930
84605931
84605932
84605933
84605934
84605935
84605936
84605937
84605938
84605939
84605940
84605941
84605942
84605943
84605944
84605945
84605946
84605947
84605948
84605949
84605950
84605951
84605952
84605953
84605954
84605955
84605956
84605957
84605958
84605959
84605960
84605961
84605962
84605963
84605964
84605965
84605966
84605967
84605968
84605969
84605970
84605971
84605972
84605973
84605974
84605975
84605976
84605977
84605978
84605979
84605980
84605981
84605982
84605983
84605984
84605985
84605986
84605987
84605988
84605989
84605990
84605991
84605992
84605993
84605994
84605995
84605996
84605997
84605998
84605999
84606000
84606001
84606002
84606003
84606004
84606005
84606006
84606007
84606008
84606009
84606010
84606011
84606012
84606013
84606014
84606015
84606016
84606017
84606018
84606019
84606020
84606021
84606022
84606023
84606024
84606025
84606026
84606027
84606028
84606029
84606030
84606031
84606032
84606033
84606034
84606035
84606036
84606037
84606038
84606039
84606040
84606041
84606042
84606043
84606044
84606045
84606046
84606047
84606048
84606049
84606050
84606051
84606052
84606053
84606054
84606055
84606056
84606057
84606058
84606059
84606060
84606061
84606062
84606063
84606064
84606065
84606066
84606067
84606068
84606069
84606070
84606071
84606072
84606073
84606074
84606075
84606076
84606077
84606078
84606079
84606080
84606081
84606082
84606083
84606084
84606085
84606086
84606087
84606088
84606089
84606090
84606091
84606092
84606093
84606094
84606095
84606096
84606097
84606098
84606099
84606100
84606101
84606102
84606103
84606104
84606105
84606106
84606107
84606108
84606109
84606110
84606111
84606112
84606113
84606114
84606115
84606116
84606117
84606118
84606119
84606120
84606121
84606122
84606123
84606124
84606125
84606126
84606127
84606128
84606129
84606130
84606131
84606132
84606133
84606134
84606135
84606136
84606137
84606138
84606139
84606140
84606141
84606142
84606143
84606144
84606145
84606146
84606147
84606148
84606149
84606150
84606151
84606152
84606153
84606154
84606155
84606156
84606157
84606158
84606159
84606160
84606161
84606162
84606163
84606164
84606165
84606166
84606167
84606168
84606169
84606170
84606171
84606172
84606173
84606174
84606175
84606176
84606177
84606178
84606179
84606180
84606181
84606182
84606183
84606184
84606185
84606186
84606187
84606188
84606189
84606190
84606191
84606192
84606193
84606194
84606195
84606196
84606197
84606198
84606199
84606200
84606201
84606202
84606203
84606204
84606205
84606206
84606207
84606208
84606209
84606210
84606211
84606212
84606213
84606214
84606215
84606216
84606217
84606218
84606219
84606220
84606221
84606222
84606223
84606224
84606225
84606226
84606227
84606228
84606229
84606230
84606231
84606232
84606233
84606234
84606235
84606236
84606237
84606238
84606239
84606240
84606241
84606242
84606243
84606244
84606245
84606246
84606247
84606248
84606249
84606250
84606251
84606252
84606253
84606254
84606255
84606256
84606257
84606258
84606259
84606260
84606261
84606262
84606263
84606264
84606265
84606266
84606267
84606268
84606269
84606270
84606271
84606272
84606273
84606274
84606275
84606276
84606277
84606278
84606279
84606280
84606281
84606282
84606283
84606284
84606285
84606286
84606287
84606288
84606289
84606290
84606291
84606292
84606293
84606294
84606295
84606296
84606297
84606298
84606299
84606300
84606301
84606302
84606303
84606304
84606305
84606306
84606307
84606308
84606309
84606310
84606311
84606312
84606313
84606314
84606315
84606316
84606317
84606318
84606319
84606320
84606321
84606322
84606323
84606324
84606325
84606326
84606327
84606328
84606329
84606330
84606331
84606332
84606333
84606334
84606335
84606336
84606337
84606338
84606339
84606340
84606341
84606342
84606343
84606344
84606345
84606346
84606347
84606348
84606349
84606350
84606351
84606352
84606353
84606354
84606355
84606356
84606357
84606358
84606359
84606360
84606361
84606362
84606363
84606364
84606365
84606366
84606367
84606368
84606369
84606370
84606371
84606372
84606373
84606374
84606375
84606376
84606377
84606378
84606379
84606380
84606381
84606382
84606383
84606384
84606385
84606386
84606387
84606388
84606389
84606390
84606391
84606392
84606393
84606394
84606395
84606396
84606397
84606398
84606399
84606400
84606401
84606402
84606403
84606404
84606405
84606406
84606407
84606408
84606409
84606410
84606411
84606412
84606413
84606414
84606415
84606416
84606417
84606418
84606419
84606420
84606421
84606422
84606423
84606424
84606425
84606426
84606427
84606428
84606429
84606430
84606431
84606432
84606433
84606434
84606435
84606436
84606437
84606438
84606439
84606440
84606441
84606442
84606443
84606444
84606445
84606446
84606447
84606448
84606449
84606450
84606451
84606452
84606453
84606454
84606455
84606456
84606457
84606458
84606459
84606460
84606461
84606462
84606463
84606464
84606465
84606466
84606467
84606468
84606469
84606470
84606471
84606472
84606473
84606474
84606475
84606476
84606477
84606478
84606479
84606480
84606481
84606482
84606483
84606484
84606485
84606486
84606487
84606488
84606489
84606490
84606491
84606492
84606493
84606494
84606495
84606496
84606497
84606498
84606499
84606500
84606501
84606502
84606503
84606504
84606505
84606506
84606507
84606508
84606509
84606510
84606511
84606512
84606513
84606514
84606515
84606516
84606517
84606518
84606519
84606520
84606521
84606522
84606523
84606524
84606525
84606526
84606527
84606528
84606529
84606530
84606531
84606532
84606533
84606534
84606535
84606536
84606537
84606538
84606539
84606540
84606541
84606542
84606543
84606544
84606545
84606546
84606547
84606548
84606549
84606550
84606551
84606552
84606553
84606554
84606555
84606556
84606557
84606558
84606559
84606560
84606561
84606562
84606563
84606564
84606565
84606566
84606567
84606568
84606569
84606570
84606571
84606572
84606573
84606574
84606575
84606576
84606577
84606578
84606579
84606580
84606581
84606582
84606583
84606584
84606585
84606586
84606587
84606588
84606589
84606590
84606591
84606592
84606593
84606594
84606595
84606596
84606597
84606598
84606599
84606600
84606601
84606602
84606603
84606604
84606605
84606606
84606607
84606608
84606609
84606610
84606611
84606612
84606613
84606614
84606615
84606616
84606617
84606618
84606619
84606620
84606621
84606622
84606623
84606624
84606625
84606626
84606627
84606628
84606629
84606630
84606631
84606632
84606633
84606634
84606635
84606636
84606637
84606638
84606639
84606640
84606641
84606642
84606643
84606644
84606645
84606646
84606647
84606648
84606649
84606650
84606651
84606652
84606653
84606654
84606655
84606656
84606657
84606658
84606659
84606660
84606661
84606662
84606663
84606664
84606665
84606666
84606667
84606668
84606669
84606670
84606671
84606672
84606673
84606674
84606675
84606676
84606677
84606678
84606679
84606680
84606681
84606682
84606683
84606684
84606685
84606686
84606687
84606688
84606689
84606690
84606691
84606692
84606693
84606694
84606695
84606696
84606697
84606698
84606699
84606700
84606701
84606702
84606703
84606704
84606705
84606706
84606707
84606708
84606709
84606710
84606711
84606712
84606713
84606714
84606715
84606716
84606717
84606718
84606719
84606720
84606721
84606722
84606723
84606724
84606725
84606726
84606727
84606728
84606729
84606730
84606731
84606732
84606733
84606734
84606735
84606736
84606737
84606738
84606739
84606740
84606741
84606742
84606743
84606744
84606745
84606746
84606747
84606748
84606749
84606750
84606751
84606752
84606753
84606754
84606755
84606756
84606757
84606758
84606759
84606760
84606761
84606762
84606763
84606764
84606765
84606766
84606767
84606768
84606769
84606770
84606771
84606772
84606773
84606774
84606775
84606776
84606777
84606778
84606779
84606780
84606781
84606782
84606783
84606784
84606785
84606786
84606787
84606788
84606789
84606790
84606791
84606792
84606793
84606794
84606795
84606796
84606797
84606798
84606799
84606800
84606801
84606802
84606803
84606804
84606805
84606806
84606807
84606808
84606809
84606810
84606811
84606812
84606813
84606814
84606815
84606816
84606817
84606818
84606819
84606820
84606821
84606822
84606823
84606824
84606825
84606826
84606827
84606828
84606829
84606830
84606831
84606832
84606833
84606834
84606835
84606836
84606837
84606838
84606839
84606840
84606841
84606842
84606843
84606844
84606845
84606846
84606847
84606848
84606849
84606850
84606851
84606852
84606853
84606854
84606855
84606856
84606857
84606858
84606859
84606860
84606861
84606862
84606863
84606864
84606865
84606866
84606867
84606868
84606869
84606870
84606871
84606872
84606873
84606874
84606875
84606876
84606877
84606878
84606879
84606880
84606881
84606882
84606883
84606884
84606885
84606886
84606887
84606888
84606889
84606890
84606891
84606892
84606893
84606894
84606895
84606896
84606897
84606898
84606899
84606900
84606901
84606902
84606903
84606904
84606905
84606906
84606907
84606908
84606909
84606910
84606911
84606912
84606913
84606914
84606915
84606916
84606917
84606918
84606919
84606920
84606921
84606922
84606923
84606924
84606925
84606926
84606927
84606928
84606929
84606930
84606931
84606932
84606933
84606934
84606935
84606936
84606937
84606938
84606939
84606940
84606941
84606942
84606943
84606944
84606945
84606946
84606947
84606948
84606949
84606950
84606951
84606952
84606953
84606954
84606955
84606956
84606957
84606958
84606959
84606960
84606961
84606962
84606963
84606964
84606965
84606966
84606967
84606968
84606969
84606970
84606971
84606972
84606973
84606974
84606975
84606976
84606977
84606978
84606979
84606980
84606981
84606982
84606983
84606984
84606985
84606986
84606987
84606988
84606989
84606990
84606991
84606992
84606993
84606994
84606995
84606996
84606997
84606998
84606999
84607000
84607001
84607002
84607003
84607004
84607005
84607006
84607007
84607008
84607009
84607010
84607011
84607012
84607013
84607014
84607015
84607016
84607017
84607018
84607019
84607020
84607021
84607022
84607023
84607024
84607025
84607026
84607027
84607028
84607029
84607030
84607031
84607032
84607033
84607034
84607035
84607036
84607037
84607038
84607039
84607040
84607041
84607042
84607043
84607044
84607045
84607046
84607047
84607048
84607049
84607050
84607051
84607052
84607053
84607054
84607055
84607056
84607057
84607058
84607059
84607060
84607061
84607062
84607063
84607064
84607065
84607066
84607067
84607068
84607069
84607070
84607071
84607072
84607073
84607074
84607075
84607076
84607077
84607078
84607079
84607080
84607081
84607082
84607083
84607084
84607085
84607086
84607087
84607088
84607089
84607090
84607091
84607092
84607093
84607094
84607095
84607096
84607097
84607098
84607099
84607100
84607101
84607102
84607103
84607104
84607105
84607106
84607107
84607108
84607109
84607110
84607111
84607112
84607113
84607114
84607115
84607116
84607117
84607118
84607119
84607120
84607121
84607122
84607123
84607124
84607125
84607126
84607127
84607128
84607129
84607130
84607131
84607132
84607133
84607134
84607135
84607136
84607137
84607138
84607139
84607140
84607141
84607142
84607143
84607144
84607145
84607146
84607147
84607148
84607149
84607150
84607151
84607152
84607153
84607154
84607155
84607156
84607157
84607158
84607159
84607160
84607161
84607162
84607163
84607164
84607165
84607166
84607167
84607168
84607169
84607170
84607171
84607172
84607173
84607174
84607175
84607176
84607177
84607178
84607179
84607180
84607181
84607182
84607183
84607184
84607185
84607186
84607187
84607188
84607189
84607190
84607191
84607192
84607193
84607194
84607195
84607196
84607197
84607198
84607199
84607200
84607201
84607202
84607203
84607204
84607205
84607206
84607207
84607208
84607209
84607210
84607211
84607212
84607213
84607214
84607215
84607216
84607217
84607218
84607219
84607220
84607221
84607222
84607223
84607224
84607225
84607226
84607227
84607228
84607229
84607230
84607231
84607232
84607233
84607234
84607235
84607236
84607237
84607238
84607239
84607240
84607241
84607242
84607243
84607244
84607245
84607246
84607247
84607248
84607249
84607250
84607251
84607252
84607253
84607254
84607255
84607256
84607257
84607258
84607259
84607260
84607261
84607262
84607263
84607264
84607265
84607266
84607267
84607268
84607269
84607270
84607271
84607272
84607273
84607274
84607275
84607276
84607277
84607278
84607279
84607280
84607281
84607282
84607283
84607284
84607285
84607286
84607287
84607288
84607289
84607290
84607291
84607292
84607293
84607294
84607295
84607296
84607297
84607298
84607299
84607300
84607301
84607302
84607303
84607304
84607305
84607306
84607307
84607308
84607309
84607310
84607311
84607312
84607313
84607314
84607315
84607316
84607317
84607318
84607319
84607320
84607321
84607322
84607323
84607324
84607325
84607326
84607327
84607328
84607329
84607330
84607331
84607332
84607333
84607334
84607335
84607336
84607337
84607338
84607339
84607340
84607341
84607342
84607343
84607344
84607345
84607346
84607347
84607348
84607349
84607350
84607351
84607352
84607353
84607354
84607355
84607356
84607357
84607358
84607359
84607360
84607361
84607362
84607363
84607364
84607365
84607366
84607367
84607368
84607369
84607370
84607371
84607372
84607373
84607374
84607375
84607376
84607377
84607378
84607379
84607380
84607381
84607382
84607383
84607384
84607385
84607386
84607387
84607388
84607389
84607390
84607391
84607392
84607393
84607394
84607395
84607396
84607397
84607398
84607399
84607400
84607401
84607402
84607403
84607404
84607405
84607406
84607407
84607408
84607409
84607410
84607411
84607412
84607413
84607414
84607415
84607416
84607417
84607418
84607419
84607420
84607421
84607422
84607423
84607424
84607425
84607426
84607427
84607428
84607429
84607430
84607431
84607432
84607433
84607434
84607435
84607436
84607437
84607438
84607439
84607440
84607441
84607442
84607443
84607444
84607445
84607446
84607447
84607448
84607449
84607450
84607451
84607452
84607453
84607454
84607455
84607456
84607457
84607458
84607459
84607460
84607461
84607462
84607463
84607464
84607465
84607466
84607467
84607468
84607469
84607470
84607471
84607472
84607473
84607474
84607475
84607476
84607477
84607478
84607479
84607480
84607481
84607482
84607483
84607484
84607485
84607486
84607487
84607488
84607489
84607490
84607491
84607492
84607493
84607494
84607495
84607496
84607497
84607498
84607499
84607500
84607501
84607502
84607503
84607504
84607505
84607506
84607507
84607508
84607509
84607510
84607511
84607512
84607513
84607514
84607515
84607516
84607517
84607518
84607519
84607520
84607521
84607522
84607523
84607524
84607525
84607526
84607527
84607528
84607529
84607530
84607531
84607532
84607533
84607534
84607535
84607536
84607537
84607538
84607539
84607540
84607541
84607542
84607543
84607544
84607545
84607546
84607547
84607548
84607549
84607550
84607551
84607552
84607553
84607554
84607555
84607556
84607557
84607558
84607559
84607560
84607561
84607562
84607563
84607564
84607565
84607566
84607567
84607568
84607569
84607570
84607571
84607572
84607573
84607574
84607575
84607576
84607577
84607578
84607579
84607580
84607581
84607582
84607583
84607584
84607585
84607586
84607587
84607588
84607589
84607590
84607591
84607592
84607593
84607594
84607595
84607596
84607597
84607598
84607599
84607600
84607601
84607602
84607603
84607604
84607605
84607606
84607607
84607608
84607609
84607610
84607611
84607612
84607613
84607614
84607615
84607616
84607617
84607618
84607619
84607620
84607621
84607622
84607623
84607624
84607625
84607626
84607627
84607628
84607629
84607630
84607631
84607632
84607633
84607634
84607635
84607636
84607637
84607638
84607639
84607640
84607641
84607642
84607643
84607644
84607645
84607646
84607647
84607648
84607649
84607650
84607651
84607652
84607653
84607654
84607655
84607656
84607657
84607658
84607659
84607660
84607661
84607662
84607663
84607664
84607665
84607666
84607667
84607668
84607669
84607670
84607671
84607672
84607673
84607674
84607675
84607676
84607677
84607678
84607679
84607680
84607681
84607682
84607683
84607684
84607685
84607686
84607687
84607688
84607689
84607690
84607691
84607692
84607693
84607694
84607695
84607696
84607697
84607698
84607699
84607700
84607701
84607702
84607703
84607704
84607705
84607706
84607707
84607708
84607709
84607710
84607711
84607712
84607713
84607714
84607715
84607716
84607717
84607718
84607719
84607720
84607721
84607722
84607723
84607724
84607725
84607726
84607727
84607728
84607729
84607730
84607731
84607732
84607733
84607734
84607735
84607736
84607737
84607738
84607739
84607740
84607741
84607742
84607743
84607744
84607745
84607746
84607747
84607748
84607749
84607750
84607751
84607752
84607753
84607754
84607755
84607756
84607757
84607758
84607759
84607760
84607761
84607762
84607763
84607764
84607765
84607766
84607767
84607768
84607769
84607770
84607771
84607772
84607773
84607774
84607775
84607776
84607777
84607778
84607779
84607780
84607781
84607782
84607783
84607784
84607785
84607786
84607787
84607788
84607789
84607790
84607791
84607792
84607793
84607794
84607795
84607796
84607797
84607798
84607799
84607800
84607801
84607802
84607803
84607804
84607805
84607806
84607807
84607808
84607809
84607810
84607811
84607812
84607813
84607814
84607815
84607816
84607817
84607818
84607819
84607820
84607821
84607822
84607823
84607824
84607825
84607826
84607827
84607828
84607829
84607830
84607831
84607832
84607833
84607834
84607835
84607836
84607837
84607838
84607839
84607840
84607841
84607842
84607843
84607844
84607845
84607846
84607847
84607848
84607849
84607850
84607851
84607852
84607853
84607854
84607855
84607856
84607857
84607858
84607859
84607860
84607861
84607862
84607863
84607864
84607865
84607866
84607867
84607868
84607869
84607870
84607871
84607872
84607873
84607874
84607875
84607876
84607877
84607878
84607879
84607880
84607881
84607882
84607883
84607884
84607885
84607886
84607887
84607888
84607889
84607890
84607891
84607892
84607893
84607894
84607895
84607896
84607897
84607898
84607899
84607900
84607901
84607902
84607903
84607904
84607905
84607906
84607907
84607908
84607909
84607910
84607911
84607912
84607913
84607914
84607915
84607916
84607917
84607918
84607919
84607920
84607921
84607922
84607923
84607924
84607925
84607926
84607927
84607928
84607929
84607930
84607931
84607932
84607933
84607934
84607935
84607936
84607937
84607938
84607939
84607940
84607941
84607942
84607943
84607944
84607945
84607946
84607947
84607948
84607949
84607950
84607951
84607952
84607953
84607954
84607955
84607956
84607957
84607958
84607959
84607960
84607961
84607962
84607963
84607964
84607965
84607966
84607967
84607968
84607969
84607970
84607971
84607972
84607973
84607974
84607975
84607976
84607977
84607978
84607979
84607980
84607981
84607982
84607983
84607984
84607985
84607986
84607987
84607988
84607989
84607990
84607991
84607992
84607993
84607994
84607995
84607996
84607997
84607998
84607999
84608000
84608001
84608002
84608003
84608004
84608005
84608006
84608007
84608008
84608009
84608010
84608011
84608012
84608013
84608014
84608015
84608016
84608017
84608018
84608019
84608020
84608021
84608022
84608023
84608024
84608025
84608026
84608027
84608028
84608029
84608030
84608031
84608032
84608033
84608034
84608035
84608036
84608037
84608038
84608039
84608040
84608041
84608042
84608043
84608044
84608045
84608046
84608047
84608048
84608049
84608050
84608051
84608052
84608053
84608054
84608055
84608056
84608057
84608058
84608059
84608060
84608061
84608062
84608063
84608064
84608065
84608066
84608067
84608068
84608069
84608070
84608071
84608072
84608073
84608074
84608075
84608076
84608077
84608078
84608079
84608080
84608081
84608082
84608083
84608084
84608085
84608086
84608087
84608088
84608089
84608090
84608091
84608092
84608093
84608094
84608095
84608096
84608097
84608098
84608099
84608100
84608101
84608102
84608103
84608104
84608105
84608106
84608107
84608108
84608109
84608110
84608111
84608112
84608113
84608114
84608115
84608116
84608117
84608118
84608119
84608120
84608121
84608122
84608123
84608124
84608125
84608126
84608127
84608128
84608129
84608130
84608131
84608132
84608133
84608134
84608135
84608136
84608137
84608138
84608139
84608140
84608141
84608142
84608143
84608144
84608145
84608146
84608147
84608148
84608149
84608150
84608151
84608152
84608153
84608154
84608155
84608156
84608157
84608158
84608159
84608160
84608161
84608162
84608163
84608164
84608165
84608166
84608167
84608168
84608169
84608170
84608171
84608172
84608173
84608174
84608175
84608176
84608177
84608178
84608179
84608180
84608181
84608182
84608183
84608184
84608185
84608186
84608187
84608188
84608189
84608190
84608191
84608192
84608193
84608194
84608195
84608196
84608197
84608198
84608199
84608200
84608201
84608202
84608203
84608204
84608205
84608206
84608207
84608208
84608209
84608210
84608211
84608212
84608213
84608214
84608215
84608216
84608217
84608218
84608219
84608220
84608221
84608222
84608223
84608224
84608225
84608226
84608227
84608228
84608229
84608230
84608231
84608232
84608233
84608234
84608235
84608236
84608237
84608238
84608239
84608240
84608241
84608242
84608243
84608244
84608245
84608246
84608247
84608248
84608249
84608250
84608251
84608252
84608253
84608254
84608255
84608256
84608257
84608258
84608259
84608260
84608261
84608262
84608263
84608264
84608265
84608266
84608267
84608268
84608269
84608270
84608271
84608272
84608273
84608274
84608275
84608276
84608277
84608278
84608279
84608280
84608281
84608282
84608283
84608284
84608285
84608286
84608287
84608288
84608289
84608290
84608291
84608292
84608293
84608294
84608295
84608296
84608297
84608298
84608299
84608300
84608301
84608302
84608303
84608304
84608305
84608306
84608307
84608308
84608309
84608310
84608311
84608312
84608313
84608314
84608315
84608316
84608317
84608318
84608319
84608320
84608321
84608322
84608323
84608324
84608325
84608326
84608327
84608328
84608329
84608330
84608331
84608332
84608333
84608334
84608335
84608336
84608337
84608338
84608339
84608340
84608341
84608342
84608343
84608344
84608345
84608346
84608347
84608348
84608349
84608350
84608351
84608352
84608353
84608354
84608355
84608356
84608357
84608358
84608359
84608360
84608361
84608362
84608363
84608364
84608365
84608366
84608367
84608368
84608369
84608370
84608371
84608372
84608373
84608374
84608375
84608376
84608377
84608378
84608379
84608380
84608381
84608382
84608383
84608384
84608385
84608386
84608387
84608388
84608389
84608390
84608391
84608392
84608393
84608394
84608395
84608396
84608397
84608398
84608399
84608400
84608401
84608402
84608403
84608404
84608405
84608406
84608407
84608408
84608409
84608410
84608411
84608412
84608413
84608414
84608415
84608416
84608417
84608418
84608419
84608420
84608421
84608422
84608423
84608424
84608425
84608426
84608427
84608428
84608429
84608430
84608431
84608432
84608433
84608434
84608435
84608436
84608437
84608438
84608439
84608440
84608441
84608442
84608443
84608444
84608445
84608446
84608447
84608448
84608449
84608450
84608451
84608452
84608453
84608454
84608455
84608456
84608457
84608458
84608459
84608460
84608461
84608462
84608463
84608464
84608465
84608466
84608467
84608468
84608469
84608470
84608471
84608472
84608473
84608474
84608475
84608476
84608477
84608478
84608479
84608480
84608481
84608482
84608483
84608484
84608485
84608486
84608487
84608488
84608489
84608490
84608491
84608492
84608493
84608494
84608495
84608496
84608497
84608498
84608499
84608500
84608501
84608502
84608503
84608504
84608505
84608506
84608507
84608508
84608509
84608510
84608511
84608512
84608513
84608514
84608515
84608516
84608517
84608518
84608519
84608520
84608521
84608522
84608523
84608524
84608525
84608526
84608527
84608528
84608529
84608530
84608531
84608532
84608533
84608534
84608535
84608536
84608537
84608538
84608539
84608540
84608541
84608542
84608543
84608544
84608545
84608546
84608547
84608548
84608549
84608550
84608551
84608552
84608553
84608554
84608555
84608556
84608557
84608558
84608559
84608560
84608561
84608562
84608563
84608564
84608565
84608566
84608567
84608568
84608569
84608570
84608571
84608572
84608573
84608574
84608575
84608576
84608577
84608578
84608579
84608580
84608581
84608582
84608583
84608584
84608585
84608586
84608587
84608588
84608589
84608590
84608591
84608592
84608593
84608594
84608595
84608596
84608597
84608598
84608599
84608600
84608601
84608602
84608603
84608604
84608605
84608606
84608607
84608608
84608609
84608610
84608611
84608612
84608613
84608614
84608615
84608616
84608617
84608618
84608619
84608620
84608621
84608622
84608623
84608624
84608625
84608626
84608627
84608628
84608629
84608630
84608631
84608632
84608633
84608634
84608635
84608636
84608637
84608638
84608639
84608640
84608641
84608642
84608643
84608644
84608645
84608646
84608647
84608648
84608649
84608650
84608651
84608652
84608653
84608654
84608655
84608656
84608657
84608658
84608659
84608660
84608661
84608662
84608663
84608664
84608665
84608666
84608667
84608668
84608669
84608670
84608671
84608672
84608673
84608674
84608675
84608676
84608677
84608678
84608679
84608680
84608681
84608682
84608683
84608684
84608685
84608686
84608687
84608688
84608689
84608690
84608691
84608692
84608693
84608694
84608695
84608696
84608697
84608698
84608699
84608700
84608701
84608702
84608703
84608704
84608705
84608706
84608707
84608708
84608709
84608710
84608711
84608712
84608713
84608714
84608715
84608716
84608717
84608718
84608719
84608720
84608721
84608722
84608723
84608724
84608725
84608726
84608727
84608728
84608729
84608730
84608731
84608732
84608733
84608734
84608735
84608736
84608737
84608738
84608739
84608740
84608741
84608742
84608743
84608744
84608745
84608746
84608747
84608748
84608749
84608750
84608751
84608752
84608753
84608754
84608755
84608756
84608757
84608758
84608759
84608760
84608761
84608762
84608763
84608764
84608765
84608766
84608767
84608768
84608769
84608770
84608771
84608772
84608773
84608774
84608775
84608776
84608777
84608778
84608779
84608780
84608781
84608782
84608783
84608784
84608785
84608786
84608787
84608788
84608789
84608790
84608791
84608792
84608793
84608794
84608795
84608796
84608797
84608798
84608799
84608800
84608801
84608802
84608803
84608804
84608805
84608806
84608807
84608808
84608809
84608810
84608811
84608812
84608813
84608814
84608815
84608816
84608817
84608818
84608819
84608820
84608821
84608822
84608823
84608824
84608825
84608826
84608827
84608828
84608829
84608830
84608831
84608832
84608833
84608834
84608835
84608836
84608837
84608838
84608839
84608840
84608841
84608842
84608843
84608844
84608845
84608846
84608847
84608848
84608849
84608850
84608851
84608852
84608853
84608854
84608855
84608856
84608857
84608858
84608859
84608860
84608861
84608862
84608863
84608864
84608865
84608866
84608867
84608868
84608869
84608870
84608871
84608872
84608873
84608874
84608875
84608876
84608877
84608878
84608879
84608880
84608881
84608882
84608883
84608884
84608885
84608886
84608887
84608888
84608889
