85208890
85208891
85208892
85208893
85208894
85208895
85208896
85208897
85208898
85208899
85208900
85208901
85208902
85208903
85208904
85208905
85208906
85208907
85208908
85208909
85208910
85208911
85208912
85208913
85208914
85208915
85208916
85208917
85208918
85208919
85208920
85208921
85208922
85208923
85208924
85208925
85208926
85208927
85208928
85208929
85208930
85208931
85208932
85208933
85208934
85208935
85208936
85208937
85208938
85208939
85208940
85208941
85208942
85208943
85208944
85208945
85208946
85208947
85208948
85208949
85208950
85208951
85208952
85208953
85208954
85208955
85208956
85208957
85208958
85208959
85208960
85208961
85208962
85208963
85208964
85208965
85208966
85208967
85208968
85208969
85208970
85208971
85208972
85208973
85208974
85208975
85208976
85208977
85208978
85208979
85208980
85208981
85208982
85208983
85208984
85208985
85208986
85208987
85208988
85208989
85208990
85208991
85208992
85208993
85208994
85208995
85208996
85208997
85208998
85208999
85209000
85209001
85209002
85209003
85209004
85209005
85209006
85209007
85209008
85209009
85209010
85209011
85209012
85209013
85209014
85209015
85209016
85209017
85209018
85209019
85209020
85209021
85209022
85209023
85209024
85209025
85209026
85209027
85209028
85209029
85209030
85209031
85209032
85209033
85209034
85209035
85209036
85209037
85209038
85209039
85209040
85209041
85209042
85209043
85209044
85209045
85209046
85209047
85209048
85209049
85209050
85209051
85209052
85209053
85209054
85209055
85209056
85209057
85209058
85209059
85209060
85209061
85209062
85209063
85209064
85209065
85209066
85209067
85209068
85209069
85209070
85209071
85209072
85209073
85209074
85209075
85209076
85209077
85209078
85209079
85209080
85209081
85209082
85209083
85209084
85209085
85209086
85209087
85209088
85209089
85209090
85209091
85209092
85209093
85209094
85209095
85209096
85209097
85209098
85209099
85209100
85209101
85209102
85209103
85209104
85209105
85209106
85209107
85209108
85209109
85209110
85209111
85209112
85209113
85209114
85209115
85209116
85209117
85209118
85209119
85209120
85209121
85209122
85209123
85209124
85209125
85209126
85209127
85209128
85209129
85209130
85209131
85209132
85209133
85209134
85209135
85209136
85209137
85209138
85209139
85209140
85209141
85209142
85209143
85209144
85209145
85209146
85209147
85209148
85209149
85209150
85209151
85209152
85209153
85209154
85209155
85209156
85209157
85209158
85209159
85209160
85209161
85209162
85209163
85209164
85209165
85209166
85209167
85209168
85209169
85209170
85209171
85209172
85209173
85209174
85209175
85209176
85209177
85209178
85209179
85209180
85209181
85209182
85209183
85209184
85209185
85209186
85209187
85209188
85209189
85209190
85209191
85209192
85209193
85209194
85209195
85209196
85209197
85209198
85209199
85209200
85209201
85209202
85209203
85209204
85209205
85209206
85209207
85209208
85209209
85209210
85209211
85209212
85209213
85209214
85209215
85209216
85209217
85209218
85209219
85209220
85209221
85209222
85209223
85209224
85209225
85209226
85209227
85209228
85209229
85209230
85209231
85209232
85209233
85209234
85209235
85209236
85209237
85209238
85209239
85209240
85209241
85209242
85209243
85209244
85209245
85209246
85209247
85209248
85209249
85209250
85209251
85209252
85209253
85209254
85209255
85209256
85209257
85209258
85209259
85209260
85209261
85209262
85209263
85209264
85209265
85209266
85209267
85209268
85209269
85209270
85209271
85209272
85209273
85209274
85209275
85209276
85209277
85209278
85209279
85209280
85209281
85209282
85209283
85209284
85209285
85209286
85209287
85209288
85209289
85209290
85209291
85209292
85209293
85209294
85209295
85209296
85209297
85209298
85209299
85209300
85209301
85209302
85209303
85209304
85209305
85209306
85209307
85209308
85209309
85209310
85209311
85209312
85209313
85209314
85209315
85209316
85209317
85209318
85209319
85209320
85209321
85209322
85209323
85209324
85209325
85209326
85209327
85209328
85209329
85209330
85209331
85209332
85209333
85209334
85209335
85209336
85209337
85209338
85209339
85209340
85209341
85209342
85209343
85209344
85209345
85209346
85209347
85209348
85209349
85209350
85209351
85209352
85209353
85209354
85209355
85209356
85209357
85209358
85209359
85209360
85209361
85209362
85209363
85209364
85209365
85209366
85209367
85209368
85209369
85209370
85209371
85209372
85209373
85209374
85209375
85209376
85209377
85209378
85209379
85209380
85209381
85209382
85209383
85209384
85209385
85209386
85209387
85209388
85209389
85209390
85209391
85209392
85209393
85209394
85209395
85209396
85209397
85209398
85209399
85209400
85209401
85209402
85209403
85209404
85209405
85209406
85209407
85209408
85209409
85209410
85209411
85209412
85209413
85209414
85209415
85209416
85209417
85209418
85209419
85209420
85209421
85209422
85209423
85209424
85209425
85209426
85209427
85209428
85209429
85209430
85209431
85209432
85209433
85209434
85209435
85209436
85209437
85209438
85209439
85209440
85209441
85209442
85209443
85209444
85209445
85209446
85209447
85209448
85209449
85209450
85209451
85209452
85209453
85209454
85209455
85209456
85209457
85209458
85209459
85209460
85209461
85209462
85209463
85209464
85209465
85209466
85209467
85209468
85209469
85209470
85209471
85209472
85209473
85209474
85209475
85209476
85209477
85209478
85209479
85209480
85209481
85209482
85209483
85209484
85209485
85209486
85209487
85209488
85209489
85209490
85209491
85209492
85209493
85209494
85209495
85209496
85209497
85209498
85209499
85209500
85209501
85209502
85209503
85209504
85209505
85209506
85209507
85209508
85209509
85209510
85209511
85209512
85209513
85209514
85209515
85209516
85209517
85209518
85209519
85209520
85209521
85209522
85209523
85209524
85209525
85209526
85209527
85209528
85209529
85209530
85209531
85209532
85209533
85209534
85209535
85209536
85209537
85209538
85209539
85209540
85209541
85209542
85209543
85209544
85209545
85209546
85209547
85209548
85209549
85209550
85209551
85209552
85209553
85209554
85209555
85209556
85209557
85209558
85209559
85209560
85209561
85209562
85209563
85209564
85209565
85209566
85209567
85209568
85209569
85209570
85209571
85209572
85209573
85209574
85209575
85209576
85209577
85209578
85209579
85209580
85209581
85209582
85209583
85209584
85209585
85209586
85209587
85209588
85209589
85209590
85209591
85209592
85209593
85209594
85209595
85209596
85209597
85209598
85209599
85209600
85209601
85209602
85209603
85209604
85209605
85209606
85209607
85209608
85209609
85209610
85209611
85209612
85209613
85209614
85209615
85209616
85209617
85209618
85209619
85209620
85209621
85209622
85209623
85209624
85209625
85209626
85209627
85209628
85209629
85209630
85209631
85209632
85209633
85209634
85209635
85209636
85209637
85209638
85209639
85209640
85209641
85209642
85209643
85209644
85209645
85209646
85209647
85209648
85209649
85209650
85209651
85209652
85209653
85209654
85209655
85209656
85209657
85209658
85209659
85209660
85209661
85209662
85209663
85209664
85209665
85209666
85209667
85209668
85209669
85209670
85209671
85209672
85209673
85209674
85209675
85209676
85209677
85209678
85209679
85209680
85209681
85209682
85209683
85209684
85209685
85209686
85209687
85209688
85209689
85209690
85209691
85209692
85209693
85209694
85209695
85209696
85209697
85209698
85209699
85209700
85209701
85209702
85209703
85209704
85209705
85209706
85209707
85209708
85209709
85209710
85209711
85209712
85209713
85209714
85209715
85209716
85209717
85209718
85209719
85209720
85209721
85209722
85209723
85209724
85209725
85209726
85209727
85209728
85209729
85209730
85209731
85209732
85209733
85209734
85209735
85209736
85209737
85209738
85209739
85209740
85209741
85209742
85209743
85209744
85209745
85209746
85209747
85209748
85209749
85209750
85209751
85209752
85209753
85209754
85209755
85209756
85209757
85209758
85209759
85209760
85209761
85209762
85209763
85209764
85209765
85209766
85209767
85209768
85209769
85209770
85209771
85209772
85209773
85209774
85209775
85209776
85209777
85209778
85209779
85209780
85209781
85209782
85209783
85209784
85209785
85209786
85209787
85209788
85209789
85209790
85209791
85209792
85209793
85209794
85209795
85209796
85209797
85209798
85209799
85209800
85209801
85209802
85209803
85209804
85209805
85209806
85209807
85209808
85209809
85209810
85209811
85209812
85209813
85209814
85209815
85209816
85209817
85209818
85209819
85209820
85209821
85209822
85209823
85209824
85209825
85209826
85209827
85209828
85209829
85209830
85209831
85209832
85209833
85209834
85209835
85209836
85209837
85209838
85209839
85209840
85209841
85209842
85209843
85209844
85209845
85209846
85209847
85209848
85209849
85209850
85209851
85209852
85209853
85209854
85209855
85209856
85209857
85209858
85209859
85209860
85209861
85209862
85209863
85209864
85209865
85209866
85209867
85209868
85209869
85209870
85209871
85209872
85209873
85209874
85209875
85209876
85209877
85209878
85209879
85209880
85209881
85209882
85209883
85209884
85209885
85209886
85209887
85209888
85209889
85209890
85209891
85209892
85209893
85209894
85209895
85209896
85209897
85209898
85209899
85209900
85209901
85209902
85209903
85209904
85209905
85209906
85209907
85209908
85209909
85209910
85209911
85209912
85209913
85209914
85209915
85209916
85209917
85209918
85209919
85209920
85209921
85209922
85209923
85209924
85209925
85209926
85209927
85209928
85209929
85209930
85209931
85209932
85209933
85209934
85209935
85209936
85209937
85209938
85209939
85209940
85209941
85209942
85209943
85209944
85209945
85209946
85209947
85209948
85209949
85209950
85209951
85209952
85209953
85209954
85209955
85209956
85209957
85209958
85209959
85209960
85209961
85209962
85209963
85209964
85209965
85209966
85209967
85209968
85209969
85209970
85209971
85209972
85209973
85209974
85209975
85209976
85209977
85209978
85209979
85209980
85209981
85209982
85209983
85209984
85209985
85209986
85209987
85209988
85209989
85209990
85209991
85209992
85209993
85209994
85209995
85209996
85209997
85209998
85209999
85210000
85210001
85210002
85210003
85210004
85210005
85210006
85210007
85210008
85210009
85210010
85210011
85210012
85210013
85210014
85210015
85210016
85210017
85210018
85210019
85210020
85210021
85210022
85210023
85210024
85210025
85210026
85210027
85210028
85210029
85210030
85210031
85210032
85210033
85210034
85210035
85210036
85210037
85210038
85210039
85210040
85210041
85210042
85210043
85210044
85210045
85210046
85210047
85210048
85210049
85210050
85210051
85210052
85210053
85210054
85210055
85210056
85210057
85210058
85210059
85210060
85210061
85210062
85210063
85210064
85210065
85210066
85210067
85210068
85210069
85210070
85210071
85210072
85210073
85210074
85210075
85210076
85210077
85210078
85210079
85210080
85210081
85210082
85210083
85210084
85210085
85210086
85210087
85210088
85210089
85210090
85210091
85210092
85210093
85210094
85210095
85210096
85210097
85210098
85210099
85210100
85210101
85210102
85210103
85210104
85210105
85210106
85210107
85210108
85210109
85210110
85210111
85210112
85210113
85210114
85210115
85210116
85210117
85210118
85210119
85210120
85210121
85210122
85210123
85210124
85210125
85210126
85210127
85210128
85210129
85210130
85210131
85210132
85210133
85210134
85210135
85210136
85210137
85210138
85210139
85210140
85210141
85210142
85210143
85210144
85210145
85210146
85210147
85210148
85210149
85210150
85210151
85210152
85210153
85210154
85210155
85210156
85210157
85210158
85210159
85210160
85210161
85210162
85210163
85210164
85210165
85210166
85210167
85210168
85210169
85210170
85210171
85210172
85210173
85210174
85210175
85210176
85210177
85210178
85210179
85210180
85210181
85210182
85210183
85210184
85210185
85210186
85210187
85210188
85210189
85210190
85210191
85210192
85210193
85210194
85210195
85210196
85210197
85210198
85210199
85210200
85210201
85210202
85210203
85210204
85210205
85210206
85210207
85210208
85210209
85210210
85210211
85210212
85210213
85210214
85210215
85210216
85210217
85210218
85210219
85210220
85210221
85210222
85210223
85210224
85210225
85210226
85210227
85210228
85210229
85210230
85210231
85210232
85210233
85210234
85210235
85210236
85210237
85210238
85210239
85210240
85210241
85210242
85210243
85210244
85210245
85210246
85210247
85210248
85210249
85210250
85210251
85210252
85210253
85210254
85210255
85210256
85210257
85210258
85210259
85210260
85210261
85210262
85210263
85210264
85210265
85210266
85210267
85210268
85210269
85210270
85210271
85210272
85210273
85210274
85210275
85210276
85210277
85210278
85210279
85210280
85210281
85210282
85210283
85210284
85210285
85210286
85210287
85210288
85210289
85210290
85210291
85210292
85210293
85210294
85210295
85210296
85210297
85210298
85210299
85210300
85210301
85210302
85210303
85210304
85210305
85210306
85210307
85210308
85210309
85210310
85210311
85210312
85210313
85210314
85210315
85210316
85210317
85210318
85210319
85210320
85210321
85210322
85210323
85210324
85210325
85210326
85210327
85210328
85210329
85210330
85210331
85210332
85210333
85210334
85210335
85210336
85210337
85210338
85210339
85210340
85210341
85210342
85210343
85210344
85210345
85210346
85210347
85210348
85210349
85210350
85210351
85210352
85210353
85210354
85210355
85210356
85210357
85210358
85210359
85210360
85210361
85210362
85210363
85210364
85210365
85210366
85210367
85210368
85210369
85210370
85210371
85210372
85210373
85210374
85210375
85210376
85210377
85210378
85210379
85210380
85210381
85210382
85210383
85210384
85210385
85210386
85210387
85210388
85210389
85210390
85210391
85210392
85210393
85210394
85210395
85210396
85210397
85210398
85210399
85210400
85210401
85210402
85210403
85210404
85210405
85210406
85210407
85210408
85210409
85210410
85210411
85210412
85210413
85210414
85210415
85210416
85210417
85210418
85210419
85210420
85210421
85210422
85210423
85210424
85210425
85210426
85210427
85210428
85210429
85210430
85210431
85210432
85210433
85210434
85210435
85210436
85210437
85210438
85210439
85210440
85210441
85210442
85210443
85210444
85210445
85210446
85210447
85210448
85210449
85210450
85210451
85210452
85210453
85210454
85210455
85210456
85210457
85210458
85210459
85210460
85210461
85210462
85210463
85210464
85210465
85210466
85210467
85210468
85210469
85210470
85210471
85210472
85210473
85210474
85210475
85210476
85210477
85210478
85210479
85210480
85210481
85210482
85210483
85210484
85210485
85210486
85210487
85210488
85210489
85210490
85210491
85210492
85210493
85210494
85210495
85210496
85210497
85210498
85210499
85210500
85210501
85210502
85210503
85210504
85210505
85210506
85210507
85210508
85210509
85210510
85210511
85210512
85210513
85210514
85210515
85210516
85210517
85210518
85210519
85210520
85210521
85210522
85210523
85210524
85210525
85210526
85210527
85210528
85210529
85210530
85210531
85210532
85210533
85210534
85210535
85210536
85210537
85210538
85210539
85210540
85210541
85210542
85210543
85210544
85210545
85210546
85210547
85210548
85210549
85210550
85210551
85210552
85210553
85210554
85210555
85210556
85210557
85210558
85210559
85210560
85210561
85210562
85210563
85210564
85210565
85210566
85210567
85210568
85210569
85210570
85210571
85210572
85210573
85210574
85210575
85210576
85210577
85210578
85210579
85210580
85210581
85210582
85210583
85210584
85210585
85210586
85210587
85210588
85210589
85210590
85210591
85210592
85210593
85210594
85210595
85210596
85210597
85210598
85210599
85210600
85210601
85210602
85210603
85210604
85210605
85210606
85210607
85210608
85210609
85210610
85210611
85210612
85210613
85210614
85210615
85210616
85210617
85210618
85210619
85210620
85210621
85210622
85210623
85210624
85210625
85210626
85210627
85210628
85210629
85210630
85210631
85210632
85210633
85210634
85210635
85210636
85210637
85210638
85210639
85210640
85210641
85210642
85210643
85210644
85210645
85210646
85210647
85210648
85210649
85210650
85210651
85210652
85210653
85210654
85210655
85210656
85210657
85210658
85210659
85210660
85210661
85210662
85210663
85210664
85210665
85210666
85210667
85210668
85210669
85210670
85210671
85210672
85210673
85210674
85210675
85210676
85210677
85210678
85210679
85210680
85210681
85210682
85210683
85210684
85210685
85210686
85210687
85210688
85210689
85210690
85210691
85210692
85210693
85210694
85210695
85210696
85210697
85210698
85210699
85210700
85210701
85210702
85210703
85210704
85210705
85210706
85210707
85210708
85210709
85210710
85210711
85210712
85210713
85210714
85210715
85210716
85210717
85210718
85210719
85210720
85210721
85210722
85210723
85210724
85210725
85210726
85210727
85210728
85210729
85210730
85210731
85210732
85210733
85210734
85210735
85210736
85210737
85210738
85210739
85210740
85210741
85210742
85210743
85210744
85210745
85210746
85210747
85210748
85210749
85210750
85210751
85210752
85210753
85210754
85210755
85210756
85210757
85210758
85210759
85210760
85210761
85210762
85210763
85210764
85210765
85210766
85210767
85210768
85210769
85210770
85210771
85210772
85210773
85210774
85210775
85210776
85210777
85210778
85210779
85210780
85210781
85210782
85210783
85210784
85210785
85210786
85210787
85210788
85210789
85210790
85210791
85210792
85210793
85210794
85210795
85210796
85210797
85210798
85210799
85210800
85210801
85210802
85210803
85210804
85210805
85210806
85210807
85210808
85210809
85210810
85210811
85210812
85210813
85210814
85210815
85210816
85210817
85210818
85210819
85210820
85210821
85210822
85210823
85210824
85210825
85210826
85210827
85210828
85210829
85210830
85210831
85210832
85210833
85210834
85210835
85210836
85210837
85210838
85210839
85210840
85210841
85210842
85210843
85210844
85210845
85210846
85210847
85210848
85210849
85210850
85210851
85210852
85210853
85210854
85210855
85210856
85210857
85210858
85210859
85210860
85210861
85210862
85210863
85210864
85210865
85210866
85210867
85210868
85210869
85210870
85210871
85210872
85210873
85210874
85210875
85210876
85210877
85210878
85210879
85210880
85210881
85210882
85210883
85210884
85210885
85210886
85210887
85210888
85210889
85210890
85210891
85210892
85210893
85210894
85210895
85210896
85210897
85210898
85210899
85210900
85210901
85210902
85210903
85210904
85210905
85210906
85210907
85210908
85210909
85210910
85210911
85210912
85210913
85210914
85210915
85210916
85210917
85210918
85210919
85210920
85210921
85210922
85210923
85210924
85210925
85210926
85210927
85210928
85210929
85210930
85210931
85210932
85210933
85210934
85210935
85210936
85210937
85210938
85210939
85210940
85210941
85210942
85210943
85210944
85210945
85210946
85210947
85210948
85210949
85210950
85210951
85210952
85210953
85210954
85210955
85210956
85210957
85210958
85210959
85210960
85210961
85210962
85210963
85210964
85210965
85210966
85210967
85210968
85210969
85210970
85210971
85210972
85210973
85210974
85210975
85210976
85210977
85210978
85210979
85210980
85210981
85210982
85210983
85210984
85210985
85210986
85210987
85210988
85210989
85210990
85210991
85210992
85210993
85210994
85210995
85210996
85210997
85210998
85210999
85211000
85211001
85211002
85211003
85211004
85211005
85211006
85211007
85211008
85211009
85211010
85211011
85211012
85211013
85211014
85211015
85211016
85211017
85211018
85211019
85211020
85211021
85211022
85211023
85211024
85211025
85211026
85211027
85211028
85211029
85211030
85211031
85211032
85211033
85211034
85211035
85211036
85211037
85211038
85211039
85211040
85211041
85211042
85211043
85211044
85211045
85211046
85211047
85211048
85211049
85211050
85211051
85211052
85211053
85211054
85211055
85211056
85211057
85211058
85211059
85211060
85211061
85211062
85211063
85211064
85211065
85211066
85211067
85211068
85211069
85211070
85211071
85211072
85211073
85211074
85211075
85211076
85211077
85211078
85211079
85211080
85211081
85211082
85211083
85211084
85211085
85211086
85211087
85211088
85211089
85211090
85211091
85211092
85211093
85211094
85211095
85211096
85211097
85211098
85211099
85211100
85211101
85211102
85211103
85211104
85211105
85211106
85211107
85211108
85211109
85211110
85211111
85211112
85211113
85211114
85211115
85211116
85211117
85211118
85211119
85211120
85211121
85211122
85211123
85211124
85211125
85211126
85211127
85211128
85211129
85211130
85211131
85211132
85211133
85211134
85211135
85211136
85211137
85211138
85211139
85211140
85211141
85211142
85211143
85211144
85211145
85211146
85211147
85211148
85211149
85211150
85211151
85211152
85211153
85211154
85211155
85211156
85211157
85211158
85211159
85211160
85211161
85211162
85211163
85211164
85211165
85211166
85211167
85211168
85211169
85211170
85211171
85211172
85211173
85211174
85211175
85211176
85211177
85211178
85211179
85211180
85211181
85211182
85211183
85211184
85211185
85211186
85211187
85211188
85211189
85211190
85211191
85211192
85211193
85211194
85211195
85211196
85211197
85211198
85211199
85211200
85211201
85211202
85211203
85211204
85211205
85211206
85211207
85211208
85211209
85211210
85211211
85211212
85211213
85211214
85211215
85211216
85211217
85211218
85211219
85211220
85211221
85211222
85211223
85211224
85211225
85211226
85211227
85211228
85211229
85211230
85211231
85211232
85211233
85211234
85211235
85211236
85211237
85211238
85211239
85211240
85211241
85211242
85211243
85211244
85211245
85211246
85211247
85211248
85211249
85211250
85211251
85211252
85211253
85211254
85211255
85211256
85211257
85211258
85211259
85211260
85211261
85211262
85211263
85211264
85211265
85211266
85211267
85211268
85211269
85211270
85211271
85211272
85211273
85211274
85211275
85211276
85211277
85211278
85211279
85211280
85211281
85211282
85211283
85211284
85211285
85211286
85211287
85211288
85211289
85211290
85211291
85211292
85211293
85211294
85211295
85211296
85211297
85211298
85211299
85211300
85211301
85211302
85211303
85211304
85211305
85211306
85211307
85211308
85211309
85211310
85211311
85211312
85211313
85211314
85211315
85211316
85211317
85211318
85211319
85211320
85211321
85211322
85211323
85211324
85211325
85211326
85211327
85211328
85211329
85211330
85211331
85211332
85211333
85211334
85211335
85211336
85211337
85211338
85211339
85211340
85211341
85211342
85211343
85211344
85211345
85211346
85211347
85211348
85211349
85211350
85211351
85211352
85211353
85211354
85211355
85211356
85211357
85211358
85211359
85211360
85211361
85211362
85211363
85211364
85211365
85211366
85211367
85211368
85211369
85211370
85211371
85211372
85211373
85211374
85211375
85211376
85211377
85211378
85211379
85211380
85211381
85211382
85211383
85211384
85211385
85211386
85211387
85211388
85211389
85211390
85211391
85211392
85211393
85211394
85211395
85211396
85211397
85211398
85211399
85211400
85211401
85211402
85211403
85211404
85211405
85211406
85211407
85211408
85211409
85211410
85211411
85211412
85211413
85211414
85211415
85211416
85211417
85211418
85211419
85211420
85211421
85211422
85211423
85211424
85211425
85211426
85211427
85211428
85211429
85211430
85211431
85211432
85211433
85211434
85211435
85211436
85211437
85211438
85211439
85211440
85211441
85211442
85211443
85211444
85211445
85211446
85211447
85211448
85211449
85211450
85211451
85211452
85211453
85211454
85211455
85211456
85211457
85211458
85211459
85211460
85211461
85211462
85211463
85211464
85211465
85211466
85211467
85211468
85211469
85211470
85211471
85211472
85211473
85211474
85211475
85211476
85211477
85211478
85211479
85211480
85211481
85211482
85211483
85211484
85211485
85211486
85211487
85211488
85211489
85211490
85211491
85211492
85211493
85211494
85211495
85211496
85211497
85211498
85211499
85211500
85211501
85211502
85211503
85211504
85211505
85211506
85211507
85211508
85211509
85211510
85211511
85211512
85211513
85211514
85211515
85211516
85211517
85211518
85211519
85211520
85211521
85211522
85211523
85211524
85211525
85211526
85211527
85211528
85211529
85211530
85211531
85211532
85211533
85211534
85211535
85211536
85211537
85211538
85211539
85211540
85211541
85211542
85211543
85211544
85211545
85211546
85211547
85211548
85211549
85211550
85211551
85211552
85211553
85211554
85211555
85211556
85211557
85211558
85211559
85211560
85211561
85211562
85211563
85211564
85211565
85211566
85211567
85211568
85211569
85211570
85211571
85211572
85211573
85211574
85211575
85211576
85211577
85211578
85211579
85211580
85211581
85211582
85211583
85211584
85211585
85211586
85211587
85211588
85211589
85211590
85211591
85211592
85211593
85211594
85211595
85211596
85211597
85211598
85211599
85211600
85211601
85211602
85211603
85211604
85211605
85211606
85211607
85211608
85211609
85211610
85211611
85211612
85211613
85211614
85211615
85211616
85211617
85211618
85211619
85211620
85211621
85211622
85211623
85211624
85211625
85211626
85211627
85211628
85211629
85211630
85211631
85211632
85211633
85211634
85211635
85211636
85211637
85211638
85211639
85211640
85211641
85211642
85211643
85211644
85211645
85211646
85211647
85211648
85211649
85211650
85211651
85211652
85211653
85211654
85211655
85211656
85211657
85211658
85211659
85211660
85211661
85211662
85211663
85211664
85211665
85211666
85211667
85211668
85211669
85211670
85211671
85211672
85211673
85211674
85211675
85211676
85211677
85211678
85211679
85211680
85211681
85211682
85211683
85211684
85211685
85211686
85211687
85211688
85211689
85211690
85211691
85211692
85211693
85211694
85211695
85211696
85211697
85211698
85211699
85211700
85211701
85211702
85211703
85211704
85211705
85211706
85211707
85211708
85211709
85211710
85211711
85211712
85211713
85211714
85211715
85211716
85211717
85211718
85211719
85211720
85211721
85211722
85211723
85211724
85211725
85211726
85211727
85211728
85211729
85211730
85211731
85211732
85211733
85211734
85211735
85211736
85211737
85211738
85211739
85211740
85211741
85211742
85211743
85211744
85211745
85211746
85211747
85211748
85211749
85211750
85211751
85211752
85211753
85211754
85211755
85211756
85211757
85211758
85211759
85211760
85211761
85211762
85211763
85211764
85211765
85211766
85211767
85211768
85211769
85211770
85211771
85211772
85211773
85211774
85211775
85211776
85211777
85211778
85211779
85211780
85211781
85211782
85211783
85211784
85211785
85211786
85211787
85211788
85211789
85211790
85211791
85211792
85211793
85211794
85211795
85211796
85211797
85211798
85211799
85211800
85211801
85211802
85211803
85211804
85211805
85211806
85211807
85211808
85211809
85211810
85211811
85211812
85211813
85211814
85211815
85211816
85211817
85211818
85211819
85211820
85211821
85211822
85211823
85211824
85211825
85211826
85211827
85211828
85211829
85211830
85211831
85211832
85211833
85211834
85211835
85211836
85211837
85211838
85211839
85211840
85211841
85211842
85211843
85211844
85211845
85211846
85211847
85211848
85211849
85211850
85211851
85211852
85211853
85211854
85211855
85211856
85211857
85211858
85211859
85211860
85211861
85211862
85211863
85211864
85211865
85211866
85211867
85211868
85211869
85211870
85211871
85211872
85211873
85211874
85211875
85211876
85211877
85211878
85211879
85211880
85211881
85211882
85211883
85211884
85211885
85211886
85211887
85211888
85211889
85211890
85211891
85211892
85211893
85211894
85211895
85211896
85211897
85211898
85211899
85211900
85211901
85211902
85211903
85211904
85211905
85211906
85211907
85211908
85211909
85211910
85211911
85211912
85211913
85211914
85211915
85211916
85211917
85211918
85211919
85211920
85211921
85211922
85211923
85211924
85211925
85211926
85211927
85211928
85211929
85211930
85211931
85211932
85211933
85211934
85211935
85211936
85211937
85211938
85211939
85211940
85211941
85211942
85211943
85211944
85211945
85211946
85211947
85211948
85211949
85211950
85211951
85211952
85211953
85211954
85211955
85211956
85211957
85211958
85211959
85211960
85211961
85211962
85211963
85211964
85211965
85211966
85211967
85211968
85211969
85211970
85211971
85211972
85211973
85211974
85211975
85211976
85211977
85211978
85211979
85211980
85211981
85211982
85211983
85211984
85211985
85211986
85211987
85211988
85211989
85211990
85211991
85211992
85211993
85211994
85211995
85211996
85211997
85211998
85211999
85212000
85212001
85212002
85212003
85212004
85212005
85212006
85212007
85212008
85212009
85212010
85212011
85212012
85212013
85212014
85212015
85212016
85212017
85212018
85212019
85212020
85212021
85212022
85212023
85212024
85212025
85212026
85212027
85212028
85212029
85212030
85212031
85212032
85212033
85212034
85212035
85212036
85212037
85212038
85212039
85212040
85212041
85212042
85212043
85212044
85212045
85212046
85212047
85212048
85212049
85212050
85212051
85212052
85212053
85212054
85212055
85212056
85212057
85212058
85212059
85212060
85212061
85212062
85212063
85212064
85212065
85212066
85212067
85212068
85212069
85212070
85212071
85212072
85212073
85212074
85212075
85212076
85212077
85212078
85212079
85212080
85212081
85212082
85212083
85212084
85212085
85212086
85212087
85212088
85212089
85212090
85212091
85212092
85212093
85212094
85212095
85212096
85212097
85212098
85212099
85212100
85212101
85212102
85212103
85212104
85212105
85212106
85212107
85212108
85212109
85212110
85212111
85212112
85212113
85212114
85212115
85212116
85212117
85212118
85212119
85212120
85212121
85212122
85212123
85212124
85212125
85212126
85212127
85212128
85212129
85212130
85212131
85212132
85212133
85212134
85212135
85212136
85212137
85212138
85212139
85212140
85212141
85212142
85212143
85212144
85212145
85212146
85212147
85212148
85212149
85212150
85212151
85212152
85212153
85212154
85212155
85212156
85212157
85212158
85212159
85212160
85212161
85212162
85212163
85212164
85212165
85212166
85212167
85212168
85212169
85212170
85212171
85212172
85212173
85212174
85212175
85212176
85212177
85212178
85212179
85212180
85212181
85212182
85212183
85212184
85212185
85212186
85212187
85212188
85212189
85212190
85212191
85212192
85212193
85212194
85212195
85212196
85212197
85212198
85212199
85212200
85212201
85212202
85212203
85212204
85212205
85212206
85212207
85212208
85212209
85212210
85212211
85212212
85212213
85212214
85212215
85212216
85212217
85212218
85212219
85212220
85212221
85212222
85212223
85212224
85212225
85212226
85212227
85212228
85212229
85212230
85212231
85212232
85212233
85212234
85212235
85212236
85212237
85212238
85212239
85212240
85212241
85212242
85212243
85212244
85212245
85212246
85212247
85212248
85212249
85212250
85212251
85212252
85212253
85212254
85212255
85212256
85212257
85212258
85212259
85212260
85212261
85212262
85212263
85212264
85212265
85212266
85212267
85212268
85212269
85212270
85212271
85212272
85212273
85212274
85212275
85212276
85212277
85212278
85212279
85212280
85212281
85212282
85212283
85212284
85212285
85212286
85212287
85212288
85212289
85212290
85212291
85212292
85212293
85212294
85212295
85212296
85212297
85212298
85212299
85212300
85212301
85212302
85212303
85212304
85212305
85212306
85212307
85212308
85212309
85212310
85212311
85212312
85212313
85212314
85212315
85212316
85212317
85212318
85212319
85212320
85212321
85212322
85212323
85212324
85212325
85212326
85212327
85212328
85212329
85212330
85212331
85212332
85212333
85212334
85212335
85212336
85212337
85212338
85212339
85212340
85212341
85212342
85212343
85212344
85212345
85212346
85212347
85212348
85212349
85212350
85212351
85212352
85212353
85212354
85212355
85212356
85212357
85212358
85212359
85212360
85212361
85212362
85212363
85212364
85212365
85212366
85212367
85212368
85212369
85212370
85212371
85212372
85212373
85212374
85212375
85212376
85212377
85212378
85212379
85212380
85212381
85212382
85212383
85212384
85212385
85212386
85212387
85212388
85212389
85212390
85212391
85212392
85212393
85212394
85212395
85212396
85212397
85212398
85212399
85212400
85212401
85212402
85212403
85212404
85212405
85212406
85212407
85212408
85212409
85212410
85212411
85212412
85212413
85212414
85212415
85212416
85212417
85212418
85212419
85212420
85212421
85212422
85212423
85212424
85212425
85212426
85212427
85212428
85212429
85212430
85212431
85212432
85212433
85212434
85212435
85212436
85212437
85212438
85212439
85212440
85212441
85212442
85212443
85212444
85212445
85212446
85212447
85212448
85212449
85212450
85212451
85212452
85212453
85212454
85212455
85212456
85212457
85212458
85212459
85212460
85212461
85212462
85212463
85212464
85212465
85212466
85212467
85212468
85212469
85212470
85212471
85212472
85212473
85212474
85212475
85212476
85212477
85212478
85212479
85212480
85212481
85212482
85212483
85212484
85212485
85212486
85212487
85212488
85212489
85212490
85212491
85212492
85212493
85212494
85212495
85212496
85212497
85212498
85212499
85212500
85212501
85212502
85212503
85212504
85212505
85212506
85212507
85212508
85212509
85212510
85212511
85212512
85212513
85212514
85212515
85212516
85212517
85212518
85212519
85212520
85212521
85212522
85212523
85212524
85212525
85212526
85212527
85212528
85212529
85212530
85212531
85212532
85212533
85212534
85212535
85212536
85212537
85212538
85212539
85212540
85212541
85212542
85212543
85212544
85212545
85212546
85212547
85212548
85212549
85212550
85212551
85212552
85212553
85212554
85212555
85212556
85212557
85212558
85212559
85212560
85212561
85212562
85212563
85212564
85212565
85212566
85212567
85212568
85212569
85212570
85212571
85212572
85212573
85212574
85212575
85212576
85212577
85212578
85212579
85212580
85212581
85212582
85212583
85212584
85212585
85212586
85212587
85212588
85212589
85212590
85212591
85212592
85212593
85212594
85212595
85212596
85212597
85212598
85212599
85212600
85212601
85212602
85212603
85212604
85212605
85212606
85212607
85212608
85212609
85212610
85212611
85212612
85212613
85212614
85212615
85212616
85212617
85212618
85212619
85212620
85212621
85212622
85212623
85212624
85212625
85212626
85212627
85212628
85212629
85212630
85212631
85212632
85212633
85212634
85212635
85212636
85212637
85212638
85212639
85212640
85212641
85212642
85212643
85212644
85212645
85212646
85212647
85212648
85212649
85212650
85212651
85212652
85212653
85212654
85212655
85212656
85212657
85212658
85212659
85212660
85212661
85212662
85212663
85212664
85212665
85212666
85212667
85212668
85212669
85212670
85212671
85212672
85212673
85212674
85212675
85212676
85212677
85212678
85212679
85212680
85212681
85212682
85212683
85212684
85212685
85212686
85212687
85212688
85212689
85212690
85212691
85212692
85212693
85212694
85212695
85212696
85212697
85212698
85212699
85212700
85212701
85212702
85212703
85212704
85212705
85212706
85212707
85212708
85212709
85212710
85212711
85212712
85212713
85212714
85212715
85212716
85212717
85212718
85212719
85212720
85212721
85212722
85212723
85212724
85212725
85212726
85212727
85212728
85212729
85212730
85212731
85212732
85212733
85212734
85212735
85212736
85212737
85212738
85212739
85212740
85212741
85212742
85212743
85212744
85212745
85212746
85212747
85212748
85212749
85212750
85212751
85212752
85212753
85212754
85212755
85212756
85212757
85212758
85212759
85212760
85212761
85212762
85212763
85212764
85212765
85212766
85212767
85212768
85212769
85212770
85212771
85212772
85212773
85212774
85212775
85212776
85212777
85212778
85212779
85212780
85212781
85212782
85212783
85212784
85212785
85212786
85212787
85212788
85212789
85212790
85212791
85212792
85212793
85212794
85212795
85212796
85212797
85212798
85212799
85212800
85212801
85212802
85212803
85212804
85212805
85212806
85212807
85212808
85212809
85212810
85212811
85212812
85212813
85212814
85212815
85212816
85212817
85212818
85212819
85212820
85212821
85212822
85212823
85212824
85212825
85212826
85212827
85212828
85212829
85212830
85212831
85212832
85212833
85212834
85212835
85212836
85212837
85212838
85212839
85212840
85212841
85212842
85212843
85212844
85212845
85212846
85212847
85212848
85212849
85212850
85212851
85212852
85212853
85212854
85212855
85212856
85212857
85212858
85212859
85212860
85212861
85212862
85212863
85212864
85212865
85212866
85212867
85212868
85212869
85212870
85212871
85212872
85212873
85212874
85212875
85212876
85212877
85212878
85212879
85212880
85212881
85212882
85212883
85212884
85212885
85212886
85212887
85212888
85212889
85212890
85212891
85212892
85212893
85212894
85212895
85212896
85212897
85212898
85212899
85212900
85212901
85212902
85212903
85212904
85212905
85212906
85212907
85212908
85212909
85212910
85212911
85212912
85212913
85212914
85212915
85212916
85212917
85212918
85212919
85212920
85212921
85212922
85212923
85212924
85212925
85212926
85212927
85212928
85212929
85212930
85212931
85212932
85212933
85212934
85212935
85212936
85212937
85212938
85212939
85212940
85212941
85212942
85212943
85212944
85212945
85212946
85212947
85212948
85212949
85212950
85212951
85212952
85212953
85212954
85212955
85212956
85212957
85212958
85212959
85212960
85212961
85212962
85212963
85212964
85212965
85212966
85212967
85212968
85212969
85212970
85212971
85212972
85212973
85212974
85212975
85212976
85212977
85212978
85212979
85212980
85212981
85212982
85212983
85212984
85212985
85212986
85212987
85212988
85212989
85212990
85212991
85212992
85212993
85212994
85212995
85212996
85212997
85212998
85212999
85213000
85213001
85213002
85213003
85213004
85213005
85213006
85213007
85213008
85213009
85213010
85213011
85213012
85213013
85213014
85213015
85213016
85213017
85213018
85213019
85213020
85213021
85213022
85213023
85213024
85213025
85213026
85213027
85213028
85213029
85213030
85213031
85213032
85213033
85213034
85213035
85213036
85213037
85213038
85213039
85213040
85213041
85213042
85213043
85213044
85213045
85213046
85213047
85213048
85213049
85213050
85213051
85213052
85213053
85213054
85213055
85213056
85213057
85213058
85213059
85213060
85213061
85213062
85213063
85213064
85213065
85213066
85213067
85213068
85213069
85213070
85213071
85213072
85213073
85213074
85213075
85213076
85213077
85213078
85213079
85213080
85213081
85213082
85213083
85213084
85213085
85213086
85213087
85213088
85213089
85213090
85213091
85213092
85213093
85213094
85213095
85213096
85213097
85213098
85213099
85213100
85213101
85213102
85213103
85213104
85213105
85213106
85213107
85213108
85213109
85213110
85213111
85213112
85213113
85213114
85213115
85213116
85213117
85213118
85213119
85213120
85213121
85213122
85213123
85213124
85213125
85213126
85213127
85213128
85213129
85213130
85213131
85213132
85213133
85213134
85213135
85213136
85213137
85213138
85213139
85213140
85213141
85213142
85213143
85213144
85213145
85213146
85213147
85213148
85213149
85213150
85213151
85213152
85213153
85213154
85213155
85213156
85213157
85213158
85213159
85213160
85213161
85213162
85213163
85213164
85213165
85213166
85213167
85213168
85213169
85213170
85213171
85213172
85213173
85213174
85213175
85213176
85213177
85213178
85213179
85213180
85213181
85213182
85213183
85213184
85213185
85213186
85213187
85213188
85213189
85213190
85213191
85213192
85213193
85213194
85213195
85213196
85213197
85213198
85213199
85213200
85213201
85213202
85213203
85213204
85213205
85213206
85213207
85213208
85213209
85213210
85213211
85213212
85213213
85213214
85213215
85213216
85213217
85213218
85213219
85213220
85213221
85213222
85213223
85213224
85213225
85213226
85213227
85213228
85213229
85213230
85213231
85213232
85213233
85213234
85213235
85213236
85213237
85213238
85213239
85213240
85213241
85213242
85213243
85213244
85213245
85213246
85213247
85213248
85213249
85213250
85213251
85213252
85213253
85213254
85213255
85213256
85213257
85213258
85213259
85213260
85213261
85213262
85213263
85213264
85213265
85213266
85213267
85213268
85213269
85213270
85213271
85213272
85213273
85213274
85213275
85213276
85213277
85213278
85213279
85213280
85213281
85213282
85213283
85213284
85213285
85213286
85213287
85213288
85213289
85213290
85213291
85213292
85213293
85213294
85213295
85213296
85213297
85213298
85213299
85213300
85213301
85213302
85213303
85213304
85213305
85213306
85213307
85213308
85213309
85213310
85213311
85213312
85213313
85213314
85213315
85213316
85213317
85213318
85213319
85213320
85213321
85213322
85213323
85213324
85213325
85213326
85213327
85213328
85213329
85213330
85213331
85213332
85213333
85213334
85213335
85213336
85213337
85213338
85213339
85213340
85213341
85213342
85213343
85213344
85213345
85213346
85213347
85213348
85213349
85213350
85213351
85213352
85213353
85213354
85213355
85213356
85213357
85213358
85213359
85213360
85213361
85213362
85213363
85213364
85213365
85213366
85213367
85213368
85213369
85213370
85213371
85213372
85213373
85213374
85213375
85213376
85213377
85213378
85213379
85213380
85213381
85213382
85213383
85213384
85213385
85213386
85213387
85213388
85213389
85213390
85213391
85213392
85213393
85213394
85213395
85213396
85213397
85213398
85213399
85213400
85213401
85213402
85213403
85213404
85213405
85213406
85213407
85213408
85213409
85213410
85213411
85213412
85213413
85213414
85213415
85213416
85213417
85213418
85213419
85213420
85213421
85213422
85213423
85213424
85213425
85213426
85213427
85213428
85213429
85213430
85213431
85213432
85213433
85213434
85213435
85213436
85213437
85213438
85213439
85213440
85213441
85213442
85213443
85213444
85213445
85213446
85213447
85213448
85213449
85213450
85213451
85213452
85213453
85213454
85213455
85213456
85213457
85213458
85213459
85213460
85213461
85213462
85213463
85213464
85213465
85213466
85213467
85213468
85213469
85213470
85213471
85213472
85213473
85213474
85213475
85213476
85213477
85213478
85213479
85213480
85213481
85213482
85213483
85213484
85213485
85213486
85213487
85213488
85213489
85213490
85213491
85213492
85213493
85213494
85213495
85213496
85213497
85213498
85213499
85213500
85213501
85213502
85213503
85213504
85213505
85213506
85213507
85213508
85213509
85213510
85213511
85213512
85213513
85213514
85213515
85213516
85213517
85213518
85213519
85213520
85213521
85213522
85213523
85213524
85213525
85213526
85213527
85213528
85213529
85213530
85213531
85213532
85213533
85213534
85213535
85213536
85213537
85213538
85213539
85213540
85213541
85213542
85213543
85213544
85213545
85213546
85213547
85213548
85213549
85213550
85213551
85213552
85213553
85213554
85213555
85213556
85213557
85213558
85213559
85213560
85213561
85213562
85213563
85213564
85213565
85213566
85213567
85213568
85213569
85213570
85213571
85213572
85213573
85213574
85213575
85213576
85213577
85213578
85213579
85213580
85213581
85213582
85213583
85213584
85213585
85213586
85213587
85213588
85213589
85213590
85213591
85213592
85213593
85213594
85213595
85213596
85213597
85213598
85213599
85213600
85213601
85213602
85213603
85213604
85213605
85213606
85213607
85213608
85213609
85213610
85213611
85213612
85213613
85213614
85213615
85213616
85213617
85213618
85213619
85213620
85213621
85213622
85213623
85213624
85213625
85213626
85213627
85213628
85213629
85213630
85213631
85213632
85213633
85213634
85213635
85213636
85213637
85213638
85213639
85213640
85213641
85213642
85213643
85213644
85213645
85213646
85213647
85213648
85213649
85213650
85213651
85213652
85213653
85213654
85213655
85213656
85213657
85213658
85213659
85213660
85213661
85213662
85213663
85213664
85213665
85213666
85213667
85213668
85213669
85213670
85213671
85213672
85213673
85213674
85213675
85213676
85213677
85213678
85213679
85213680
85213681
85213682
85213683
85213684
85213685
85213686
85213687
85213688
85213689
85213690
85213691
85213692
85213693
85213694
85213695
85213696
85213697
85213698
85213699
85213700
85213701
85213702
85213703
85213704
85213705
85213706
85213707
85213708
85213709
85213710
85213711
85213712
85213713
85213714
85213715
85213716
85213717
85213718
85213719
85213720
85213721
85213722
85213723
85213724
85213725
85213726
85213727
85213728
85213729
85213730
85213731
85213732
85213733
85213734
85213735
85213736
85213737
85213738
85213739
85213740
85213741
85213742
85213743
85213744
85213745
85213746
85213747
85213748
85213749
85213750
85213751
85213752
85213753
85213754
85213755
85213756
85213757
85213758
85213759
85213760
85213761
85213762
85213763
85213764
85213765
85213766
85213767
85213768
85213769
85213770
85213771
85213772
85213773
85213774
85213775
85213776
85213777
85213778
85213779
85213780
85213781
85213782
85213783
85213784
85213785
85213786
85213787
85213788
85213789
85213790
85213791
85213792
85213793
85213794
85213795
85213796
85213797
85213798
85213799
85213800
85213801
85213802
85213803
85213804
85213805
85213806
85213807
85213808
85213809
85213810
85213811
85213812
85213813
85213814
85213815
85213816
85213817
85213818
85213819
85213820
85213821
85213822
85213823
85213824
85213825
85213826
85213827
85213828
85213829
85213830
85213831
85213832
85213833
85213834
85213835
85213836
85213837
85213838
85213839
85213840
85213841
85213842
85213843
85213844
85213845
85213846
85213847
85213848
85213849
85213850
85213851
85213852
85213853
85213854
85213855
85213856
85213857
85213858
85213859
85213860
85213861
85213862
85213863
85213864
85213865
85213866
85213867
85213868
85213869
85213870
85213871
85213872
85213873
85213874
85213875
85213876
85213877
85213878
85213879
85213880
85213881
85213882
85213883
85213884
85213885
85213886
85213887
85213888
85213889
85213890
85213891
85213892
85213893
85213894
85213895
85213896
85213897
85213898
85213899
85213900
85213901
85213902
85213903
85213904
85213905
85213906
85213907
85213908
85213909
85213910
85213911
85213912
85213913
85213914
85213915
85213916
85213917
85213918
85213919
85213920
85213921
85213922
85213923
85213924
85213925
85213926
85213927
85213928
85213929
85213930
85213931
85213932
85213933
85213934
85213935
85213936
85213937
85213938
85213939
85213940
85213941
85213942
85213943
85213944
85213945
85213946
85213947
85213948
85213949
85213950
85213951
85213952
85213953
85213954
85213955
85213956
85213957
85213958
85213959
85213960
85213961
85213962
85213963
85213964
85213965
85213966
85213967
85213968
85213969
85213970
85213971
85213972
85213973
85213974
85213975
85213976
85213977
85213978
85213979
85213980
85213981
85213982
85213983
85213984
85213985
85213986
85213987
85213988
85213989
85213990
85213991
85213992
85213993
85213994
85213995
85213996
85213997
85213998
85213999
85214000
85214001
85214002
85214003
85214004
85214005
85214006
85214007
85214008
85214009
85214010
85214011
85214012
85214013
85214014
85214015
85214016
85214017
85214018
85214019
85214020
85214021
85214022
85214023
85214024
85214025
85214026
85214027
85214028
85214029
85214030
85214031
85214032
85214033
85214034
85214035
85214036
85214037
85214038
85214039
85214040
85214041
85214042
85214043
85214044
85214045
85214046
85214047
85214048
85214049
85214050
85214051
85214052
85214053
85214054
85214055
85214056
85214057
85214058
85214059
85214060
85214061
85214062
85214063
85214064
85214065
85214066
85214067
85214068
85214069
85214070
85214071
85214072
85214073
85214074
85214075
85214076
85214077
85214078
85214079
85214080
85214081
85214082
85214083
85214084
85214085
85214086
85214087
85214088
85214089
85214090
85214091
85214092
85214093
85214094
85214095
85214096
85214097
85214098
85214099
85214100
85214101
85214102
85214103
85214104
85214105
85214106
85214107
85214108
85214109
85214110
85214111
85214112
85214113
85214114
85214115
85214116
85214117
85214118
85214119
85214120
85214121
85214122
85214123
85214124
85214125
85214126
85214127
85214128
85214129
85214130
85214131
85214132
85214133
85214134
85214135
85214136
85214137
85214138
85214139
85214140
85214141
85214142
85214143
85214144
85214145
85214146
85214147
85214148
85214149
85214150
85214151
85214152
85214153
85214154
85214155
85214156
85214157
85214158
85214159
85214160
85214161
85214162
85214163
85214164
85214165
85214166
85214167
85214168
85214169
85214170
85214171
85214172
85214173
85214174
85214175
85214176
85214177
85214178
85214179
85214180
85214181
85214182
85214183
85214184
85214185
85214186
85214187
85214188
85214189
85214190
85214191
85214192
85214193
85214194
85214195
85214196
85214197
85214198
85214199
85214200
85214201
85214202
85214203
85214204
85214205
85214206
85214207
85214208
85214209
85214210
85214211
85214212
85214213
85214214
85214215
85214216
85214217
85214218
85214219
85214220
85214221
85214222
85214223
85214224
85214225
85214226
85214227
85214228
85214229
85214230
85214231
85214232
85214233
85214234
85214235
85214236
85214237
85214238
85214239
85214240
85214241
85214242
85214243
85214244
85214245
85214246
85214247
85214248
85214249
85214250
85214251
85214252
85214253
85214254
85214255
85214256
85214257
85214258
85214259
85214260
85214261
85214262
85214263
85214264
85214265
85214266
85214267
85214268
85214269
85214270
85214271
85214272
85214273
85214274
85214275
85214276
85214277
85214278
85214279
85214280
85214281
85214282
85214283
85214284
85214285
85214286
85214287
85214288
85214289
85214290
85214291
85214292
85214293
85214294
85214295
85214296
85214297
85214298
85214299
85214300
85214301
85214302
85214303
85214304
85214305
85214306
85214307
85214308
85214309
85214310
85214311
85214312
85214313
85214314
85214315
85214316
85214317
85214318
85214319
85214320
85214321
85214322
85214323
85214324
85214325
85214326
85214327
85214328
85214329
85214330
85214331
85214332
85214333
85214334
85214335
85214336
85214337
85214338
85214339
85214340
85214341
85214342
85214343
85214344
85214345
85214346
85214347
85214348
85214349
85214350
85214351
85214352
85214353
85214354
85214355
85214356
85214357
85214358
85214359
85214360
85214361
85214362
85214363
85214364
85214365
85214366
85214367
85214368
85214369
85214370
85214371
85214372
85214373
85214374
85214375
85214376
85214377
85214378
85214379
85214380
85214381
85214382
85214383
85214384
85214385
85214386
85214387
85214388
85214389
85214390
85214391
85214392
85214393
85214394
85214395
85214396
85214397
85214398
85214399
85214400
85214401
85214402
85214403
85214404
85214405
85214406
85214407
85214408
85214409
85214410
85214411
85214412
85214413
85214414
85214415
85214416
85214417
85214418
85214419
85214420
85214421
85214422
85214423
85214424
85214425
85214426
85214427
85214428
85214429
85214430
85214431
85214432
85214433
85214434
85214435
85214436
85214437
85214438
85214439
85214440
85214441
85214442
85214443
85214444
85214445
85214446
85214447
85214448
85214449
85214450
85214451
85214452
85214453
85214454
85214455
85214456
85214457
85214458
85214459
85214460
85214461
85214462
85214463
85214464
85214465
85214466
85214467
85214468
85214469
85214470
85214471
85214472
85214473
85214474
85214475
85214476
85214477
85214478
85214479
85214480
85214481
85214482
85214483
85214484
85214485
85214486
85214487
85214488
85214489
85214490
85214491
85214492
85214493
85214494
85214495
85214496
85214497
85214498
85214499
85214500
85214501
85214502
85214503
85214504
85214505
85214506
85214507
85214508
85214509
85214510
85214511
85214512
85214513
85214514
85214515
85214516
85214517
85214518
85214519
85214520
85214521
85214522
85214523
85214524
85214525
85214526
85214527
85214528
85214529
85214530
85214531
85214532
85214533
85214534
85214535
85214536
85214537
85214538
85214539
85214540
85214541
85214542
85214543
85214544
85214545
85214546
85214547
85214548
85214549
85214550
85214551
85214552
85214553
85214554
85214555
85214556
85214557
85214558
85214559
85214560
85214561
85214562
85214563
85214564
85214565
85214566
85214567
85214568
85214569
85214570
85214571
85214572
85214573
85214574
85214575
85214576
85214577
85214578
85214579
85214580
85214581
85214582
85214583
85214584
85214585
85214586
85214587
85214588
85214589
85214590
85214591
85214592
85214593
85214594
85214595
85214596
85214597
85214598
85214599
85214600
85214601
85214602
85214603
85214604
85214605
85214606
85214607
85214608
85214609
85214610
85214611
85214612
85214613
85214614
85214615
85214616
85214617
85214618
85214619
85214620
85214621
85214622
85214623
85214624
85214625
85214626
85214627
85214628
85214629
85214630
85214631
85214632
85214633
85214634
85214635
85214636
85214637
85214638
85214639
85214640
85214641
85214642
85214643
85214644
85214645
85214646
85214647
85214648
85214649
85214650
85214651
85214652
85214653
85214654
85214655
85214656
85214657
85214658
85214659
85214660
85214661
85214662
85214663
85214664
85214665
85214666
85214667
85214668
85214669
85214670
85214671
85214672
85214673
85214674
85214675
85214676
85214677
85214678
85214679
85214680
85214681
85214682
85214683
85214684
85214685
85214686
85214687
85214688
85214689
85214690
85214691
85214692
85214693
85214694
85214695
85214696
85214697
85214698
85214699
85214700
85214701
85214702
85214703
85214704
85214705
85214706
85214707
85214708
85214709
85214710
85214711
85214712
85214713
85214714
85214715
85214716
85214717
85214718
85214719
85214720
85214721
85214722
85214723
85214724
85214725
85214726
85214727
85214728
85214729
85214730
85214731
85214732
85214733
85214734
85214735
85214736
85214737
85214738
85214739
85214740
85214741
85214742
85214743
85214744
85214745
85214746
85214747
85214748
85214749
85214750
85214751
85214752
85214753
85214754
85214755
85214756
85214757
85214758
85214759
85214760
85214761
85214762
85214763
85214764
85214765
85214766
85214767
85214768
85214769
85214770
85214771
85214772
85214773
85214774
85214775
85214776
85214777
85214778
85214779
85214780
85214781
85214782
85214783
85214784
85214785
85214786
85214787
85214788
85214789
85214790
85214791
85214792
85214793
85214794
85214795
85214796
85214797
85214798
85214799
85214800
85214801
85214802
85214803
85214804
85214805
85214806
85214807
85214808
85214809
85214810
85214811
85214812
85214813
85214814
85214815
85214816
85214817
85214818
85214819
85214820
85214821
85214822
85214823
85214824
85214825
85214826
85214827
85214828
85214829
85214830
85214831
85214832
85214833
85214834
85214835
85214836
85214837
85214838
85214839
85214840
85214841
85214842
85214843
85214844
85214845
85214846
85214847
85214848
85214849
85214850
85214851
85214852
85214853
85214854
85214855
85214856
85214857
85214858
85214859
85214860
85214861
85214862
85214863
85214864
85214865
85214866
85214867
85214868
85214869
85214870
85214871
85214872
85214873
85214874
85214875
85214876
85214877
85214878
85214879
85214880
85214881
85214882
85214883
85214884
85214885
85214886
85214887
85214888
85214889
85214890
85214891
85214892
85214893
85214894
85214895
85214896
85214897
85214898
85214899
85214900
85214901
85214902
85214903
85214904
85214905
85214906
85214907
85214908
85214909
85214910
85214911
85214912
85214913
85214914
85214915
85214916
85214917
85214918
85214919
85214920
85214921
85214922
85214923
85214924
85214925
85214926
85214927
85214928
85214929
85214930
85214931
85214932
85214933
85214934
85214935
85214936
85214937
85214938
85214939
85214940
85214941
85214942
85214943
85214944
85214945
85214946
85214947
85214948
85214949
85214950
85214951
85214952
85214953
85214954
85214955
85214956
85214957
85214958
85214959
85214960
85214961
85214962
85214963
85214964
85214965
85214966
85214967
85214968
85214969
85214970
85214971
85214972
85214973
85214974
85214975
85214976
85214977
85214978
85214979
85214980
85214981
85214982
85214983
85214984
85214985
85214986
85214987
85214988
85214989
85214990
85214991
85214992
85214993
85214994
85214995
85214996
85214997
85214998
85214999
85215000
85215001
85215002
85215003
85215004
85215005
85215006
85215007
85215008
85215009
85215010
85215011
85215012
85215013
85215014
85215015
85215016
85215017
85215018
85215019
85215020
85215021
85215022
85215023
85215024
85215025
85215026
85215027
85215028
85215029
85215030
85215031
85215032
85215033
85215034
85215035
85215036
85215037
85215038
85215039
85215040
85215041
85215042
85215043
85215044
85215045
85215046
85215047
85215048
85215049
85215050
85215051
85215052
85215053
85215054
85215055
85215056
85215057
85215058
85215059
85215060
85215061
85215062
85215063
85215064
85215065
85215066
85215067
85215068
85215069
85215070
85215071
85215072
85215073
85215074
85215075
85215076
85215077
85215078
85215079
85215080
85215081
85215082
85215083
85215084
85215085
85215086
85215087
85215088
85215089
85215090
85215091
85215092
85215093
85215094
85215095
85215096
85215097
85215098
85215099
85215100
85215101
85215102
85215103
85215104
85215105
85215106
85215107
85215108
85215109
85215110
85215111
85215112
85215113
85215114
85215115
85215116
85215117
85215118
85215119
85215120
85215121
85215122
85215123
85215124
85215125
85215126
85215127
85215128
85215129
85215130
85215131
85215132
85215133
85215134
85215135
85215136
85215137
85215138
85215139
85215140
85215141
85215142
85215143
85215144
85215145
85215146
85215147
85215148
85215149
85215150
85215151
85215152
85215153
85215154
85215155
85215156
85215157
85215158
85215159
85215160
85215161
85215162
85215163
85215164
85215165
85215166
85215167
85215168
85215169
85215170
85215171
85215172
85215173
85215174
85215175
85215176
85215177
85215178
85215179
85215180
85215181
85215182
85215183
85215184
85215185
85215186
85215187
85215188
85215189
85215190
85215191
85215192
85215193
85215194
85215195
85215196
85215197
85215198
85215199
85215200
85215201
85215202
85215203
85215204
85215205
85215206
85215207
85215208
85215209
85215210
85215211
85215212
85215213
85215214
85215215
85215216
85215217
85215218
85215219
85215220
85215221
85215222
85215223
85215224
85215225
85215226
85215227
85215228
85215229
85215230
85215231
85215232
85215233
85215234
85215235
85215236
85215237
85215238
85215239
85215240
85215241
85215242
85215243
85215244
85215245
85215246
85215247
85215248
85215249
85215250
85215251
85215252
85215253
85215254
85215255
85215256
85215257
85215258
85215259
85215260
85215261
85215262
85215263
85215264
85215265
85215266
85215267
85215268
85215269
85215270
85215271
85215272
85215273
85215274
85215275
85215276
85215277
85215278
85215279
85215280
85215281
85215282
85215283
85215284
85215285
85215286
85215287
85215288
85215289
85215290
85215291
85215292
85215293
85215294
85215295
85215296
85215297
85215298
85215299
85215300
85215301
85215302
85215303
85215304
85215305
85215306
85215307
85215308
85215309
85215310
85215311
85215312
85215313
85215314
85215315
85215316
85215317
85215318
85215319
85215320
85215321
85215322
85215323
85215324
85215325
85215326
85215327
85215328
85215329
85215330
85215331
85215332
85215333
85215334
85215335
85215336
85215337
85215338
85215339
85215340
85215341
85215342
85215343
85215344
85215345
85215346
85215347
85215348
85215349
85215350
85215351
85215352
85215353
85215354
85215355
85215356
85215357
85215358
85215359
85215360
85215361
85215362
85215363
85215364
85215365
85215366
85215367
85215368
85215369
85215370
85215371
85215372
85215373
85215374
85215375
85215376
85215377
85215378
85215379
85215380
85215381
85215382
85215383
85215384
85215385
85215386
85215387
85215388
85215389
85215390
85215391
85215392
85215393
85215394
85215395
85215396
85215397
85215398
85215399
85215400
85215401
85215402
85215403
85215404
85215405
85215406
85215407
85215408
85215409
85215410
85215411
85215412
85215413
85215414
85215415
85215416
85215417
85215418
85215419
85215420
85215421
85215422
85215423
85215424
85215425
85215426
85215427
85215428
85215429
85215430
85215431
85215432
85215433
85215434
85215435
85215436
85215437
85215438
85215439
85215440
85215441
85215442
85215443
85215444
85215445
85215446
85215447
85215448
85215449
85215450
85215451
85215452
85215453
85215454
85215455
85215456
85215457
85215458
85215459
85215460
85215461
85215462
85215463
85215464
85215465
85215466
85215467
85215468
85215469
85215470
85215471
85215472
85215473
85215474
85215475
85215476
85215477
85215478
85215479
85215480
85215481
85215482
85215483
85215484
85215485
85215486
85215487
85215488
85215489
85215490
85215491
85215492
85215493
85215494
85215495
85215496
85215497
85215498
85215499
85215500
85215501
85215502
85215503
85215504
85215505
85215506
85215507
85215508
85215509
85215510
85215511
85215512
85215513
85215514
85215515
85215516
85215517
85215518
85215519
85215520
85215521
85215522
85215523
85215524
85215525
85215526
85215527
85215528
85215529
85215530
85215531
85215532
85215533
85215534
85215535
85215536
85215537
85215538
85215539
85215540
85215541
85215542
85215543
85215544
85215545
85215546
85215547
85215548
85215549
85215550
85215551
85215552
85215553
85215554
85215555
85215556
85215557
85215558
85215559
85215560
85215561
85215562
85215563
85215564
85215565
85215566
85215567
85215568
85215569
85215570
85215571
85215572
85215573
85215574
85215575
85215576
85215577
85215578
85215579
85215580
85215581
85215582
85215583
85215584
85215585
85215586
85215587
85215588
85215589
85215590
85215591
85215592
85215593
85215594
85215595
85215596
85215597
85215598
85215599
85215600
85215601
85215602
85215603
85215604
85215605
85215606
85215607
85215608
85215609
85215610
85215611
85215612
85215613
85215614
85215615
85215616
85215617
85215618
85215619
85215620
85215621
85215622
85215623
85215624
85215625
85215626
85215627
85215628
85215629
85215630
85215631
85215632
85215633
85215634
85215635
85215636
85215637
85215638
85215639
85215640
85215641
85215642
85215643
85215644
85215645
85215646
85215647
85215648
85215649
85215650
85215651
85215652
85215653
85215654
85215655
85215656
85215657
85215658
85215659
85215660
85215661
85215662
85215663
85215664
85215665
85215666
85215667
85215668
85215669
85215670
85215671
85215672
85215673
85215674
85215675
85215676
85215677
85215678
85215679
85215680
85215681
85215682
85215683
85215684
85215685
85215686
85215687
85215688
85215689
85215690
85215691
85215692
85215693
85215694
85215695
85215696
85215697
85215698
85215699
85215700
85215701
85215702
85215703
85215704
85215705
85215706
85215707
85215708
85215709
85215710
85215711
85215712
85215713
85215714
85215715
85215716
85215717
85215718
85215719
85215720
85215721
85215722
85215723
85215724
85215725
85215726
85215727
85215728
85215729
85215730
85215731
85215732
85215733
85215734
85215735
85215736
85215737
85215738
85215739
85215740
85215741
85215742
85215743
85215744
85215745
85215746
85215747
85215748
85215749
85215750
85215751
85215752
85215753
85215754
85215755
85215756
85215757
85215758
85215759
85215760
85215761
85215762
85215763
85215764
85215765
85215766
85215767
85215768
85215769
85215770
85215771
85215772
85215773
85215774
85215775
85215776
85215777
85215778
85215779
85215780
85215781
85215782
85215783
85215784
85215785
85215786
85215787
85215788
85215789
85215790
85215791
85215792
85215793
85215794
85215795
85215796
85215797
85215798
85215799
85215800
85215801
85215802
85215803
85215804
85215805
85215806
85215807
85215808
85215809
85215810
85215811
85215812
85215813
85215814
85215815
85215816
85215817
85215818
85215819
85215820
85215821
85215822
85215823
85215824
85215825
85215826
85215827
85215828
85215829
85215830
85215831
85215832
85215833
85215834
85215835
85215836
85215837
85215838
85215839
85215840
85215841
85215842
85215843
85215844
85215845
85215846
85215847
85215848
85215849
85215850
85215851
85215852
85215853
85215854
85215855
85215856
85215857
85215858
85215859
85215860
85215861
85215862
85215863
85215864
85215865
85215866
85215867
85215868
85215869
85215870
85215871
85215872
85215873
85215874
85215875
85215876
85215877
85215878
85215879
85215880
85215881
85215882
85215883
85215884
85215885
85215886
85215887
85215888
85215889
85215890
85215891
85215892
85215893
85215894
85215895
85215896
85215897
85215898
85215899
85215900
85215901
85215902
85215903
85215904
85215905
85215906
85215907
85215908
85215909
85215910
85215911
85215912
85215913
85215914
85215915
85215916
85215917
85215918
85215919
85215920
85215921
85215922
85215923
85215924
85215925
85215926
85215927
85215928
85215929
85215930
85215931
85215932
85215933
85215934
85215935
85215936
85215937
85215938
85215939
85215940
85215941
85215942
85215943
85215944
85215945
85215946
85215947
85215948
85215949
85215950
85215951
85215952
85215953
85215954
85215955
85215956
85215957
85215958
85215959
85215960
85215961
85215962
85215963
85215964
85215965
85215966
85215967
85215968
85215969
85215970
85215971
85215972
85215973
85215974
85215975
85215976
85215977
85215978
85215979
85215980
85215981
85215982
85215983
85215984
85215985
85215986
85215987
85215988
85215989
85215990
85215991
85215992
85215993
85215994
85215995
85215996
85215997
85215998
85215999
85216000
85216001
85216002
85216003
85216004
85216005
85216006
85216007
85216008
85216009
85216010
85216011
85216012
85216013
85216014
85216015
85216016
85216017
85216018
85216019
85216020
85216021
85216022
85216023
85216024
85216025
85216026
85216027
85216028
85216029
85216030
85216031
85216032
85216033
85216034
85216035
85216036
85216037
85216038
85216039
85216040
85216041
85216042
85216043
85216044
85216045
85216046
85216047
85216048
85216049
85216050
85216051
85216052
85216053
85216054
85216055
85216056
85216057
85216058
85216059
85216060
85216061
85216062
85216063
85216064
85216065
85216066
85216067
85216068
85216069
85216070
85216071
85216072
85216073
85216074
85216075
85216076
85216077
85216078
85216079
85216080
85216081
85216082
85216083
85216084
85216085
85216086
85216087
85216088
85216089
85216090
85216091
85216092
85216093
85216094
85216095
85216096
85216097
85216098
85216099
85216100
85216101
85216102
85216103
85216104
85216105
85216106
85216107
85216108
85216109
85216110
85216111
85216112
85216113
85216114
85216115
85216116
85216117
85216118
85216119
85216120
85216121
85216122
85216123
85216124
85216125
85216126
85216127
85216128
85216129
85216130
85216131
85216132
85216133
85216134
85216135
85216136
85216137
85216138
85216139
85216140
85216141
85216142
85216143
85216144
85216145
85216146
85216147
85216148
85216149
85216150
85216151
85216152
85216153
85216154
85216155
85216156
85216157
85216158
85216159
85216160
85216161
85216162
85216163
85216164
85216165
85216166
85216167
85216168
85216169
85216170
85216171
85216172
85216173
85216174
85216175
85216176
85216177
85216178
85216179
85216180
85216181
85216182
85216183
85216184
85216185
85216186
85216187
85216188
85216189
85216190
85216191
85216192
85216193
85216194
85216195
85216196
85216197
85216198
85216199
85216200
85216201
85216202
85216203
85216204
85216205
85216206
85216207
85216208
85216209
85216210
85216211
85216212
85216213
85216214
85216215
85216216
85216217
85216218
85216219
85216220
85216221
85216222
85216223
85216224
85216225
85216226
85216227
85216228
85216229
85216230
85216231
85216232
85216233
85216234
85216235
85216236
85216237
85216238
85216239
85216240
85216241
85216242
85216243
85216244
85216245
85216246
85216247
85216248
85216249
85216250
85216251
85216252
85216253
85216254
85216255
85216256
85216257
85216258
85216259
85216260
85216261
85216262
85216263
85216264
85216265
85216266
85216267
85216268
85216269
85216270
85216271
85216272
85216273
85216274
85216275
85216276
85216277
85216278
85216279
85216280
85216281
85216282
85216283
85216284
85216285
85216286
85216287
85216288
85216289
85216290
85216291
85216292
85216293
85216294
85216295
85216296
85216297
85216298
85216299
85216300
85216301
85216302
85216303
85216304
85216305
85216306
85216307
85216308
85216309
85216310
85216311
85216312
85216313
85216314
85216315
85216316
85216317
85216318
85216319
85216320
85216321
85216322
85216323
85216324
85216325
85216326
85216327
85216328
85216329
85216330
85216331
85216332
85216333
85216334
85216335
85216336
85216337
85216338
85216339
85216340
85216341
85216342
85216343
85216344
85216345
85216346
85216347
85216348
85216349
85216350
85216351
85216352
85216353
85216354
85216355
85216356
85216357
85216358
85216359
85216360
85216361
85216362
85216363
85216364
85216365
85216366
85216367
85216368
85216369
85216370
85216371
85216372
85216373
85216374
85216375
85216376
85216377
85216378
85216379
85216380
85216381
85216382
85216383
85216384
85216385
85216386
85216387
85216388
85216389
85216390
85216391
85216392
85216393
85216394
85216395
85216396
85216397
85216398
85216399
85216400
85216401
85216402
85216403
85216404
85216405
85216406
85216407
85216408
85216409
85216410
85216411
85216412
85216413
85216414
85216415
85216416
85216417
85216418
85216419
85216420
85216421
85216422
85216423
85216424
85216425
85216426
85216427
85216428
85216429
85216430
85216431
85216432
85216433
85216434
85216435
85216436
85216437
85216438
85216439
85216440
85216441
85216442
85216443
85216444
85216445
85216446
85216447
85216448
85216449
85216450
85216451
85216452
85216453
85216454
85216455
85216456
85216457
85216458
85216459
85216460
85216461
85216462
85216463
85216464
85216465
85216466
85216467
85216468
85216469
85216470
85216471
85216472
85216473
85216474
85216475
85216476
85216477
85216478
85216479
85216480
85216481
85216482
85216483
85216484
85216485
85216486
85216487
85216488
85216489
85216490
85216491
85216492
85216493
85216494
85216495
85216496
85216497
85216498
85216499
85216500
85216501
85216502
85216503
85216504
85216505
85216506
85216507
85216508
85216509
85216510
85216511
85216512
85216513
85216514
85216515
85216516
85216517
85216518
85216519
85216520
85216521
85216522
85216523
85216524
85216525
85216526
85216527
85216528
85216529
85216530
85216531
85216532
85216533
85216534
85216535
85216536
85216537
85216538
85216539
85216540
85216541
85216542
85216543
85216544
85216545
85216546
85216547
85216548
85216549
85216550
85216551
85216552
85216553
85216554
85216555
85216556
85216557
85216558
85216559
85216560
85216561
85216562
85216563
85216564
85216565
85216566
85216567
85216568
85216569
85216570
85216571
85216572
85216573
85216574
85216575
85216576
85216577
85216578
85216579
85216580
85216581
85216582
85216583
85216584
85216585
85216586
85216587
85216588
85216589
85216590
85216591
85216592
85216593
85216594
85216595
85216596
85216597
85216598
85216599
85216600
85216601
85216602
85216603
85216604
85216605
85216606
85216607
85216608
85216609
85216610
85216611
85216612
85216613
85216614
85216615
85216616
85216617
85216618
85216619
85216620
85216621
85216622
85216623
85216624
85216625
85216626
85216627
85216628
85216629
85216630
85216631
85216632
85216633
85216634
85216635
85216636
85216637
85216638
85216639
85216640
85216641
85216642
85216643
85216644
85216645
85216646
85216647
85216648
85216649
85216650
85216651
85216652
85216653
85216654
85216655
85216656
85216657
85216658
85216659
85216660
85216661
85216662
85216663
85216664
85216665
85216666
85216667
85216668
85216669
85216670
85216671
85216672
85216673
85216674
85216675
85216676
85216677
85216678
85216679
85216680
85216681
85216682
85216683
85216684
85216685
85216686
85216687
85216688
85216689
85216690
85216691
85216692
85216693
85216694
85216695
85216696
85216697
85216698
85216699
85216700
85216701
85216702
85216703
85216704
85216705
85216706
85216707
85216708
85216709
85216710
85216711
85216712
85216713
85216714
85216715
85216716
85216717
85216718
85216719
85216720
85216721
85216722
85216723
85216724
85216725
85216726
85216727
85216728
85216729
85216730
85216731
85216732
85216733
85216734
85216735
85216736
85216737
85216738
85216739
85216740
85216741
85216742
85216743
85216744
85216745
85216746
85216747
85216748
85216749
85216750
85216751
85216752
85216753
85216754
85216755
85216756
85216757
85216758
85216759
85216760
85216761
85216762
85216763
85216764
85216765
85216766
85216767
85216768
85216769
85216770
85216771
85216772
85216773
85216774
85216775
85216776
85216777
85216778
85216779
85216780
85216781
85216782
85216783
85216784
85216785
85216786
85216787
85216788
85216789
85216790
85216791
85216792
85216793
85216794
85216795
85216796
85216797
85216798
85216799
85216800
85216801
85216802
85216803
85216804
85216805
85216806
85216807
85216808
85216809
85216810
85216811
85216812
85216813
85216814
85216815
85216816
85216817
85216818
85216819
85216820
85216821
85216822
85216823
85216824
85216825
85216826
85216827
85216828
85216829
85216830
85216831
85216832
85216833
85216834
85216835
85216836
85216837
85216838
85216839
85216840
85216841
85216842
85216843
85216844
85216845
85216846
85216847
85216848
85216849
85216850
85216851
85216852
85216853
85216854
85216855
85216856
85216857
85216858
85216859
85216860
85216861
85216862
85216863
85216864
85216865
85216866
85216867
85216868
85216869
85216870
85216871
85216872
85216873
85216874
85216875
85216876
85216877
85216878
85216879
85216880
85216881
85216882
85216883
85216884
85216885
85216886
85216887
85216888
85216889
85216890
85216891
85216892
85216893
85216894
85216895
85216896
85216897
85216898
85216899
85216900
85216901
85216902
85216903
85216904
85216905
85216906
85216907
85216908
85216909
85216910
85216911
85216912
85216913
85216914
85216915
85216916
85216917
85216918
85216919
85216920
85216921
85216922
85216923
85216924
85216925
85216926
85216927
85216928
85216929
85216930
85216931
85216932
85216933
85216934
85216935
85216936
85216937
85216938
85216939
85216940
85216941
85216942
85216943
85216944
85216945
85216946
85216947
85216948
85216949
85216950
85216951
85216952
85216953
85216954
85216955
85216956
85216957
85216958
85216959
85216960
85216961
85216962
85216963
85216964
85216965
85216966
85216967
85216968
85216969
85216970
85216971
85216972
85216973
85216974
85216975
85216976
85216977
85216978
85216979
85216980
85216981
85216982
85216983
85216984
85216985
85216986
85216987
85216988
85216989
85216990
85216991
85216992
85216993
85216994
85216995
85216996
85216997
85216998
85216999
85217000
85217001
85217002
85217003
85217004
85217005
85217006
85217007
85217008
85217009
85217010
85217011
85217012
85217013
85217014
85217015
85217016
85217017
85217018
85217019
85217020
85217021
85217022
85217023
85217024
85217025
85217026
85217027
85217028
85217029
85217030
85217031
85217032
85217033
85217034
85217035
85217036
85217037
85217038
85217039
85217040
85217041
85217042
85217043
85217044
85217045
85217046
85217047
85217048
85217049
85217050
85217051
85217052
85217053
85217054
85217055
85217056
85217057
85217058
85217059
85217060
85217061
85217062
85217063
85217064
85217065
85217066
85217067
85217068
85217069
85217070
85217071
85217072
85217073
85217074
85217075
85217076
85217077
85217078
85217079
85217080
85217081
85217082
85217083
85217084
85217085
85217086
85217087
85217088
85217089
85217090
85217091
85217092
85217093
85217094
85217095
85217096
85217097
85217098
85217099
85217100
85217101
85217102
85217103
85217104
85217105
85217106
85217107
85217108
85217109
85217110
85217111
85217112
85217113
85217114
85217115
85217116
85217117
85217118
85217119
85217120
85217121
85217122
85217123
85217124
85217125
85217126
85217127
85217128
85217129
85217130
85217131
85217132
85217133
85217134
85217135
85217136
85217137
85217138
85217139
85217140
85217141
85217142
85217143
85217144
85217145
85217146
85217147
85217148
85217149
85217150
85217151
85217152
85217153
85217154
85217155
85217156
85217157
85217158
85217159
85217160
85217161
85217162
85217163
85217164
85217165
85217166
85217167
85217168
85217169
85217170
85217171
85217172
85217173
85217174
85217175
85217176
85217177
85217178
85217179
85217180
85217181
85217182
85217183
85217184
85217185
85217186
85217187
85217188
85217189
85217190
85217191
85217192
85217193
85217194
85217195
85217196
85217197
85217198
85217199
85217200
85217201
85217202
85217203
85217204
85217205
85217206
85217207
85217208
85217209
85217210
85217211
85217212
85217213
85217214
85217215
85217216
85217217
85217218
85217219
85217220
85217221
85217222
85217223
85217224
85217225
85217226
85217227
85217228
85217229
85217230
85217231
85217232
85217233
85217234
85217235
85217236
85217237
85217238
85217239
85217240
85217241
85217242
85217243
85217244
85217245
85217246
85217247
85217248
85217249
85217250
85217251
85217252
85217253
85217254
85217255
85217256
85217257
85217258
85217259
85217260
85217261
85217262
85217263
85217264
85217265
85217266
85217267
85217268
85217269
85217270
85217271
85217272
85217273
85217274
85217275
85217276
85217277
85217278
85217279
85217280
85217281
85217282
85217283
85217284
85217285
85217286
85217287
85217288
85217289
85217290
85217291
85217292
85217293
85217294
85217295
85217296
85217297
85217298
85217299
85217300
85217301
85217302
85217303
85217304
85217305
85217306
85217307
85217308
85217309
85217310
85217311
85217312
85217313
85217314
85217315
85217316
85217317
85217318
85217319
85217320
85217321
85217322
85217323
85217324
85217325
85217326
85217327
85217328
85217329
85217330
85217331
85217332
85217333
85217334
85217335
85217336
85217337
85217338
85217339
85217340
85217341
85217342
85217343
85217344
85217345
85217346
85217347
85217348
85217349
85217350
85217351
85217352
85217353
85217354
85217355
85217356
85217357
85217358
85217359
85217360
85217361
85217362
85217363
85217364
85217365
85217366
85217367
85217368
85217369
85217370
85217371
85217372
85217373
85217374
85217375
85217376
85217377
85217378
85217379
85217380
85217381
85217382
85217383
85217384
85217385
85217386
85217387
85217388
85217389
85217390
85217391
85217392
85217393
85217394
85217395
85217396
85217397
85217398
85217399
85217400
85217401
85217402
85217403
85217404
85217405
85217406
85217407
85217408
85217409
85217410
85217411
85217412
85217413
85217414
85217415
85217416
85217417
85217418
85217419
85217420
85217421
85217422
85217423
85217424
85217425
85217426
85217427
85217428
85217429
85217430
85217431
85217432
85217433
85217434
85217435
85217436
85217437
85217438
85217439
85217440
85217441
85217442
85217443
85217444
85217445
85217446
85217447
85217448
85217449
85217450
85217451
85217452
85217453
85217454
85217455
85217456
85217457
85217458
85217459
85217460
85217461
85217462
85217463
85217464
85217465
85217466
85217467
85217468
85217469
85217470
85217471
85217472
85217473
85217474
85217475
85217476
85217477
85217478
85217479
85217480
85217481
85217482
85217483
85217484
85217485
85217486
85217487
85217488
85217489
85217490
85217491
85217492
85217493
85217494
85217495
85217496
85217497
85217498
85217499
85217500
85217501
85217502
85217503
85217504
85217505
85217506
85217507
85217508
85217509
85217510
85217511
85217512
85217513
85217514
85217515
85217516
85217517
85217518
85217519
85217520
85217521
85217522
85217523
85217524
85217525
85217526
85217527
85217528
85217529
85217530
85217531
85217532
85217533
85217534
85217535
85217536
85217537
85217538
85217539
85217540
85217541
85217542
85217543
85217544
85217545
85217546
85217547
85217548
85217549
85217550
85217551
85217552
85217553
85217554
85217555
85217556
85217557
85217558
85217559
85217560
85217561
85217562
85217563
85217564
85217565
85217566
85217567
85217568
85217569
85217570
85217571
85217572
85217573
85217574
85217575
85217576
85217577
85217578
85217579
85217580
85217581
85217582
85217583
85217584
85217585
85217586
85217587
85217588
85217589
85217590
85217591
85217592
85217593
85217594
85217595
85217596
85217597
85217598
85217599
85217600
85217601
85217602
85217603
85217604
85217605
85217606
85217607
85217608
85217609
85217610
85217611
85217612
85217613
85217614
85217615
85217616
85217617
85217618
85217619
85217620
85217621
85217622
85217623
85217624
85217625
85217626
85217627
85217628
85217629
85217630
85217631
85217632
85217633
85217634
85217635
85217636
85217637
85217638
85217639
85217640
85217641
85217642
85217643
85217644
85217645
85217646
85217647
85217648
85217649
85217650
85217651
85217652
85217653
85217654
85217655
85217656
85217657
85217658
85217659
85217660
85217661
85217662
85217663
85217664
85217665
85217666
85217667
85217668
85217669
85217670
85217671
85217672
85217673
85217674
85217675
85217676
85217677
85217678
85217679
85217680
85217681
85217682
85217683
85217684
85217685
85217686
85217687
85217688
85217689
85217690
85217691
85217692
85217693
85217694
85217695
85217696
85217697
85217698
85217699
85217700
85217701
85217702
85217703
85217704
85217705
85217706
85217707
85217708
85217709
85217710
85217711
85217712
85217713
85217714
85217715
85217716
85217717
85217718
85217719
85217720
85217721
85217722
85217723
85217724
85217725
85217726
85217727
85217728
85217729
85217730
85217731
85217732
85217733
85217734
85217735
85217736
85217737
85217738
85217739
85217740
85217741
85217742
85217743
85217744
85217745
85217746
85217747
85217748
85217749
85217750
85217751
85217752
85217753
85217754
85217755
85217756
85217757
85217758
85217759
85217760
85217761
85217762
85217763
85217764
85217765
85217766
85217767
85217768
85217769
85217770
85217771
85217772
85217773
85217774
85217775
85217776
85217777
85217778
85217779
85217780
85217781
85217782
85217783
85217784
85217785
85217786
85217787
85217788
85217789
85217790
85217791
85217792
85217793
85217794
85217795
85217796
85217797
85217798
85217799
85217800
85217801
85217802
85217803
85217804
85217805
85217806
85217807
85217808
85217809
85217810
85217811
85217812
85217813
85217814
85217815
85217816
85217817
85217818
85217819
85217820
85217821
85217822
85217823
85217824
85217825
85217826
85217827
85217828
85217829
85217830
85217831
85217832
85217833
85217834
85217835
85217836
85217837
85217838
85217839
85217840
85217841
85217842
85217843
85217844
85217845
85217846
85217847
85217848
85217849
85217850
85217851
85217852
85217853
85217854
85217855
85217856
85217857
85217858
85217859
85217860
85217861
85217862
85217863
85217864
85217865
85217866
85217867
85217868
85217869
85217870
85217871
85217872
85217873
85217874
85217875
85217876
85217877
85217878
85217879
85217880
85217881
85217882
85217883
85217884
85217885
85217886
85217887
85217888
85217889
85217890
85217891
85217892
85217893
85217894
85217895
85217896
85217897
85217898
85217899
85217900
85217901
85217902
85217903
85217904
85217905
85217906
85217907
85217908
85217909
85217910
85217911
85217912
85217913
85217914
85217915
85217916
85217917
85217918
85217919
85217920
85217921
85217922
85217923
85217924
85217925
85217926
85217927
85217928
85217929
85217930
85217931
85217932
85217933
85217934
85217935
85217936
85217937
85217938
85217939
85217940
85217941
85217942
85217943
85217944
85217945
85217946
85217947
85217948
85217949
85217950
85217951
85217952
85217953
85217954
85217955
85217956
85217957
85217958
85217959
85217960
85217961
85217962
85217963
85217964
85217965
85217966
85217967
85217968
85217969
85217970
85217971
85217972
85217973
85217974
85217975
85217976
85217977
85217978
85217979
85217980
85217981
85217982
85217983
85217984
85217985
85217986
85217987
85217988
85217989
85217990
85217991
85217992
85217993
85217994
85217995
85217996
85217997
85217998
85217999
85218000
85218001
85218002
85218003
85218004
85218005
85218006
85218007
85218008
85218009
85218010
85218011
85218012
85218013
85218014
85218015
85218016
85218017
85218018
85218019
85218020
85218021
85218022
85218023
85218024
85218025
85218026
85218027
85218028
85218029
85218030
85218031
85218032
85218033
85218034
85218035
85218036
85218037
85218038
85218039
85218040
85218041
85218042
85218043
85218044
85218045
85218046
85218047
85218048
85218049
85218050
85218051
85218052
85218053
85218054
85218055
85218056
85218057
85218058
85218059
85218060
85218061
85218062
85218063
85218064
85218065
85218066
85218067
85218068
85218069
85218070
85218071
85218072
85218073
85218074
85218075
85218076
85218077
85218078
85218079
85218080
85218081
85218082
85218083
85218084
85218085
85218086
85218087
85218088
85218089
85218090
85218091
85218092
85218093
85218094
85218095
85218096
85218097
85218098
85218099
85218100
85218101
85218102
85218103
85218104
85218105
85218106
85218107
85218108
85218109
85218110
85218111
85218112
85218113
85218114
85218115
85218116
85218117
85218118
85218119
85218120
85218121
85218122
85218123
85218124
85218125
85218126
85218127
85218128
85218129
85218130
85218131
85218132
85218133
85218134
85218135
85218136
85218137
85218138
85218139
85218140
85218141
85218142
85218143
85218144
85218145
85218146
85218147
85218148
85218149
85218150
85218151
85218152
85218153
85218154
85218155
85218156
85218157
85218158
85218159
85218160
85218161
85218162
85218163
85218164
85218165
85218166
85218167
85218168
85218169
85218170
85218171
85218172
85218173
85218174
85218175
85218176
85218177
85218178
85218179
85218180
85218181
85218182
85218183
85218184
85218185
85218186
85218187
85218188
85218189
85218190
85218191
85218192
85218193
85218194
85218195
85218196
85218197
85218198
85218199
85218200
85218201
85218202
85218203
85218204
85218205
85218206
85218207
85218208
85218209
85218210
85218211
85218212
85218213
85218214
85218215
85218216
85218217
85218218
85218219
85218220
85218221
85218222
85218223
85218224
85218225
85218226
85218227
85218228
85218229
85218230
85218231
85218232
85218233
85218234
85218235
85218236
85218237
85218238
85218239
85218240
85218241
85218242
85218243
85218244
85218245
85218246
85218247
85218248
85218249
85218250
85218251
85218252
85218253
85218254
85218255
85218256
85218257
85218258
85218259
85218260
85218261
85218262
85218263
85218264
85218265
85218266
85218267
85218268
85218269
85218270
85218271
85218272
85218273
85218274
85218275
85218276
85218277
85218278
85218279
85218280
85218281
85218282
85218283
85218284
85218285
85218286
85218287
85218288
85218289
85218290
85218291
85218292
85218293
85218294
85218295
85218296
85218297
85218298
85218299
85218300
85218301
85218302
85218303
85218304
85218305
85218306
85218307
85218308
85218309
85218310
85218311
85218312
85218313
85218314
85218315
85218316
85218317
85218318
85218319
85218320
85218321
85218322
85218323
85218324
85218325
85218326
85218327
85218328
85218329
85218330
85218331
85218332
85218333
85218334
85218335
85218336
85218337
85218338
85218339
85218340
85218341
85218342
85218343
85218344
85218345
85218346
85218347
85218348
85218349
85218350
85218351
85218352
85218353
85218354
85218355
85218356
85218357
85218358
85218359
85218360
85218361
85218362
85218363
85218364
85218365
85218366
85218367
85218368
85218369
85218370
85218371
85218372
85218373
85218374
85218375
85218376
85218377
85218378
85218379
85218380
85218381
85218382
85218383
85218384
85218385
85218386
85218387
85218388
85218389
85218390
85218391
85218392
85218393
85218394
85218395
85218396
85218397
85218398
85218399
85218400
85218401
85218402
85218403
85218404
85218405
85218406
85218407
85218408
85218409
85218410
85218411
85218412
85218413
85218414
85218415
85218416
85218417
85218418
85218419
85218420
85218421
85218422
85218423
85218424
85218425
85218426
85218427
85218428
85218429
85218430
85218431
85218432
85218433
85218434
85218435
85218436
85218437
85218438
85218439
85218440
85218441
85218442
85218443
85218444
85218445
85218446
85218447
85218448
85218449
85218450
85218451
85218452
85218453
85218454
85218455
85218456
85218457
85218458
85218459
85218460
85218461
85218462
85218463
85218464
85218465
85218466
85218467
85218468
85218469
85218470
85218471
85218472
85218473
85218474
85218475
85218476
85218477
85218478
85218479
85218480
85218481
85218482
85218483
85218484
85218485
85218486
85218487
85218488
85218489
85218490
85218491
85218492
85218493
85218494
85218495
85218496
85218497
85218498
85218499
85218500
85218501
85218502
85218503
85218504
85218505
85218506
85218507
85218508
85218509
85218510
85218511
85218512
85218513
85218514
85218515
85218516
85218517
85218518
85218519
85218520
85218521
85218522
85218523
85218524
85218525
85218526
85218527
85218528
85218529
85218530
85218531
85218532
85218533
85218534
85218535
85218536
85218537
85218538
85218539
85218540
85218541
85218542
85218543
85218544
85218545
85218546
85218547
85218548
85218549
85218550
85218551
85218552
85218553
85218554
85218555
85218556
85218557
85218558
85218559
85218560
85218561
85218562
85218563
85218564
85218565
85218566
85218567
85218568
85218569
85218570
85218571
85218572
85218573
85218574
85218575
85218576
85218577
85218578
85218579
85218580
85218581
85218582
85218583
85218584
85218585
85218586
85218587
85218588
85218589
85218590
85218591
85218592
85218593
85218594
85218595
85218596
85218597
85218598
85218599
85218600
85218601
85218602
85218603
85218604
85218605
85218606
85218607
85218608
85218609
85218610
85218611
85218612
85218613
85218614
85218615
85218616
85218617
85218618
85218619
85218620
85218621
85218622
85218623
85218624
85218625
85218626
85218627
85218628
85218629
85218630
85218631
85218632
85218633
85218634
85218635
85218636
85218637
85218638
85218639
85218640
85218641
85218642
85218643
85218644
85218645
85218646
85218647
85218648
85218649
85218650
85218651
85218652
85218653
85218654
85218655
85218656
85218657
85218658
85218659
85218660
85218661
85218662
85218663
85218664
85218665
85218666
85218667
85218668
85218669
85218670
85218671
85218672
85218673
85218674
85218675
85218676
85218677
85218678
85218679
85218680
85218681
85218682
85218683
85218684
85218685
85218686
85218687
85218688
85218689
85218690
85218691
85218692
85218693
85218694
85218695
85218696
85218697
85218698
85218699
85218700
85218701
85218702
85218703
85218704
85218705
85218706
85218707
85218708
85218709
85218710
85218711
85218712
85218713
85218714
85218715
85218716
85218717
85218718
85218719
85218720
85218721
85218722
85218723
85218724
85218725
85218726
85218727
85218728
85218729
85218730
85218731
85218732
85218733
85218734
85218735
85218736
85218737
85218738
85218739
85218740
85218741
85218742
85218743
85218744
85218745
85218746
85218747
85218748
85218749
85218750
85218751
85218752
85218753
85218754
85218755
85218756
85218757
85218758
85218759
85218760
85218761
85218762
85218763
85218764
85218765
85218766
85218767
85218768
85218769
85218770
85218771
85218772
85218773
85218774
85218775
85218776
85218777
85218778
85218779
85218780
85218781
85218782
85218783
85218784
85218785
85218786
85218787
85218788
85218789
85218790
85218791
85218792
85218793
85218794
85218795
85218796
85218797
85218798
85218799
85218800
85218801
85218802
85218803
85218804
85218805
85218806
85218807
85218808
85218809
85218810
85218811
85218812
85218813
85218814
85218815
85218816
85218817
85218818
85218819
85218820
85218821
85218822
85218823
85218824
85218825
85218826
85218827
85218828
85218829
85218830
85218831
85218832
85218833
85218834
85218835
85218836
85218837
85218838
85218839
85218840
85218841
85218842
85218843
85218844
85218845
85218846
85218847
85218848
85218849
85218850
85218851
85218852
85218853
85218854
85218855
85218856
85218857
85218858
85218859
85218860
85218861
85218862
85218863
85218864
85218865
85218866
85218867
85218868
85218869
85218870
85218871
85218872
85218873
85218874
85218875
85218876
85218877
85218878
85218879
85218880
85218881
85218882
85218883
85218884
85218885
85218886
85218887
85218888
85218889
